0 0 inf
0 0 0.0913159
0 0 0.0804014
0 0 0.0786942
0 0 0.0682969
0 0 0.0619495
1 0.0865526 0.145581
0 0 0.0422062
0 0 0.037495
0 0 0.0320144
0 0 0.0305408
1 0.128779 0.156058
0 0 0.0269475
0 0 0.0257873
0 0 0.0228183
0 0 0.0226545
0 0 0.022327
0 0 0.0217193
0 0 0.0215388
0 0 0.0205612
0 0 0.0198348
0 0 0.0184921
1 0.0118024 0.0288824
1 0.0994314 0.116458
0 0 0.0155139
1 0.0905326 0.105942
1 0.0970745 0.111604
0 0 0.0144955
0 0 0.0141836
1 0.0165448 0.0305945
0 0 0.0133733
1 0.0421985 0.0552709
0 0 0.0130237
0 0 0.0123087
1 0.0173784 0.0295728
1 0.0649909 0.0767399
1 0.141876 0.153344
1 0.0211485 0.0325652
0 0 0.0113198
0 0 0.0101512
1 0.0181718 0.0282925
1 0.00541942 0.0151182
0 0 0.00930324
0 0 0.00927464
0 0 0.0089091
1 0.0374873 0.046135
0 0 0.00850314
0 0 0.00786384
0 0 0.00785846
0 0 0.00780015
0 0 0.00766021
0 0 0.00764126
0 0 0.00760374
0 0 0.00755782
0 0 0.00754636
0 0 0.00744077
0 0 0.0073953
0 0 0.00731614
0 0 0.00710456
1 0.00772299 0.0144564
1 0.03 0.0366685
0 0 0.0064707
1 0.00776167 0.0140957
0 0 0.00629775
0 0 0.00627079
0 0 0.00626575
0 0 0.00607743
0 0 0.00605262
0 0 0.00601406
0 0 0.00593916
1 0.0239904 0.0298627
0 0 0.00585059
1 0.00446921 0.0101932
0 0 0.00571454
0 0 0.00558763
0 0 0.00554137
1 0.0941934 0.0997033
0 0 0.00546669
1 0.0445124 0.049608
0 0 0.00493472
0 0 0.00488894
0 0 0.00483202
0 0 0.00480208
0 0 0.00472081
1 0.0465265 0.0512394
0 0 0.00462139
0 0 0.00445257
0 0 0.00435994
0 0 0.0043314
1 0.0450132 0.049342
0 0 0.00420435
0 0 0.00416765
1 0.0507834 0.0549473
0 0 0.00416357
0 0 0.00410089
0 0 0.00405442
1 0.0145731 0.0185638
1 0.00760907 0.0115893
0 0 0.00395479
0 0 0.00392944
0 0 0.00373698
0 0 0.00367764
0 0 0.00366007
0 0 0.00357632
1 0.0358394 0.0393254
1 0.00870959 0.0121753
0 0 0.00338897
0 0 0.00338486
0 0 0.00332077
1 0.0610352 0.0642341
1 0.0168941 0.0200821
1 0.0392865 0.0424497
0 0 0.00302099
1 0.0134952 0.0164619
1 0.0124819 0.0153837
1 0.0333893 0.0362756
1 0.00677536 0.00959607
0 0 0.00278738
1 0.0177551 0.0205397
0 0 0.00272917
0 0 0.00272148
0 0 0.00270834
0 0 0.00265335
0 0 0.0026483
0 0 0.00264086
1 0.024401 0.0270025
1 0.00539693 0.00797388
0 0 0.00255826
1 0.0118321 0.0142901
1 0.00684961 0.00930556
0 0 0.00244362
0 0 0.00241482
0 0 0.00240558
1 0.00409628 0.00649191
0 0 0.00225147
1 0.00927176 0.0115163
0 0 0.00224314
1 0.0241671 0.0264004
0 0 0.00218958
0 0 0.00218237
1 0.00335739 0.00553938
1 0.111347 0.113507
2 0.17763 0.179786
1 0.00310051 0.00523661
0 0 0.00211832
0 0 0.00210585
1 0.0657146 0.0678141
0 0 0.00209541
0 0 0.00209038
2 0.0324948 0.0345607
1 0.0314272 0.0334548
2 0.113684 0.115681
1 0.00724754 0.00917673
0 0 0.00192257
1 0.0436894 0.0456116
0 0 0.00190638
2 0.0168748 0.0187789
1 0.045113 0.0469825
2 0.0475804 0.0494383
0 0 0.00185217
0 0 0.00185058
0 0 0.00182794
0 0 0.00180988
0 0 0.0018024
1 0.012354 0.0140872
1 0.00327354 0.00500049
0 0 0.00170906
0 0 0.00169472
0 0 0.00168879
1 0.0383132 0.0399931
0 0 0.00167915
0 0 0.00164048
0 0 0.00162008
1 0.00592256 0.00753629
0 0 0.00159821
0 0 0.00159335
0 0 0.00157768
0 0 0.00157722
0 0 0.00153052
0 0 0.00152974
0 0 0.00152805
0 0 0.00152611
1 0.0044711 0.00599686
1 0.00180084 0.00332372
1 0.0163744 0.0178921
0 0 0.00148934
1 0.0145424 0.0160181
0 0 0.00147232
1 0.0409313 0.0424006
1 0.00431131 0.00572322
1 0.0143889 0.0157972
1 0.0283095 0.0297139
1 0.110731 0.112134
1 0.0371457 0.0385481
0 0 0.00138631
1 0.00183664 0.00318454
1 0.0184081 0.0197531
0 0 0.00134185
1 0.00529074 0.00662365
0 0 0.00132122
1 0.00898633 0.0102796
2 0.02988 0.0311714
1 0.0964699 0.0977414
1 0.00462463 0.00584439
1 0.0267274 0.0279456
1 0.0550663 0.0562783
0 0 0.00121062
0 0 0.00120462
1 0.00273976 0.00387456
1 0.0190926 0.0202132
1 0.00296898 0.00408337
1 0.00138249 0.00249539
0 0 0.00110785
1 0.0268633 0.0279672
1 0.0723589 0.0734562
0 0 0.00109191
0 0 0.00108871
1 0.00806648 0.00914993
0 0 0.0010804
1 0.0377525 0.038822
0 0 0.00106009
0 0 0.00105709
0 0 0.00105527
0 0 0.00104542
1 0.0108959 0.0119342
0 0 0.00100876
1 0.00824803 0.00925527
1 0.0109849 0.0119763
2 0.151153 0.152141
1 0.00607892 0.00704796
1 0.00126394 0.00223122
1 0.0106406 0.011599
0 0 0.000957212
0 0 0.00095706
0 0 0.000947564
0 0 0.000945173
1 0.00591971 0.00686368
0 0 0.000939316
1 0.00609902 0.00703346
0 0 0.000918188
1 0.00516897 0.00606636
0 0 0.000893829
0 0 0.000887407
0 0 0.000876838
0 0 0.000875675
0 0 0.000874561
0 0 0.000867729
0 0 0.000865001
0 0 0.000845425
1 0.00122528 0.00206984
2 0.00708164 0.00792004
0 0 0.000835135
1 0.011063 0.011898
2 0.0873185 0.0881515
1 0.0255491 0.0263737
0 0 0.000820027
2 0.115419 0.11623
0 0 0.00080498
0 0 0.000804301
2 0.0328236 0.0336263
0 0 0.000801159
0 0 0.000798073
0 0 0.00079668
1 0.00355979 0.00434964
0 0 0.000786946
0 0 0.000768089
1 0.00252789 0.00328447
0 0 0.000754679
1 0.0271454 0.0278913
1 0.17156 0.172296
1 0.0186306 0.0193635
0 0 0.000718884
1 0.0617473 0.0624638
0 0 0.000715672
0 0 0.000697961
2 0.0145264 0.0152141
0 0 0.000686949
1 0.00898007 0.00965458
1 0.00620547 0.00686901
0 0 0.000661262
1 0.110609 0.111264
0 0 0.00064817
1 0.0240979 0.0247392
0 0 0.000638987
2 0.117239 0.117876
1 0.0142239 0.0148575
1 0.0233645 0.0239951
1 0.173074 0.173702
1 0.0034503 0.00407368
1 0.0018164 0.0024321
1 0.00693425 0.00754454
2 0.0345516 0.0351471
0 0 0.000591797
0 0 0.000587463
1 0.0174754 0.0180627
1 0.0161357 0.0167219
1 0.00282735 0.00339885
2 0.0402371 0.0408047
0 0 0.000558271
0 0 0.000551475
1 0.00210836 0.0026482
1 0.0246629 0.0252019
0 0 0.000532965
1 0.0285766 0.0291066
1 0.00652801 0.0070544
1 0.00255426 0.00306739
0 0 0.000512411
1 0.0016207 0.002124
0 0 0.000501544
1 0.0199411 0.0204413
0 0 0.000499075
1 0.00634935 0.00682664
0 0 0.000473961
1 0.00120161 0.00167138
2 0.0123037 0.012769
2 0.0144664 0.0149283
1 0.00257118 0.00303002
1 0.00742253 0.00788033
2 0.0326567 0.0331108
2 0.00793902 0.00838227
1 0.00124157 0.00168241
0 0 0.000438555
2 0.0283718 0.0288053
1 0.0116397 0.0120666
1 0.0412361 0.0416623
1 0.00112343 0.0015493
1 0.0296583 0.0300835
1 0.0140027 0.0144264
1 0.00204535 0.00246135
0 0 0.000415252
1 0.00273422 0.00314263
0 0 0.000405548
1 0.011806 0.0122084
0 0 0.000400745
1 0.00790669 0.0083046
1 0.00108873 0.00148413
1 0.0136367 0.014028
1 0.00166279 0.00204484
2 0.0195624 0.0199443
2 0.0444748 0.0448435
2 0.0311408 0.0315027
1 0.0158755 0.0162336
2 0.0273143 0.0276719
1 0.105522 0.105879
1 0.0014778 0.00183472
1 0.0292225 0.0295682
2 0.0186806 0.0190222
2 0.00976285 0.0100985
0 0 0.000333872
1 0.00937725 0.00971107
1 0.00454841 0.00488067
1 0.0194856 0.0198174
1 0.00482534 0.00515589
1 0.00396452 0.00428939
0 0 0.000319915
1 0.0161553 0.0164736
1 0.0071159 0.00743266
1 0.021367 0.0216837
1 0.0122271 0.0125374
0 0 0.000306031
2 0.0337253 0.0340293
0 0 0.000303646
1 0.00170703 0.00200713
1 0.0405529 0.0408485
1 0.0165176 0.0168132
1 0.0023824 0.00267004
1 0.00128372 0.00156855
2 0.02112 0.0214039
2 0.0301665 0.0304471
1 0.00619485 0.0064673
0 0 0.000271925
1 0.0055363 0.00580754
1 0.00360994 0.00387956
1 0.00107902 0.0013471
1 0.0188428 0.0191047
1 0.0321682 0.0324263
2 0.0202988 0.0205512
1 0.00957935 0.00982804
0 0 0.000248359
1 0.0293751 0.0296226
1 0.00428679 0.00453145
1 0.00183702 0.00208127
1 0.00517749 0.00541801
2 0.0097418 0.00998231
1 0.00265143 0.00289046
1 0.00571545 0.00595084
1 0.00260907 0.00284258
1 0.00142886 0.00166104
1 0.00110283 0.00133385
1 0.0056816 0.00591182
0 0 0.000228731
0 0 0.000223839
1 0.00498654 0.00519917
1 0.00663599 0.0068476
1 0.0019682 0.00217695
2 0.00721349 0.00741658
1 0.0467548 0.0469555
1 0.00180559 0.002001
1 0.00124609 0.00143932
1 0.00293351 0.00312517
0 0 0.000190823
1 0.00243522 0.00262564
1 0.00261169 0.00280189
1 0.00601175 0.00620149
1 0.00181606 0.0019996
1 0.0347796 0.0349619
2 0.00293717 0.00311892
1 0.0729399 0.0731179
2 0.00665504 0.00683265
1 0.00251475 0.00268912
1 0.00158103 0.00175264
0 0 0.000169845
1 0.00259808 0.00276393
1 0.0127077 0.0128734
0 0 0.000165379
1 0.00516708 0.00532933
2 0.0032338 0.00339194
1 0.0293397 0.0294963
0 0 0.000156378
1 0.00149916 0.0016552
2 0.00571478 0.00587072
1 0.00184734 0.00200317
2 0.0162554 0.0164112
0 0 0.0001477
2 0.0164275 0.0165738
1 0.00240453 0.00254815
1 0.0120316 0.0121724
1 0.00455968 0.00469573
1 0.142798 0.142933
1 0.0205699 0.020703
2 0.101824 0.101956
1 0.00184797 0.00197865
1 0.00159019 0.00171944
1 0.00205585 0.00218175
1 0.0020387 0.00216322
1 0.00358118 0.00370445
2 0.0168925 0.0170157
0 0 0.000123174
1 0.0030693 0.00319023
1 0.0361356 0.0362553
1 0.00103191 0.00115095
1 0.00234155 0.0024602
1 0.00295951 0.00307358
2 0.00245834 0.00257236
1 0.00167907 0.00179281
1 0.0250352 0.0251419
2 0.0180952 0.0182007
1 0.00521712 0.00532148
1 0.0424339 0.0425381
1 0.00482459 0.00492654
1 0.0231578 0.0232577
1 0.00538448 0.0054841
1 0.00189283 0.0019923
1 0.0025314 0.00263059
1 0.00444411 0.00454258
2 0.00741166 0.00750927
1 0.00843648 0.00853403
1 0.0129779 0.0130754
1 0.00122073 0.00131726
1 0.0103233 0.0104192
1 0.044773 0.0448686
1 0.0251683 0.0252637
2 0.00367338 0.00376758
1 0.021358 0.021451
2 0.00330474 0.00339759
1 0.0862548 0.0863475
1 0.00291062 0.00300329
1 0.00312077 0.00321324
1 0.0177634 0.0178547
1 0.0049904 0.00508148
2 0.0113743 0.0114649
1 0.0283391 0.028428
1 0.00622088 0.00630926
1 0.0107735 0.0108619
2 0.0322193 0.0323062
1 0.00273094 0.00281771
1 0.00128784 0.00137273
0 0 8.33166e-05
1 0.000913224 0.000996076
1 0.0181335 0.0182158
2 0.00520344 0.00528548
1 0.00965211 0.00973304
1 0.0023018 0.00238116
1 0.00163239 0.00171054
2 0.106372 0.10645
1 0.00529927 0.00537587
0 0 7.65038e-05
0 0 7.51302e-05
1 0.00685295 0.00692807
1 0.00373052 0.00380543
1 0.000534393 0.000608339
2 0.028045 0.028118
2 0.00601431 0.00608669
1 0.00283163 0.00290373
2 0.0146371 0.0147061
2 0.0669762 0.0670451
0 0 6.68596e-05
1 0.0127263 0.0127929
2 0.015389 0.015454
1 0.00228271 0.00234546
1 0.008851 0.00891346
1 0.00158388 0.00164621
1 0.00130987 0.00137087
1 0.00196985 0.00203076
2 0.0189205 0.0189812
2 0.0303139 0.0303716
2 0.00389779 0.00395472
1 0.00156042 0.00161563
1 0.000941696 0.000993453
0 0 5.15709e-05
2 0.0366641 0.0367152
1 0.000558538 0.000609321
1 0.00208037 0.00213098
1 0.0107564 0.0108068
1 0.00253861 0.00258775
1 0.00233463 0.00238357
2 0.00162247 0.00167082
1 0.0198786 0.0199266
1 0.00186886 0.00191657
1 0.00205073 0.00209781
1 0.00893323 0.0089794
1 0.00133168 0.00137762
1 0.00748655 0.00753207
1 0.027255 0.0273002
1 0.00458625 0.00463081
1 0.00371176 0.00375529
2 0.0072806 0.00732346
2 0.00880544 0.00884589
1 0.00298117 0.00302153
2 0.0292447 0.029285
2 0.00726382 0.00730212
1 0.0626157 0.0626539
1 0.0144249 0.0144628
2 0.00240124 0.00243884
1 0.00115541 0.00119299
2 0.0160833 0.0161205
1 0.000192847 0.000228212
2 0.0102013 0.0102357
1 0.00999847 0.0100314
1 0.00498673 0.00501936
1 0.00032857 0.000360448
2 0.00322517 0.00325663
1 0.00319385 0.00322505
1 0.00751708 0.00754822
1 0.00658962 0.00662041
1 0.0102908 0.010319
1 0.00269462 0.00272266
1 0.000877853 0.000905665
2 0.00372485 0.00375234
1 0.0140642 0.0140913
1 0.0161986 0.0162254
2 0.0407356 0.0407622
1 0.00668159 0.00670815
2 0.0380061 0.0380322
2 0.0206428 0.0206689
2 0.0132102 0.0132358
2 0.0168791 0.0169044
2 0.00156708 0.00159143
1 0.0183717 0.0183958
2 0.00237882 0.00240221
1 0.013487 0.0135104
1 0.0270261 0.0270483
1 0.00693216 0.00695313
1 0.00146097 0.00148108
2 0.00665523 0.00667523
2 0.00365816 0.00367766
1 0.00950106 0.00952054
1 0.00569595 0.00571539
2 0.00198289 0.00200224
2 0.00153446 0.00155312
2 0.00294576 0.00296434
1 0.0123238 0.0123423
2 0.0069214 0.00693987
1 0.00580883 0.0058273
1 0.00892022 0.00893821
2 0.00621325 0.00623098
1 0.00150523 0.00152292
1 0.000499321 0.000516534
1 0.0121409 0.0121579
1 0.00135739 0.00137384
1 0.00678206 0.00679786
1 0.00204362 0.00205913
2 0.00172799 0.00174243
2 0.00341451 0.00342847
1 0.00134352 0.00135745
1 0.00361349 0.00362741
1 0.0122283 0.0122421
2 0.00528429 0.00529667
2 0.00305123 0.00306341
1 0.0231127 0.0231243
1 0.00471059 0.0047222
1 0.00206237 0.0020731
1 0.00140369 0.00141391
1 0.0293283 0.0293385
1 0.00524373 0.0052539
2 0.0183588 0.0183686
1 0.00660221 0.00661194
1 0.00631596 0.00632519
2 0.015511 0.0155202
2 0.00635307 0.00636218
2 0.00270605 0.00271493
2 0.0188373 0.018846
2 0.00480751 0.00481555
1 0.0198967 0.0199047
1 0.140158 0.140165
2 0.00252931 0.00253679
1 0.00655027 0.00655763
2 0.00860861 0.00861583
1 0.0306026 0.0306096
2 0.00523288 0.00523975
1 0.00457812 0.00458465
1 0.0167503 0.0167561
1 0.00611453 0.00612033
2 0.00208356 0.00208899
2 0.0017674 0.00177215
2 0.00172823 0.00173293
1 0.000796999 0.000801345
1 0.0201578 0.0201617
1 0.000759455 0.000763283
1 0.00304204 0.00304564
1 0.0154225 0.015426
1 0.0361477 0.036151
2 0.00917016 0.00917346
2 0.0342778 0.0342811
2 0.00702001 0.00702317
1 0.00124273 0.00124577
1 0.00692176 0.00692478
2 0.0303985 0.0304015
2 0.00600403 0.00600698
1 0.00507734 0.00508019
1 0.00610862 0.00611143
1 0.00644539 0.00644814
2 0.00665569 0.00665835
1 0.00152298 0.00152554
2 0.0135256 0.0135281
1 0.0260088 0.0260112
2 0.065023 0.065025
2 0.0556627 0.0556647
2 0.0801217 0.0801236
1 0.0136315 0.0136332
1 0.00242639 0.00242786
1 0.00385088 0.00385219
2 0.00350241 0.00350355
2 0.00173179 0.00173291
2 0.0144882 0.0144893
1 0.00273509 0.0027361
1 0.00171047 0.00171141
1 0.00091604 0.000916816
1 0.00368117 0.00368189
2 0.0122751 0.0122757
1 0.000606103 0.00060668
1 0.000469171 0.000469748
1 0.031314 0.0313145
1 0.0356182 0.0356186
2 0.00243049 0.00243098
1 0.025277 0.0252774
2 0.00171728 0.00171772
2 0.003236 0.00323641
1 0.00151748 0.00151778
2 0.00645447 0.00645471
2 0.00251398 0.00251422
1 0.000728617 0.000728838
1 0.00668305 0.00668325
1 0.00111565 0.0011158
2 0.00171995 0.00172007
2 0.0173479 0.017348
1 0.0137923 0.0137924
1 0.00878469 0.00878478
2 0.00339151 0.00339159
2 0.00973908 0.00973914
1 0.00163826 0.0016383
2 0.00483041 0.00483042
1 0.00167166 0.00167167
2 0.0122634 0.0122634
2 0.00780943 0.00780943
2 0.00264567 0.00264567
