0 0 inf
0 0 0.159526
0 0 0.0800055
0 0 0.0571577
0 0 0.0550728
1 0.0629546 0.117065
0 0 0.045399
0 0 0.0443596
0 0 0.0358575
0 0 0.0296923
0 0 0.0293354
0 0 0.027626
0 0 0.0276238
0 0 0.0248589
0 0 0.0242364
0 0 0.0212584
1 0.0571712 0.0781099
1 0.0271635 0.0478024
0 0 0.0202064
1 0.0106762 0.0305293
1 0.0329839 0.0522813
0 0 0.0189795
0 0 0.0186894
0 0 0.0185167
0 0 0.0180116
0 0 0.0179671
0 0 0.0179143
1 0.0490009 0.065117
0 0 0.014485
1 0.0421946 0.0566347
0 0 0.0130009
0 0 0.0124955
1 0.0410634 0.053462
0 0 0.0120512
0 0 0.0120244
0 0 0.0116468
0 0 0.0105143
0 0 0.0101077
0 0 0.0100211
0 0 0.00960763
1 0.0338398 0.0429502
0 0 0.00892349
1 0.101531 0.110443
2 0.151846 0.160728
1 0.0060041 0.0147811
0 0 0.00858069
0 0 0.00857841
0 0 0.00839089
0 0 0.00836901
0 0 0.00826734
0 0 0.00810673
1 0.00488555 0.0129273
0 0 0.00799925
0 0 0.00796663
2 0.0592356 0.0670837
1 0.012821 0.0206284
0 0 0.00775373
0 0 0.00756969
1 0.0587819 0.066209
1 0.138853 0.14614
0 0 0.00723897
0 0 0.00715127
0 0 0.00709576
1 0.03472 0.0414692
1 0.0727208 0.079454
1 0.0351311 0.0414926
0 0 0.00634159
0 0 0.00628586
1 0.045411 0.0515464
0 0 0.00589578
1 0.103164 0.108995
0 0 0.00571287
1 0.137589 0.143295
0 0 0.00534723
2 0.0554582 0.0604428
0 0 0.0049799
0 0 0.00488515
1 0.164729 0.169565
0 0 0.00462022
1 0.0292692 0.0338248
1 0.16651 0.171058
0 0 0.00441954
0 0 0.00440446
0 0 0.00418725
1 0.0322031 0.0363513
1 0.139283 0.143378
0 0 0.00409375
1 0.114743 0.118807
0 0 0.00405662
0 0 0.00395041
0 0 0.00392844
0 0 0.00377858
1 0.0186271 0.0223801
0 0 0.00371449
0 0 0.00371054
0 0 0.00365895
1 0.0597651 0.0634091
0 0 0.00352707
2 0.147224 0.150703
1 0.0190094 0.0224379
1 0.0167781 0.0201957
0 0 0.00340764
0 0 0.00338227
0 0 0.00333868
0 0 0.00332845
0 0 0.00331089
1 0.0210387 0.024339
0 0 0.00329841
0 0 0.00325977
0 0 0.00325459
0 0 0.0032513
0 0 0.00323678
1 0.0105207 0.0137148
1 0.00475131 0.00792678
0 0 0.0031342
1 0.0367667 0.039854
0 0 0.00304552
0 0 0.00299884
1 0.0427892 0.0457731
0 0 0.00293665
1 0.00686262 0.00978759
0 0 0.00289659
1 0.0472046 0.0500518
1 0.023837 0.0266447
0 0 0.00279123
0 0 0.00278169
0 0 0.00276036
1 0.0437174 0.0464496
1 0.0836749 0.0863866
0 0 0.00270107
0 0 0.00262218
0 0 0.00261702
2 0.056776 0.0593257
1 0.0171412 0.0195618
0 0 0.00238614
1 0.0158957 0.0182629
1 0.0600895 0.0624439
0 0 0.00234238
0 0 0.00234104
0 0 0.00233728
0 0 0.00230111
0 0 0.0022709
1 0.00549792 0.00775523
0 0 0.00223248
2 0.0400657 0.0422543
0 0 0.00211306
0 0 0.00209349
0 0 0.00207603
1 0.0113706 0.0134452
0 0 0.00206162
0 0 0.00202904
1 0.0333531 0.0353221
2 0.0527212 0.0546797
0 0 0.00194945
2 0.0479268 0.0498358
1 0.0188265 0.0207313
0 0 0.00188705
1 0.00577477 0.00765733
1 0.0137753 0.0156435
1 0.0463975 0.0482626
1 0.00680693 0.00867014
0 0 0.00186162
1 0.0291278 0.0309748
1 0.0106263 0.0124588
0 0 0.00179732
1 0.0111695 0.0129539
0 0 0.00177343
1 0.0125393 0.0143103
1 0.00642587 0.00818868
1 0.00858938 0.0103391
1 0.0116601 0.0133899
1 0.0106727 0.0123672
0 0 0.00168925
1 0.0166576 0.0183408
0 0 0.00166307
0 0 0.00165286
0 0 0.00164825
2 0.0478323 0.0494722
1 0.00292902 0.00453853
0 0 0.00160834
0 0 0.00160823
0 0 0.00159708
0 0 0.00159406
1 0.185846 0.187437
1 0.0488023 0.0503841
0 0 0.00156447
0 0 0.00154242
2 0.0365791 0.0381176
0 0 0.00152707
1 0.0084927 0.0100045
2 0.0334069 0.0349178
2 0.126264 0.127768
1 0.0108191 0.0122785
0 0 0.00145633
0 0 0.00144926
0 0 0.00144473
0 0 0.0014372
0 0 0.00143315
0 0 0.00142575
1 0.0172242 0.0186451
1 0.00607059 0.00745984
0 0 0.00138389
1 0.00567132 0.00704198
1 0.23841 0.239776
0 0 0.00136305
0 0 0.00135978
1 0.0364043 0.0377632
2 0.0515391 0.0528646
0 0 0.00132551
0 0 0.00131273
1 0.00484594 0.00614385
1 0.00450104 0.00577988
1 0.0961252 0.0973992
2 0.143972 0.145237
1 0.0210456 0.0222602
0 0 0.00120487
1 0.0460303 0.0472237
0 0 0.00119177
1 0.0141451 0.0153234
1 0.00476951 0.00594292
1 0.0261776 0.0273508
2 0.0480148 0.0491796
1 0.00185346 0.00300949
1 0.0597122 0.0608632
1 0.00184048 0.00296619
1 0.00258346 0.00369398
2 0.0207725 0.0218768
0 0 0.00109894
0 0 0.00108791
0 0 0.00105116
1 0.0175865 0.0186277
1 0.00227791 0.00329731
1 0.00968986 0.0107079
0 0 0.00101321
1 0.0253813 0.0263937
0 0 0.00100321
1 0.00963025 0.0106297
0 0 0.000992085
1 0.00336951 0.00432439
0 0 0.000947322
1 0.0147257 0.0156569
0 0 0.000918863
0 0 0.00091694
1 0.0385543 0.0394635
1 0.00481701 0.00572534
0 0 0.000908332
0 0 0.000882466
0 0 0.000881593
1 0.00279841 0.00367733
0 0 0.000872322
1 0.0012637 0.00213353
1 0.00789564 0.008765
1 0.0195776 0.0204445
0 0 0.000861173
1 0.00834801 0.00920087
2 0.113888 0.114733
0 0 0.000823832
0 0 0.00081697
0 0 0.000816052
0 0 0.000804189
0 0 0.000798964
0 0 0.00079766
0 0 0.000794984
1 0.00693887 0.00773363
1 0.0206632 0.0214454
1 0.00401577 0.00479437
0 0 0.000778414
1 0.00500556 0.00578169
1 0.00286201 0.00363772
1 0.0318372 0.0326098
0 0 0.000765033
1 0.0109771 0.0117383
0 0 0.000754338
1 0.0123529 0.0131026
0 0 0.00074808
1 0.00478887 0.00553386
0 0 0.00073726
1 0.0188981 0.0196304
1 0.00179113 0.00251974
1 0.00348853 0.0042044
1 0.000834358 0.00154739
0 0 0.000711768
0 0 0.000701362
0 0 0.000701067
0 0 0.000700164
0 0 0.000676499
0 0 0.000675102
1 0.0459162 0.0465782
0 0 0.000658611
1 0.00570851 0.0063631
0 0 0.000654298
1 0.0144066 0.0150562
1 0.00386134 0.00450353
1 0.0085205 0.00916197
1 0.0472197 0.0478596
0 0 0.00063655
1 0.0369963 0.037629
2 0.00939819 0.0100148
1 0.0224817 0.0230943
1 0.00331749 0.0039264
1 0.00722596 0.00783472
1 0.0125266 0.0131299
0 0 0.000599702
2 0.0550483 0.0556465
1 0.00416001 0.00473607
0 0 0.000575583
1 0.0131562 0.0137311
1 0.00688423 0.00745423
1 0.0182172 0.0187846
1 0.0299166 0.0304833
1 0.037789 0.0383535
0 0 0.000558895
0 0 0.000552112
1 0.00349233 0.00403732
0 0 0.000541298
1 0.0271535 0.027693
2 0.0107064 0.0112449
1 0.00331767 0.00385506
1 0.0124493 0.0129832
0 0 0.000531954
1 0.0133739 0.0139054
1 0.00689385 0.00740901
0 0 0.000512212
0 0 0.000509727
2 0.112709 0.113217
0 0 0.000504864
2 0.0532743 0.0537777
1 0.0291241 0.02961
2 0.190768 0.191245
2 0.0204745 0.0209471
1 0.00192095 0.00239206
0 0 0.000460433
2 0.0226388 0.0230987
1 0.0033447 0.003803
2 0.0391101 0.0395669
0 0 0.000451737
1 0.0019973 0.00244642
1 0.00612954 0.00657837
0 0 0.000443788
1 0.00352616 0.00396801
0 0 0.000440062
1 0.00315858 0.00359701
1 0.00177905 0.00221703
0 0 0.000433806
1 0.00533343 0.00576322
1 0.00308072 0.00350563
1 0.00592552 0.00634402
0 0 0.000415455
1 0.00233952 0.00274269
1 0.0180464 0.0184468
0 0 0.000400108
1 0.00282192 0.00322122
0 0 0.000389815
2 0.0260213 0.0264093
2 0.0490308 0.0494163
1 0.0122375 0.0126183
1 0.010135 0.0105143
1 0.03228 0.0326578
0 0 0.000375155
1 0.00732598 0.0077011
1 0.0173102 0.0176822
1 0.00378943 0.00416027
1 0.00175924 0.00212783
1 0.138977 0.139344
2 0.00375005 0.0041173
2 0.0167712 0.0171383
0 0 0.000362569
1 0.00382528 0.00418409
0 0 0.000354245
0 0 0.000351914
1 0.00608918 0.00644101
1 0.00420663 0.00455748
0 0 0.000349183
0 0 0.000343936
0 0 0.000340823
1 0.00325885 0.00359702
1 0.00910197 0.00943946
1 0.00744945 0.00778638
2 0.00926741 0.00960209
2 0.00341365 0.00374774
1 0.00152073 0.0018523
0 0 0.000329746
1 0.0480783 0.0484066
2 0.00970224 0.0100274
2 0.0137938 0.0141167
1 0.00258238 0.00290178
1 0.00167348 0.00199233
2 0.0547925 0.0551081
1 0.00237233 0.00267639
1 0.0074409 0.00774458
1 0.0059734 0.0062767
1 0.001987 0.00228353
1 0.00481813 0.00510255
1 0.0036805 0.00396258
1 0.00254159 0.00282157
1 0.0621499 0.0624296
2 0.034948 0.0352237
1 0.00297942 0.00325391
2 0.00955886 0.00983286
2 0.0487216 0.0489924
1 0.0110492 0.0113182
1 0.00633713 0.00660295
1 0.00631508 0.00658043
1 0.00651755 0.00678245
1 0.0203672 0.0206277
1 0.0354867 0.0357431
1 0.00310472 0.0033593
1 0.00662677 0.00687555
2 0.00712698 0.0073682
1 0.00469635 0.00493659
0 0 0.000238721
2 0.0285856 0.0288186
1 0.00454684 0.004778
0 0 0.000230863
1 0.0140043 0.0142309
1 0.0145638 0.0147903
0 0 0.00022601
1 0.0013931 0.00161553
1 0.0127007 0.0129206
1 0.0113653 0.0115842
1 0.00286568 0.00308343
1 0.00945002 0.00966406
0 0 0.000212096
1 0.0108822 0.0110916
1 0.00174471 0.00195185
1 0.0023541 0.00255585
1 0.00892817 0.00912186
1 0.00137248 0.00156113
2 0.00415664 0.00433963
2 0.015858 0.0160379
1 0.00242257 0.00260184
1 0.00539722 0.00557628
1 0.00645032 0.0066271
2 0.0157573 0.0159338
2 0.00411012 0.00428646
1 0.000931591 0.00110609
1 0.00424566 0.00441929
1 0.0288972 0.0290706
2 0.00389617 0.00406876
1 0.00931724 0.0094859
1 0.0305429 0.0307103
1 0.00367832 0.00384489
1 0.00540597 0.00557191
2 0.00282948 0.00299455
0 0 0.000165039
1 0.00135953 0.00152436
0 0 0.000164588
2 0.0272452 0.0274094
1 0.000913781 0.0010761
0 0 0.000161288
2 0.0045354 0.00469475
0 0 0.000157734
1 0.0100386 0.010193
0 0 0.000154336
1 0.00854353 0.00869681
1 0.00808512 0.00823763
1 0.00248996 0.00264053
2 0.0282208 0.0283648
1 0.00321823 0.00335633
1 0.0320538 0.0321914
1 0.00351307 0.00364924
2 0.039016 0.0391507
1 0.00252473 0.0026584
1 0.00824429 0.00837794
1 0.0583575 0.0584905
2 0.139422 0.139554
1 0.00929913 0.00942888
1 0.00602051 0.00614812
1 0.00145288 0.00158025
1 0.0012125 0.00133697
1 0.00181325 0.00193747
1 0.00288435 0.0030047
1 0.00273661 0.00285386
1 0.011584 0.0117006
1 0.017324 0.0174372
2 0.019626 0.0197389
2 0.00903814 0.00915055
1 0.00867591 0.00878777
1 0.00159211 0.00170347
2 0.0200996 0.0202086
1 0.00230397 0.00241247
1 0.0157972 0.0159054
1 0.00694312 0.00705077
1 0.00673648 0.00684405
1 0.0174987 0.0175985
1 0.0053604 0.00545964
1 0.00290921 0.00300844
1 0.00838377 0.00848106
1 0.00125485 0.00135211
1 0.0049049 0.00499848
1 0.0145986 0.0146909
2 0.00847375 0.00856518
1 0.00386624 0.00395594
1 0.000750011 0.000839139
1 0.00415095 0.00423955
2 0.0146331 0.014721
1 0.00391675 0.00400462
1 0.00149204 0.0015777
2 0.0058326 0.00591768
1 0.00996307 0.0100481
1 0.0382552 0.0383385
1 0.00570962 0.00579231
1 0.00369024 0.00377243
1 0.0200736 0.0201542
1 0.0109299 0.0110079
1 0.0063601 0.00643779
1 0.00157283 0.00165016
2 0.0178898 0.0179659
1 0.0144611 0.014536
1 0.00841847 0.00849219
2 0.0119104 0.0119831
1 0.00171372 0.0017848
1 0.00215826 0.00222923
1 0.00254347 0.00261326
1 0.00267129 0.00274095
1 0.0117833 0.0118523
2 0.0219976 0.0220642
2 0.00400691 0.00407329
1 0.00214199 0.00220614
1 0.00207326 0.00213677
2 0.00585736 0.00592078
1 0.00154871 0.0016119
2 0.0267515 0.0268141
1 0.0119408 0.0120028
1 0.0158965 0.0159584
1 0.026714 0.0267751
1 0.0379032 0.0379615
1 0.00301414 0.00307205
1 0.00824908 0.00830697
2 0.0128256 0.0128834
1 0.00276544 0.00282216
2 0.0348274 0.0348839
2 0.00427869 0.00433365
2 0.00232403 0.00237867
2 0.00668797 0.00674103
1 0.00292371 0.00297656
1 0.0388743 0.0389238
1 0.00144596 0.00149548
2 0.0147236 0.0147715
1 0.00401902 0.00406684
1 0.00551103 0.00555848
2 0.0115622 0.0116088
1 0.00803754 0.00808378
1 0.00845682 0.00850216
1 0.000625308 0.000670408
0 0 4.11039e-05
2 0.0159648 0.0160045
1 0.020003 0.0200425
1 0.000414928 0.000454314
1 0.00205819 0.00209664
1 0.00435437 0.00439012
2 0.00216551 0.00220002
2 0.00948892 0.00952322
2 0.00855285 0.00858499
2 0.0231704 0.0232024
2 0.00850055 0.00853162
1 0.00214991 0.00218067
2 0.00850162 0.00853134
1 0.00269678 0.00272549
2 0.00156463 0.00159264
2 0.00409985 0.00412735
1 0.0382666 0.0382935
1 0.00735105 0.00737784
1 0.00861518 0.00864173
2 0.0232336 0.0232602
0 0 2.63667e-05
2 0.00737859 0.00740442
2 0.00822162 0.00824731
1 0.00889075 0.00891616
1 0.00320316 0.00322832
1 0.126158 0.126183
1 0.00705805 0.00708265
2 0.00563841 0.00566234
0 0 2.38006e-05
2 0.00974663 0.00976876
1 0.0220388 0.0220606
1 0.0145764 0.0145974
2 0.00946489 0.00948552
2 0.034643 0.0346635
1 0.00629441 0.0063145
2 0.0420766 0.0420961
1 0.1172 0.117219
1 0.00197508 0.00199371
1 0.018234 0.0182525
2 0.00875141 0.00876918
1 0.00212887 0.0021466
1 0.00570422 0.00572136
1 0.00687632 0.00689183
1 0.010705 0.0107205
2 0.00572875 0.00574305
1 0.007098 0.00711202
1 0.00131959 0.00133359
2 0.00957952 0.00959343
1 0.0167794 0.0167929
2 0.00158029 0.00159279
2 0.0099581 0.00997046
1 0.00246142 0.00247363
2 0.00512393 0.00513587
1 0.0078003 0.00781213
2 0.00803855 0.00804949
1 0.00207963 0.00209048
2 0.00945763 0.00946832
1 0.00311801 0.00312862
1 0.0451687 0.0451791
1 0.00189732 0.00190754
2 0.00970669 0.00971679
1 0.0518552 0.0518652
1 0.00465633 0.004666
2 0.00575183 0.00576123
2 0.00169932 0.00170853
1 0.0013086 0.00131774
1 0.00620606 0.00621499
1 0.0123931 0.012402
1 0.00260114 0.00261001
1 0.0140641 0.0140729
1 0.00345481 0.00346255
2 0.00589084 0.00589743
2 0.0218702 0.0218765
1 0.0326709 0.0326771
1 0.00946967 0.00947586
2 0.00764303 0.0076491
2 0.013279 0.0132847
2 0.0130286 0.0130342
1 0.00848999 0.00849548
2 0.0048323 0.00483778
1 0.00763041 0.0076357
1 0.0158712 0.0158763
1 0.0033722 0.00337641
2 0.00374233 0.00374637
2 0.00412993 0.00413321
2 0.0107889 0.0107921
1 0.0347972 0.0347998
1 0.0565642 0.0565668
1 0.00193186 0.00193441
2 0.00459427 0.00459677
2 0.00845127 0.00845368
1 0.0286595 0.0286619
1 0.00358207 0.00358434
2 0.0036493 0.00365152
1 0.00250019 0.0025024
1 0.00302288 0.00302505
1 0.000790587 0.000792531
2 0.00323389 0.00323582
2 0.00557381 0.00557563
2 0.160525 0.160527
2 0.0100087 0.0100104
1 0.00151272 0.00151438
1 0.00158748 0.00158909
2 0.0187054 0.0187069
1 0.00389091 0.00389171
1 0.00411593 0.00411672
2 0.00756047 0.0075612
2 0.00307628 0.00307693
2 0.00786729 0.00786788
1 0.00202165 0.00202219
2 0.00235098 0.0023515
2 0.0036922 0.00369268
2 0.0198975 0.0198979
1 0.0253543 0.0253547
1 0.000909821 0.00091006
2 0.00223019 0.00223038
2 0.00670077 0.00670094
2 0.00313666 0.00313679
2 0.00819789 0.00819802
1 0.00101574 0.00101585
1 0.0193106 0.0193107
2 0.0579879 0.057988
2 0.0098797 0.00987978
2 0.0383612 0.0383613
1 0.0178474 0.0178475
2 0.00366377 0.00366381
1 0.00238869 0.00238873
2 0.00157424 0.00157427
2 0.00393291 0.00393295
2 0.00276663 0.00276664
2 0.0023164 0.00231641
1 0.00231638 0.00231638
2 0.0193264 0.0193264
