0 0 inf
0 0 0.117693
0 0 0.117561
1 0.244096 0.322355
1 0.0149487 0.0796626
0 0 0.0645329
1 0.055394 0.116104
0 0 0.0524775
0 0 0.0474019
0 0 0.0449632
0 0 0.0422204
0 0 0.0394075
0 0 0.0392211
0 0 0.0387693
0 0 0.0365426
0 0 0.0353609
0 0 0.0341658
0 0 0.0328145
0 0 0.0327662
0 0 0.0326508
1 0.118064 0.150227
0 0 0.0317021
0 0 0.0303634
0 0 0.0271612
0 0 0.0261816
0 0 0.0225183
1 0.0999118 0.122341
0 0 0.022359
1 0.058314 0.0799557
0 0 0.0215118
0 0 0.0212349
0 0 0.0210523
1 0.104363 0.125036
0 0 0.0202298
1 0.0344924 0.0538101
1 0.00852651 0.0274151
0 0 0.0180117
1 0.0135363 0.0308209
1 0.066315 0.0833114
1 0.0135383 0.0304135
0 0 0.0168519
0 0 0.0166003
0 0 0.0165272
0 0 0.0164489
0 0 0.0164258
0 0 0.0163435
1 0.0265569 0.0423401
0 0 0.015776
0 0 0.0154962
0 0 0.0151942
0 0 0.0148335
1 0.144531 0.158689
0 0 0.0136747
0 0 0.0136562
1 0.0625655 0.0759645
1 0.0222658 0.0355607
1 0.0384358 0.0512453
0 0 0.0127433
1 0.0394387 0.051871
0 0 0.0123897
0 0 0.0122401
0 0 0.0118122
0 0 0.0112037
0 0 0.0107593
0 0 0.0106896
1 0.0226425 0.0333005
0 0 0.010617
0 0 0.0103469
1 0.104106 0.114078
0 0 0.00991113
0 0 0.00973725
0 0 0.00956117
0 0 0.00944756
1 0.0218206 0.0311609
0 0 0.00886198
0 0 0.00885075
0 0 0.00882176
0 0 0.0087754
0 0 0.00862448
1 0.162379 0.170866
2 0.0852902 0.0935118
2 0.0312461 0.0394142
0 0 0.00801295
0 0 0.00784963
0 0 0.00775319
0 0 0.00774309
1 0.0111769 0.0189067
1 0.00401378 0.011694
0 0 0.0076617
1 0.166787 0.174252
0 0 0.00734367
0 0 0.00732916
0 0 0.00729886
0 0 0.00713491
1 0.0226129 0.029737
0 0 0.00708508
0 0 0.00707299
0 0 0.00703913
0 0 0.00702214
0 0 0.0069416
0 0 0.00692838
1 0.0108103 0.0177282
1 0.0726242 0.0795161
1 0.121854 0.128708
1 0.0228448 0.0295898
0 0 0.00674062
0 0 0.00667852
0 0 0.00647075
1 0.00813779 0.0142618
0 0 0.00611733
0 0 0.00604164
0 0 0.00588155
0 0 0.00586411
1 0.00972552 0.0155191
0 0 0.00574975
0 0 0.00573689
0 0 0.00572801
0 0 0.0057227
0 0 0.00571498
1 0.012298 0.0179534
1 0.0120807 0.0176825
1 0.0265788 0.0321442
0 0 0.00551261
1 0.0647189 0.0702293
0 0 0.00544703
1 0.0357035 0.0410891
1 0.0196035 0.0248996
0 0 0.00528988
0 0 0.00518015
0 0 0.0051343
1 0.0591666 0.0642816
0 0 0.00502299
0 0 0.00502004
1 0.0199031 0.0248859
0 0 0.00494575
0 0 0.00491238
1 0.00497007 0.00984476
1 0.0265625 0.0314172
1 0.0407718 0.0456189
2 0.152531 0.157366
0 0 0.00473506
1 0.00661693 0.0113202
1 0.0394819 0.0441812
1 0.0118902 0.0165833
0 0 0.00464581
2 0.177134 0.181715
1 0.00491303 0.0094042
2 0.0258514 0.030253
0 0 0.00440062
0 0 0.00438609
0 0 0.00427253
0 0 0.00422875
0 0 0.0041689
1 0.119689 0.123837
0 0 0.00413823
1 0.0217331 0.0258513
1 0.00693696 0.0109389
0 0 0.00393612
1 0.0127354 0.0166612
0 0 0.00391957
0 0 0.00386363
0 0 0.00381473
0 0 0.00380268
1 0.0046141 0.00832424
2 0.0131082 0.0168092
0 0 0.00368186
1 0.0236744 0.0273438
0 0 0.00365034
1 0.0234097 0.0269844
0 0 0.00355313
0 0 0.0035446
0 0 0.00353127
1 0.0935316 0.0970214
1 0.0109632 0.0144439
1 0.00947864 0.0129054
1 0.00720879 0.0105546
1 0.0165462 0.0198543
1 0.0307794 0.0340592
0 0 0.00326576
0 0 0.00324948
1 0.127657 0.130872
0 0 0.00320044
0 0 0.00316692
0 0 0.00315454
0 0 0.00309332
0 0 0.0030861
2 0.0334146 0.0364819
0 0 0.003055
0 0 0.00301006
0 0 0.00300709
1 0.0293157 0.0323033
0 0 0.00296184
1 0.00938851 0.012335
0 0 0.0029273
0 0 0.00290949
0 0 0.00288286
0 0 0.00286638
1 0.0237496 0.0265943
1 0.00731415 0.0101586
1 0.0151232 0.0179604
1 0.0275814 0.0304121
0 0 0.00278635
0 0 0.0027397
1 0.00801245 0.0107513
1 0.0194407 0.0221447
1 0.00692903 0.00962426
0 0 0.00269474
0 0 0.00266378
1 0.0101946 0.0128576
0 0 0.00265471
1 0.00611083 0.00873571
1 0.0350401 0.0376334
0 0 0.00259167
0 0 0.00258962
1 0.0084212 0.0109811
1 0.0379324 0.0404855
0 0 0.00253089
0 0 0.00252786
0 0 0.00251856
1 0.058617 0.0611318
0 0 0.00248938
0 0 0.00248397
1 0.00625987 0.00873796
0 0 0.00244752
0 0 0.00241593
1 0.0279516 0.0302842
0 0 0.00232133
0 0 0.00230481
1 0.174836 0.177138
1 0.0085887 0.010814
1 0.051591 0.0538109
0 0 0.00221787
0 0 0.00221075
0 0 0.00219796
0 0 0.00219045
0 0 0.00218763
0 0 0.00215835
0 0 0.00215006
1 0.00892933 0.0110778
1 0.0212385 0.023348
2 0.0124701 0.0145553
0 0 0.00207845
2 0.0304695 0.0325463
1 0.0453208 0.0473933
1 0.00633383 0.00839261
2 0.0320874 0.034146
0 0 0.00203625
0 0 0.00203565
0 0 0.0019875
1 0.0145176 0.0164807
0 0 0.00194923
0 0 0.00193507
1 0.025799 0.0277303
1 0.00616491 0.00802754
1 0.0293683 0.0311986
0 0 0.00181324
2 0.0368581 0.0386609
0 0 0.00176896
1 0.0284677 0.0302301
1 0.0602172 0.0619563
0 0 0.00173435
1 0.0106235 0.0123511
0 0 0.00168309
1 0.00734746 0.0090241
1 0.0469326 0.0486022
0 0 0.00166545
0 0 0.00166357
0 0 0.00165515
0 0 0.00164445
1 0.0258425 0.027473
1 0.0117178 0.0133292
0 0 0.00160355
2 0.0562838 0.0578606
0 0 0.00155683
0 0 0.0015564
0 0 0.00155222
0 0 0.0015274
1 0.023304 0.024821
1 0.0489398 0.0504237
1 0.00993491 0.0114105
1 0.00726949 0.00873313
0 0 0.00145509
1 0.0105361 0.011989
1 0.00911441 0.0105664
0 0 0.00142246
1 0.0113748 0.0127883
1 0.00742548 0.00883475
1 0.049886 0.0512721
0 0 0.00137686
0 0 0.00135632
0 0 0.00131254
2 0.0720059 0.0733132
0 0 0.00130391
2 0.135826 0.137105
1 0.10584 0.107109
0 0 0.00126377
0 0 0.00125771
1 0.015009 0.0162598
1 0.0556236 0.0568671
1 0.00766487 0.00889292
0 0 0.00121908
1 0.255871 0.257068
1 0.00867474 0.00986851
0 0 0.00114582
1 0.00895709 0.0100907
1 0.0220933 0.0232224
0 0 0.00112307
0 0 0.00112193
1 0.0226326 0.0237415
1 0.011798 0.0129052
0 0 0.00107698
2 0.0140349 0.0151103
2 0.156091 0.157147
1 0.0114191 0.012472
0 0 0.00104937
0 0 0.00103366
2 0.0160755 0.0171075
1 0.0607443 0.0617716
0 0 0.00100869
1 0.066741 0.0677373
0 0 0.000989124
1 0.0675169 0.0684873
1 0.013119 0.0140757
0 0 0.000955978
1 0.0290305 0.0299756
0 0 0.000930542
1 0.0233167 0.0242233
1 0.0123123 0.0132077
1 0.00519563 0.00607394
0 0 0.000865894
1 0.0051351 0.00599745
1 0.044036 0.0448961
1 0.0144273 0.0152865
1 0.0103172 0.0111664
0 0 0.000848278
1 0.052543 0.0533895
1 0.00760347 0.00844464
1 0.00345779 0.00429711
0 0 0.000812717
1 0.0408343 0.041646
1 0.0032229 0.00402725
1 0.0216522 0.022452
1 0.00469484 0.00548394
1 0.00996471 0.0107436
0 0 0.000774186
1 0.0710052 0.071775
1 0.0339267 0.0346899
1 0.00739006 0.00813671
1 0.0193362 0.0200792
1 0.0211757 0.0219167
1 0.0231887 0.0239239
1 0.00619041 0.00689631
0 0 0.000692808
1 0.0105324 0.011215
2 0.0385741 0.0392398
1 0.00890934 0.00957254
1 0.0390271 0.0396884
0 0 0.000658515
1 0.0276536 0.0283098
1 0.00354136 0.00419576
2 0.0320236 0.0326715
1 0.0150116 0.0156462
1 0.0156081 0.0162313
1 0.0118228 0.0124433
1 0.00353992 0.00415356
2 0.0873365 0.087949
1 0.395202 0.395799
1 0.0076323 0.0082261
1 0.151481 0.152072
1 0.00862503 0.00921123
1 0.00673842 0.00731925
1 0.00766316 0.00823838
0 0 0.000571017
1 0.00896347 0.00953111
1 0.00442678 0.00499368
2 0.0132633 0.0138238
1 0.00516562 0.00571919
2 0.0147031 0.0152492
1 0.0135098 0.014052
0 0 0.000529299
1 0.0445439 0.0450698
2 0.0144536 0.0149788
2 0.129503 0.130026
2 0.0339315 0.0344524
1 0.0492628 0.0497804
1 0.00270114 0.00321603
1 0.0570965 0.057607
1 0.0134526 0.0139583
1 0.0124917 0.0129888
1 0.00883617 0.00933312
1 0.0120944 0.0125648
0 0 0.000463981
1 0.00881144 0.0092693
1 0.0130143 0.0134716
2 0.0487459 0.0492029
1 0.0120317 0.012483
1 0.0065545 0.00700068
1 0.00701801 0.00745566
1 0.00342038 0.00385689
1 0.0164759 0.0169065
1 0.0161349 0.016547
2 0.0159706 0.0163787
1 0.00844932 0.00884552
2 0.175243 0.175639
1 0.0109686 0.011362
1 0.00163042 0.00202282
1 0.0114347 0.0118165
1 0.0823301 0.0827097
0 0 0.000379037
1 0.00823882 0.0086075
2 0.00898278 0.00933686
2 0.0493512 0.0497046
2 0.0311728 0.0315244
1 0.00848262 0.0088324
1 0.00826491 0.00860862
1 0.00690719 0.00724937
2 0.0109902 0.0113302
2 0.257667 0.258004
1 0.0300858 0.0304192
1 0.0710518 0.0713791
1 0.00149454 0.00181959
1 0.00767243 0.00798519
1 0.00757153 0.00788384
1 0.0313021 0.031606
1 0.0125538 0.0128563
1 0.0241579 0.0244595
1 0.00368425 0.00398567
1 0.00257725 0.00287513
1 0.00282942 0.00312317
2 0.0442991 0.0445892
1 0.00766332 0.00794751
1 0.00348654 0.00377059
1 0.0210596 0.0213427
1 0.0218336 0.0221148
1 0.017205 0.017483
1 0.0219258 0.0221959
1 0.00153123 0.00179185
1 0.00420633 0.00446572
2 0.0167837 0.0170411
1 0.0359368 0.0361922
1 0.0304951 0.03075
1 0.0065062 0.00675763
2 0.0312109 0.0314618
1 0.0102128 0.0104625
1 0.00746489 0.00771441
1 0.00742971 0.00767672
2 0.0321172 0.032363
1 0.0162058 0.0164447
1 0.0334958 0.0337322
1 0.0180972 0.0183318
1 0.00178724 0.00201666
0 0 0.000212187
2 0.062276 0.062488
2 0.100925 0.101132
2 0.0357231 0.03593
1 0.00408359 0.00429049
0 0 0.000202191
2 0.0149432 0.0151394
2 0.0193008 0.0194965
1 0.00677399 0.00696925
1 0.0242502 0.0244422
1 0.012928 0.0131133
1 0.0633304 0.063512
1 0.0177462 0.0179214
1 0.0217051 0.0218765
1 0.0135569 0.0137277
1 0.00279218 0.00296196
1 0.0108743 0.011039
2 0.026071 0.0262318
1 0.0145107 0.0146706
1 0.00305236 0.00321039
2 0.0144444 0.0146025
1 0.00302325 0.00317982
1 0.135701 0.135856
2 0.0237466 0.0238997
2 0.027779 0.0279297
1 0.00152547 0.001668
2 0.03475 0.0348893
2 0.031857 0.0319932
2 0.132979 0.133113
1 0.00404329 0.00417722
1 0.00929058 0.00941938
2 0.00861933 0.00874709
1 0.00880525 0.00893276
2 0.0148916 0.015018
1 0.0215596 0.0216831
1 0.0570008 0.0571232
1 0.0223068 0.0224285
1 0.0180925 0.0182134
1 0.0244571 0.0245765
1 0.00846726 0.00858525
1 0.00492878 0.0050464
1 0.00281344 0.002931
1 0.00313092 0.00324769
1 0.0151165 0.0152332
1 0.0351175 0.0352341
1 0.00980531 0.00991889
1 0.0417267 0.0418388
1 0.00466609 0.00477805
2 0.0721221 0.0722332
1 0.0325629 0.0326736
1 0.00292767 0.00303628
2 0.0158936 0.0160019
2 0.0127429 0.0128495
2 0.0130819 0.0131881
1 0.014797 0.0148997
1 0.00260459 0.00270542
1 0.0159593 0.0160599
2 0.0203218 0.0204218
1 0.00223829 0.00233788
1 0.0153336 0.0154312
2 0.0115136 0.0116087
2 0.0107079 0.0108016
2 0.0229443 0.0230362
2 0.0126096 0.0126998
1 0.0118923 0.0119826
1 0.0161989 0.0162889
2 0.017473 0.017563
1 0.00591106 0.00599924
2 0.0341263 0.0342141
1 0.0166531 0.0167409
1 0.0072093 0.00729545
2 0.0496397 0.049725
2 0.0306866 0.0307717
1 0.0351625 0.0352458
1 0.0110551 0.0111378
1 0.00504929 0.00513137
1 0.0107275 0.0108095
1 0.00797886 0.0080589
2 0.0127316 0.012811
1 0.146996 0.147072
1 0.00603365 0.00610804
1 0.0027632 0.00283739
1 0.00667868 0.00674963
1 0.0107344 0.0108033
2 0.0133653 0.0134341
2 0.0317484 0.0318132
1 0.0365498 0.0366109
1 0.118586 0.118647
2 0.0136186 0.013679
1 0.00600097 0.00606045
1 0.0484668 0.0485244
1 0.00275625 0.00280857
1 0.102849 0.102901
2 0.0453456 0.0453951
1 0.00463283 0.00468172
1 0.0558283 0.0558766
1 0.0648944 0.0649417
1 0.00555023 0.0055973
1 0.055122 0.0551686
2 0.0164381 0.016483
1 0.00946603 0.00951081
1 0.00940215 0.00944628
1 0.137907 0.13795
2 0.0618104 0.0618526
1 0.0104271 0.0104689
1 0.0117847 0.0118247
2 0.0106201 0.0106595
1 0.0100486 0.0100876
2 0.0128441 0.0128822
1 0.00523133 0.00526854
1 0.00397991 0.00401709
1 0.0183583 0.018395
1 0.0606205 0.0606548
1 0.0171726 0.0172069
1 0.00887748 0.00891139
1 0.0192175 0.0192514
2 0.0142541 0.0142875
1 0.0137281 0.0137611
1 0.0045935 0.00462456
2 0.0310442 0.0310752
1 0.0126099 0.0126408
1 0.0133773 0.0134054
2 0.0050496 0.00507582
2 0.0637033 0.0637246
2 0.0126656 0.0126868
1 0.0119137 0.0119349
1 0.046335 0.0463561
2 0.0827641 0.0827842
1 0.00815304 0.00817262
2 0.10136 0.101379
1 0.0296902 0.0297088
1 0.00378732 0.00380571
1 0.010952 0.0109703
2 0.00429492 0.00431282
2 0.00298779 0.00300531
2 0.0311596 0.0311771
2 0.00959047 0.00960614
2 0.0476708 0.0476863
2 0.0143488 0.0143635
1 0.0447678 0.0447821
1 0.014829 0.0148428
2 0.0163406 0.0163541
2 0.0114165 0.0114298
1 0.0078574 0.00787053
1 0.0388275 0.0388406
2 0.0295181 0.0295303
2 0.0125836 0.0125955
1 0.130684 0.130695
1 0.0210845 0.0210953
1 0.0162631 0.0162735
1 0.0794216 0.079432
2 0.00925269 0.00926305
2 0.036469 0.036479
2 0.0158719 0.0158814
2 0.00896833 0.00897773
2 0.186225 0.186234
1 0.012501 0.0125092
1 0.0228214 0.0228296
1 0.0246756 0.0246836
1 0.0502913 0.0502993
2 0.0318021 0.03181
1 0.0167601 0.0167675
2 0.0141625 0.0141691
1 0.00233602 0.00234202
2 0.0133403 0.0133462
1 0.00573641 0.00574179
2 0.00801962 0.00802471
2 0.0136662 0.0136713
1 0.0145994 0.0146044
1 0.00325974 0.00326426
1 0.0161714 0.0161754
1 0.0031686 0.00317231
2 0.0378284 0.0378318
2 0.0297998 0.029803
1 0.00426715 0.00427041
2 0.0149886 0.0149918
1 0.00456885 0.00457197
2 0.0485432 0.0485462
2 0.0225639 0.0225665
1 0.0390795 0.0390816
1 0.0104668 0.0104689
2 0.00910037 0.00910247
1 0.0124668 0.0124684
1 0.0055667 0.00556833
2 0.0140482 0.0140496
2 0.0153844 0.0153856
2 0.0104755 0.0104764
1 0.0172553 0.0172562
1 0.00763002 0.00763087
1 0.0308385 0.0308394
2 0.0286932 0.028694
2 0.0266309 0.0266317
1 0.129354 0.129355
1 0.0611521 0.0611527
2 0.100994 0.100995
2 0.0552088 0.0552093
1 0.00712987 0.00713032
2 0.0465077 0.0465082
2 0.028086 0.0280863
1 0.00157833 0.00157866
2 0.0234545 0.0234547
2 0.133788 0.133789
2 0.0391305 0.0391307
2 0.0217095 0.0217097
2 0.0117111 0.0117113
1 0.0110637 0.0110639
2 0.257999 0.257999
1 0.00173527 0.00173539
1 0.00427743 0.00427752
1 0.0135771 0.0135772
2 0.0152189 0.0152189
1 0.00567605 0.00567607
