0 0 inf
1 0.121865 0.251966
1 0.0248989 0.105504
1 0.272939 0.350534
0 0 0.0701807
0 0 0.0632323
0 0 0.0485524
0 0 0.0453117
1 0.0762317 0.118284
0 0 0.0399211
0 0 0.0382848
0 0 0.0372529
1 0.0967704 0.133444
0 0 0.0352827
0 0 0.0352565
0 0 0.0341612
0 0 0.0322491
0 0 0.0260059
0 0 0.025736
1 0.0777205 0.102902
0 0 0.024898
0 0 0.0246203
0 0 0.0230588
0 0 0.0214852
0 0 0.0205171
0 0 0.0187725
0 0 0.0187448
1 0.037903 0.0562036
1 0.127766 0.145731
0 0 0.016972
0 0 0.016893
0 0 0.0168329
0 0 0.0167253
0 0 0.0166487
0 0 0.0162951
0 0 0.0160829
1 0.0272523 0.0432438
0 0 0.0157871
1 0.0221044 0.0377919
0 0 0.0152035
0 0 0.0150622
2 0.106971 0.121934
0 0 0.0140764
1 0.0556381 0.0695922
0 0 0.0139072
0 0 0.0138515
1 0.104711 0.117995
0 0 0.0129943
0 0 0.0127178
0 0 0.0121454
0 0 0.0120531
0 0 0.0117056
0 0 0.0107124
0 0 0.010337
1 0.0485965 0.0587288
0 0 0.0100726
1 0.0740613 0.0840426
0 0 0.00995678
0 0 0.00987527
1 0.00719992 0.0166315
0 0 0.00935341
1 0.0396303 0.0489397
2 0.0749973 0.0841827
0 0 0.00915958
1 0.0252213 0.0341278
2 0.118416 0.127267
1 0.0466397 0.0553822
0 0 0.00873746
0 0 0.0083864
0 0 0.00817706
0 0 0.00807475
0 0 0.00799909
0 0 0.0078907
0 0 0.00782652
0 0 0.00776566
0 0 0.00775055
1 0.061037 0.068591
0 0 0.00745305
1 0.117267 0.124606
1 0.0373857 0.0446845
2 0.145616 0.152771
0 0 0.00699771
1 0.074514 0.0814195
0 0 0.00690352
0 0 0.00683613
1 0.0130933 0.0199159
0 0 0.00678579
1 0.0108676 0.0175492
1 0.0038041 0.010428
0 0 0.00662149
1 0.0249067 0.031418
0 0 0.00640057
1 0.0466394 0.0530286
0 0 0.00626893
0 0 0.00621635
1 0.00519054 0.0113318
0 0 0.00603955
0 0 0.00600832
0 0 0.00592926
1 0.0419996 0.0478844
0 0 0.00585646
1 0.0581309 0.0638427
1 0.0269372 0.0325715
1 0.0095986 0.0152302
0 0 0.0056092
0 0 0.00557666
1 0.0552686 0.0607722
1 0.0187419 0.0242372
0 0 0.00548269
0 0 0.00546924
1 0.0274294 0.0328709
0 0 0.00528775
1 0.04833 0.0536094
0 0 0.00510354
0 0 0.00508208
2 0.372784 0.377839
0 0 0.00501106
1 0.0713778 0.0763748
1 0.169116 0.174026
0 0 0.0048143
2 0.202359 0.207172
0 0 0.00479501
0 0 0.00478934
1 0.00729116 0.0120782
0 0 0.00472963
0 0 0.0046518
0 0 0.00454573
0 0 0.0043368
0 0 0.00432767
0 0 0.00422855
1 0.0324868 0.0366875
0 0 0.00415341
0 0 0.00401783
2 0.126515 0.130509
0 0 0.00398767
0 0 0.00392566
0 0 0.00392263
1 0.0192379 0.023089
0 0 0.00375887
0 0 0.00370314
0 0 0.00369595
0 0 0.00360467
0 0 0.00356291
1 0.0256717 0.029176
1 0.0377993 0.0412691
2 0.0196812 0.023135
0 0 0.00345021
0 0 0.00339898
1 0.00617396 0.00957068
0 0 0.00338202
0 0 0.00331843
0 0 0.00330293
0 0 0.00329753
1 0.136902 0.14017
1 0.116165 0.119386
1 0.0641105 0.0673183
1 0.00580286 0.00900821
1 0.0547647 0.0578908
0 0 0.00310216
1 0.0113216 0.0144213
1 0.00526909 0.0083651
1 0.0462684 0.0493245
0 0 0.00304387
0 0 0.00301932
1 0.0239252 0.0269407
0 0 0.00293857
0 0 0.00291665
0 0 0.00289564
1 0.00695046 0.00984536
0 0 0.00286058
0 0 0.00282671
0 0 0.00282467
0 0 0.00281448
0 0 0.00280966
0 0 0.00278867
0 0 0.00275173
0 0 0.00273268
0 0 0.00272628
1 0.0397579 0.0424754
0 0 0.00271452
1 0.0117465 0.0144373
0 0 0.00268361
1 0.245679 0.248362
0 0 0.00261338
0 0 0.00258548
1 0.0469855 0.049529
0 0 0.00253224
0 0 0.00248934
2 0.350574 0.353046
1 0.00803616 0.0105026
0 0 0.00240958
0 0 0.00239721
1 0.00728453 0.00964357
0 0 0.00235793
0 0 0.00233749
0 0 0.00233528
0 0 0.00233158
1 0.108719 0.110985
1 0.00657163 0.00881883
0 0 0.00224278
1 0.0101516 0.01239
1 0.017229 0.0194652
1 0.0377778 0.0400072
1 0.0206005 0.0228283
1 0.0073934 0.00961363
0 0 0.00221622
0 0 0.00216328
1 0.02402 0.0261552
0 0 0.00212682
0 0 0.00212534
0 0 0.00212472
0 0 0.00210054
1 0.00651997 0.00859611
0 0 0.0020571
0 0 0.00205503
0 0 0.0020396
1 0.00639179 0.00840797
0 0 0.00201498
1 0.0189357 0.0209393
0 0 0.00197489
1 0.0117416 0.0136315
2 0.0239928 0.0258627
1 0.0356015 0.0374612
1 0.0110437 0.0129007
0 0 0.00185206
1 0.0100875 0.0119231
1 0.00525998 0.0070904
1 0.00584652 0.00766862
1 0.0602143 0.0620311
0 0 0.00180471
1 0.0186499 0.0204141
1 0.00749771 0.00925937
0 0 0.00176156
1 0.00366143 0.00540854
1 0.0133392 0.015061
2 0.0166848 0.0183955
1 0.0346094 0.03631
0 0 0.00170059
0 0 0.00169991
0 0 0.00169858
0 0 0.00169032
1 0.0139722 0.0156501
0 0 0.00166289
1 0.0506194 0.0522771
1 0.00696871 0.0086228
0 0 0.00161735
1 0.0095112 0.0111253
1 0.0290864 0.0306994
0 0 0.00159348
1 0.00653785 0.00811732
1 0.0396389 0.0412117
1 0.00661224 0.00818469
0 0 0.0015715
0 0 0.00155599
0 0 0.00154985
1 0.00726662 0.00880892
1 0.036156 0.0376724
0 0 0.00149263
1 0.00373729 0.00517769
1 0.00649606 0.00793517
0 0 0.00140325
1 0.00768148 0.00908084
0 0 0.00139624
1 0.00423963 0.00563442
0 0 0.00136721
0 0 0.00136031
0 0 0.0013535
1 0.00557285 0.00689291
1 0.00462021 0.00593886
1 0.0105912 0.0118981
0 0 0.0012944
0 0 0.00126223
1 0.0019175 0.00317891
0 0 0.00125312
1 0.0264767 0.0277226
0 0 0.00123622
1 0.0123269 0.0135603
0 0 0.00123282
1 0.032829 0.0340596
1 0.0114362 0.0126512
1 0.361737 0.362951
1 0.0102353 0.0114419
0 0 0.00118469
0 0 0.00118196
1 0.0383867 0.0395453
0 0 0.0011584
0 0 0.00115595
0 0 0.00113134
1 0.0476062 0.0487275
1 0.0040672 0.00518545
2 0.0242625 0.0253425
1 0.0105992 0.0116767
1 0.0104724 0.0115459
1 0.00645767 0.00752985
1 0.00594718 0.00700265
0 0 0.00105276
0 0 0.00104436
2 0.148513 0.149557
1 0.00400266 0.0050408
0 0 0.00103126
1 0.00764208 0.00865783
1 0.00816581 0.00917787
0 0 0.00100362
2 0.0455891 0.0465903
2 0.0185534 0.0195481
1 0.00575174 0.00673435
2 0.0421859 0.0431637
0 0 0.000971329
2 0.0630439 0.0640146
1 0.00419655 0.00516381
1 0.0313683 0.0323349
0 0 0.000958766
0 0 0.000958501
2 0.0240041 0.0249561
1 0.0185788 0.0195245
1 0.00504001 0.0059805
2 0.0397789 0.0406857
1 0.0444637 0.0453656
0 0 0.000893543
2 0.0429729 0.0438458
1 0.00891179 0.00978237
1 0.00792293 0.00879175
2 0.0816353 0.0824953
1 0.00802205 0.00887847
1 0.00562042 0.00645946
1 0.00351703 0.00435306
2 0.118502 0.119333
1 0.00722391 0.00804979
0 0 0.00081798
0 0 0.000814119
0 0 0.00080766
1 0.0205849 0.0213883
1 0.0374062 0.0382084
0 0 0.000788708
1 0.00750128 0.00828901
1 0.0780344 0.0788157
1 0.0670454 0.0677912
1 0.0123996 0.0131435
1 0.00829256 0.00902626
1 0.0452168 0.0459274
2 0.0117695 0.0124616
1 0.186571 0.187246
2 0.0501629 0.0508372
0 0 0.000668325
1 0.010526 0.01119
0 0 0.000660648
1 0.00646112 0.0071146
1 0.0329379 0.0335888
1 0.0140208 0.0146614
1 0.0131793 0.0138084
0 0 0.000622631
1 0.0108529 0.0114714
0 0 0.000616853
1 0.0115057 0.0121211
1 0.0375716 0.0381856
1 0.0055317 0.006131
2 0.0125253 0.0131078
1 0.00810765 0.0086879
1 0.00524509 0.00582162
1 0.0160939 0.01667
1 0.118668 0.119231
0 0 0.000559477
1 0.00242904 0.00298252
1 0.00366111 0.00420686
2 0.00976991 0.0103098
1 0.0169436 0.0174694
0 0 0.000518428
2 0.0230902 0.0236059
1 0.00864175 0.00915267
1 0.0874802 0.0879868
0 0 0.000496641
1 0.0117942 0.0122836
2 0.121743 0.122223
1 0.00608533 0.00656261
1 0.0136357 0.0141064
0 0 0.000466225
0 0 0.000466211
1 0.0114911 0.0119382
2 0.018332 0.0187745
2 0.00727582 0.0077151
0 0 0.000437468
1 0.00810009 0.00853376
1 0.0125064 0.0129301
0 0 0.000414611
1 0.00635089 0.00676139
2 0.0155845 0.0159835
1 0.0156948 0.0160859
1 0.00669293 0.00707679
1 0.00614447 0.00652812
1 0.00912786 0.009509
1 0.00695062 0.00731997
1 0.0073779 0.00773978
1 0.0217035 0.0220633
1 0.00715162 0.0075107
1 0.0351628 0.035519
2 0.00930979 0.00965014
1 0.015604 0.015936
1 0.00423484 0.00455826
1 0.0105434 0.0108657
1 0.0552978 0.0556175
1 0.00290491 0.00322053
0 0 0.000313287
2 0.11982 0.120131
1 0.00493312 0.00523398
1 0.0058673 0.00616798
1 0.00496053 0.00526017
1 0.0451016 0.0454012
1 0.0042565 0.00455152
2 0.0136161 0.0139097
1 0.00128216 0.00156619
2 0.0194654 0.0197473
2 0.00975836 0.0100385
2 0.0711468 0.0714231
1 0.0573863 0.0576613
1 0.00907637 0.0093506
1 0.0105237 0.0107979
2 0.0113063 0.0115747
1 0.0124296 0.012697
1 0.00611296 0.00637981
2 0.0135505 0.0138165
2 0.023685 0.0239501
1 0.0793034 0.0795667
2 0.0343638 0.034627
1 0.0344209 0.0346835
1 0.0734691 0.0737247
2 0.0157187 0.0159739
2 0.0224417 0.0226955
1 0.0449635 0.0452162
1 0.00449582 0.00474839
1 0.084063 0.0843155
0 0 0.000251722
1 0.00874244 0.00898636
2 0.121468 0.12171
1 0.0120588 0.0122952
1 0.00493782 0.00516945
1 0.00599969 0.00622696
1 0.00941794 0.00964412
1 0.00838935 0.0086124
1 0.0161171 0.016336
2 0.0444678 0.0446861
1 0.00581522 0.00603332
1 0.00668001 0.00689725
1 0.00611518 0.00633082
1 0.0230494 0.0232622
2 0.00827473 0.0084864
1 0.00873363 0.00894196
1 0.00333665 0.00354157
1 0.0144448 0.0146481
1 0.00495855 0.00516187
0 0 0.000202164
2 0.011575 0.0117752
1 0.00876123 0.00895991
1 0.0206055 0.0207968
1 0.00400601 0.0041943
0 0 0.000188035
2 0.0241594 0.0243453
1 0.00502743 0.00521197
1 0.0554749 0.0556557
1 0.00746557 0.00764271
1 0.00511236 0.00528786
1 0.0109713 0.0111411
1 0.00150673 0.00167399
2 0.0109127 0.0110776
1 0.00140571 0.00156918
0 0 0.000154773
1 0.0106094 0.0107611
1 0.0125553 0.0127057
1 0.00104422 0.0011933
1 0.0117609 0.0119092
1 0.0157201 0.0158659
0 0 0.000140629
2 0.0171877 0.0173221
2 0.0165273 0.0166617
1 0.0217897 0.0219231
1 0.00807238 0.00819979
1 0.00581925 0.00594264
2 0.0174758 0.0175992
1 0.00500332 0.00512665
0 0 0.000122342
2 0.0460311 0.0461526
1 0.0132969 0.0134183
2 0.0137874 0.0139081
1 0.00733161 0.00744976
1 0.115325 0.115442
1 0.00281817 0.0029343
1 0.0162163 0.0163318
2 0.00513015 0.00524375
1 0.0111137 0.0112251
1 0.00560076 0.00570846
1 0.00102601 0.00113343
1 0.0151982 0.0153046
2 0.0121709 0.012277
1 0.00962378 0.00972835
2 0.00954082 0.00964528
1 0.00578326 0.00588532
1 0.0985883 0.0986892
2 0.0353327 0.035432
1 0.00414768 0.00424333
2 0.0462026 0.0462978
1 0.0141912 0.0142858
1 0.00768118 0.00776917
2 0.00301591 0.00310147
2 0.0142675 0.0143522
2 0.0227255 0.022809
1 0.0076753 0.0077551
2 0.0153301 0.0154056
1 0.0112155 0.0112878
1 0.0228788 0.0229509
2 0.009242 0.00931402
2 0.00624943 0.00632087
2 0.0150192 0.0150905
1 0.0148035 0.0148739
1 0.00485804 0.00492775
2 0.249669 0.249738
1 0.00129266 0.00136122
2 0.00770709 0.00777544
1 0.0148712 0.0149383
1 0.00309399 0.00316062
1 0.0121653 0.0122306
1 0.00618933 0.00625447
1 0.0151676 0.0152304
0 0 5.96722e-05
1 0.0108854 0.0109443
1 0.00501903 0.00507593
2 0.00893686 0.0089929
1 0.0128764 0.0129322
1 0.0148343 0.014889
2 0.0386394 0.0386938
1 0.0166865 0.0167372
1 0.00601633 0.00606635
1 0.0129319 0.0129807
2 0.0589666 0.0590148
1 0.0280198 0.0280672
2 0.0169693 0.0170166
1 0.00842279 0.00846987
1 0.00869169 0.00873833
2 0.0558206 0.0558668
1 0.022143 0.022188
1 0.0170957 0.0171398
1 0.00366392 0.00370742
1 0.0021285 0.00217106
1 0.0123579 0.0124005
1 0.00196817 0.00201026
2 0.00903682 0.00907771
1 0.0058266 0.0058664
1 0.00496307 0.00500087
1 0.00578592 0.0058217
1 0.00822935 0.00826464
2 0.0350027 0.0350377
1 0.00429581 0.00432958
1 0.00417172 0.00420417
1 0.00311049 0.00314201
2 0.033427 0.0334575
2 0.0102618 0.0102913
1 0.00330199 0.00332986
2 0.0126573 0.0126842
1 0.00858874 0.00861512
2 0.198355 0.198379
1 0.00827859 0.00830299
1 0.0849666 0.0849895
1 0.00342302 0.00344547
2 0.372821 0.372842
1 0.0578176 0.0578391
1 0.0146451 0.0146651
2 0.00842208 0.00844108
2 0.0149863 0.0150051
2 0.0326698 0.0326886
2 0.0101664 0.0101849
1 0.00933241 0.00935055
1 0.00493357 0.00495141
1 0.0310659 0.0310835
1 0.0127295 0.0127471
1 0.00516311 0.00517983
1 0.00894249 0.008959
2 0.01575 0.0157662
2 0.00339195 0.00340803
1 0.0157174 0.015733
2 0.0145878 0.0146028
2 0.00918096 0.00919587
2 0.0249535 0.0249684
1 0.0110529 0.0110658
2 0.0162145 0.0162263
1 0.0146829 0.0146945
2 0.0221718 0.0221831
1 0.00978441 0.00979564
2 0.017303 0.0173134
2 0.00883855 0.00884871
2 0.0157319 0.015742
2 0.0226971 0.0227069
1 0.0107463 0.0107556
1 0.00295582 0.00296505
2 0.00679427 0.00680284
1 0.0153493 0.0153574
2 0.0161758 0.0161839
2 0.0204677 0.0204757
2 0.184526 0.184534
2 0.102991 0.102999
1 0.00868609 0.00869362
1 0.000350144 0.000357427
2 0.0228986 0.0229035
1 0.00140135 0.00140614
2 0.0628859 0.0628905
1 0.0585742 0.0585786
1 0.0161635 0.0161678
2 0.00743474 0.00743906
1 0.0084133 0.00841716
2 0.00650075 0.00650446
2 0.00560836 0.005612
2 0.0108866 0.0108898
2 0.0152949 0.015298
1 0.0112856 0.0112886
1 0.0549825 0.0549855
2 0.0105731 0.010576
1 0.00174221 0.00174499
2 0.0106047 0.0106073
1 0.102697 0.102699
2 0.0096206 0.00962256
1 0.019249 0.0192508
1 0.00380659 0.00380842
1 0.0193448 0.0193465
2 0.00898315 0.00898396
2 0.00394459 0.00394503
1 0.0155663 0.0155668
1 0.0055237 0.00552408
2 0.0097695 0.00976985
2 0.0219259 0.0219261
2 0.0174791 0.0174792
1 0.00411716 0.00411724
2 0.0155092 0.0155093
1 0.012615 0.0126151
1 0.0121341 0.0121342
2 0.0141491 0.0141491
1 0.00394427 0.00394428
1 0.0161751 0.0161751
1 0.0268856 0.0268856
1 0.00584611 0.00584611
