0 0 inf
0 0 0.127797
0 0 0.106817
1 0.0674716 0.138259
0 0 0.0631344
0 0 0.0537922
1 0.0488138 0.100259
0 0 0.0466141
0 0 0.0461961
1 0.325498 0.366993
0 0 0.0373756
0 0 0.0344968
1 0.314017 0.347056
1 0.043555 0.0729252
0 0 0.0264445
0 0 0.0259467
1 0.0488682 0.0735842
0 0 0.0239855
0 0 0.0219899
0 0 0.0216957
0 0 0.021504
0 0 0.020544
0 0 0.0158631
0 0 0.0157791
0 0 0.0153907
1 0.00933512 0.0244055
0 0 0.0148873
0 0 0.0148198
0 0 0.0145183
0 0 0.0143019
0 0 0.0140889
1 0.0303317 0.0443701
0 0 0.0138861
0 0 0.0138437
0 0 0.01378
0 0 0.0135346
1 0.0314959 0.0447083
0 0 0.0128782
0 0 0.0126607
0 0 0.0119173
0 0 0.0118934
0 0 0.0114005
0 0 0.0111988
2 0.138273 0.149183
0 0 0.0104466
1 0.0644572 0.0747849
0 0 0.0102768
0 0 0.0102623
1 0.0229277 0.0328704
1 0.155529 0.165146
0 0 0.00961113
0 0 0.00932694
1 0.0373699 0.046628
0 0 0.00888794
0 0 0.00884263
0 0 0.00837218
0 0 0.00813598
1 0.0040026 0.0119835
1 0.0575898 0.0654483
0 0 0.00770295
0 0 0.00762871
1 0.0206534 0.0279995
0 0 0.00733547
0 0 0.00730882
0 0 0.00707408
0 0 0.00700474
0 0 0.00696498
0 0 0.00680075
1 0.019611 0.0263947
0 0 0.00674355
1 0.00823133 0.0148809
0 0 0.00662485
0 0 0.00660756
1 0.0296991 0.0361983
1 0.0649295 0.0714073
0 0 0.00631637
0 0 0.00631577
0 0 0.00631457
0 0 0.00631279
0 0 0.00619277
0 0 0.00614699
1 0.00475849 0.0107782
1 0.0298824 0.0358478
0 0 0.00592372
1 0.14377 0.149667
0 0 0.00589475
0 0 0.00583118
0 0 0.00572864
1 0.0152384 0.020919
1 0.0687643 0.074307
0 0 0.00554241
0 0 0.00543746
1 0.00887762 0.0142521
1 0.00735065 0.0125708
1 0.016333 0.0214673
0 0 0.00509864
0 0 0.00506783
1 0.153773 0.158787
1 0.0775636 0.0825484
1 0.283799 0.288678
0 0 0.00474902
0 0 0.00470934
0 0 0.00468799
0 0 0.00457509
0 0 0.0045598
0 0 0.0045183
0 0 0.00450145
1 0.0692994 0.0737528
0 0 0.00445173
0 0 0.00444355
1 0.0568371 0.0612499
1 0.00563787 0.0100498
0 0 0.00425984
0 0 0.00418053
0 0 0.00416442
0 0 0.00409976
1 0.00502473 0.00911852
0 0 0.00408498
0 0 0.00401172
1 0.0959401 0.0999139
1 0.00821735 0.0121188
0 0 0.00389207
0 0 0.00384811
0 0 0.00382865
1 0.0429695 0.0467674
0 0 0.00374979
0 0 0.00374579
1 0.0195719 0.0233159
0 0 0.00373828
0 0 0.00370581
0 0 0.00367117
1 0.00707729 0.0106372
1 0.0213295 0.0248782
0 0 0.00354508
1 0.00406575 0.0075896
1 0.00620876 0.00969157
0 0 0.00346541
1 0.0233145 0.0267583
1 0.158139 0.161529
1 0.0463836 0.049773
1 0.0114187 0.014764
0 0 0.00330599
1 0.0179245 0.0211569
0 0 0.00320321
0 0 0.00315161
0 0 0.00314737
0 0 0.00314539
0 0 0.00310836
0 0 0.00310142
1 0.00848314 0.0114803
0 0 0.00296269
0 0 0.0029516
0 0 0.00291118
0 0 0.0028972
0 0 0.00287588
0 0 0.00287538
0 0 0.00287269
0 0 0.00286695
0 0 0.00282502
1 0.0293334 0.0321402
0 0 0.00279468
0 0 0.00274673
0 0 0.0027363
0 0 0.0026822
0 0 0.00267218
1 0.0229809 0.0256472
0 0 0.00265348
1 0.0153086 0.0179586
0 0 0.00262323
1 0.284327 0.286948
0 0 0.00260821
0 0 0.00254867
0 0 0.00248254
1 0.00927243 0.011748
0 0 0.00237215
0 0 0.00236836
0 0 0.00234983
1 0.00633135 0.00866397
0 0 0.00232313
0 0 0.00229833
0 0 0.00227018
0 0 0.00226494
1 0.0398586 0.0421075
1 0.0159907 0.0182274
2 0.0230158 0.0252122
0 0 0.00219281
0 0 0.00217121
1 0.129303 0.131451
0 0 0.00213378
1 0.0355441 0.0376671
1 0.0165958 0.018714
0 0 0.0021154
0 0 0.00210253
0 0 0.00208201
0 0 0.00203366
0 0 0.00202763
1 0.0402552 0.0422496
0 0 0.00198133
2 0.024892 0.0268724
0 0 0.00197646
1 0.145826 0.147795
0 0 0.00195603
1 0.0331911 0.0351458
1 0.0140088 0.015948
0 0 0.00192236
1 0.00677454 0.00869161
1 0.0362081 0.0381077
0 0 0.00189556
1 0.0191192 0.0210108
1 0.0154001 0.0172643
0 0 0.00186073
0 0 0.00182953
0 0 0.00181002
0 0 0.00180424
1 0.00779689 0.00956637
0 0 0.00173669
0 0 0.00172463
1 0.0116662 0.0133865
2 0.0162129 0.017932
0 0 0.00170584
0 0 0.00163687
1 0.0142634 0.0158927
0 0 0.00162548
0 0 0.00160487
2 0.102142 0.103744
1 0.0388659 0.0404383
0 0 0.0015624
0 0 0.00154887
0 0 0.00151778
0 0 0.00151282
0 0 0.00150244
1 0.00634888 0.00784624
0 0 0.00149564
1 0.00830469 0.00978862
1 0.0161358 0.0175804
0 0 0.00143536
1 0.0171445 0.0185506
0 0 0.00139868
1 0.00963286 0.0110084
1 0.00623874 0.00760748
0 0 0.00136732
1 0.0103055 0.0116693
0 0 0.00136307
0 0 0.00136283
1 0.00985511 0.0112123
1 0.0345791 0.0359355
0 0 0.00134466
1 0.00412352 0.00545919
0 0 0.0013352
1 0.0166204 0.0179511
1 0.0124793 0.0138026
2 0.0132022 0.0145176
0 0 0.00129958
1 0.0118456 0.0131421
0 0 0.00129473
0 0 0.00129455
1 0.00201422 0.00330158
0 0 0.00128341
0 0 0.00127242
0 0 0.0012722
0 0 0.00126892
1 0.00587638 0.00712145
1 0.0572743 0.0585102
1 0.00709274 0.0083267
0 0 0.00120993
1 0.00323542 0.00442536
1 0.00703611 0.0082184
2 0.0181674 0.0193462
0 0 0.00116687
2 0.152758 0.153888
1 0.00877042 0.0098956
0 0 0.0011248
2 0.0667323 0.0678456
0 0 0.00110525
1 0.00348386 0.00458758
2 0.0321793 0.0332742
1 0.0191737 0.0202683
1 0.00414399 0.00522366
1 0.00628255 0.0073518
1 0.0227523 0.023811
2 0.161959 0.163017
1 0.00424715 0.00530386
2 0.0270972 0.0281522
1 0.0121271 0.0131607
1 0.00681477 0.00784479
0 0 0.00102816
1 0.0304391 0.0314669
0 0 0.00100351
1 0.00995798 0.0109506
0 0 0.000981636
0 0 0.000981474
0 0 0.000975674
1 0.132722 0.133684
2 0.0254875 0.0264394
1 0.0363626 0.0373127
0 0 0.000945171
2 0.0553638 0.0562901
1 0.0075315 0.00845718
1 0.00854651 0.00947002
0 0 0.000907936
1 0.00380596 0.00469312
1 0.0320975 0.0329759
1 0.00481066 0.0056779
1 0.00605599 0.00692014
1 0.00709974 0.00796356
0 0 0.000858483
1 0.0134539 0.0142999
1 0.00469262 0.0055363
1 0.0198157 0.0206572
1 0.00600643 0.00684466
1 0.00274685 0.00358116
0 0 0.000813159
1 0.00726411 0.00806169
1 0.0104992 0.0112963
0 0 0.000789091
1 0.00626158 0.00704235
1 0.0034854 0.00424502
1 0.0155987 0.0163484
1 0.009162 0.00991013
2 0.0101652 0.0109119
2 0.00906194 0.00980674
1 0.00267412 0.00341869
1 0.00312643 0.00385559
1 0.0242287 0.0249577
1 0.0416955 0.0424195
1 0.0123397 0.0130624
2 0.0378121 0.0385272
0 0 0.000703249
0 0 0.000702425
1 0.00198731 0.00268003
1 0.00876814 0.00944859
2 0.0479668 0.0486422
1 0.0056289 0.00630364
1 0.00322664 0.00389146
1 0.00423854 0.0048827
2 0.0483557 0.0489731
1 0.00282737 0.00343958
1 0.0578911 0.0584918
2 0.019401 0.019998
2 0.0944215 0.0949917
2 0.0238367 0.0244038
1 0.00250422 0.00306752
1 0.0181042 0.0186563
0 0 0.000550379
1 0.0235693 0.0241121
0 0 0.000541993
2 0.0114655 0.0120013
2 0.075496 0.0760299
1 0.00367559 0.0042064
1 0.0343877 0.0349179
1 0.00807716 0.00860361
1 0.00852136 0.00904724
1 0.00461915 0.00513985
0 0 0.000520322
0 0 0.000519104
1 0.00487446 0.00538756
1 0.00261291 0.0031217
1 0.0220541 0.0225601
1 0.00756338 0.00806379
1 0.00406601 0.00455998
2 0.0165112 0.0170014
1 0.00284714 0.00333729
1 0.00519915 0.00568002
1 0.0129313 0.0134111
1 0.0301416 0.0306212
1 0.00407679 0.00455351
0 0 0.00047533
2 0.0281877 0.028663
1 0.00997234 0.0104402
1 0.00657634 0.00704144
0 0 0.000452093
1 0.00191681 0.00236415
0 0 0.000443367
2 0.0239616 0.0244032
2 0.140572 0.141011
1 0.0481426 0.0485774
1 0.051843 0.0522777
0 0 0.000433587
1 0.0206539 0.0210848
0 0 0.00043033
1 0.00403563 0.00446449
2 0.0131116 0.0135396
1 0.00371315 0.00413339
1 0.00409287 0.00450428
2 0.00808399 0.00849499
1 0.0186614 0.0190721
1 0.00494597 0.00534429
0 0 0.000397111
1 0.00221069 0.00259887
2 0.0170996 0.0174873
0 0 0.000385275
1 0.0398081 0.0401926
1 0.00389235 0.00427374
1 0.0052458 0.00562484
1 0.00921408 0.00958055
1 0.00184483 0.0022059
0 0 0.000351519
1 0.0215649 0.0219111
1 0.012907 0.0132517
1 0.00705889 0.00739762
2 0.0256 0.0259378
2 0.0117062 0.0120432
1 0.0226432 0.0229777
2 0.00721701 0.00754511
1 0.0340496 0.0343639
2 0.0087783 0.00909241
1 0.0138647 0.0141768
1 0.0175544 0.0178654
1 0.00926792 0.00957717
1 0.0236132 0.0239163
2 0.0459538 0.0462533
1 0.0160066 0.0163054
2 0.0514204 0.0517184
1 0.0077751 0.00807215
1 0.00666959 0.00696296
1 0.00996304 0.0102527
2 0.0481234 0.0484114
2 0.0165626 0.0168492
1 0.116336 0.116618
1 0.00736268 0.00764392
1 0.00844635 0.00872747
1 0.0206241 0.0209018
1 0.014881 0.0151492
1 0.00741698 0.00768141
2 0.421097 0.421361
1 0.0102028 0.0104633
1 0.0037617 0.00402028
1 0.00350361 0.00375839
1 0.00718675 0.00743765
1 0.00311046 0.00335941
1 0.0011809 0.00142719
2 0.0172987 0.0175439
1 0.00292163 0.00316457
1 0.00183699 0.0020798
1 0.00779716 0.00803759
1 0.0056539 0.00589406
2 0.0196117 0.0198505
2 0.00556914 0.00580649
1 0.00805982 0.00829689
1 0.018466 0.0187011
1 0.0243395 0.0245721
1 0.00742927 0.00766097
1 0.0116239 0.0118534
2 0.00468498 0.00491091
1 0.0604981 0.0607148
1 0.0601519 0.0603671
1 0.0167166 0.0169315
2 0.0463208 0.0465355
2 0.100275 0.100487
1 0.00830831 0.00851888
1 0.0153786 0.0155858
2 0.0133312 0.0135373
1 0.00309342 0.00329595
1 0.0024372 0.00263957
1 0.00432163 0.00452011
1 0.00649196 0.00668765
1 0.0164787 0.0166676
2 0.202559 0.202748
1 0.00179278 0.00198109
2 0.0407579 0.0409427
1 0.00790835 0.00809134
1 0.00840677 0.00858916
1 0.0162182 0.0163965
1 0.003324 0.00349671
1 0.066029 0.0662013
2 0.00788847 0.00805929
1 0.00791382 0.00808179
0 0 0.000167498
1 0.00137975 0.00154663
1 0.0183921 0.0185552
2 0.00363315 0.00379588
1 0.0134243 0.0135846
1 0.0097998 0.0099567
2 0.00840401 0.00856075
2 0.0135003 0.0136549
2 0.00440959 0.00456302
2 0.0195349 0.0196873
2 0.0384372 0.0385861
1 0.00321342 0.00336217
1 0.00329566 0.00344433
1 0.0223692 0.0225173
1 0.00875851 0.00890498
1 0.00646045 0.00660469
2 0.01434 0.0144809
1 0.0137492 0.01389
1 0.0439909 0.0441311
2 0.0171824 0.0173187
1 0.00213469 0.00226721
1 0.0616773 0.0618074
1 0.00357435 0.00370262
1 0.0120303 0.0121571
2 0.146805 0.146929
1 0.0121177 0.0122398
1 0.0279827 0.0281016
2 0.0492601 0.0493777
1 0.0543988 0.0545155
1 0.0013898 0.00150531
2 0.0553283 0.0554431
0 0 0.000113386
0 0 0.000112602
1 0.00425481 0.00436737
1 0.00541882 0.00552864
1 0.00832246 0.0084285
1 0.00262592 0.00272981
1 0.0424386 0.0425419
1 0.022256 0.0223591
1 0.0545951 0.0546967
1 0.00374027 0.00384103
1 0.00615635 0.00625588
2 0.0120773 0.0121758
2 0.0102751 0.0103735
1 0.0292385 0.0293357
1 0.0130726 0.0131691
1 0.0116519 0.0117476
2 0.00715917 0.00725474
1 0.0113916 0.0114864
2 0.0118333 0.011926
1 0.00616903 0.00625933
1 0.016944 0.0170318
1 0.00199901 0.00208633
2 0.00639943 0.00648322
1 0.00405963 0.00414296
1 0.0183776 0.0184601
2 0.0090095 0.00909051
2 0.0149824 0.0150631
1 0.00650762 0.00658796
1 0.00267852 0.00275861
1 0.011551 0.0116308
2 0.0048061 0.00488574
1 0.00402313 0.00410271
2 0.0122126 0.0122909
2 0.0138367 0.0139141
2 0.0608386 0.0609149
1 0.00760849 0.00768428
1 0.00524207 0.00531733
1 0.0102689 0.0103432
2 0.0137553 0.0138295
1 0.0033165 0.00338945
2 0.0557196 0.0557896
2 0.00814102 0.00821054
2 0.0431767 0.0432424
2 0.00817262 0.00823833
2 0.072211 0.0722765
1 0.0170971 0.0171625
1 0.0430077 0.0430725
1 0.00605985 0.00612335
1 0.0101329 0.0101956
1 0.00507458 0.00513713
1 0.00911355 0.00917583
1 0.00631911 0.00638122
1 0.0120882 0.0121503
1 0.0047663 0.00482823
2 0.0138491 0.0139104
2 0.0258345 0.0258954
2 0.018244 0.0183037
2 0.0170407 0.0170991
1 0.00949599 0.00955351
1 0.00977152 0.00982831
1 0.00215835 0.00221434
1 0.014848 0.0149027
2 0.00644317 0.0064975
1 0.00846345 0.00851704
1 0.140345 0.140399
1 0.042966 0.0430138
1 0.00258713 0.00263372
1 0.00593957 0.00598517
1 0.0100211 0.0100655
1 0.0136487 0.0136918
2 0.023111 0.0231532
2 0.0519605 0.0520022
1 0.00404248 0.00408411
1 0.00883637 0.00887697
2 0.0198551 0.019895
1 0.00778713 0.00782593
1 0.0301361 0.0301715
2 0.0187866 0.0188204
1 0.0082899 0.00832317
1 0.00736598 0.007398
1 0.0041326 0.00416304
2 0.0139077 0.0139367
2 0.0159653 0.0159941
1 0.0119077 0.0119364
2 0.0321152 0.0321435
2 0.0167691 0.016796
1 0.00812871 0.00815533
1 0.0181593 0.0181842
1 0.00686973 0.00689462
1 0.0167793 0.0168039
2 0.0531111 0.0531357
1 0.000455807 0.000480138
2 0.00897737 0.0090015
1 0.00666375 0.00668722
2 0.00487046 0.00489249
1 0.00447411 0.00449533
1 0.0286612 0.0286822
1 0.00836132 0.00838176
1 0.012838 0.0128581
1 0.00865175 0.00867146
1 0.0088874 0.00890461
1 0.0133051 0.0133214
1 0.00480059 0.00481655
2 0.036428 0.0364429
2 0.0118546 0.0118694
1 0.00494305 0.00495764
1 0.0124657 0.01248
1 0.0242876 0.0243016
1 0.00368903 0.00370271
2 0.0102887 0.0103016
2 0.0132191 0.0132319
2 0.141417 0.141429
2 0.00913678 0.00914823
1 0.0131693 0.0131806
2 0.0374191 0.0374305
2 0.200695 0.200706
1 0.00420627 0.00421703
1 0.00475384 0.00476441
1 0.0225557 0.0225661
1 0.00860496 0.00861315
2 0.00483608 0.00484415
1 0.0463572 0.0463647
1 0.00516727 0.0051743
1 0.0108723 0.0108793
2 0.0361591 0.0361657
1 0.00381519 0.00382158
2 0.0586653 0.0586716
2 0.0264282 0.0264344
2 0.00332584 0.00333126
2 0.0202858 0.0202911
1 0.0099859 0.00999111
1 0.00294659 0.00295138
1 0.00230598 0.00231062
2 0.00361168 0.00361532
2 0.0100979 0.0101013
1 0.00576844 0.00577174
2 0.00301313 0.00301636
2 0.0255292 0.025532
2 0.00990975 0.00991249
2 0.0338437 0.0338457
1 0.0038226 0.00382442
1 0.00561291 0.00561417
1 0.00358283 0.00358401
1 0.00498594 0.00498712
1 0.00186128 0.00186226
1 0.00934043 0.00934136
1 0.00715018 0.00715061
2 0.0193415 0.0193419
2 0.0121389 0.0121393
2 0.00409593 0.00409627
1 0.00116716 0.0011675
2 0.0266143 0.0266146
2 0.0134212 0.0134214
1 0.0085399 0.00854008
1 0.0208123 0.0208124
1 0.0397534 0.0397535
1 0.0103629 0.010363
2 0.0365716 0.0365717
2 0.00641185 0.00641186
2 0.0103009 0.0103009
