0 0 inf
1 0.0662982 0.171307
0 0 0.0861272
1 0.18858 0.247243
0 0 0.0523702
0 0 0.0499592
0 0 0.0497872
0 0 0.0475591
0 0 0.044732
1 0.0267393 0.0692398
1 0.192908 0.234596
0 0 0.0414778
1 0.0417696 0.0825861
0 0 0.0347031
0 0 0.0321918
1 0.131475 0.163666
0 0 0.0321701
0 0 0.0320075
0 0 0.0318623
0 0 0.031834
1 0.0542571 0.0850708
1 0.0436165 0.074121
1 0.0456466 0.0714583
0 0 0.0253476
0 0 0.024646
0 0 0.0244626
0 0 0.0244491
1 0.0549369 0.0782194
0 0 0.0214447
0 0 0.0209747
1 0.0470171 0.0678047
0 0 0.020469
1 0.126072 0.146349
1 0.0654318 0.0843778
0 0 0.018356
0 0 0.0179816
0 0 0.0178702
0 0 0.0170726
0 0 0.0162035
0 0 0.0156745
0 0 0.0154911
0 0 0.0154186
0 0 0.014933
2 0.299181 0.313518
0 0 0.0143365
0 0 0.0141128
0 0 0.0140032
0 0 0.0139053
0 0 0.0137564
0 0 0.0133589
1 0.0225397 0.0357133
0 0 0.0118384
0 0 0.0117729
1 0.191785 0.203545
1 0.110917 0.122596
0 0 0.0114826
1 0.0532765 0.0645913
0 0 0.0111026
0 0 0.0108791
0 0 0.0104477
0 0 0.0103015
0 0 0.0101423
1 0.110014 0.119763
1 0.0111047 0.0207972
0 0 0.00963637
2 0.126865 0.13643
1 0.217821 0.227332
0 0 0.00924363
0 0 0.00922908
0 0 0.00907031
0 0 0.00841424
0 0 0.00825687
1 0.00714529 0.0153621
0 0 0.00816364
1 0.0202202 0.0282709
0 0 0.00801518
0 0 0.0079772
0 0 0.00797551
1 0.00963364 0.0175899
1 0.0243945 0.0322721
0 0 0.00770161
1 0.0705781 0.0782223
1 0.0118454 0.0194733
0 0 0.00726476
0 0 0.00726044
0 0 0.00718272
0 0 0.0071631
1 0.0121929 0.0193408
1 0.0117418 0.0188752
0 0 0.00709113
0 0 0.00706127
0 0 0.0068775
0 0 0.00686078
1 0.0185963 0.0254282
1 0.0178497 0.0246602
1 0.0651395 0.0719474
0 0 0.00677929
0 0 0.00669538
0 0 0.0065928
0 0 0.00650236
0 0 0.0064862
1 0.0366754 0.0430358
0 0 0.00632024
0 0 0.00626894
0 0 0.00565975
0 0 0.00562101
1 0.0334491 0.0389423
0 0 0.00548818
0 0 0.00543522
0 0 0.00541806
1 0.0476285 0.0530076
0 0 0.00535346
0 0 0.00531945
0 0 0.00514684
0 0 0.00496885
1 0.00325072 0.00818571
1 0.011349 0.0162787
0 0 0.00491669
0 0 0.00489374
0 0 0.00482599
1 0.0036555 0.00842432
0 0 0.0047571
1 0.0781306 0.0828361
1 0.050929 0.0556314
0 0 0.00469697
0 0 0.00464654
1 0.100723 0.105368
1 0.00747344 0.0120476
1 0.0240694 0.0286334
0 0 0.00440835
0 0 0.00436972
0 0 0.00430924
1 0.0163044 0.0205845
0 0 0.00416434
0 0 0.00410601
1 0.0158834 0.0199319
1 0.0164223 0.020423
0 0 0.00394281
0 0 0.00390154
1 0.0514193 0.0552397
0 0 0.00366419
1 0.0697392 0.0733725
0 0 0.00357675
0 0 0.00355954
0 0 0.00353462
0 0 0.00347221
0 0 0.00346205
0 0 0.00341182
1 0.0158171 0.0192254
0 0 0.00340743
0 0 0.003403
0 0 0.00340088
0 0 0.00338074
0 0 0.00328635
0 0 0.00328398
1 0.0261269 0.0293694
1 0.00792692 0.0111504
0 0 0.00321424
0 0 0.00318954
2 0.0246454 0.027829
1 0.0542346 0.0574046
0 0 0.00316901
1 0.0246128 0.0277816
0 0 0.00314338
1 0.0734722 0.0765989
1 0.0114585 0.0145525
1 0.0244402 0.0274554
0 0 0.00297973
1 0.0187486 0.0217189
0 0 0.00294704
0 0 0.00289862
1 0.0560619 0.0589481
1 0.0109819 0.0138248
1 0.00447206 0.00725874
0 0 0.00278067
1 0.0757647 0.0785333
2 0.0198178 0.0225645
1 0.0047653 0.00751038
0 0 0.0027219
0 0 0.00271608
0 0 0.00266411
0 0 0.00261644
0 0 0.00260195
0 0 0.00259891
1 0.00982402 0.0122935
0 0 0.00244129
1 0.00733009 0.00976029
0 0 0.00237949
1 0.0603148 0.0626697
1 0.00707731 0.00941589
1 0.00791725 0.010231
0 0 0.00230271
0 0 0.00224979
0 0 0.00223408
0 0 0.00222748
0 0 0.00216995
1 0.0265418 0.0287102
1 0.0109024 0.0130609
0 0 0.00215716
1 0.0118629 0.014011
1 0.00778919 0.0099233
1 0.00752669 0.00966035
0 0 0.0021314
1 0.0614443 0.0635549
0 0 0.00208052
2 0.0699435 0.0720188
0 0 0.0020514
0 0 0.00204727
0 0 0.00203397
0 0 0.00202696
0 0 0.00200976
0 0 0.0019959
1 0.138167 0.140142
2 0.0227079 0.0246745
0 0 0.00195893
2 0.078503 0.0804206
0 0 0.00189472
0 0 0.00188982
0 0 0.0018896
1 0.00411908 0.00596081
1 0.0292922 0.0311319
0 0 0.0017726
1 0.00856091 0.0103176
1 0.00531863 0.00705669
0 0 0.00170556
2 0.0727117 0.0743996
0 0 0.00168165
0 0 0.00166304
0 0 0.00165285
0 0 0.00162169
0 0 0.00161931
0 0 0.00158049
1 0.0377739 0.0393484
0 0 0.00157015
1 0.0220687 0.0236339
1 0.00767895 0.00922905
0 0 0.00154532
1 0.0142462 0.0157568
1 0.0144244 0.0159342
1 0.0734269 0.0749254
0 0 0.0014894
0 0 0.00148711
2 0.114108 0.115592
1 0.00388509 0.00536255
0 0 0.00147634
0 0 0.00146904
2 0.0248496 0.0263154
0 0 0.00145831
1 0.00260542 0.00404106
0 0 0.00141023
0 0 0.00139441
2 0.180585 0.181919
1 0.0137886 0.0151183
0 0 0.00132682
1 0.0149343 0.0162524
1 0.0532932 0.0546091
1 0.0436307 0.0449457
1 0.0124485 0.0137616
1 0.0185449 0.0198554
0 0 0.00130321
2 0.0202125 0.0215031
1 0.0570485 0.0583149
1 0.0117206 0.012973
1 0.0337487 0.0349832
0 0 0.00123291
0 0 0.0012289
1 0.0306149 0.0318429
1 0.0131915 0.0144127
0 0 0.00121287
1 0.00535529 0.00656687
1 0.00799565 0.00917962
1 0.0129284 0.0141036
1 0.0134535 0.0146231
2 0.00930067 0.01047
0 0 0.0011679
1 0.00597827 0.00714442
0 0 0.00115593
2 0.0135883 0.0147416
0 0 0.00113115
0 0 0.0011263
1 0.01062 0.0117218
1 0.0187844 0.0198856
1 0.00445812 0.00554698
1 0.00779661 0.00886621
1 0.0578377 0.0588958
0 0 0.00103291
2 0.0206535 0.0216771
0 0 0.00101634
0 0 0.00100503
0 0 0.00100276
0 0 0.00100176
1 0.107805 0.108805
0 0 0.000983613
1 0.0113471 0.0123279
1 0.00511788 0.00609145
1 0.00813325 0.0090962
0 0 0.000954148
1 0.0083528 0.00929511
1 0.00588384 0.00682387
2 0.0139356 0.0148688
1 0.0127491 0.0136761
1 0.0561335 0.05704
0 0 0.000902146
0 0 0.000887643
1 0.00841531 0.00930252
1 0.0180457 0.0188948
1 0.0323074 0.033137
2 0.159606 0.160436
1 0.00402378 0.00484658
1 0.0178569 0.0186736
0 0 0.000810052
0 0 0.000801101
1 0.00865395 0.00943679
1 0.012914 0.0136686
1 0.00418645 0.00493684
1 0.00491581 0.0056622
1 0.00870203 0.0094428
1 0.0736843 0.0744214
1 0.00840482 0.0091409
1 0.0162957 0.0170086
2 0.0723294 0.073042
1 0.00990304 0.0106149
2 0.0190666 0.0197753
2 0.0201001 0.0208076
1 0.0133176 0.0140222
1 0.00490176 0.00559563
1 0.00994555 0.0106264
2 0.057155 0.0578346
1 0.002993 0.00367038
2 0.0777446 0.0784202
2 0.128267 0.128942
1 0.00430975 0.00498299
1 0.00148915 0.00215741
1 0.0252211 0.0258892
1 0.0040381 0.00470498
1 0.00202963 0.00268831
0 0 0.000656843
0 0 0.000651781
1 0.00370038 0.00434416
0 0 0.000632294
1 0.00978722 0.0104059
1 0.0089638 0.00957073
2 0.0254421 0.0260331
0 0 0.000572802
1 0.0225861 0.0231587
1 0.0106911 0.0112623
2 0.0341876 0.0347563
1 0.0050215 0.00558796
0 0 0.0005647
1 0.0111876 0.0117509
2 0.0153665 0.015923
0 0 0.000555417
2 0.0573782 0.0579154
1 0.0487026 0.0492362
1 0.0166459 0.0171755
0 0 0.000528264
2 0.0119438 0.0124718
1 0.0154942 0.0160152
1 0.00212958 0.00264546
1 0.0243002 0.0248042
1 0.00896269 0.00945037
1 0.00443977 0.0049259
0 0 0.000485111
1 0.0341661 0.0346473
1 0.0132948 0.0137549
2 0.0250244 0.0254835
1 0.00560991 0.00606719
1 0.0268289 0.0272856
1 0.00580733 0.00626388
0 0 0.000446362
2 0.023272 0.0237155
2 0.0278989 0.0283417
1 0.013681 0.0141219
2 0.125414 0.125846
1 0.00981628 0.0102445
2 0.0217769 0.022193
1 0.00847887 0.00889287
1 0.00415031 0.00455888
2 0.0757707 0.0761755
1 0.0199917 0.0203891
1 0.0194411 0.0198302
1 0.0101377 0.0105262
1 0.0762946 0.0766781
1 0.00189972 0.00228282
0 0 0.000378638
2 0.0102227 0.0105998
1 0.0769765 0.077353
1 0.0118338 0.0122098
1 0.0054976 0.00587129
1 0.0491358 0.0495075
0 0 0.000368144
1 0.0111765 0.0115421
1 0.00382672 0.00418886
1 0.00380407 0.00414962
2 0.0103029 0.0106462
0 0 0.000341033
1 0.0555644 0.0558995
1 0.0673381 0.0676642
1 0.0171413 0.0174639
1 0.0620866 0.0624068
1 0.0163972 0.0167164
2 0.0146638 0.0149823
1 0.00923645 0.00955245
1 0.00401139 0.00432489
1 0.0356584 0.0359645
1 0.00473595 0.00504123
2 0.0216606 0.0219658
1 0.00658177 0.00688578
2 0.0534585 0.053762
2 0.0151151 0.0154146
0 0 0.000297433
0 0 0.000294854
1 0.0086288 0.00891625
1 0.00152836 0.00180965
2 0.0411746 0.041455
0 0 0.000279505
1 0.0121056 0.0123823
2 0.0792613 0.0795366
1 0.00152826 0.00180348
1 0.00219176 0.00246437
1 0.00177105 0.00204346
2 0.070974 0.0712428
1 0.0527757 0.0530421
2 0.0594463 0.0597108
0 0 0.000263609
1 0.0101525 0.0104146
0 0 0.000259658
2 0.0107543 0.0110098
1 0.0616628 0.0619178
1 0.0182618 0.0185152
1 0.00637589 0.00662773
1 0.0212369 0.0214871
1 0.00429598 0.00454437
2 0.0054916 0.00573886
1 0.00308938 0.00333633
1 0.0201202 0.0203639
1 0.00489954 0.00514289
1 0.00752249 0.00776451
1 0.005471 0.00571168
1 0.00839715 0.00863642
1 0.0125884 0.0128274
1 0.00295612 0.00319311
1 0.0530913 0.0533267
1 0.00468723 0.00492199
2 0.0439966 0.0442302
1 0.0143075 0.0145397
2 0.00562859 0.00585774
0 0 0.000223398
2 0.031287 0.0315074
1 0.0241832 0.0244015
1 0.0178945 0.0181121
1 0.0105685 0.0107793
2 0.0205833 0.0207914
2 0.0112093 0.011417
1 0.0164412 0.0166443
2 0.00693653 0.00713864
1 0.0123671 0.0125652
2 0.00484348 0.00503987
0 0 0.000193335
1 0.0184393 0.0186307
2 0.0787888 0.0789782
2 0.00863351 0.00882243
0 0 0.000187947
1 0.00890828 0.00909479
1 0.00890204 0.00908601
1 0.00530527 0.00548771
1 0.00646579 0.00664583
1 0.0605823 0.0607587
2 0.00737179 0.00754441
2 0.00223113 0.00240154
1 0.00562544 0.00579447
1 0.00499861 0.00516121
1 0.0117527 0.0119148
0 0 0.000158425
1 0.0015597 0.00171645
1 0.01007 0.0102246
0 0 0.000154283
1 0.0271388 0.0272926
2 0.0619459 0.0620972
2 0.0106176 0.0107678
2 0.0072581 0.00740677
1 0.00247951 0.00262569
1 0.0193754 0.0195209
2 0.00689104 0.00703586
2 0.0172657 0.0174057
1 0.0020803 0.00221956
1 0.146073 0.146211
1 0.00780001 0.00793643
2 0.0164145 0.0165477
1 0.00650358 0.00663464
1 0.00215242 0.00228152
2 0.00953226 0.00966034
0 0 0.000126946
1 0.004441 0.00456769
1 0.00534783 0.00546993
2 0.0123689 0.0124908
1 0.0089015 0.00901747
1 0.0254767 0.0255922
1 0.00122396 0.00133874
0 0 0.000114562
2 0.00568993 0.00580414
2 0.00932931 0.00944277
1 0.00233394 0.00244678
1 0.00160187 0.00171121
2 0.0135053 0.0136082
1 0.00943595 0.00953781
1 0.000985675 0.00108677
2 0.0132094 0.0133104
2 0.0260606 0.0261554
1 0.00398769 0.00407942
2 0.01386 0.0139502
1 0.0201156 0.0202042
1 0.0525102 0.0525966
1 0.0354904 0.0355762
1 0.00262744 0.00271285
2 0.00425215 0.00433745
1 0.00622086 0.00630612
1 0.00512668 0.00521079
1 0.00379036 0.0038712
2 0.020601 0.0206808
2 0.0123692 0.0124489
2 0.0117773 0.0118555
1 0.0593281 0.0594054
1 0.0167066 0.0167835
1 0.00261311 0.00268959
1 0.0078334 0.00790969
2 0.0051091 0.00518531
1 0.011099 0.0111737
1 0.00675773 0.00683087
1 0.130524 0.130597
2 0.0283285 0.0283986
2 0.0205671 0.0206352
2 0.0271297 0.0271959
2 0.0207852 0.0208512
1 0.015927 0.0159923
2 0.0357182 0.0357834
1 0.00922112 0.00928314
1 0.0114333 0.0114946
2 0.0273404 0.0274008
2 0.00877529 0.00883498
2 0.0190987 0.0191559
2 0.014832 0.0148883
2 0.0546315 0.0546877
1 0.00572547 0.00578097
1 0.00837547 0.00842835
1 0.00418625 0.00423833
2 0.0350862 0.0351376
1 0.0010382 0.00108826
1 0.00157244 0.00162115
1 0.00759742 0.0076447
2 0.00769394 0.00774024
1 0.0530401 0.053086
1 0.0152551 0.015299
2 0.0256016 0.0256443
1 0.00421372 0.00425522
1 0.00520853 0.0052487
2 0.00859771 0.00863781
1 0.0614101 0.0614493
1 0.00135274 0.0013893
1 0.00559735 0.00563245
1 0.0189898 0.0190234
1 0.0130364 0.0130692
1 0.00268623 0.00271851
1 0.00155427 0.00158636
1 0.0442934 0.0443249
2 0.0149454 0.0149768
2 0.00541697 0.00544806
1 0.00594809 0.00597911
1 0.00337961 0.00341048
1 0.00893403 0.00896473
1 0.0100047 0.0100352
2 0.0141483 0.0141787
1 0.00154202 0.00157183
1 0.00479232 0.00482107
1 0.0167195 0.0167464
1 0.0020799 0.00210667
1 0.0517996 0.0518262
1 0.0490193 0.0490449
1 0.0047622 0.00478711
2 0.00487965 0.00490447
1 0.0144842 0.0145078
1 0.000311247 0.000334642
1 0.00158437 0.00160755
1 0.00180484 0.00182797
1 0.0139909 0.0140135
1 0.00782009 0.00784268
2 0.0139544 0.013976
2 0.00755825 0.00757955
2 0.0880046 0.0880249
1 0.00644198 0.00646184
1 0.0303723 0.0303917
1 0.00102119 0.00104011
1 0.0349068 0.0349245
1 0.0287287 0.0287455
2 0.0427406 0.0427565
1 0.0136211 0.013637
2 0.0395121 0.0395277
1 0.00547577 0.00549051
1 0.00689404 0.00690842
1 0.0676106 0.0676247
1 0.00704823 0.00706215
1 0.00890002 0.00891363
2 0.00370129 0.00371465
2 0.0017618 0.00177471
1 0.0555155 0.055528
1 0.0905981 0.0906102
2 0.00578592 0.00579795
1 0.0115669 0.0115789
1 0.00688148 0.00689186
1 0.137775 0.137784
1 0.0253929 0.0254009
1 0.010479 0.0104867
2 0.0141751 0.0141826
1 0.0182205 0.0182279
1 0.0151452 0.0151524
2 0.061143 0.0611501
2 0.0367531 0.0367603
2 0.00610776 0.00611472
2 0.0121808 0.0121873
1 0.0228071 0.0228136
2 0.0176629 0.0176687
2 0.0153456 0.0153513
1 0.00594668 0.00595189
2 0.012793 0.0127974
2 0.0112277 0.0112319
2 0.00951288 0.00951686
2 0.0229805 0.0229845
2 0.00722905 0.00723297
1 0.00203376 0.00203765
1 0.00859901 0.00860275
1 0.000947032 0.00095048
2 0.0205611 0.0205644
2 0.00810509 0.00810833
1 0.0272157 0.0272188
2 0.0619139 0.0619166
1 0.00533725 0.00533994
1 0.0145951 0.0145977
2 0.0077374 0.00773995
2 0.0176441 0.0176466
2 0.00857277 0.0085751
2 0.0169974 0.0169992
2 0.00683433 0.00683607
2 0.016535 0.0165367
1 0.00393906 0.00394029
1 0.00169826 0.0016994
2 0.0199753 0.0199764
1 0.118021 0.118022
2 0.0357219 0.0357229
1 0.0104013 0.0104021
1 0.0238317 0.0238325
1 0.00809604 0.00809675
1 0.00487203 0.00487271
1 0.0113 0.0113006
1 0.00982042 0.0098209
1 0.00801424 0.00801466
1 0.070145 0.0701454
1 0.0431259 0.0431263
1 0.0191761 0.0191764
1 0.00413219 0.00413242
1 0.0189745 0.0189747
1 0.000601367 0.000601454
1 0.00831849 0.00831856
1 0.0038482 0.00384823
1 0.00476987 0.0047699
1 0.0156527 0.0156527
2 0.00385098 0.003851
2 0.0162371 0.0162371
1 0.0115542 0.0115542
1 0.0200192 0.0200192
