0 0 inf
0 0 0.117693
1 0.099823 0.181637
0 0 0.0762375
0 0 0.0645329
1 0.0175273 0.0802765
0 0 0.0586054
0 0 0.0524775
0 0 0.0523609
1 0.0710052 0.121784
0 0 0.0472018
0 0 0.0422204
0 0 0.0414406
0 0 0.0387693
0 0 0.0360049
0 0 0.0348884
0 0 0.0346253
0 0 0.0326508
0 0 0.0258425
0 0 0.0239903
0 0 0.0236603
1 0.153204 0.176573
1 0.0113331 0.0345487
0 0 0.0228448
1 0.151773 0.17417
0 0 0.022359
1 0.119336 0.14168
0 0 0.0219738
1 0.153311 0.175024
0 0 0.0215118
0 0 0.0212349
1 0.0135383 0.0337444
1 0.0320278 0.0520309
1 0.0636989 0.0837007
1 0.0456203 0.0656094
1 0.0449632 0.0630479
0 0 0.0171048
0 0 0.0165272
1 0.0591666 0.0756406
0 0 0.0164489
0 0 0.0164258
0 0 0.0163435
0 0 0.0155519
0 0 0.0149487
0 0 0.0148587
0 0 0.0148335
1 0.0166003 0.0311609
1 0.0246756 0.0390492
0 0 0.0136747
0 0 0.0134891
0 0 0.0133737
0 0 0.0129667
0 0 0.0120025
1 0.0444155 0.0564115
1 0.00739006 0.0188023
0 0 0.0113539
0 0 0.0109168
0 0 0.0107593
2 0.141976 0.1522
0 0 0.00991113
0 0 0.00979733
1 0.00907789 0.0188215
0 0 0.00956117
0 0 0.00951657
0 0 0.00946587
0 0 0.009156
0 0 0.00901349
0 0 0.00893246
1 0.00903462 0.0178415
0 0 0.00862596
0 0 0.00861459
0 0 0.0085887
1 0.0450534 0.0536333
1 0.00940215 0.017809
0 0 0.00813779
0 0 0.00808257
0 0 0.00801295
1 0.00972552 0.0177282
0 0 0.00784963
0 0 0.00774309
1 0.0103172 0.0179604
0 0 0.00741085
0 0 0.00738381
0 0 0.00734746
0 0 0.00726723
1 0.0104244 0.0176317
1 0.01152 0.0187151
0 0 0.00713491
0 0 0.00703913
0 0 0.00693696
0 0 0.00692903
0 0 0.00692644
0 0 0.00677354
1 0.00763002 0.0141506
0 0 0.00647075
0 0 0.00641046
2 0.0385689 0.0449423
0 0 0.0061989
0 0 0.00618587
0 0 0.00611733
0 0 0.00601635
1 0.0125844 0.0184519
0 0 0.00586411
0 0 0.00585049
0 0 0.00583563
0 0 0.00580506
1 0.033495 0.0392946
0 0 0.00579682
0 0 0.00574975
0 0 0.00573689
0 0 0.00566654
1 0.0341658 0.0398036
1 0.0265569 0.0321442
0 0 0.00551261
0 0 0.00544703
1 0.0111769 0.0165833
0 0 0.00528988
1 0.0794397 0.0846652
0 0 0.00520862
0 0 0.00518015
0 0 0.00516562
0 0 0.0051305
0 0 0.00502004
0 0 0.00497749
0 0 0.00494885
0 0 0.00494575
0 0 0.00491238
1 0.166787 0.171694
1 0.0265625 0.0314172
0 0 0.00485431
0 0 0.0047466
0 0 0.00473506
1 0.0394819 0.0441812
0 0 0.00462845
0 0 0.0045784
0 0 0.00453627
1 0.00661693 0.0109837
0 0 0.00425775
1 0.119689 0.123837
0 0 0.00405229
1 0.0273905 0.031434
1 0.066315 0.070317
0 0 0.00390891
0 0 0.00390355
0 0 0.00390084
0 0 0.00389823
1 0.0325629 0.0364235
1 0.0071837 0.0110383
1 0.0195562 0.0234101
0 0 0.00381473
1 0.025799 0.0295898
0 0 0.00368186
0 0 0.00365034
1 0.0234097 0.0269844
1 0.0282717 0.0318441
1 0.0200147 0.0235772
0 0 0.00355313
0 0 0.0035446
0 0 0.00353127
0 0 0.00353096
1 0.0194407 0.0229443
1 0.0935316 0.0970214
0 0 0.00345779
1 0.0102678 0.0135765
0 0 0.00330636
1 0.00720879 0.0104722
1 0.127657 0.130872
0 0 0.00320256
0 0 0.00315454
1 0.00618335 0.00928651
0 0 0.0030861
0 0 0.00297352
0 0 0.00289221
0 0 0.00286638
1 0.00862448 0.0114353
1 0.0160711 0.0188593
1 0.0173701 0.0201428
0 0 0.00270765
0 0 0.00269474
1 0.0101946 0.0128576
1 0.00611083 0.00873571
0 0 0.00261895
0 0 0.00260531
0 0 0.00259167
0 0 0.0025625
1 0.0319282 0.0344727
0 0 0.00253089
0 0 0.00251856
0 0 0.00248938
1 0.00583738 0.00832112
0 0 0.00244134
0 0 0.00243625
0 0 0.00241593
1 0.0105324 0.0129054
0 0 0.00236171
0 0 0.00234366
0 0 0.00232133
1 0.174836 0.177138
2 0.0156421 0.0179315
0 0 0.00228441
0 0 0.00227471
1 0.051591 0.0538109
0 0 0.00221075
0 0 0.00219045
0 0 0.00215877
1 0.0307794 0.0329307
0 0 0.00215006
1 0.0291116 0.0312461
0 0 0.00213303
0 0 0.00212175
1 0.0071727 0.00928947
1 0.0279516 0.030066
1 0.00849573 0.0106066
0 0 0.00209154
0 0 0.0020716
1 0.0237183 0.025765
0 0 0.00203625
1 0.0163107 0.0182754
1 0.0236744 0.0255114
1 0.0532193 0.0550484
1 0.00523133 0.0070585
0 0 0.00181324
0 0 0.00176814
0 0 0.00173874
1 0.0161572 0.0178946
0 0 0.00172747
0 0 0.00171167
1 0.0592897 0.0609914
2 0.280596 0.282292
0 0 0.00168309
1 0.00929058 0.0109713
1 0.00726949 0.00892204
0 0 0.00164779
0 0 0.00164098
0 0 0.00162776
1 0.0365498 0.0381752
0 0 0.00160355
2 0.0235935 0.0251968
0 0 0.00155683
0 0 0.0015564
0 0 0.00154589
0 0 0.00152105
1 0.278458 0.279916
0 0 0.00145509
1 0.0105361 0.011989
1 0.00911441 0.0105664
2 0.0896643 0.0911118
0 0 0.00142594
1 0.0141923 0.0156176
0 0 0.00142246
0 0 0.00139634
0 0 0.00137686
2 0.0138042 0.0151753
2 0.0193658 0.0207255
1 0.00393266 0.00529227
1 0.00862503 0.00996426
1 0.00333541 0.00466606
0 0 0.00131254
0 0 0.00130391
1 0.00787945 0.00918279
1 0.0284677 0.029771
1 0.00540908 0.00668111
0 0 0.00126377
0 0 0.00126271
1 0.00485023 0.00611087
0 0 0.00123993
2 0.0532525 0.0544814
1 0.0290499 0.030278
1 0.00701644 0.00824231
1 0.0048493 0.00607394
1 0.101292 0.102515
1 0.255871 0.257068
1 0.00895709 0.0100907
0 0 0.00112307
2 0.0346469 0.0357682
1 0.0089461 0.0100645
1 0.0255986 0.0266757
0 0 0.00107698
1 0.00625987 0.00731665
0 0 0.00104937
0 0 0.00103366
1 0.0166531 0.0176769
0 0 0.00100882
1 0.108906 0.109901
1 0.00766189 0.00865025
0 0 0.000985448
1 0.00926698 0.0102499
0 0 0.000977179
1 0.0675169 0.0684873
0 0 0.000967914
0 0 0.00096228
1 0.00957248 0.0105146
0 0 0.000930542
1 0.117561 0.118465
2 0.0499575 0.0508353
0 0 0.000875482
1 0.044036 0.0448961
1 0.0222026 0.0230574
0 0 0.000848278
1 0.034851 0.0356974
1 0.052543 0.0533895
2 0.0378284 0.0386609
2 0.174252 0.175079
1 0.0408343 0.041646
1 0.0880899 0.0888963
1 0.0216522 0.022452
2 0.0188275 0.0196223
0 0 0.000774186
2 0.0412962 0.0420702
1 0.0339267 0.0346899
1 0.0193362 0.0200792
1 0.0211757 0.0219167
1 0.0231887 0.0239239
1 0.0392211 0.0399485
1 0.00892118 0.00964538
1 0.0109632 0.0116802
0 0 0.00071498
1 0.0127354 0.0134494
2 0.0340719 0.0347829
2 0.0177507 0.0184562
0 0 0.000692808
1 0.0390271 0.0396884
1 0.00354136 0.00419576
1 0.0164896 0.0171425
0 0 0.000649745
1 0.0134317 0.0140643
1 0.0156081 0.0162313
1 0.0376361 0.0382589
2 0.135663 0.136269
1 0.0305741 0.0311785
2 0.0185401 0.0191303
1 0.0424153 0.0429921
0 0 0.000571017
1 0.0107537 0.0113214
1 0.0155746 0.0161353
1 0.0144148 0.0149743
1 0.015316 0.0158719
1 0.0359368 0.0364868
1 0.0118964 0.0124415
1 0.0978321 0.0983645
0 0 0.000532241
1 0.125619 0.126147
1 0.00531862 0.00584123
1 0.00290949 0.00342642
1 0.00270114 0.00321603
1 0.0570965 0.057607
0 0 0.000499642
1 0.00653957 0.00703195
1 0.063967 0.0644561
2 0.011289 0.0117776
0 0 0.000487933
0 0 0.000484801
1 0.00519563 0.00567684
1 0.011076 0.0115478
1 0.00709918 0.00756701
0 0 0.000463981
2 0.014235 0.0146982
1 0.0228117 0.0232642
1 0.0108103 0.0112612
1 0.0911831 0.0916296
1 0.0065545 0.00700068
1 0.0242963 0.0247394
1 0.0183222 0.0187617
1 0.0142191 0.0146475
1 0.0450689 0.0454973
0 0 0.000420611
1 0.0167964 0.017216
1 0.0318827 0.0323002
1 0.0102612 0.0106767
0 0 0.000413927
1 0.00905528 0.00946467
1 0.00266378 0.00306001
1 0.00376253 0.00414966
1 0.113912 0.114297
1 0.0114347 0.0118165
1 0.0823301 0.0827097
1 0.00338667 0.00375909
1 0.0116933 0.0120654
2 0.179589 0.179952
1 0.00471073 0.00506507
2 0.0620769 0.0624311
2 0.0214596 0.02181
2 0.0302842 0.0306327
1 0.00543855 0.00577246
0 0 0.000330934
1 0.00702214 0.00734871
1 0.00149454 0.00181959
1 0.0152476 0.0155689
2 0.102306 0.10262
1 0.00732418 0.00763382
0 0 0.00030713
0 0 0.000304836
1 0.0241579 0.0244595
2 0.0384179 0.0387189
0 0 0.000300084
1 0.00257725 0.00287513
1 0.00207845 0.00237043
1 0.0151232 0.0154135
1 0.0301605 0.030446
1 0.00348654 0.00377059
1 0.0774232 0.0777011
1 0.00166331 0.0019411
2 0.146439 0.146708
2 0.00966944 0.00993483
1 0.00153123 0.00179185
1 0.00420633 0.00446572
1 0.0219752 0.0222337
1 0.0118228 0.0120807
2 0.0167837 0.0170411
1 0.0173224 0.0175777
1 0.0303999 0.0306534
2 0.101409 0.10166
1 0.00534539 0.00558682
1 0.0794216 0.0796626
1 0.010195 0.010436
1 0.0114484 0.0116888
1 0.00172939 0.00196248
2 0.0326045 0.0328329
1 0.0409854 0.0412085
2 0.0203096 0.0205318
1 0.0241073 0.0243223
1 0.00779439 0.00800373
1 0.0188097 0.0190182
2 0.0105546 0.0107579
1 0.00221787 0.00242083
1 0.00825792 0.00845488
2 0.0157241 0.0159148
1 0.0166193 0.0168096
1 0.0116398 0.0118268
1 0.0169906 0.0171692
2 0.03156 0.031737
1 0.0125236 0.012699
2 0.0263212 0.0264931
0 0 0.000170345
1 0.00279218 0.00296196
2 0.0098254 0.00999361
0 0 0.000164585
1 0.0833315 0.083496
1 0.00880525 0.00896833
2 0.0083842 0.00854457
1 0.0316445 0.0318021
1 0.135701 0.135856
1 0.00700695 0.00716244
1 0.100692 0.100847
2 0.273209 0.273363
1 0.0045935 0.00474639
0 0 0.000148893
1 0.0235656 0.0237096
1 0.00152547 0.001668
1 0.0219991 0.0221381
1 0.113082 0.113219
2 0.0499214 0.0500532
2 0.0349908 0.0351224
2 0.0190094 0.0191404
2 0.0145547 0.0146826
1 0.170302 0.170424
1 0.0188707 0.018991
1 0.0244571 0.0245765
1 0.0031335 0.00325243
1 0.00313092 0.00324769
1 0.00270189 0.00281451
1 0.018232 0.0183439
1 0.0161582 0.0162672
2 0.0328898 0.0329987
1 0.00292767 0.00303628
1 0.0097049 0.00980871
1 0.00223829 0.00233788
1 0.00999142 0.0100902
1 0.00167919 0.00177685
2 0.0273016 0.027398
2 0.00960857 0.00970322
1 0.00852651 0.00861952
2 0.0231427 0.0232344
2 0.0108761 0.0109648
1 0.039079 0.0391649
2 0.113414 0.113497
1 0.0351625 0.0352458
2 0.10136 0.101442
1 0.00797886 0.0080589
2 0.0429259 0.0430056
2 0.0127316 0.012811
1 0.00691506 0.00698577
2 0.0141452 0.0142138
2 0.00312317 0.00319087
1 0.0168498 0.0169129
1 0.00282942 0.00289224
1 0.0350401 0.0351026
1 0.118586 0.118647
2 0.0359862 0.0360458
1 0.00600097 0.00606045
1 0.139737 0.139793
1 0.0100845 0.0101403
1 0.00379391 0.00384903
2 0.0304192 0.0304734
2 0.00309049 0.0031436
1 0.102849 0.102901
1 0.00709195 0.0071421
2 0.0453456 0.0453951
1 0.0137056 0.0137529
1 0.00761162 0.00765699
1 0.137907 0.13795
2 0.00248237 0.0025252
2 0.0431135 0.0431558
2 0.00434728 0.00438911
1 0.0104271 0.0104689
1 0.0103039 0.0103438
2 0.0551404 0.055179
2 0.0128441 0.0128822
2 0.0215722 0.0216102
1 0.000974043 0.00101121
1 0.0529744 0.0530113
1 0.00593511 0.00597199
1 0.00694519 0.00698063
1 0.0166057 0.0166386
2 0.00375608 0.0037885
1 0.0300858 0.0301182
2 0.0395149 0.0395455
1 0.00520647 0.00523686
1 0.00913055 0.00916079
2 0.0314235 0.0314527
1 0.0133773 0.0134054
2 0.0163893 0.0164147
1 0.0157192 0.015741
2 0.0275822 0.0276024
2 0.0827641 0.0827842
1 0.00766332 0.00768231
2 0.0211047 0.0211233
2 0.0252825 0.0253001
1 0.00427743 0.00429492
2 0.208708 0.208725
1 0.00147196 0.00148881
1 0.0165337 0.0165505
1 0.0140031 0.0140196
2 0.0245369 0.0245533
2 0.0111086 0.0111241
2 0.0476708 0.0476863
2 0.0141225 0.014137
1 0.0447678 0.0447821
2 0.014071 0.0140846
2 0.030879 0.0308926
1 0.0388275 0.0388406
1 0.0131197 0.0131327
1 0.00255315 0.00256528
2 0.0163254 0.0163373
2 0.0125836 0.0125955
1 0.0245552 0.0245663
1 0.00447112 0.00448219
1 0.00590414 0.00591483
2 0.0840916 0.0841017
2 0.122432 0.122442
1 0.00288126 0.0028907
1 0.0220487 0.0220565
1 0.0167601 0.0167675
1 0.00466609 0.0046725
1 0.271337 0.271344
2 0.0178183 0.0178244
1 0.00733053 0.00733655
2 0.0522389 0.0522447
1 0.00354947 0.00355464
1 0.00992599 0.00993102
1 0.0680064 0.0680113
2 0.00979736 0.00980186
1 0.0218104 0.0218145
1 0.0031686 0.00317231
1 0.0141035 0.0141072
2 0.0163287 0.0163324
1 0.00426715 0.00427041
1 0.0468642 0.0468672
2 0.0307204 0.0307233
2 0.0203779 0.0203804
2 0.0207731 0.0207754
1 0.0390795 0.0390816
1 0.0124675 0.0124693
1 0.00296999 0.0029716
1 0.0161086 0.0161101
1 0.0185938 0.0185951
1 0.0119457 0.0119469
2 0.0155707 0.0155718
2 0.00952584 0.00952692
1 0.00292984 0.00293088
2 0.0103157 0.0103167
2 0.0104755 0.0104764
1 0.0138785 0.0138795
2 0.0246047 0.0246056
1 0.0172553 0.0172562
2 0.015177 0.0151778
2 0.0207812 0.020782
2 0.00972699 0.00972775
2 0.0272731 0.0272735
1 0.0207685 0.020769
1 0.0151509 0.0151514
1 0.0361898 0.0361902
2 0.257999 0.257999
2 0.0424352 0.0424353
1 0.0420107 0.0420107
1 0.00567605 0.00567607
2 0.262943 0.262943
1 0.0182178 0.0182178
