0 0 inf
0 0 0.110575
0 0 0.0927983
0 0 0.0795525
0 0 0.075424
0 0 0.0511713
1 0.0246823 0.0739989
0 0 0.0476223
0 0 0.043612
1 0.192581 0.233976
0 0 0.0411903
0 0 0.0405251
0 0 0.0404727
0 0 0.0384868
0 0 0.0376369
0 0 0.0337754
1 0.0438903 0.0772935
1 0.0704573 0.103793
1 0.124014 0.156079
1 0.0830298 0.113426
0 0 0.0274907
0 0 0.0244509
1 0.221483 0.2455
1 0.116542 0.139023
0 0 0.0218644
0 0 0.0218298
0 0 0.0216863
2 0.246764 0.26816
1 0.1275 0.148238
0 0 0.0192772
0 0 0.0189767
1 0.0329867 0.0519447
0 0 0.0179547
0 0 0.0179421
1 0.0126958 0.0286695
1 0.0815515 0.0972895
0 0 0.0157084
0 0 0.0152365
0 0 0.0148748
1 0.072513 0.0868415
1 0.0973133 0.111202
1 0.121269 0.135003
1 0.241432 0.255104
1 0.132357 0.146007
0 0 0.0135703
0 0 0.0134747
1 0.0366745 0.0498406
0 0 0.0129487
1 0.0698008 0.0827463
0 0 0.0127225
0 0 0.0125199
1 0.200351 0.212787
0 0 0.0124186
0 0 0.0121672
1 0.0294805 0.0413068
0 0 0.0117433
0 0 0.0110559
0 0 0.0109602
1 0.0466806 0.05753
1 0.0129716 0.0236037
1 0.182042 0.19264
0 0 0.0102206
0 0 0.0101779
0 0 0.00993515
1 0.012099 0.0219975
0 0 0.00980379
0 0 0.00955007
0 0 0.00944683
0 0 0.00920893
1 0.00485674 0.013929
0 0 0.00895087
0 0 0.00879851
1 0.0145817 0.023355
0 0 0.00865815
2 0.254724 0.262981
0 0 0.00822495
1 0.0105277 0.0187527
0 0 0.00815755
0 0 0.00812326
0 0 0.00811943
0 0 0.00803526
0 0 0.00800632
1 0.00665796 0.0146397
0 0 0.00797919
2 0.149443 0.15693
1 0.0894927 0.0969307
1 0.0141597 0.0214851
2 0.0533455 0.060582
0 0 0.0069974
0 0 0.00692387
1 0.0404753 0.0473615
0 0 0.00672398
0 0 0.00668033
0 0 0.006466
0 0 0.00643775
0 0 0.00639896
0 0 0.00633253
1 0.0398564 0.0461197
0 0 0.00623465
0 0 0.00621307
1 0.0459586 0.0521609
0 0 0.00607306
0 0 0.00601864
1 0.0940921 0.100087
0 0 0.0058134
1 0.0139654 0.0195665
0 0 0.00555454
0 0 0.00554569
1 0.00980262 0.0153368
0 0 0.00544537
0 0 0.00541292
0 0 0.00538044
0 0 0.00532461
0 0 0.00526789
0 0 0.0051486
0 0 0.00506122
1 0.0648926 0.0699277
0 0 0.00500765
1 0.00605083 0.010962
0 0 0.0048969
0 0 0.00485194
2 0.082764 0.0876057
0 0 0.00476487
0 0 0.00470734
0 0 0.00463168
0 0 0.00455144
0 0 0.00443706
0 0 0.00437192
0 0 0.00435889
1 0.00677744 0.0111246
0 0 0.00432863
0 0 0.00431511
1 0.0130014 0.0172746
0 0 0.00421643
0 0 0.00420686
1 0.00921546 0.0133467
0 0 0.00411357
0 0 0.00411055
0 0 0.004062
1 0.00528564 0.00928414
0 0 0.00399712
1 0.0296569 0.033627
0 0 0.00393633
1 0.00565835 0.0095923
0 0 0.00384572
0 0 0.00368243
1 0.0385928 0.0422658
0 0 0.00366472
1 0.0105328 0.0141883
0 0 0.0036348
0 0 0.00360149
0 0 0.0035838
0 0 0.00356956
0 0 0.00353216
1 0.00862213 0.012127
0 0 0.00345443
0 0 0.00345194
0 0 0.0034406
1 0.0205487 0.0239523
1 0.00931013 0.0126959
0 0 0.00338541
0 0 0.00336641
1 0.0114671 0.0148142
0 0 0.00334634
0 0 0.00332341
0 0 0.00332176
0 0 0.0033158
1 0.052144 0.0552932
0 0 0.00311663
0 0 0.00311519
1 0.00374717 0.00670453
0 0 0.00293608
0 0 0.00279965
1 0.0227351 0.0255279
1 0.00584717 0.00858736
1 0.048073 0.0508116
0 0 0.0027312
0 0 0.00271801
0 0 0.00270975
1 0.041012 0.0437193
0 0 0.00269323
1 0.0236168 0.0262827
1 0.0134101 0.01605
0 0 0.00263093
1 0.0103143 0.0129357
1 0.00762289 0.0102085
1 0.127112 0.129693
0 0 0.00256381
1 0.00872978 0.0112357
0 0 0.00250544
1 0.0428022 0.0452684
0 0 0.00245706
1 0.00592022 0.00836701
0 0 0.00244444
0 0 0.00243529
1 0.0130192 0.0154288
1 0.0183113 0.020711
1 0.0210054 0.0233976
1 0.00801037 0.0103319
2 0.149329 0.151638
0 0 0.00225576
0 0 0.00225265
1 0.0313137 0.0335593
1 0.0406561 0.0429014
0 0 0.00224145
0 0 0.00223184
1 0.02047 0.0226686
0 0 0.00217362
0 0 0.00215678
0 0 0.00215559
0 0 0.00214688
0 0 0.00211276
2 0.108562 0.110649
1 0.0278325 0.0298449
0 0 0.00201102
0 0 0.00200684
0 0 0.00199902
0 0 0.00199787
0 0 0.0019621
1 0.00505122 0.0069757
2 0.0157711 0.0176579
0 0 0.001867
0 0 0.00183367
0 0 0.00182864
1 0.0450754 0.0469024
1 0.0178159 0.0196423
0 0 0.00180498
1 0.0139905 0.0157849
2 0.0555011 0.057271
0 0 0.00176978
1 0.0115358 0.013303
1 0.0118102 0.0135718
2 0.0201566 0.0219058
0 0 0.00171382
1 0.0059617 0.0076711
2 0.0516231 0.0533319
0 0 0.00170447
0 0 0.00165785
1 0.0897259 0.0913673
0 0 0.00162487
1 0.136399 0.138008
1 0.0488018 0.0504062
1 0.0167948 0.0183568
1 0.0478598 0.0494208
0 0 0.00155264
0 0 0.00154562
1 0.0811917 0.0827228
0 0 0.00152235
1 0.00944193 0.0109556
1 0.01628 0.0177788
0 0 0.00149834
0 0 0.00149827
0 0 0.00149011
1 0.0166588 0.0181399
1 0.184423 0.185902
1 0.0447804 0.0462231
0 0 0.00144203
1 0.0114955 0.0128876
1 0.00973958 0.0110956
0 0 0.00134449
0 0 0.0013376
2 0.0828819 0.0841771
2 0.160624 0.161918
2 0.0587328 0.060026
1 0.00837002 0.00964542
1 0.00705432 0.00832032
0 0 0.00126575
0 0 0.00123092
1 0.0170101 0.0182254
1 0.00454061 0.00575063
0 0 0.00120513
0 0 0.00120305
1 0.0146528 0.0158514
0 0 0.00118105
2 0.0539806 0.0551506
0 0 0.00116796
0 0 0.00115468
2 0.0536063 0.0547468
1 0.00968187 0.0108209
0 0 0.00113206
2 0.0181637 0.0192651
0 0 0.00109419
1 0.00988001 0.0109738
2 0.0295252 0.030604
1 0.0311301 0.0322013
1 0.0088168 0.00988577
0 0 0.00105967
1 0.0931715 0.0942242
1 0.0464883 0.0475052
1 0.00387464 0.00489151
1 0.00971269 0.0107179
1 0.118399 0.119372
0 0 0.000966451
1 0.0324327 0.0333915
1 0.0154396 0.0163882
0 0 0.000915497
0 0 0.000914247
0 0 0.000905088
2 0.0696661 0.0705667
1 0.0114645 0.0123642
1 0.0121054 0.0130039
0 0 0.000888395
2 0.0338074 0.0346831
0 0 0.000871676
1 0.0129314 0.0138015
0 0 0.000865287
0 0 0.000864358
2 0.024743 0.0255962
1 0.00734086 0.00818682
1 0.00970045 0.0105431
1 0.00705172 0.00788518
1 0.00591149 0.00673852
1 0.020016 0.0208327
1 0.0250872 0.0258966
1 0.0526326 0.0534409
1 0.0249199 0.0257125
0 0 0.000791989
1 0.00672482 0.00749832
0 0 0.000730171
1 0.00433804 0.00506702
0 0 0.000718704
0 0 0.000714605
1 0.00766702 0.0083775
0 0 0.000703888
0 0 0.000695837
1 0.00977841 0.0104695
0 0 0.000689651
1 0.00648273 0.00716637
1 0.0080488 0.00872428
2 0.157558 0.15821
1 0.0141952 0.0148438
1 0.018226 0.0188715
2 0.0508531 0.0514939
1 0.00240217 0.00303975
2 0.0243825 0.0249912
2 0.0323999 0.033007
1 0.0108922 0.0114715
1 0.0212525 0.0218234
1 0.00454349 0.00510326
1 0.0092146 0.00976903
2 0.0552944 0.0558444
1 0.00376054 0.00430035
1 0.0237537 0.0242903
0 0 0.000531093
1 0.0110841 0.0116151
1 0.00641382 0.00694485
0 0 0.000521919
1 0.00312805 0.00364877
2 0.0185923 0.0191064
1 0.0233518 0.0238643
1 0.0114908 0.0120024
1 0.108218 0.108715
2 0.0223364 0.0228269
1 0.0268513 0.0273293
1 0.00294985 0.00341893
0 0 0.000463554
1 0.0605544 0.0610167
1 0.0212678 0.0217296
1 0.0332573 0.033703
2 0.033994 0.0344355
1 0.00217554 0.00261588
2 0.0532712 0.05371
1 0.0157787 0.0162152
2 0.153287 0.153716
1 0.00214572 0.00256536
1 0.0052523 0.00566828
1 0.0330391 0.0334509
1 0.130314 0.130724
1 0.0105653 0.0109687
1 0.0115551 0.0119472
1 0.0173299 0.0177163
1 0.01353 0.0139163
1 0.010348 0.010734
1 0.147198 0.147582
2 0.0916996 0.0920822
2 0.0120115 0.0123894
2 0.0112265 0.0115937
1 0.002101 0.00246743
1 0.00382751 0.00418895
1 0.116405 0.116764
1 0.0133681 0.0137245
0 0 0.000355597
2 0.0540403 0.0543947
1 0.00702753 0.00737663
2 0.0154664 0.0158129
0 0 0.000344052
1 0.00733136 0.00767187
0 0 0.000339436
0 0 0.000338661
1 0.0200203 0.0203478
2 0.0294557 0.0297813
1 0.00611772 0.00644259
0 0 0.000323071
0 0 0.000314848
0 0 0.000307643
0 0 0.000305268
2 0.0206146 0.0209189
1 0.0064867 0.0067903
1 0.00229858 0.0026013
1 0.00214084 0.00244085
2 0.0265128 0.0268101
2 0.0215498 0.0218458
2 0.10925 0.109541
1 0.0513818 0.0516697
1 0.00821134 0.00849886
1 0.00988845 0.0101685
1 0.0159968 0.0162741
1 0.0148955 0.0151726
1 0.00316356 0.00343383
1 0.00275343 0.00302319
1 0.023831 0.0240954
1 0.0180589 0.0183225
1 0.00434964 0.00461272
1 0.0522402 0.052499
1 0.0148407 0.015098
2 0.0597066 0.0599607
1 0.0151028 0.0153547
1 0.00110398 0.00135503
1 0.0181824 0.0184297
2 0.0112098 0.011457
2 0.0163401 0.0165857
1 0.00607725 0.00631823
1 0.0163387 0.0165794
0 0 0.000238397
2 0.00895417 0.00919255
1 0.00260325 0.00284118
2 0.0309284 0.0311653
2 0.0115728 0.0118047
1 0.0336099 0.033839
1 0.00322094 0.00344722
2 0.0121537 0.0123799
1 0.0535509 0.0537766
1 0.0109975 0.01122
1 0.00400598 0.00422796
2 0.0115724 0.0117935
1 0.0160113 0.0162316
1 0.00504301 0.00526258
2 0.0953629 0.0955811
1 0.070928 0.0711458
2 0.0463544 0.0465718
1 0.00964663 0.00986153
1 0.00494939 0.0051638
0 0 0.000207498
1 0.00658061 0.00678778
1 0.00238334 0.00258608
1 0.0212671 0.0214686
2 0.0215009 0.0216985
0 0 0.000191272
1 0.0478387 0.0480297
1 0.011622 0.0118095
0 0 0.000184707
1 0.00616261 0.00634547
2 0.108289 0.108471
1 0.0139721 0.0141527
1 0.105948 0.106127
1 0.0108455 0.0110204
1 0.0262711 0.026442
1 0.00719786 0.00736835
2 0.00261385 0.0027829
1 0.0526086 0.0527763
2 0.00670501 0.00687173
2 0.0167253 0.0168887
2 0.0154208 0.0155816
1 0.0145442 0.0147042
1 0.0151591 0.0153173
1 0.100065 0.100223
0 0 0.000156936
2 0.0279731 0.0281297
1 0.00601486 0.0061676
2 0.00557699 0.00572633
1 0.0114522 0.0116015
2 0.052223 0.0523718
2 0.0295001 0.0296431
1 0.00229585 0.00243752
1 0.00108359 0.00122466
1 0.0104785 0.0106174
1 0.00236326 0.00249938
1 0.0111795 0.0113095
1 0.0241802 0.0243065
0 0 0.000124545
2 0.0104788 0.0106032
1 0.00855372 0.00867148
1 0.0138493 0.0139657
1 0.00529137 0.00540571
2 0.0137683 0.0138776
1 0.00220566 0.00231416
1 0.00331186 0.00341999
1 0.00240085 0.00250877
2 0.024006 0.0241139
1 0.00957673 0.00968461
1 0.00541175 0.00551882
2 0.0266821 0.0267867
1 0.004757 0.00486141
2 0.0137481 0.0138519
1 0.0264045 0.0265077
1 0.0142022 0.0143051
1 0.00934797 0.00945041
1 0.00163041 0.00173129
1 0.00659521 0.00669567
1 0.00859306 0.0086921
0 0 9.80247e-05
2 0.0114713 0.0115689
1 0.0125996 0.0126969
1 0.0412568 0.0413541
1 0.00878616 0.00888018
1 0.00539237 0.00548619
1 0.0301301 0.0302194
2 0.0134579 0.0135469
1 0.000814672 0.00090357
1 0.00260483 0.00269315
1 0.0868776 0.0869631
1 0.00539495 0.00547907
2 0.0168387 0.0169191
1 0.0196904 0.0197706
1 0.092842 0.0929222
2 0.0579124 0.0579911
1 0.00402582 0.00410358
1 0.00721365 0.00728868
1 0.0142778 0.0143521
1 0.0094807 0.00955486
1 0.00228855 0.00236207
1 0.00763115 0.00770291
1 0.02246 0.0225304
1 0.00863097 0.00869892
1 0.0034181 0.00348549
1 0.0164791 0.016545
2 0.106904 0.106968
1 0.00446232 0.00452626
2 0.0510382 0.0511021
1 0.0209543 0.0210176
2 0.0305629 0.0306257
1 0.0226741 0.022734
1 0.00624406 0.00630267
1 0.00728949 0.00734744
1 0.0899369 0.0899935
1 0.00876874 0.00882535
2 0.0338861 0.0339411
1 0.0161414 0.0161956
1 0.0627765 0.06283
2 0.0132822 0.0133352
1 0.00291871 0.00297117
2 0.0170157 0.0170674
1 0.0296007 0.0296514
1 0.0448041 0.0448527
1 0.0160887 0.0161374
2 0.0143156 0.0143638
1 0.00981969 0.00986778
1 0.026049 0.0260961
2 0.156845 0.156891
1 0.0220761 0.0221223
1 0.00260699 0.00264957
2 0.0039151 0.00395759
2 0.0271297 0.027171
1 0.00573264 0.00577384
1 0.0101052 0.0101441
1 0.00355853 0.00359732
1 0.00858379 0.00862091
1 0.00248056 0.002517
1 0.00257042 0.0026063
2 0.0243555 0.024391
2 0.0103425 0.010378
1 0.0250763 0.0251112
1 0.00215012 0.00218393
2 0.00871237 0.00874509
1 0.00691879 0.00694999
1 0.00931289 0.0093438
1 0.000948512 0.000978777
1 0.0131521 0.0131816
2 0.00688137 0.00691067
2 0.0247735 0.0248027
1 0.0191289 0.0191582
2 0.0208195 0.0208483
2 0.0695878 0.0696159
1 0.0117808 0.0118087
1 0.00499271 0.00502061
2 0.00786832 0.00789531
2 0.00412449 0.00414849
2 0.0151026 0.0151265
1 0.0168923 0.016916
1 0.00909167 0.00911527
1 0.0176913 0.0177141
2 0.0208729 0.0208921
1 0.00393079 0.00394965
1 0.00499251 0.00501131
2 0.0616299 0.0616486
2 0.00708217 0.00710068
1 0.0223086 0.0223259
1 0.0212599 0.0212771
2 0.00584979 0.00586682
2 0.00592853 0.00594488
1 0.00287269 0.00288794
2 0.024433 0.0244477
1 0.00574369 0.00575792
2 0.154947 0.154961
1 0.0100114 0.0100244
1 0.0465621 0.046575
2 0.0261879 0.0262007
1 0.020656 0.0206685
2 0.0492978 0.0493102
1 0.0112975 0.0113095
2 0.01222 0.0122313
1 0.0261242 0.026135
1 0.0690938 0.0691045
1 0.00400079 0.00401137
1 0.00674463 0.00675511
1 0.00858996 0.00859928
1 0.0327385 0.032747
2 0.00674365 0.00675203
2 0.0198527 0.0198609
2 0.0176053 0.0176132
2 0.0304452 0.0304527
1 0.023568 0.0235747
1 0.00128638 0.00129296
1 0.00570899 0.0057149
1 0.0256711 0.025677
1 0.00663492 0.00664074
2 0.00356367 0.00356871
2 0.0171352 0.0171402
2 0.0210501 0.021055
2 0.0105929 0.0105977
2 0.00936826 0.00937309
2 0.0168469 0.0168514
1 0.0073476 0.00735192
1 0.00594409 0.00594806
1 0.00147218 0.00147573
1 0.0141779 0.0141814
1 0.0145971 0.0146004
2 0.0295145 0.0295177
2 0.14982 0.149823
1 0.0110115 0.0110146
2 0.0101257 0.0101286
1 0.0143435 0.0143462
1 0.00532656 0.0053292
2 0.0252854 0.0252876
1 0.116961 0.116963
2 0.0215463 0.0215484
1 0.0084607 0.00846227
1 0.0266969 0.0266984
1 0.00387331 0.00387476
1 0.0121885 0.0121898
2 0.00525247 0.00525371
2 0.00392379 0.00392501
2 0.0127605 0.0127617
1 0.00626598 0.00626705
2 0.00866519 0.00866625
2 0.0206813 0.0206823
2 0.0139402 0.0139411
1 0.0283305 0.0283311
1 0.0217074 0.0217079
1 0.00685478 0.00685517
2 0.0241147 0.024115
2 0.0106403 0.0106406
1 0.00119678 0.00119707
2 0.00276351 0.00276376
2 0.0267084 0.0267087
1 0.0304797 0.0304799
1 0.00657961 0.00657968
1 0.0720091 0.0720092
2 0.0217092 0.0217092
2 0.0117994 0.0117994
