0 0 inf
0 0 0.0807843
0 0 0.0739264
1 0.0582914 0.125836
0 0 0.0574618
0 0 0.057245
0 0 0.0558192
0 0 0.0480572
0 0 0.0470985
1 0.0209407 0.0680377
0 0 0.0467344
0 0 0.0460631
0 0 0.0437258
1 0.154025 0.191614
1 0.193437 0.229706
0 0 0.0356932
1 0.122853 0.158484
0 0 0.0335932
1 0.0291694 0.0626549
0 0 0.0298947
0 0 0.0291456
0 0 0.0289903
0 0 0.027167
0 0 0.0252813
1 0.311316 0.335982
2 0.11966 0.143317
0 0 0.0213532
0 0 0.0210308
1 0.0949151 0.115936
0 0 0.020262
0 0 0.0188135
0 0 0.0177267
0 0 0.0175567
0 0 0.0171617
0 0 0.0167172
0 0 0.0165881
0 0 0.016107
1 0.216766 0.232362
0 0 0.0155671
0 0 0.0152865
0 0 0.0150752
0 0 0.0150182
1 0.0403059 0.0548717
1 0.192954 0.206376
0 0 0.0133917
0 0 0.0133004
0 0 0.0132916
2 0.340925 0.353863
0 0 0.0128993
1 0.123626 0.136292
0 0 0.0124367
1 0.0849824 0.097126
0 0 0.0120506
0 0 0.0114781
0 0 0.0113917
1 0.113686 0.125066
1 0.0557239 0.0667725
0 0 0.0110075
1 0.027708 0.0386388
1 0.163522 0.174338
1 0.076192 0.0868851
0 0 0.01059
1 0.0863117 0.0968338
1 0.0898554 0.100096
0 0 0.00996555
0 0 0.00993309
0 0 0.00983939
0 0 0.00942316
0 0 0.00941643
0 0 0.00935721
0 0 0.00917225
1 0.0119557 0.0209662
1 0.0774782 0.0863985
1 0.00723638 0.0161553
0 0 0.00880027
0 0 0.00842204
0 0 0.00838927
0 0 0.00824143
0 0 0.00818061
0 0 0.00810562
0 0 0.00801611
1 0.00977586 0.0177421
1 0.00764711 0.0153564
1 0.00825249 0.0159235
0 0 0.00766798
0 0 0.00760434
0 0 0.00743756
0 0 0.00743717
1 0.0658383 0.0731362
1 0.0494863 0.0566795
1 0.0640803 0.0711322
0 0 0.00692363
0 0 0.00690652
0 0 0.00665187
0 0 0.00664695
0 0 0.00652458
0 0 0.00649
0 0 0.00645641
0 0 0.00644195
1 0.0312154 0.0375074
1 0.196533 0.202805
0 0 0.00625613
1 0.0343754 0.0405949
0 0 0.00621361
0 0 0.00618093
0 0 0.00610458
1 0.00729185 0.0131911
0 0 0.00588656
0 0 0.00576506
0 0 0.00572969
0 0 0.00571857
1 0.0084423 0.014053
1 0.0132314 0.0187581
1 0.00442217 0.00994787
0 0 0.005511
0 0 0.00551028
0 0 0.00545003
0 0 0.00534586
1 0.0128373 0.0181753
0 0 0.00531064
0 0 0.00529738
0 0 0.00521088
1 0.02748 0.0326847
0 0 0.00519511
0 0 0.00515798
0 0 0.00513604
0 0 0.00513511
1 0.0276369 0.0327115
0 0 0.00497993
1 0.063126 0.0678366
1 0.0223004 0.0269104
0 0 0.00448186
0 0 0.00447097
1 0.00630466 0.0107445
1 0.0100215 0.0144508
0 0 0.00439108
0 0 0.00431002
0 0 0.00428672
0 0 0.00428584
0 0 0.00416406
0 0 0.00412674
1 0.0165553 0.0205866
0 0 0.00389179
0 0 0.00388104
0 0 0.0038701
1 0.00901975 0.0128865
0 0 0.00386416
1 0.0101197 0.0139221
0 0 0.00377953
0 0 0.00369186
0 0 0.00358118
0 0 0.00356175
0 0 0.00352078
0 0 0.00351962
0 0 0.00343267
0 0 0.00342424
0 0 0.00342342
1 0.0972214 0.100637
0 0 0.00340153
0 0 0.00339253
0 0 0.00336255
1 0.00862738 0.0119878
0 0 0.00335144
0 0 0.00330574
0 0 0.00329607
0 0 0.00327163
1 0.010461 0.013695
0 0 0.00319542
0 0 0.0031854
0 0 0.00317492
0 0 0.00315946
0 0 0.00310415
1 0.00457947 0.00766316
0 0 0.00308308
0 0 0.00307858
0 0 0.0030657
0 0 0.00304
1 0.0262834 0.0292858
1 0.0136768 0.0166323
0 0 0.00295317
0 0 0.00295034
0 0 0.00292482
0 0 0.00291049
0 0 0.00285462
1 0.0174336 0.0202566
1 0.121323 0.124135
0 0 0.00276064
0 0 0.002752
1 0.0215508 0.0242894
0 0 0.00272007
0 0 0.00271915
0 0 0.00268731
1 0.10969 0.112334
1 0.00419563 0.00681968
1 0.00617062 0.00877499
2 0.223238 0.225832
0 0 0.00259001
1 0.00979664 0.0123701
1 0.00480608 0.00736332
1 0.0240672 0.0265743
0 0 0.00247132
0 0 0.00246969
1 0.024205 0.0266471
2 0.0169199 0.0193592
1 0.0116019 0.014037
0 0 0.00243496
1 0.019815 0.0222002
0 0 0.00237513
1 0.013775 0.0161448
1 0.00823886 0.0106044
1 0.0115449 0.0139065
1 0.0479162 0.0502674
1 0.0692123 0.0715014
0 0 0.00228676
0 0 0.0022861
1 0.00874784 0.0110023
1 0.0108485 0.0130619
0 0 0.00219958
2 0.0184484 0.0206231
1 0.00983956 0.0120004
1 0.0489561 0.0511163
1 0.020212 0.022355
0 0 0.00211555
0 0 0.00207265
0 0 0.00199542
2 0.0170397 0.0190279
1 0.0103127 0.0122851
1 0.0609378 0.0628885
0 0 0.00191874
1 0.0318809 0.033797
0 0 0.00190595
1 0.0225957 0.0244999
0 0 0.00189754
2 0.0860362 0.0879282
1 0.0152818 0.0171514
0 0 0.00186816
1 0.00866799 0.0105297
0 0 0.00182023
1 0.00628416 0.00808324
1 0.00632563 0.0080957
1 0.0104109 0.0121796
1 0.0107465 0.0124913
1 0.0148954 0.0165771
1 0.112476 0.114158
0 0 0.00165239
1 0.00316181 0.004801
1 0.0660694 0.0676983
0 0 0.00162023
0 0 0.0016126
0 0 0.00158094
1 0.0233975 0.0249724
1 0.02448 0.0260437
1 0.00860607 0.0101681
0 0 0.00155791
0 0 0.00154067
2 0.0184607 0.0199685
1 0.0840776 0.0855839
2 0.0865031 0.0879916
2 0.0355935 0.0370725
0 0 0.00147204
1 0.0364295 0.0378838
0 0 0.00145343
1 0.0163087 0.0177456
1 0.00614149 0.0075748
1 0.00702785 0.00845877
0 0 0.00142532
0 0 0.00141919
1 0.00322906 0.004644
1 0.0109358 0.0123413
1 0.0101247 0.0115212
1 0.00385951 0.00524132
1 0.0341536 0.0355129
0 0 0.00135053
1 0.017189 0.018525
1 0.0487868 0.0501198
0 0 0.00130948
0 0 0.00129935
2 0.0191585 0.0204521
0 0 0.00128078
0 0 0.00127033
0 0 0.00126421
1 0.00670496 0.00792741
2 0.0164983 0.0177025
1 0.0329981 0.0341985
1 0.133342 0.134539
1 0.00351546 0.00470945
1 0.010984 0.0121717
1 0.0659359 0.0671059
1 0.0424092 0.0435792
0 0 0.00115814
1 0.0156751 0.01681
1 0.00796717 0.00907021
1 0.0202507 0.0213366
0 0 0.00107018
1 0.00348941 0.00455828
1 0.00458767 0.0056382
1 0.00969977 0.0107463
1 0.0188443 0.0198744
1 0.00929115 0.0103113
1 0.0847556 0.0857757
0 0 0.0010086
2 0.0124901 0.0134971
0 0 0.00100235
1 0.19632 0.197315
1 0.00356038 0.00455285
0 0 0.000986272
1 0.0358514 0.0368361
1 0.034921 0.0358966
1 0.0132497 0.0142233
1 0.0167927 0.0177652
1 0.0751035 0.0760704
2 0.0414828 0.0424455
1 0.0166657 0.0176197
0 0 0.000952319
0 0 0.000951513
0 0 0.000946262
1 0.0127422 0.0136821
1 0.128242 0.129156
1 0.0100608 0.0109734
1 0.00825053 0.00915231
2 0.0176972 0.0185912
1 0.0121978 0.0130902
0 0 0.000889639
1 0.0129737 0.0138614
1 0.0682585 0.069146
2 0.345212 0.346096
1 0.00489695 0.00575204
2 0.021277 0.0221181
1 0.0109146 0.0117548
1 0.00404549 0.00487701
1 0.0125613 0.0133849
1 0.0128167 0.0136402
2 0.0163737 0.0171912
0 0 0.000805397
2 0.0149833 0.0157868
1 0.0141219 0.0149251
2 0.0178448 0.0186414
1 0.00673611 0.0075215
1 0.00657923 0.0073462
1 0.00827786 0.00903911
1 0.0090671 0.00982079
1 0.00572044 0.00647192
1 0.00442481 0.00517529
1 0.00385986 0.00460734
2 0.0203138 0.0210535
0 0 0.000719911
0 0 0.000716997
1 0.0082718 0.0089868
1 0.00288536 0.00359994
1 0.014349 0.0150586
2 0.0792821 0.0799914
2 0.0138069 0.0145147
1 0.0116134 0.0123087
1 0.00598667 0.0066595
0 0 0.000648864
2 0.0140075 0.0146537
0 0 0.000638526
1 0.00163903 0.00226156
1 0.00442429 0.00503916
1 0.00578836 0.00639148
1 0.012726 0.0133156
0 0 0.000585795
1 0.0163674 0.016951
0 0 0.000582474
1 0.0158043 0.016385
1 0.0516015 0.0521805
2 0.0195138 0.0200905
2 0.0176086 0.0181723
1 0.0174801 0.0180434
1 0.00803132 0.00858995
1 0.0135817 0.0141395
1 0.0403668 0.0409206
1 0.0131455 0.0136862
1 0.00557941 0.00611721
1 0.00479356 0.00532782
1 0.00598279 0.00650941
1 0.00603902 0.0065625
1 0.134579 0.135102
0 0 0.000513375
1 0.00593141 0.00643963
2 0.0285863 0.0290918
1 0.00375239 0.00425095
1 0.00439702 0.00489251
1 0.0059989 0.00648033
1 0.00978054 0.0102593
2 0.0138851 0.014361
1 0.0100617 0.0105362
0 0 0.000463066
1 0.00583014 0.00628122
2 0.0176217 0.0180725
1 0.0186163 0.0190657
1 0.0882165 0.0886643
0 0 0.000442056
2 0.00548275 0.00591358
0 0 0.000429466
1 0.00659879 0.00702576
1 0.00618519 0.0066092
2 0.0100363 0.0104578
0 0 0.000421156
0 0 0.000419779
1 0.198583 0.199002
1 0.0321397 0.0325558
2 0.0230366 0.0234484
1 0.00779924 0.00820736
0 0 0.000404519
2 0.0302193 0.0306202
1 0.03446 0.0348556
1 0.188887 0.18928
1 0.00697261 0.00736265
1 0.0361138 0.0365016
2 0.00828417 0.00866826
2 0.0478608 0.0482401
1 0.00548318 0.00586134
1 0.0142098 0.0145873
1 0.00163316 0.00200801
1 0.0104475 0.0108185
1 0.00664713 0.00701757
1 0.00388541 0.00425341
1 0.0134981 0.013864
2 0.00878696 0.00914618
0 0 0.000353504
1 0.00158783 0.00194131
1 0.011239 0.0115913
2 0.0216407 0.0219896
0 0 0.000347461
1 0.00905482 0.00940107
1 0.0158905 0.0162365
1 0.00493239 0.00527506
1 0.00697629 0.00731367
1 0.00321306 0.00355004
1 0.0035609 0.00389745
0 0 0.000326729
1 0.0105554 0.0108802
1 0.0151405 0.0154637
1 0.00540881 0.00572808
2 0.0148619 0.0151797
2 0.0197827 0.0200978
1 0.0788056 0.0791196
2 0.0128695 0.0131775
2 0.00948514 0.00979278
1 0.00692377 0.0072299
1 0.0158697 0.0161752
1 0.00472806 0.00502055
0 0 0.000292373
2 0.101173 0.101464
1 0.00287511 0.0031619
1 0.010025 0.0103115
1 0.00162256 0.00190453
0 0 0.000280238
1 0.014696 0.0149743
1 0.0416482 0.041918
2 0.187456 0.187722
1 0.00412771 0.00438236
0 0 0.0002539
1 0.00379889 0.00405163
2 0.0166766 0.0169287
1 0.00417079 0.00442004
1 0.00657029 0.00681937
2 0.0919213 0.0921684
1 0.00485594 0.00509737
1 0.04854 0.0487806
1 0.00721834 0.0074532
1 0.0104304 0.0106621
1 0.0629832 0.0632125
2 0.0517679 0.0519868
1 0.0886714 0.08889
1 0.0102486 0.0104635
1 0.00764333 0.0078573
1 0.0213323 0.0215459
1 0.0042084 0.00442059
1 0.0145906 0.0147969
2 0.00850251 0.00870365
1 0.0104602 0.0106601
1 0.00310256 0.00330134
2 0.0129921 0.0131897
2 0.0188018 0.0189954
1 0.0870074 0.0872001
1 0.00744208 0.00763366
2 0.132841 0.133032
1 0.0318008 0.0319913
1 0.012645 0.0128334
1 0.0133504 0.0135332
2 0.0137904 0.013971
1 0.011397 0.0115761
1 0.0144794 0.0146548
1 0.0023316 0.00250407
2 0.0228033 0.0229689
2 0.0202501 0.0204154
1 0.0144835 0.0146475
1 0.00846955 0.00863275
2 0.218005 0.218168
1 0.0102674 0.0104291
2 0.043821 0.0439818
1 0.0850338 0.085194
2 0.0272295 0.027389
1 0.00767675 0.00783602
1 0.0122354 0.0123945
1 0.0012991 0.00145778
2 0.0051141 0.00525961
1 0.00186801 0.00201229
2 0.0249837 0.0251243
2 0.0221558 0.0222958
2 0.0985065 0.098645
1 0.00492296 0.00505416
1 0.0290337 0.029163
1 0.0219608 0.0220902
1 0.00748883 0.00761782
1 0.00416985 0.00429837
1 0.00642161 0.0065489
2 0.0708841 0.0710109
1 0.0179123 0.0180337
1 0.0845179 0.0846389
1 0.00462658 0.00474665
1 0.0473729 0.0474913
1 0.0496098 0.0497275
1 0.027295 0.0274092
2 0.0116713 0.0117823
1 0.023027 0.0231361
1 0.00433512 0.00444218
1 0.0102515 0.0103575
1 0.00399327 0.00409782
1 0.00442734 0.00453089
2 0.0700839 0.0701852
1 0.0992251 0.0993262
2 0.00490414 0.00500489
1 0.0150888 0.0151895
1 0.00311372 0.00321349
1 0.0127471 0.0128418
1 0.00409104 0.00418552
1 0.0137447 0.0138374
2 0.00529267 0.00538391
1 0.0308607 0.0309516
2 0.010636 0.0107267
1 0.00313817 0.00322881
1 0.00392335 0.0040138
2 0.125499 0.125589
1 0.000926475 0.00101406
1 0.0809863 0.0810725
1 0.0112931 0.0113791
1 0.0123949 0.0124808
2 0.0250439 0.0251298
0 0 8.50581e-05
1 0.0034068 0.0034895
2 0.0531845 0.053267
2 0.00767558 0.00775796
1 0.0113519 0.0114327
1 0.00883728 0.00891762
1 0.00514926 0.00522948
1 0.00368221 0.00376215
2 0.22481 0.224889
1 0.00486254 0.00494113
1 0.00164922 0.00172552
2 0.0188165 0.0188865
2 0.0139296 0.013999
2 0.0168326 0.0169019
2 0.0144457 0.014515
1 0.00989301 0.00996124
1 0.0079543 0.00801886
1 0.0210961 0.0211582
2 0.0226344 0.0226963
2 0.0123206 0.0123824
2 0.0173946 0.017456
2 0.0293909 0.0294519
1 0.00373347 0.00379327
2 0.0127923 0.0128514
1 0.0281878 0.0282454
2 0.0166126 0.0166679
1 0.0135534 0.0136084
1 0.00626729 0.00632023
1 0.0136677 0.0137206
1 0.0122365 0.012289
1 0.000985395 0.00103736
1 0.0173108 0.0173618
2 0.0684063 0.0684564
2 0.0191185 0.0191684
2 0.015388 0.0154371
1 0.00416681 0.00421579
2 0.0130129 0.0130617
1 0.000905517 0.00095388
1 0.00134283 0.0013911
1 0.0075215 0.00756759
2 0.0190373 0.0190827
0 0 4.34524e-05
1 0.00857444 0.00861762
1 0.00305022 0.00309311
2 0.00522777 0.00527024
1 0.00175798 0.00180005
1 0.014331 0.0143719
1 0.00555006 0.00558933
2 0.00502285 0.00506166
0 0 3.77453e-05
1 0.0343836 0.0344201
1 0.0181982 0.0182347
1 0.0158127 0.0158492
1 0.00579587 0.00583168
2 0.0155491 0.015584
2 0.0344697 0.0345037
2 0.00528309 0.00531696
2 0.0153875 0.0154207
1 0.087574 0.087607
1 0.00932909 0.009361
2 0.0223531 0.0223847
2 0.0218949 0.0219264
2 0.0133378 0.0133688
2 0.00521681 0.00524778
1 0.0190602 0.0190909
2 0.0275535 0.0275825
1 0.010288 0.0103162
2 0.0181496 0.0181777
1 0.0162652 0.0162921
1 0.112192 0.112218
2 0.0170967 0.0171228
1 0.00194341 0.00196929
1 0.0040622 0.00408794
1 0.0048682 0.00489127
1 0.0116123 0.0116345
1 0.1575 0.157521
2 0.00764161 0.00766351
2 0.0174132 0.0174349
2 0.0108261 0.0108469
1 0.0189709 0.0189909
1 0.00724789 0.00726694
2 0.0229295 0.0229483
1 0.00594779 0.00596655
1 0.00393746 0.0039561
2 0.0197571 0.0197748
1 0.00191332 0.00193046
1 0.015595 0.0156117
2 0.00785857 0.00787503
2 0.0133717 0.0133871
2 0.0041932 0.00420861
1 0.0152404 0.0152552
1 0.0250216 0.0250364
2 0.0204147 0.0204285
1 0.0256882 0.0257017
1 0.00539269 0.00540608
2 0.0913329 0.0913462
2 0.00322789 0.00324099
2 0.0925538 0.092566
2 0.191661 0.191673
1 0.060124 0.0601354
2 0.0241296 0.0241407
2 0.0123854 0.0123959
1 0.00116825 0.00117847
2 0.101201 0.101211
1 0.00436667 0.00437677
1 0.00960937 0.00961846
1 0.0155396 0.0155487
2 0.00509187 0.00510088
1 0.022679 0.0226877
2 0.0165628 0.0165715
2 0.0166102 0.0166188
1 0.061998 0.0620063
2 0.07168 0.0716879
2 0.00536229 0.00537001
1 0.0200056 0.0200133
2 0.00492065 0.00492821
2 0.0190578 0.0190649
1 0.0183909 0.0183979
2 0.0142507 0.0142576
1 0.0943301 0.0943369
2 0.132449 0.132455
2 0.008501 0.00850666
2 0.0135983 0.0136037
1 0.00135741 0.00136162
1 0.00454997 0.00455391
1 0.0300951 0.030099
1 0.00140784 0.00141148
1 0.00444008 0.00444343
2 0.00461948 0.00462268
1 0.0084877 0.00849056
1 0.00995895 0.00996173
1 0.095253 0.0952558
1 0.0128871 0.0128895
2 0.00481399 0.00481599
2 0.0854923 0.0854943
2 0.016504 0.0165055
2 0.00507796 0.00507938
1 0.00270322 0.0027046
2 0.0085162 0.00851754
1 0.0168543 0.0168556
1 0.197481 0.197482
1 0.0820061 0.0820073
1 0.0189896 0.0189905
2 0.0230996 0.0231004
2 0.00713718 0.00713802
2 0.019582 0.0195829
1 0.0531607 0.0531615
1 0.101199 0.1012
1 0.00869448 0.00869514
2 0.0144492 0.0144496
1 0.00509078 0.00509112
1 0.0716496 0.0716499
1 0.0316893 0.0316896
1 0.00489275 0.00489302
0 0 2.31473e-07
2 0.00535464 0.00535486
1 0.00680773 0.00680788
1 0.00768369 0.00768379
2 0.00849486 0.00849495
2 0.00682069 0.00682076
1 0.148181 0.148181
