0 0 inf
0 0 0.166481
1 0.0145844 0.102924
1 0.388225 0.445984
0 0 0.0484196
0 0 0.0453117
1 0.419747 0.457516
0 0 0.0375013
0 0 0.0352827
0 0 0.0345401
0 0 0.0341612
1 0.0396303 0.0657151
0 0 0.0246203
1 0.0271817 0.050875
0 0 0.0233569
0 0 0.0230494
0 0 0.0230132
0 0 0.0213384
0 0 0.0205171
0 0 0.0202874
0 0 0.0200319
1 0.0552686 0.0749973
0 0 0.0195514
0 0 0.0187448
1 0.0333359 0.052063
1 0.0641009 0.0826595
0 0 0.0182017
0 0 0.016972
1 0.0915681 0.108472
0 0 0.016893
2 0.105504 0.121934
0 0 0.0162951
0 0 0.0160939
0 0 0.0160709
0 0 0.0157871
0 0 0.015723
0 0 0.0153606
0 0 0.0151914
0 0 0.0144417
1 0.049057 0.0634572
0 0 0.0137166
1 0.0248991 0.0382727
0 0 0.0129943
0 0 0.0129491
0 0 0.0127178
0 0 0.0126486
1 0.422084 0.434231
0 0 0.0121454
1 0.102786 0.114783
0 0 0.0112856
0 0 0.0109248
1 0.0485965 0.0594142
0 0 0.0107583
0 0 0.0107124
0 0 0.0102551
0 0 0.0100887
0 0 0.0100726
1 0.0193488 0.0292954
0 0 0.00959451
0 0 0.00926085
0 0 0.00917939
1 0.0139722 0.023089
1 0.0967704 0.105804
0 0 0.00867409
0 0 0.00844785
0 0 0.00822519
0 0 0.00817706
0 0 0.00799909
1 0.00832016 0.0162895
0 0 0.00795604
0 0 0.0078907
0 0 0.00781526
0 0 0.00771698
0 0 0.00745305
1 0.0616633 0.0690437
1 0.0117942 0.0188399
0 0 0.00702656
1 0.04402 0.050936
0 0 0.00690352
0 0 0.00684971
0 0 0.00677446
0 0 0.00662149
1 0.0249067 0.031418
1 0.0112721 0.0176636
1 0.0466394 0.0530286
0 0 0.00621635
2 0.0237053 0.0298968
0 0 0.00611134
0 0 0.00603955
0 0 0.00600832
1 0.0095986 0.0155845
0 0 0.00584652
1 0.0059056 0.0116632
0 0 0.00570842
1 0.0638561 0.0695226
0 0 0.00557666
0 0 0.0055051
0 0 0.00548269
1 0.0378901 0.0433677
1 0.0341658 0.0396373
0 0 0.00546924
1 0.0737574 0.0791945
0 0 0.00541721
1 0.0750655 0.0804674
0 0 0.00536492
1 0.0073934 0.0127039
0 0 0.00530007
0 0 0.00528775
1 0.04833 0.0536094
0 0 0.00523748
0 0 0.00514024
0 0 0.00495856
1 0.169116 0.174026
1 0.0984714 0.103352
0 0 0.00487151
1 0.0740613 0.0788157
0 0 0.00475196
0 0 0.00472548
0 0 0.00444245
0 0 0.00441343
0 0 0.00437191
0 0 0.00434907
0 0 0.0043368
0 0 0.00432767
0 0 0.00422855
1 0.0376411 0.0418514
0 0 0.00417172
0 0 0.00415341
1 0.0403511 0.0444561
2 0.202359 0.206358
0 0 0.00399444
0 0 0.00398767
0 0 0.00389062
0 0 0.00382962
1 0.00915958 0.012933
0 0 0.00370922
0 0 0.00366143
1 0.0125553 0.0162145
0 0 0.00362696
0 0 0.00358776
1 0.00425902 0.00782593
0 0 0.00356291
0 0 0.0034897
0 0 0.00347658
1 0.0352068 0.0386397
0 0 0.00339898
1 0.0258822 0.0292522
2 0.0549416 0.0583104
0 0 0.00330293
1 0.031104 0.0343709
0 0 0.0032221
1 0.0547647 0.0578908
0 0 0.00308201
0 0 0.00302927
0 0 0.00302488
1 0.0410183 0.0439182
0 0 0.00289813
0 0 0.00287268
0 0 0.00286644
0 0 0.00286058
1 0.00465516 0.00749207
1 0.00584611 0.0086711
0 0 0.00280966
0 0 0.00277447
1 0.015968 0.0187384
1 0.0573554 0.0601161
0 0 0.00275173
0 0 0.00272925
0 0 0.00272628
0 0 0.00266931
0 0 0.00263154
0 0 0.00261338
1 0.0131004 0.0156368
1 0.00820135 0.0107059
1 0.07499 0.0774722
0 0 0.00247945
1 0.0377993 0.040229
0 0 0.00242904
1 0.0856145 0.0880193
0 0 0.00239721
2 0.458719 0.461104
1 0.00728453 0.00964357
1 0.0268789 0.02923
0 0 0.00233749
1 0.00807475 0.0104107
1 0.0075015 0.00982657
2 0.0382881 0.0406019
0 0 0.00230212
1 0.0187842 0.0210652
0 0 0.00221622
0 0 0.00219912
0 0 0.00214987
0 0 0.00212534
0 0 0.00212472
0 0 0.00211133
1 0.0121653 0.0142675
0 0 0.00210054
1 0.0313683 0.033427
0 0 0.00205503
0 0 0.00204415
0 0 0.0020396
1 0.0101516 0.012182
1 0.00439571 0.00638414
0 0 0.00198035
0 0 0.00195124
0 0 0.0019056
1 0.0219541 0.023852
2 0.0823288 0.0841827
0 0 0.00185206
0 0 0.00184677
1 0.0177382 0.0195113
1 0.0186499 0.0204141
0 0 0.00176156
2 0.118416 0.120169
0 0 0.00174954
1 0.0431499 0.0448785
0 0 0.00171199
1 0.00617186 0.00787145
0 0 0.00169858
1 0.00364594 0.00534037
0 0 0.00169319
1 0.00749771 0.00918275
2 0.0601511 0.0618266
1 0.010337 0.0120111
1 0.00997363 0.0116288
1 0.00696871 0.0086228
1 0.0242721 0.0258711
1 0.0292643 0.0308621
0 0 0.00159348
2 0.0226479 0.0242398
1 0.00653785 0.00811732
1 0.00661224 0.00818469
0 0 0.0015715
0 0 0.00154985
1 0.0556381 0.0571734
1 0.0172041 0.0187315
1 0.00637131 0.00788048
1 0.00655317 0.00805644
0 0 0.00150007
0 0 0.00149263
1 0.00304378 0.00452458
0 0 0.00146397
1 0.00580286 0.00726606
0 0 0.00142626
0 0 0.00141318
0 0 0.00140325
1 0.00768148 0.00908084
1 0.00695046 0.0083338
0 0 0.00136031
1 0.0230588 0.0244161
0 0 0.0013535
1 0.00557285 0.00689291
0 0 0.001319
2 0.0720242 0.0733431
1 0.00812679 0.00943902
1 0.0434831 0.0447934
0 0 0.0013072
1 0.0105912 0.0118981
1 0.0117609 0.0130641
0 0 0.0012944
0 0 0.00129266
0 0 0.00126223
2 0.00909742 0.0103333
1 0.0123269 0.0135603
1 0.00196817 0.00317891
2 0.00952716 0.0107103
0 0 0.00118196
0 0 0.00113134
1 0.0476062 0.0487275
0 0 0.00110176
0 0 0.00109165
2 0.0835909 0.0846754
1 0.0105992 0.0116767
1 0.00526909 0.00634527
1 0.0121234 0.0131977
1 0.00320787 0.00427537
1 0.0278012 0.0288621
1 0.00521889 0.00627604
2 0.445989 0.447046
0 0 0.00105274
0 0 0.00104436
0 0 0.00103126
0 0 0.00100362
1 0.0152088 0.0162039
1 0.00510354 0.00608589
2 0.0198474 0.0208293
1 0.0886863 0.0896531
0 0 0.000961702
2 0.109984 0.110943
0 0 0.000958501
0 0 0.00095567
1 0.00504001 0.0059805
1 0.0192048 0.0201073
0 0 0.000893543
0 0 0.000871008
1 0.0208728 0.0217403
1 0.00802205 0.00887847
1 0.00597827 0.00682927
1 0.0134787 0.0143186
1 0.00562042 0.00645946
1 0.00351703 0.00435306
1 0.00964346 0.0104705
0 0 0.00081798
0 0 0.000814119
1 0.0148273 0.0156323
0 0 0.000803549
1 0.0118175 0.0126016
1 0.074514 0.0752944
0 0 0.000779584
1 0.0152245 0.0159999
1 0.0581309 0.0589047
2 0.0806664 0.0814312
0 0 0.000761018
1 0.00275229 0.00351255
0 0 0.000758945
2 0.01239 0.0131297
1 0.00829256 0.00902626
0 0 0.000720939
1 0.0051069 0.00582241
1 0.0452168 0.0459274
1 0.00244021 0.0031381
1 0.00873746 0.00942752
1 0.0140066 0.014684
1 0.00770752 0.00838388
1 0.00953989 0.0102155
1 0.00664444 0.00731636
1 0.0225803 0.0232489
0 0 0.000668325
1 0.0146451 0.015312
1 0.0294353 0.0301021
2 0.00810142 0.00876259
0 0 0.000660648
1 0.0126687 0.0133284
0 0 0.000654405
0 0 0.000652024
1 0.0719999 0.072651
1 0.00740519 0.00805501
1 0.0341222 0.0347715
1 0.00457873 0.00522512
1 0.00973943 0.0103714
2 0.0113489 0.0119737
0 0 0.000622631
1 0.034308 0.0349284
1 0.0108529 0.0114714
1 0.036156 0.0367738
1 0.00540248 0.00601508
2 0.012296 0.0129076
2 0.0285366 0.0291262
1 0.00445508 0.00503972
2 0.0902286 0.0907999
0 0 0.000569018
1 0.0780344 0.0786006
1 0.0294293 0.0299932
1 0.00514601 0.0057064
2 0.0121101 0.0126574
2 0.00976991 0.0103098
2 0.0238182 0.0243553
0 0 0.00053372
0 0 0.000533002
1 0.0787707 0.0793019
1 0.0544665 0.0549859
1 0.00353451 0.00404845
2 0.038885 0.0393973
2 0.0317736 0.0322827
2 0.0147688 0.0152766
2 0.0150714 0.0155761
2 0.0786205 0.0791173
0 0 0.000496641
1 0.0781433 0.0786314
1 0.0210987 0.0215821
2 0.0115669 0.0120501
2 0.00943229 0.00991444
1 0.00608533 0.00656261
1 0.00384358 0.00431377
1 0.0276192 0.028089
0 0 0.000466211
2 0.0619998 0.0624638
1 0.023826 0.0242803
0 0 0.000449257
2 0.0132035 0.0136454
0 0 0.00043805
0 0 0.00043611
1 0.00429902 0.00473402
1 0.0125064 0.0129301
1 0.0145993 0.0150216
0 0 0.000414611
2 0.0304994 0.0309121
1 0.0172862 0.017695
2 0.0126754 0.0130828
1 0.0103066 0.0107048
1 0.00541213 0.0057995
1 0.0217309 0.0221151
1 0.0558616 0.0562453
2 0.0123124 0.0126903
1 0.0260221 0.0263964
1 0.0192379 0.0196094
1 0.00695062 0.00731997
1 0.0073779 0.00773978
1 0.00392263 0.00428349
1 0.0217035 0.0220633
2 0.0083792 0.00873784
0 0 0.000350144
1 0.00715162 0.00749811
1 0.0038041 0.00414981
1 0.00640475 0.0067438
1 0.00769805 0.00803331
1 0.00392402 0.00424761
1 0.00423484 0.00455826
1 0.0048983 0.00521706
1 0.0554749 0.0557914
1 0.00290491 0.00322053
1 0.00670673 0.00702041
0 0 0.000313287
1 0.0192592 0.0195723
2 0.11982 0.120131
0 0 0.000308317
1 0.00493312 0.00523398
1 0.0058673 0.00616798
1 0.022143 0.0224417
1 0.00550076 0.00579356
1 0.0175914 0.0178838
1 0.00261949 0.00290489
0 0 0.0002845
1 0.0573863 0.0576613
1 0.00907637 0.0093506
2 0.0077864 0.00805907
1 0.0709345 0.0712062
1 0.00254985 0.00281806
1 0.00746573 0.00773364
1 0.00611296 0.00637981
2 0.0152091 0.0154755
1 0.00428345 0.00454945
1 0.00231734 0.00258073
2 0.008069 0.00833208
1 0.00496053 0.0052216
2 0.0727012 0.072956
1 0.084063 0.0843155
2 0.0270528 0.0273013
1 0.0120588 0.0122952
1 0.0378924 0.0381258
1 0.0116276 0.0118605
1 0.00922843 0.00946044
1 0.00493782 0.00516945
2 0.0113637 0.0115942
1 0.0058271 0.00605609
1 0.0670454 0.0672728
1 0.000971329 0.0011933
1 0.0161171 0.016336
1 0.0120429 0.0122617
1 0.0106758 0.0108944
1 0.0269372 0.027155
2 0.00827473 0.0084864
1 0.00692672 0.00713684
2 0.00608601 0.00629418
0 0 0.000202164
1 0.00757647 0.00777699
1 0.00420016 0.00439915
2 0.0840426 0.0842365
1 0.00831175 0.00850485
1 0.0206055 0.0207968
1 0.00357833 0.00376313
1 0.00502743 0.00521197
1 0.000735777 0.000915201
1 0.00746557 0.00764271
1 0.00496307 0.00513015
2 0.03908 0.0392467
1 0.0487519 0.0489177
1 0.00140571 0.00156918
2 0.00633082 0.00649314
2 0.0796462 0.0798026
2 0.0912079 0.0913638
2 0.0131435 0.0132985
0 0 0.00015136
2 0.0037345 0.00388451
1 0.0261113 0.0262586
1 0.00313216 0.00327733
1 0.00448022 0.00462472
1 0.0100417 0.0101848
1 0.000902426 0.00104504
1 0.0198355 0.019974
1 0.0356015 0.0357387
1 0.0700634 0.0701995
1 0.00460394 0.00473945
2 0.142543 0.142677
1 0.0168205 0.0169513
1 0.0373857 0.0375122
2 0.0100287 0.0101485
2 0.00651281 0.00663241
1 0.00603518 0.00615341
1 0.00611518 0.00622626
2 0.0299494 0.0300601
2 0.00925937 0.00936777
1 0.00906729 0.00917536
1 0.00102601 0.00113343
1 0.00324719 0.00335424
2 0.023508 0.0236143
1 0.00592257 0.00602878
1 0.00962378 0.00972835
1 0.0178084 0.0179123
2 0.0075107 0.00761455
1 0.00159406 0.00169628
2 0.00817258 0.00827464
2 0.122973 0.123072
1 0.0256782 0.0257759
1 0.00357936 0.00367444
1 0.0161439 0.0162386
2 0.0801391 0.0802336
1 0.00400601 0.00409868
2 0.00956987 0.00966041
1 0.00719992 0.0072899
2 0.00500215 0.00509057
2 0.0085417 0.00862881
1 0.072462 0.0725462
1 0.0030219 0.00310561
2 0.00610588 0.0061886
1 0.0076753 0.0077551
1 0.0011584 0.0012355
1 0.00454573 0.00462076
1 0.0019596 0.00203326
2 0.009242 0.00931402
1 0.00826238 0.00833374
1 0.0108854 0.0109541
1 0.00718681 0.00725464
2 0.0195788 0.0196452
2 0.00449692 0.00456327
1 0.0137952 0.0138611
1 0.00618933 0.00625447
1 0.00651986 0.00658338
1 0.0108782 0.0109404
2 0.00718132 0.00724148
0 0 5.96722e-05
1 0.0739787 0.0740363
1 0.0814586 0.081515
1 0.016473 0.0165285
1 0.0120339 0.0120893
1 0.00668001 0.00673368
1 0.0540423 0.0540958
2 0.0106457 0.0106991
2 0.0322954 0.0323474
2 0.0169018 0.0169537
1 0.00678263 0.00683455
1 0.458115 0.458167
1 0.0153304 0.0153811
2 0.0638427 0.0638933
1 0.00960749 0.00965796
2 0.0589666 0.0590148
2 0.0825901 0.0826382
1 0.00366392 0.00370742
2 0.00965729 0.00970051
1 0.0021285 0.00217106
2 0.181141 0.181183
1 0.00844233 0.00848237
1 0.0058266 0.0058664
2 0.0602072 0.060246
1 0.00595876 0.0059963
2 0.00880497 0.00884199
2 0.00765092 0.00768768
2 0.0321975 0.0322338
1 0.00769172 0.00772755
1 0.00578592 0.0058217
2 0.0122658 0.0123009
2 0.0133646 0.0133992
1 0.0113207 0.0113535
1 0.00636084 0.00639351
2 0.0608284 0.0608605
1 0.00726158 0.00729245
1 0.00440231 0.00443197
2 0.0114785 0.011507
1 0.00114098 0.00116868
2 0.00678218 0.00680971
2 0.00801986 0.00804656
1 0.00872501 0.00875171
1 0.00255541 0.00258206
2 0.0165638 0.0165901
1 0.0190981 0.0191237
1 0.0301118 0.0301368
1 0.00827859 0.00830299
1 0.0128244 0.0128475
1 0.0280711 0.0280938
1 0.0578176 0.0578391
1 0.0575693 0.0575907
1 0.00838221 0.00840157
1 0.0280198 0.0280391
1 0.0399091 0.0399283
2 0.00483094 0.00484973
2 0.0101664 0.0101849
1 0.00933241 0.00935055
1 0.00906675 0.00908441
1 0.0503437 0.0503605
1 0.0046518 0.00466845
2 0.00966239 0.00967892
1 0.0157174 0.015733
2 0.00726583 0.0072812
1 0.0031123 0.00312742
1 0.00583795 0.00585264
1 0.00976843 0.00978242
2 0.0259847 0.0259981
1 0.00685544 0.00686846
1 0.0110529 0.0110658
2 0.00526017 0.00527211
1 0.00499121 0.00500235
2 0.0108005 0.0108109
2 0.0191321 0.0191421
1 0.00948992 0.00949994
2 0.0036794 0.00368898
2 0.0197902 0.0197996
1 0.00428223 0.00429158
1 0.0187512 0.0187602
2 0.00789522 0.00790383
2 0.0576704 0.057679
1 0.00999404 0.0100022
1 0.0153493 0.0153574
2 0.0204677 0.0204757
1 0.0155663 0.015574
1 0.00868609 0.00869362
1 0.00813668 0.00814413
1 0.00626893 0.00627637
2 0.0382189 0.0382262
1 0.104711 0.104718
1 0.00345021 0.0034565
2 0.0576311 0.057637
2 0.00693152 0.00693727
2 0.0226543 0.02266
2 0.070791 0.0707965
1 0.00140135 0.00140614
2 0.0189055 0.0189102
2 0.0628859 0.0628905
2 0.0552682 0.0552724
2 0.020051 0.020055
2 0.00650075 0.00650446
2 0.00883154 0.00883514
1 0.136902 0.136906
2 0.008046 0.00804924
2 0.0152949 0.015298
2 0.0131891 0.0131921
1 0.00104422 0.00104711
2 0.0227798 0.0227826
1 0.00249223 0.0024949
1 0.00679345 0.00679595
1 0.00891179 0.00891419
1 0.106345 0.106347
2 0.0733039 0.073306
2 0.0096206 0.00962256
2 0.00647561 0.00647721
2 0.0161197 0.0161213
1 0.00502512 0.00502657
2 0.0147422 0.0147436
1 0.00646112 0.00646232
2 0.0143673 0.0143679
1 0.00958748 0.00958814
2 0.0157208 0.0157213
2 0.00394459 0.00394503
1 0.0109634 0.0109638
2 0.106349 0.10635
2 0.0097695 0.00976985
1 0.0219765 0.0219767
1 0.00170059 0.0017007
2 0.00832796 0.00832801
2 0.0065237 0.00652375
2 0.0576379 0.0576379
1 0.00394427 0.00394428
2 0.00524484 0.00524484
2 0.00646237 0.00646237
