0 0 inf
0 0 0.111308
1 0.129299 0.232957
0 0 0.069262
0 0 0.0667654
0 0 0.0522327
1 0.0204682 0.0722425
1 0.0589584 0.102912
0 0 0.0436252
0 0 0.0424404
0 0 0.0392713
0 0 0.0328371
0 0 0.0303363
0 0 0.0282764
1 0.0181012 0.044839
0 0 0.0248353
0 0 0.0216093
1 0.0601112 0.0803675
0 0 0.020078
2 0.123349 0.14341
1 0.0419809 0.0618113
1 0.0235209 0.0432836
0 0 0.0193007
0 0 0.0186635
0 0 0.0181532
0 0 0.0180843
0 0 0.0180079
0 0 0.0179563
1 0.194262 0.212026
1 0.0740335 0.0910842
0 0 0.0170017
1 0.0795072 0.0962602
1 0.0509849 0.0674261
0 0 0.0163175
1 0.0310642 0.0471222
0 0 0.0159682
0 0 0.0158252
0 0 0.0142059
0 0 0.0139665
0 0 0.0135704
0 0 0.0133457
1 0.0358709 0.0488663
0 0 0.0129455
0 0 0.012942
0 0 0.0129276
0 0 0.0127948
0 0 0.0122012
0 0 0.0121761
1 0.235567 0.247685
1 0.0216643 0.0334094
1 0.244246 0.255961
0 0 0.011469
0 0 0.0113039
0 0 0.0108927
0 0 0.0104888
0 0 0.0102179
1 0.202137 0.212299
1 0.100715 0.110756
0 0 0.0096478
0 0 0.00948915
0 0 0.00941591
0 0 0.00884108
0 0 0.0087713
0 0 0.00850062
1 0.0444909 0.0529099
1 0.0641724 0.0725476
0 0 0.00826718
0 0 0.00825659
0 0 0.00821819
2 0.271512 0.279561
0 0 0.00795179
0 0 0.00765483
0 0 0.007593
0 0 0.00737933
0 0 0.00728502
0 0 0.00713127
1 0.00889514 0.0158161
0 0 0.00691404
1 0.0294725 0.0363482
0 0 0.00680301
0 0 0.0065276
0 0 0.00652187
1 0.0617435 0.0681977
0 0 0.00616238
0 0 0.00593896
1 0.225495 0.231258
1 0.00596497 0.0117011
2 0.258116 0.263836
1 0.0351847 0.0407918
1 0.00568636 0.0112473
0 0 0.00550049
0 0 0.00541297
1 0.00551708 0.0107825
0 0 0.00524575
0 0 0.00521991
0 0 0.0047871
0 0 0.00478496
0 0 0.0045927
0 0 0.00453277
0 0 0.00449063
1 0.0047547 0.00924452
0 0 0.00445986
0 0 0.00438656
1 0.107457 0.111813
1 0.079951 0.0843052
1 0.0317048 0.035977
1 0.0223339 0.0266051
0 0 0.00425092
0 0 0.00414544
0 0 0.00409244
0 0 0.00408895
1 0.0245681 0.0286444
0 0 0.00402987
1 0.0185515 0.0225637
0 0 0.00392518
0 0 0.00384212
0 0 0.0038311
0 0 0.00381278
0 0 0.00373879
2 0.012046 0.0157509
0 0 0.0036977
0 0 0.00368798
0 0 0.00366603
0 0 0.00363958
0 0 0.0035932
1 0.0412672 0.0448402
0 0 0.00356465
1 0.00532383 0.00887387
1 0.00503503 0.0084649
0 0 0.00342398
1 0.0320966 0.0355037
0 0 0.00333068
0 0 0.00328253
0 0 0.00328005
0 0 0.00326534
1 0.0316132 0.0348549
0 0 0.00317099
0 0 0.00314041
0 0 0.00313248
0 0 0.00311494
0 0 0.00306991
1 0.247906 0.250889
1 0.00688233 0.00982392
0 0 0.00288594
0 0 0.00287726
0 0 0.00283678
1 0.00548491 0.00831854
0 0 0.00282623
0 0 0.00279656
0 0 0.00279002
2 0.23631 0.239096
0 0 0.00277786
1 0.0114168 0.014161
0 0 0.00273752
0 0 0.00269835
1 0.0325438 0.0352131
1 0.00480307 0.00746782
1 0.00740208 0.0100574
0 0 0.00260849
1 0.014005 0.0166109
0 0 0.00259397
0 0 0.0025876
0 0 0.0025715
0 0 0.0025516
1 0.00733296 0.00986208
0 0 0.00251683
0 0 0.00250426
1 0.00719568 0.00967585
2 0.114249 0.116661
0 0 0.00236932
0 0 0.00236107
0 0 0.00231165
1 0.0254927 0.0277684
0 0 0.00226686
0 0 0.00223833
1 0.00604147 0.00826829
0 0 0.00211444
1 0.00460969 0.00670044
1 0.00842091 0.0105097
0 0 0.00203784
1 0.00847145 0.0105064
0 0 0.00203383
0 0 0.00203176
2 0.116364 0.118372
1 0.00539985 0.00740748
1 0.0223651 0.0243702
0 0 0.00199929
0 0 0.00193814
1 0.0115182 0.0134341
0 0 0.00191359
1 0.0108224 0.0127357
0 0 0.00189955
0 0 0.0018945
1 0.00258366 0.00447736
1 0.00623833 0.00811253
1 0.00417992 0.00603688
0 0 0.00185538
0 0 0.00184451
0 0 0.00184238
1 0.00779063 0.00958933
0 0 0.00179154
0 0 0.00177871
0 0 0.00177379
0 0 0.00176662
1 0.00920595 0.0109424
1 0.00915118 0.0108789
0 0 0.00172152
1 0.00957378 0.0112895
1 0.0242986 0.0260142
0 0 0.00170177
1 0.00544596 0.00713778
0 0 0.00168068
0 0 0.00166324
1 0.0563077 0.0579539
0 0 0.0016274
1 0.0555849 0.057186
0 0 0.00159696
0 0 0.0015942
1 0.0118009 0.0133865
1 0.00906301 0.010643
1 0.01022 0.011797
0 0 0.00156938
0 0 0.00156668
0 0 0.00154653
2 0.0144832 0.0159777
0 0 0.0014664
1 0.0263622 0.0278278
0 0 0.00145827
0 0 0.0014582
0 0 0.00145138
2 0.0162487 0.0176607
2 0.244926 0.246291
1 0.00701441 0.00837017
1 0.0119083 0.0132639
2 0.0132759 0.0146262
0 0 0.00134948
0 0 0.00134084
0 0 0.0013355
1 0.0918674 0.0931984
1 0.0268265 0.0281441
1 0.00192389 0.00324136
0 0 0.00131615
0 0 0.00131232
2 0.118977 0.120284
0 0 0.00129512
0 0 0.00127344
1 0.0097254 0.0109976
2 0.0742104 0.0754692
0 0 0.00125793
1 0.00710291 0.00835423
1 0.114052 0.115294
0 0 0.00123469
0 0 0.00122818
1 0.00949461 0.0107077
0 0 0.00121304
0 0 0.00115708
0 0 0.00115592
1 0.0461978 0.0473332
1 0.0102992 0.0114161
1 0.0105513 0.0116474
1 0.00966121 0.0107547
1 0.0031168 0.00420173
0 0 0.00107672
0 0 0.00107235
2 0.0126801 0.0137402
1 0.00608784 0.00714079
1 0.0171482 0.0181844
1 0.00428698 0.00532305
2 0.0101122 0.0111446
1 0.00666364 0.00768775
0 0 0.00101538
2 0.0146123 0.0156269
0 0 0.000998367
1 0.0342996 0.0352952
2 0.00909055 0.0100819
1 0.00523455 0.00621675
0 0 0.000965104
1 0.00189991 0.00286463
1 0.00277183 0.00373363
2 0.0109143 0.0118544
1 0.0376447 0.0385799
1 0.00435039 0.00527601
1 0.00689846 0.00782119
0 0 0.000918376
2 0.0235168 0.0244342
0 0 0.000904883
0 0 0.000899103
0 0 0.000898947
1 0.037654 0.0385489
1 0.0111344 0.012021
0 0 0.000875148
0 0 0.000867679
0 0 0.000861067
0 0 0.000851784
0 0 0.000842297
2 0.0110804 0.0119067
0 0 0.000822499
0 0 0.000801764
1 0.00337881 0.00417756
1 0.0208192 0.0216131
1 0.0200775 0.0208542
1 0.0124218 0.013194
0 0 0.000769578
1 0.00730027 0.00806338
1 0.00333185 0.00406855
0 0 0.000734561
1 0.0537454 0.0544608
1 0.0094687 0.0101776
1 0.00217706 0.00286991
1 0.0294147 0.0301008
1 0.00698474 0.00766907
1 0.00776828 0.00845079
1 0.00661252 0.00727228
1 0.00509795 0.00575754
1 0.0643758 0.0650275
1 0.00959733 0.010247
1 0.00592012 0.00656576
1 0.282525 0.283164
0 0 0.000637507
1 0.025696 0.0263286
1 0.00375952 0.00437383
0 0 0.000611055
1 0.00784496 0.00845536
1 0.00810805 0.00871473
1 0.00959358 0.0101894
0 0 0.00059253
1 0.00654365 0.00711859
1 0.00154135 0.00211469
1 0.00446071 0.00502207
1 0.0100729 0.0106339
1 0.00386583 0.00442631
1 0.0104208 0.0109749
1 0.0096769 0.0102301
0 0 0.000541921
2 0.0084703 0.00900599
1 0.0182553 0.0187868
1 0.00703401 0.00755103
1 0.00259903 0.0031136
1 0.00874032 0.00924904
0 0 0.000501479
1 0.00611902 0.00661992
0 0 0.00050088
1 0.015184 0.0156771
1 0.00449833 0.00497926
1 0.0373198 0.0377993
1 0.0058617 0.00633638
1 0.0314124 0.0318811
1 0.00674067 0.00720076
2 0.0415564 0.0420099
1 0.00348445 0.00393769
0 0 0.000449202
0 0 0.000447118
1 0.00596769 0.00641349
1 0.0456505 0.0460936
1 0.0516981 0.0521279
2 0.0166227 0.0170431
2 0.123857 0.124274
0 0 0.000416585
1 0.00482644 0.00523999
1 0.00448625 0.00489932
1 0.0362987 0.0367015
1 0.0352 0.0356009
1 0.00622816 0.0066285
1 0.00716118 0.0075596
2 0.00925264 0.00964248
1 0.00646892 0.00685863
1 0.00208897 0.00247762
1 0.00529411 0.00568064
0 0 0.000386176
2 0.0106703 0.0110535
1 0.043232 0.0436136
1 0.0310348 0.031414
1 0.0999987 0.100374
1 0.0615879 0.0619624
2 0.0136716 0.0140424
1 0.0646204 0.064983
2 0.0131876 0.0135446
0 0 0.000351541
0 0 0.00033822
1 0.0023521 0.00268704
0 0 0.000330399
1 0.00327314 0.0035993
1 0.0160018 0.0163277
1 0.0016247 0.00194945
1 0.00302769 0.00334671
1 0.00970683 0.0100239
0 0 0.000309972
1 0.00685526 0.00716307
1 0.0743972 0.0747037
1 0.0109186 0.0112243
0 0 0.000299487
1 0.00234084 0.00263821
0 0 0.000295576
1 0.00356008 0.00385506
0 0 0.000280667
1 0.00795669 0.00823715
0 0 0.000275505
1 0.00950471 0.00977558
1 0.112198 0.112463
1 0.0100775 0.0103397
1 0.0175086 0.0177704
2 0.00818292 0.00844434
1 0.0042881 0.00454415
1 0.00168384 0.00193862
1 0.00756817 0.00781703
1 0.00250945 0.00275552
2 0.0417121 0.0419556
1 0.0136599 0.0139023
2 0.00853053 0.00877291
2 0.0101155 0.0103545
1 0.00221924 0.00245713
2 0.0092805 0.00951684
2 0.00402398 0.00425932
1 0.00327751 0.00351183
1 0.00931728 0.00955147
1 0.00855408 0.00878731
1 0.0122703 0.0124988
1 0.00481668 0.00504384
1 0.0103073 0.0105292
1 0.0100787 0.0103006
2 0.0133308 0.0135481
1 0.00778425 0.00800075
1 0.00802024 0.00823611
1 0.117182 0.117396
1 0.00161091 0.0018202
0 0 0.000203382
1 0.00738779 0.00757533
1 0.0755493 0.0757358
2 0.0129232 0.0131045
1 0.0125912 0.0127679
1 0.00377532 0.00394899
2 0.0122434 0.0124166
1 0.00176797 0.00194094
1 0.00224321 0.00241607
2 0.00902125 0.00919191
1 0.101334 0.101504
1 0.00842653 0.00859015
1 0.00540324 0.00556658
1 0.00783978 0.00800276
2 0.0119554 0.0121139
1 0.00254982 0.00270753
1 0.00416085 0.00431832
2 0.00579357 0.00595032
2 0.00779469 0.00795132
1 0.00275596 0.00291209
1 0.00518976 0.00534388
1 0.0096684 0.00982021
1 0.00163103 0.00178108
1 0.235295 0.235444
1 0.00477969 0.00492885
1 0.0207916 0.020935
1 0.0248975 0.0250378
1 0.00590339 0.00603908
1 0.163504 0.16364
1 0.000425322 0.000555175
1 0.00744978 0.00757874
0 0 0.000128609
0 0 0.000127404
1 0.0120696 0.0121965
1 0.0056835 0.0058088
1 0.0207675 0.0208921
1 0.0124622 0.012585
1 0.00119766 0.00131813
1 0.0156671 0.0157871
1 0.00787416 0.00799261
1 0.00911437 0.0092281
1 0.00632905 0.00644208
2 0.00930088 0.00941179
2 0.0112571 0.0113661
1 0.00526356 0.00537144
1 0.00160913 0.00171583
1 0.00862902 0.0087354
2 0.0749664 0.0750684
1 0.00700926 0.0071111
1 0.00186363 0.0019643
1 0.00163903 0.00173905
1 0.00305529 0.00315504
2 0.00752294 0.00762188
2 0.00728387 0.00738158
2 0.0912189 0.091316
2 0.0126479 0.0127411
1 0.00900106 0.00909275
1 0.00541905 0.00550927
2 0.0135156 0.0136036
1 0.249325 0.249412
2 0.00698398 0.00707012
2 0.0288769 0.0289626
1 0.00853034 0.00861252
2 0.012654 0.0127351
1 0.0199117 0.0199926
2 0.00944498 0.009525
2 0.0104382 0.0105177
1 0.0356002 0.0356781
2 0.0108026 0.0108799
1 0.0257939 0.0258696
1 0.0184401 0.0185155
1 0.00703853 0.00711335
2 0.0122098 0.012283
2 0.00463937 0.00470939
1 0.0242676 0.0243373
1 0.0425252 0.042593
1 0.00160662 0.00167429
1 0.00713017 0.00719751
1 0.0300252 0.0300899
2 0.0243937 0.0244525
1 0.00605551 0.00611421
2 0.249116 0.249175
1 0.0118236 0.0118815
1 0.00433152 0.00438801
1 0.00665478 0.00671107
1 0.00161446 0.00167061
1 0.00785059 0.00790629
2 0.00894869 0.0090024
1 0.00268301 0.00273582
1 0.00653416 0.00658517
1 0.00803664 0.00808675
1 0.00856155 0.00861023
1 0.00714435 0.00719241
2 0.0110644 0.0111115
1 0.00177406 0.00182015
1 0.0151228 0.0151655
2 0.00459007 0.00463166
1 0.010187 0.0102282
2 0.0143605 0.014401
1 0.001966 0.00200538
1 0.0185007 0.0185365
1 0.0106533 0.0106889
1 0.00996612 0.010001
1 0.00420642 0.00424047
1 0.0112165 0.0112502
1 0.0034738 0.0035073
1 0.00376524 0.00379825
1 0.00338045 0.00341314
1 0.011276 0.0113084
1 0.0102529 0.0102835
1 0.0015761 0.00160552
2 0.0732013 0.0732293
1 0.0310517 0.0310785
2 0.0110047 0.0110303
1 0.00360736 0.0036329
2 0.0341901 0.0342139
2 0.0133554 0.0133783
2 0.0134552 0.0134771
1 0.0483058 0.0483267
1 0.0494574 0.0494758
1 0.00421704 0.00423501
1 0.00620333 0.00622105
2 0.0192424 0.0192592
1 0.00559102 0.00560761
2 0.0126428 0.0126591
1 0.00806041 0.00807606
1 0.048572 0.0485875
2 0.00733139 0.00734665
2 0.00761446 0.00762923
1 0.00223685 0.0022514
2 0.00904072 0.00905467
1 0.00147161 0.00148548
1 0.0014424 0.00145583
2 0.00947361 0.00948686
2 0.0209399 0.020953
1 0.00396729 0.00398029
2 0.0105123 0.0105249
1 0.00740705 0.00741789
1 0.00758622 0.00759662
2 0.00322875 0.00323892
2 0.0441235 0.0441335
2 0.013406 0.0134157
2 0.0168587 0.0168684
1 0.0131689 0.0131784
2 0.00716155 0.00717049
1 0.00752147 0.00753029
1 0.0183 0.0183077
1 0.0102917 0.0102994
1 0.00630004 0.00630771
2 0.232746 0.232754
2 0.0111673 0.0111745
1 0.0306406 0.0306478
1 0.00943252 0.0094389
2 0.00354003 0.00354564
1 0.00998271 0.00998817
1 0.0034103 0.00341524
1 0.00377262 0.00377727
1 0.00891443 0.00891878
2 0.00892116 0.00892524
2 0.00416097 0.00416479
1 0.0307643 0.0307679
2 0.0094034 0.00940683
2 0.0106901 0.0106934
1 0.00815901 0.00816221
1 0.0126069 0.01261
2 0.0130288 0.0130319
1 0.00889571 0.00889852
2 0.0828359 0.0828383
1 0.00858096 0.00858322
2 0.0183561 0.0183583
1 0.113371 0.113373
2 0.00816807 0.00816975
2 0.115381 0.115383
2 0.0022247 0.0022263
1 0.0114291 0.0114305
2 0.0176477 0.0176491
2 0.0139523 0.0139536
1 0.0120545 0.0120558
2 0.0476411 0.0476423
1 0.00107856 0.00107975
2 0.0049099 0.00491096
1 0.0954175 0.0954185
2 0.0046493 0.00465028
2 0.0247056 0.0247064
1 0.00194684 0.00194765
2 0.000581609 0.000582314
1 0.00506129 0.00506186
1 0.003607 0.00360754
1 0.000500209 0.000500744
2 0.00751554 0.00751591
1 0.0109059 0.0109063
1 0.0104991 0.0104994
2 0.101792 0.101792
2 0.010797 0.0107973
2 0.164263 0.164263
1 0.0051016 0.0051018
1 0.0128067 0.0128068
1 0.0151235 0.0151236
1 0.00332648 0.00332661
1 0.00321064 0.00321076
2 0.00810715 0.00810725
1 0.014626 0.0146261
1 0.00625961 0.00625968
2 0.015229 0.015229
1 0.00456132 0.00456136
1 0.0111797 0.0111797
1 0.0116639 0.0116639
1 0.00906526 0.00906527
2 0.0127444 0.0127444
