0 0 inf
0 0 0.122506
0 0 0.0993288
0 0 0.0834731
0 0 0.0729914
1 0.0237712 0.0877897
0 0 0.0632314
0 0 0.0488392
0 0 0.0461703
1 0.109196 0.14924
1 0.121533 0.159666
1 0.0748252 0.11051
0 0 0.0343859
0 0 0.0302662
0 0 0.0294668
1 0.0885253 0.116721
0 0 0.0280487
0 0 0.0274818
0 0 0.0273197
1 0.0481962 0.0745894
0 0 0.0244916
1 0.153311 0.177688
1 0.0232952 0.0474967
0 0 0.0241403
0 0 0.0236603
0 0 0.023199
0 0 0.0230332
0 0 0.0230183
0 0 0.0227962
1 0.0592157 0.0819403
0 0 0.0220495
1 0.084791 0.106154
0 0 0.0213562
1 0.165431 0.186279
1 0.0999905 0.119926
0 0 0.019769
1 0.00939588 0.0287284
0 0 0.0191761
1 0.167624 0.186235
0 0 0.0182849
1 0.0330231 0.051039
0 0 0.0178762
1 0.0368459 0.0543517
1 0.0604746 0.0774016
1 0.151773 0.168228
0 0 0.0161504
0 0 0.015901
0 0 0.0157509
0 0 0.0157291
0 0 0.0148041
0 0 0.0147499
2 0.12575 0.140054
0 0 0.0138447
1 0.122312 0.136136
0 0 0.0136135
0 0 0.0133351
0 0 0.0130859
0 0 0.0130377
1 0.126223 0.13911
0 0 0.0126562
0 0 0.0120871
0 0 0.0118441
0 0 0.0118131
0 0 0.011463
0 0 0.0114211
0 0 0.0112664
0 0 0.0109778
0 0 0.0108283
1 0.0136942 0.0244293
1 0.013112 0.0238326
0 0 0.0105588
0 0 0.0105481
0 0 0.0103703
1 0.133396 0.143681
1 0.0106525 0.0208394
0 0 0.00991535
0 0 0.00985963
0 0 0.00964688
2 0.096279 0.105892
0 0 0.00955404
1 0.0705867 0.0798581
0 0 0.00924238
0 0 0.0091262
0 0 0.00893246
0 0 0.00890297
1 0.136786 0.145576
2 0.131316 0.139898
0 0 0.00857918
1 0.0141546 0.0226313
0 0 0.00836039
0 0 0.00819385
0 0 0.00808257
1 0.0147005 0.0227217
1 0.00419398 0.0122084
1 0.0103675 0.0183493
1 0.00848306 0.0163967
1 0.0729778 0.0807312
0 0 0.00764484
0 0 0.00759322
0 0 0.00741085
1 0.0162714 0.0236117
1 0.0166193 0.0238592
0 0 0.00720641
1 0.0087559 0.0159264
1 0.030618 0.0375445
1 0.0485557 0.0554806
0 0 0.00666267
0 0 0.00660724
0 0 0.00656305
0 0 0.0065003
1 0.0254125 0.0318315
2 0.0334633 0.0398768
0 0 0.0063418
1 0.0128059 0.0191326
0 0 0.00631719
0 0 0.00621962
0 0 0.00620871
0 0 0.00618689
1 0.0352346 0.0413651
1 0.0723494 0.0784749
0 0 0.00608559
1 0.112238 0.11808
1 0.0153872 0.0212002
0 0 0.00575669
1 0.00756903 0.0132897
0 0 0.00565969
1 0.0416727 0.0472709
1 0.0285553 0.0339962
0 0 0.00539513
0 0 0.00538194
0 0 0.00536803
0 0 0.00531453
0 0 0.00529549
0 0 0.00519875
0 0 0.0051826
2 0.038272 0.0433798
0 0 0.00508696
0 0 0.00508678
1 0.156846 0.161886
0 0 0.0050233
0 0 0.00501808
0 0 0.00501279
1 0.125056 0.130068
0 0 0.00497775
1 0.0392398 0.0441903
1 0.00502595 0.00997583
0 0 0.00491245
0 0 0.00486284
0 0 0.00484958
1 0.0128256 0.017668
1 0.00419071 0.00902818
0 0 0.00480814
0 0 0.00480287
0 0 0.0047466
1 0.0320298 0.0367679
0 0 0.00471924
0 0 0.00471183
0 0 0.00468214
1 0.0701255 0.0747823
0 0 0.00461662
0 0 0.00459339
1 0.0220104 0.026593
1 0.0283918 0.0329333
0 0 0.00453753
0 0 0.00447502
0 0 0.0044441
2 0.0915535 0.0958977
0 0 0.00433386
1 0.0394639 0.043657
0 0 0.00413838
1 0.245304 0.249385
0 0 0.00403714
1 0.0386844 0.0425963
0 0 0.00390574
0 0 0.00390355
0 0 0.00389298
1 0.0166216 0.0204698
1 0.00973852 0.0135488
1 0.0597642 0.0634334
0 0 0.00364916
0 0 0.00362776
0 0 0.00362369
0 0 0.00358281
0 0 0.00356482
0 0 0.00349031
0 0 0.00334192
1 0.0148378 0.0181252
0 0 0.00328195
0 0 0.00320952
1 0.0221915 0.0253986
1 0.0220985 0.0252739
1 0.0475392 0.0506284
0 0 0.00306339
1 0.0184511 0.0214954
1 0.00868991 0.0116945
0 0 0.00299173
0 0 0.00297352
0 0 0.00295523
1 0.131932 0.134878
0 0 0.00291474
2 0.0232898 0.0261849
1 0.0218009 0.0246623
1 0.022763 0.0255852
2 0.0656602 0.0684634
2 0.0167605 0.0195574
0 0 0.00277389
0 0 0.00276079
0 0 0.00275764
1 0.00814051 0.0108907
0 0 0.00273005
0 0 0.00261116
0 0 0.00260654
0 0 0.00260531
0 0 0.00258623
0 0 0.0025625
1 0.0100971 0.0126501
2 0.0253494 0.0278565
1 0.0867177 0.0891696
0 0 0.00243625
1 0.0180264 0.0204617
1 0.00902292 0.0114394
1 0.084614 0.0870258
0 0 0.00239393
0 0 0.00235452
0 0 0.00233614
0 0 0.00233106
0 0 0.00225669
1 0.00505016 0.00729649
1 0.0051242 0.00736865
1 0.0748708 0.0770575
0 0 0.00217299
0 0 0.0021317
1 0.00775544 0.00988333
0 0 0.00210802
1 0.014618 0.0167045
1 0.0316915 0.0337742
1 0.0116253 0.0137052
1 0.00416152 0.00617534
0 0 0.00195607
1 0.0194974 0.0214327
1 0.019242 0.021163
0 0 0.00182847
1 0.0153289 0.0171312
0 0 0.00178821
1 0.00655957 0.00833278
0 0 0.00177297
1 0.0251354 0.0269017
1 0.00629448 0.0080548
1 0.0239012 0.0256587
0 0 0.00171525
1 0.0172198 0.0189284
0 0 0.00170646
1 0.0109601 0.0126281
1 0.0158306 0.0174947
0 0 0.00165636
2 0.139456 0.141062
0 0 0.00157132
1 0.00479168 0.00630758
1 0.0397992 0.0413125
1 0.0152968 0.0168017
0 0 0.00148346
1 0.0371164 0.0385936
1 0.0122896 0.0137657
0 0 0.00146037
1 0.0130862 0.0145263
1 0.0113135 0.0127484
1 0.00655583 0.00796824
0 0 0.00138929
2 0.0132793 0.0146674
1 0.0331423 0.034524
1 0.0111911 0.0125362
0 0 0.00134084
0 0 0.00132989
1 0.0165461 0.0178697
0 0 0.00131833
0 0 0.0013127
0 0 0.00130259
0 0 0.00129846
2 0.0148064 0.0160921
1 0.0112165 0.0124762
0 0 0.0012391
1 0.00408559 0.00529965
1 0.0156393 0.0168499
2 0.090609 0.0918192
1 0.0101738 0.0113803
0 0 0.00120283
0 0 0.00119196
1 0.0654142 0.0666029
2 0.16402 0.165199
0 0 0.00116297
1 0.00299573 0.00415657
1 0.0194381 0.0205977
0 0 0.00111525
0 0 0.00111423
0 0 0.00109366
0 0 0.00108836
1 0.00415223 0.00523508
0 0 0.00107183
0 0 0.00105671
2 0.0204013 0.0214439
0 0 0.00103136
0 0 0.00102683
1 0.0206808 0.0216951
0 0 0.00100882
1 0.00508227 0.00608324
1 0.0115872 0.0125622
0 0 0.000974043
1 0.00627388 0.00724221
0 0 0.000967914
1 0.051061 0.052013
0 0 0.000939828
1 0.00675029 0.00767643
1 0.0114477 0.0123702
2 0.0125798 0.0134863
2 0.0269289 0.0278329
1 0.0194847 0.0203727
1 0.0138676 0.0147463
0 0 0.000876814
1 0.0894398 0.0903161
0 0 0.000875482
0 0 0.000868106
0 0 0.000856625
1 0.00677002 0.00762358
1 0.00457799 0.00541707
1 0.006226 0.0070452
1 0.00290797 0.00372388
1 0.0292029 0.0300174
1 0.0200504 0.0208537
0 0 0.000801043
2 0.0247245 0.0255171
1 0.0122999 0.0130896
1 0.00480985 0.00559862
1 0.0337634 0.0345508
1 0.0126434 0.0134149
1 0.018614 0.0193674
1 0.00624277 0.00699477
1 0.0330089 0.0337594
1 0.0161067 0.0168517
1 0.078318 0.0790619
0 0 0.000732361
2 0.0248159 0.0255419
1 0.0142259 0.0149442
1 0.012563 0.0132779
2 0.0773348 0.0780487
0 0 0.000713752
1 0.00297994 0.00365795
1 0.0230913 0.0237659
1 0.00508041 0.00575162
1 0.0896773 0.0903313
1 0.0124512 0.0131035
1 0.0169624 0.0176087
0 0 0.000632609
1 0.0181792 0.018807
0 0 0.000627199
0 0 0.000621906
1 0.00463208 0.00525233
1 0.0101847 0.0108007
1 0.0159829 0.0165988
1 0.0131356 0.0137443
1 0.14296 0.143564
1 0.00738748 0.00798754
1 0.138356 0.138955
1 0.0610749 0.0616713
0 0 0.000589067
1 0.0121023 0.012674
1 0.0123709 0.012934
1 0.0208375 0.0213948
1 0.0116114 0.0121678
0 0 0.000554255
1 0.0313281 0.0318768
1 0.00910219 0.00964767
1 0.201773 0.202318
0 0 0.000532241
1 0.0174662 0.0179887
1 0.023595 0.0241149
2 0.0358934 0.0364106
2 0.136257 0.136765
1 0.0212643 0.021756
1 0.0991722 0.0996561
2 0.0252054 0.0256875
1 0.00746197 0.00794279
1 0.0311346 0.0316126
1 0.00553903 0.00601413
1 0.0039434 0.0044164
1 0.002068 0.00253618
1 0.129336 0.129794
1 0.0987138 0.0991715
1 0.076477 0.0769303
1 0.0330274 0.0334785
1 0.0173438 0.0177855
1 0.0156266 0.0160509
1 0.00551723 0.00593938
1 0.0183628 0.0187803
0 0 0.000413927
2 0.0776812 0.0780753
1 0.0160419 0.0164325
0 0 0.000387985
1 0.00293145 0.00331717
1 0.00327992 0.00366491
1 0.0087539 0.00912921
2 0.136095 0.136463
2 0.0224768 0.0228411
1 0.0155054 0.0158667
1 0.0450668 0.0454235
1 0.0834029 0.0837594
1 0.0242837 0.0246371
0 0 0.000348421
1 0.0191903 0.0195352
1 0.0428112 0.0431552
1 0.0149472 0.0152849
2 0.0225113 0.0228475
0 0 0.000330934
2 0.024763 0.025083
1 0.00390084 0.00421314
1 0.0114762 0.0117869
0 0 0.000304836
0 0 0.000300084
1 0.00583738 0.00612764
1 0.0125232 0.0128116
0 0 0.00028783
1 0.0125848 0.0128716
1 0.00698516 0.00727111
1 0.0064898 0.0067757
1 0.00756585 0.00785037
1 0.00770923 0.00798879
1 0.0296328 0.0299087
1 0.0127592 0.0130333
0 0 0.000261638
1 0.00691498 0.00716901
0 0 0.000251286
1 0.0216197 0.0218694
2 0.0276385 0.0278862
1 0.0277691 0.0280099
1 0.00616328 0.00639818
1 0.0224212 0.0226479
1 0.00153001 0.0017484
1 0.00237883 0.00259296
1 0.00527959 0.00549292
1 0.00362029 0.00383285
1 0.0201096 0.0203209
1 0.0321327 0.0323434
1 0.0200548 0.0202651
1 0.0170948 0.0173038
0 0 0.000208234
2 0.0249553 0.0251569
2 0.160412 0.160614
2 0.00717237 0.00737279
2 0.00779365 0.00799064
1 0.00139913 0.00159247
2 0.0208954 0.0210886
2 0.122146 0.122339
1 0.0135329 0.0137239
2 0.0115666 0.0117575
2 0.0384354 0.038625
2 0.0816582 0.0818452
2 0.00607972 0.00626677
1 0.00805628 0.0082409
1 0.00576052 0.00594387
1 0.0216666 0.0218489
1 0.0265218 0.0267018
1 0.0183835 0.0185628
2 0.0136695 0.0138486
1 0.00735172 0.00752667
2 0.0794697 0.0796442
1 0.00226934 0.00244274
1 0.00544405 0.00561559
1 0.00886167 0.00903179
2 0.0388726 0.0390407
1 0.00567605 0.00584016
1 0.00312022 0.0032826
2 0.00635949 0.00652088
2 0.0362456 0.0364009
1 0.0128019 0.012956
1 0.0763357 0.0764854
1 0.0084715 0.00861982
1 0.00643392 0.00657928
1 0.0272571 0.0273984
1 0.00163847 0.00177979
2 0.00683231 0.00696825
0 0 0.000135597
1 0.00455001 0.00468426
1 0.0148587 0.014989
1 0.00608485 0.00621445
2 0.0123282 0.0124532
1 0.0154714 0.015594
2 0.0135522 0.0136718
1 0.00463272 0.00475226
1 0.0123309 0.01245
1 0.00549992 0.00561843
2 0.139767 0.139883
2 0.146089 0.146205
1 0.0348275 0.0349382
2 0.0218654 0.0219752
2 0.139157 0.139259
1 0.0118626 0.0119636
1 0.0135381 0.0136384
1 0.00306744 0.00316303
2 0.015631 0.0157248
2 0.0683625 0.0684548
1 0.00895699 0.00904857
2 0.14081 0.1409
2 0.0133489 0.0134352
1 0.00744525 0.00752855
2 0.0189436 0.0190259
2 0.079715 0.0797955
2 0.00469206 0.00477189
1 0.0170474 0.017123
1 0.00625653 0.00633194
1 0.00621362 0.00628871
1 0.00327793 0.00335166
1 0.0751181 0.0751913
1 0.00932446 0.00939651
2 0.0124942 0.0125646
1 0.0053053 0.00537532
2 0.0657668 0.0658345
1 0.00678148 0.00684901
1 0.00155759 0.00162375
2 0.0230309 0.0230965
2 0.0553742 0.0554383
2 0.0277397 0.0278034
1 0.04395 0.04401
1 0.0107291 0.0107882
1 0.0354944 0.0355528
2 0.0253552 0.0254072
1 0.0157548 0.0158067
2 0.0102646 0.0103158
1 0.0247804 0.0248313
1 0.0743443 0.0743952
1 0.0206326 0.0206829
2 0.0133408 0.0133896
1 0.0172302 0.0172765
2 0.0364523 0.036498
1 0.00601455 0.00605961
1 0.00888866 0.00893229
1 0.0381987 0.0382421
1 0.00183612 0.00187906
2 0.00606063 0.00610266
2 0.00975482 0.00979678
2 0.0892384 0.0892798
1 0.00323186 0.00327323
1 0.00898701 0.00902821
1 0.0234758 0.0235151
1 0.00673142 0.00677071
1 0.023013 0.0230506
1 0.0203708 0.0204081
1 0.00593511 0.00597199
2 0.0249894 0.0250258
1 0.00898071 0.00901656
1 0.00949491 0.0095302
2 0.003792 0.00382594
2 0.024859 0.0248926
2 0.0551225 0.0551552
1 0.0461108 0.0461435
2 0.0141759 0.0142081
1 0.00220454 0.00223481
2 0.00348052 0.00350894
2 0.00834276 0.0083709
1 0.0068618 0.00688957
1 0.0092784 0.00930583
1 0.0356564 0.0356838
1 0.00341616 0.00344218
2 0.023827 0.023853
2 0.0277134 0.0277393
1 0.0370216 0.0370444
1 0.0176636 0.0176862
1 0.171826 0.171848
1 0.00458739 0.00460959
1 0.00939462 0.00941661
1 0.0065662 0.00658777
1 0.0305741 0.0305945
1 0.0236349 0.0236549
2 0.0260108 0.0260304
1 0.0101123 0.0101305
1 0.0062659 0.0062836
1 0.0716082 0.0716258
2 0.00724445 0.00726176
1 0.00828238 0.0082985
2 0.0132447 0.0132607
1 0.00601916 0.00603486
1 0.0698169 0.0698324
2 0.014647 0.0146621
2 0.0188248 0.0188398
2 0.0255374 0.025552
2 0.00904516 0.00905961
1 0.00162234 0.00163653
1 0.0309604 0.0309738
2 0.0156999 0.0157127
1 0.0129146 0.0129271
2 0.032316 0.0323284
2 0.0227414 0.0227537
1 0.00967442 0.00968662
1 0.0123695 0.0123816
1 0.00672142 0.00673305
2 0.00861182 0.00862287
1 0.0386462 0.0386571
2 0.00418426 0.00419476
1 0.00297253 0.00298258
2 0.0278291 0.0278377
2 0.0249804 0.0249881
2 0.0141607 0.0141682
2 0.214114 0.214121
1 0.00479781 0.00480514
2 0.00685058 0.00685749
1 0.014282 0.0142886
1 0.0052581 0.00526348
1 0.0139256 0.013931
1 0.00695259 0.00695786
1 0.0181101 0.0181153
1 0.0103564 0.0103611
1 0.0158564 0.0158612
1 0.00595595 0.00596063
2 0.0181623 0.0181669
1 0.00230552 0.00230983
1 0.0178988 0.0179029
1 0.0872198 0.0872237
1 0.00107148 0.00107521
2 0.0209121 0.0209152
1 0.0187239 0.0187266
2 0.118244 0.118246
2 0.0178676 0.0178696
1 0.0133444 0.0133462
1 0.020263 0.0202646
2 0.00676159 0.00676276
2 0.0125154 0.0125164
2 0.0361351 0.0361358
1 0.00274193 0.00274245
2 0.0212141 0.0212146
2 0.0169143 0.0169147
2 0.00674636 0.00674674
2 0.0134826 0.013483
1 0.118234 0.118234
2 0.021974 0.0219743
2 0.0179317 0.0179319
1 0.00724353 0.00724368
2 0.00651097 0.0065111
2 0.00324791 0.00324797
2 0.0351141 0.0351142
1 0.0244807 0.0244807
1 0.00519075 0.00519078
1 0.030038 0.0300381
2 0.0886874 0.0886874
2 0.013912 0.013912
