0 0 inf
1 0.129299 0.249116
0 0 0.113828
0 0 0.107377
0 0 0.0978814
1 0.025755 0.108553
1 0.164052 0.238328
0 0 0.0579406
0 0 0.0444797
0 0 0.0426595
0 0 0.0399846
0 0 0.0319808
1 0.18875 0.219851
1 0.0592912 0.0897916
0 0 0.0269456
2 0.253945 0.279561
0 0 0.0250336
1 0.136121 0.160197
1 0.0639531 0.0880164
1 0.0444909 0.0682913
0 0 0.0217185
0 0 0.0205747
0 0 0.0205344
0 0 0.0188273
1 0.201981 0.220218
0 0 0.0181532
0 0 0.0181065
0 0 0.0180866
0 0 0.0179563
0 0 0.0179166
0 0 0.0177358
0 0 0.0173227
1 0.0740335 0.0910842
0 0 0.015796
0 0 0.0150477
0 0 0.0146931
0 0 0.014626
0 0 0.0144586
0 0 0.0141698
1 0.0310348 0.0450482
0 0 0.014005
0 0 0.0136771
0 0 0.0136212
0 0 0.0135704
0 0 0.0134577
1 0.0331455 0.0464878
0 0 0.0128773
1 0.0313531 0.0439622
0 0 0.0121728
0 0 0.0112824
1 0.114843 0.125786
0 0 0.010657
0 0 0.0106448
0 0 0.0105998
0 0 0.0104133
0 0 0.0103121
0 0 0.00991134
0 0 0.00951684
0 0 0.00947572
0 0 0.00896932
0 0 0.00893195
0 0 0.0088788
0 0 0.00873308
0 0 0.00873205
2 0.129603 0.138297
0 0 0.00865306
0 0 0.00850628
0 0 0.00847001
0 0 0.00846527
0 0 0.00840397
0 0 0.00788029
0 0 0.007593
0 0 0.00746576
1 0.00677816 0.0141187
1 0.0295021 0.0364937
0 0 0.00665464
0 0 0.00658394
0 0 0.00657791
0 0 0.00652482
1 0.00548491 0.0119943
1 0.0161172 0.0225133
0 0 0.00637748
0 0 0.00633483
0 0 0.00619194
1 0.0269827 0.0331537
1 0.0113728 0.0175376
0 0 0.00560846
1 0.0358556 0.0413973
0 0 0.00553772
0 0 0.00535785
0 0 0.00534446
1 0.0644321 0.0697747
1 0.111308 0.116647
0 0 0.00527565
1 0.0316132 0.0368848
0 0 0.00523455
1 0.016923 0.0219343
1 0.0448844 0.0498493
1 0.0198645 0.0248237
0 0 0.00481227
0 0 0.004788
0 0 0.00469496
0 0 0.00464113
0 0 0.00454495
0 0 0.00448635
0 0 0.00448625
0 0 0.00435791
0 0 0.00435039
1 0.0230478 0.0272873
0 0 0.00421371
1 0.00518203 0.00935366
1 0.0317505 0.035899
0 0 0.00414329
0 0 0.00408895
0 0 0.00407914
2 0.0934119 0.0974717
1 0.0137534 0.0178042
0 0 0.00402561
1 0.00736692 0.0113486
0 0 0.0039619
1 0.00797332 0.011935
1 0.0157752 0.0196559
1 0.0263622 0.0302419
1 0.00425092 0.00809256
0 0 0.00373879
1 0.107457 0.111144
0 0 0.00365597
1 0.0175102 0.0211636
0 0 0.003607
1 0.0189457 0.0225144
0 0 0.00349443
1 0.0171482 0.0206367
0 0 0.00348576
0 0 0.00347534
1 0.235567 0.238982
0 0 0.00333185
0 0 0.00333068
1 0.0291875 0.0325146
1 0.00707139 0.0103511
0 0 0.00326111
0 0 0.00319644
0 0 0.00318076
1 0.0047871 0.00796674
0 0 0.00316954
0 0 0.00315558
0 0 0.00315462
1 0.00668567 0.0098118
1 0.068579 0.0716957
0 0 0.00300432
1 0.0119077 0.014894
0 0 0.00284518
0 0 0.00282623
0 0 0.00281593
0 0 0.00274861
0 0 0.00273044
1 0.00563015 0.00834996
0 0 0.00271142
0 0 0.00264939
0 0 0.00259397
0 0 0.0025876
0 0 0.00255813
0 0 0.00251683
0 0 0.00245172
0 0 0.0024413
2 0.107394 0.109835
0 0 0.00243006
2 0.255178 0.257569
0 0 0.00237815
0 0 0.00233443
0 0 0.00227597
1 0.0425252 0.0447963
0 0 0.00226686
0 0 0.00223833
1 0.00604147 0.00826829
0 0 0.00218946
0 0 0.00217267
1 0.00997914 0.01215
0 0 0.00216504
1 0.00298881 0.00514937
0 0 0.0021559
1 0.0783798 0.0805242
0 0 0.00209305
0 0 0.00208213
1 0.00701441 0.00909413
1 0.0984037 0.100448
0 0 0.00201372
1 0.0034607 0.00546515
1 0.0218827 0.0238649
1 0.0216244 0.0236056
0 0 0.00197529
1 0.0556231 0.0575961
0 0 0.00196478
1 0.0116989 0.0136467
1 0.0102179 0.0121606
0 0 0.00193814
0 0 0.00192389
1 0.0440411 0.0459505
0 0 0.00188438
0 0 0.00187959
1 0.00574584 0.00762347
0 0 0.00186363
1 0.0364971 0.038346
1 0.00736938 0.00921576
0 0 0.00184238
1 0.0153536 0.0171653
0 0 0.00178713
0 0 0.00176797
0 0 0.00175339
1 0.00258366 0.00433405
0 0 0.00172152
1 0.0242986 0.0260142
0 0 0.00171127
1 0.00892791 0.010638
0 0 0.00169759
1 0.0130182 0.0146967
1 0.00556277 0.00723705
1 0.0179867 0.0196599
0 0 0.0016668
1 0.00801014 0.00965771
1 0.00348748 0.0051202
0 0 0.00161429
0 0 0.00161359
0 0 0.00160481
0 0 0.00159655
1 0.0698104 0.07139
0 0 0.00153992
1 0.0197574 0.0212886
0 0 0.00150925
0 0 0.00149788
0 0 0.00148105
1 0.0162594 0.0177318
2 0.00865593 0.0101278
0 0 0.00146781
0 0 0.0014664
1 0.0107162 0.0121819
0 0 0.00145827
1 0.00274675 0.00419334
1 0.00715119 0.0085351
1 0.0472433 0.0486169
1 0.0108838 0.012249
0 0 0.00135352
0 0 0.00134948
1 0.00451435 0.00585799
0 0 0.00134188
1 0.00720685 0.00854003
0 0 0.00131661
2 0.0175424 0.0188426
1 0.0239434 0.0252398
0 0 0.00129512
1 0.00518697 0.00648206
0 0 0.00125793
1 0.0331593 0.0344155
0 0 0.00121722
2 0.0454682 0.0466792
1 0.0909806 0.0921883
1 0.00790647 0.00911396
1 0.00278312 0.00398847
2 0.108741 0.109944
2 0.0445458 0.0457474
1 0.0107951 0.0119808
1 0.00695682 0.0081312
2 0.108964 0.110128
1 0.0072207 0.00838261
0 0 0.00115708
1 0.0063039 0.00745853
1 0.0145278 0.0156824
1 0.00909114 0.0101999
1 0.00393998 0.00504632
0 0 0.00108963
2 0.0264538 0.0275413
0 0 0.00107672
1 0.00608784 0.00716155
0 0 0.0010647
1 0.010293 0.0113537
1 0.0554863 0.0565464
1 0.0132828 0.0143335
1 0.0393004 0.0403456
0 0 0.00103855
0 0 0.00102641
0 0 0.0010168
1 0.0276616 0.0286737
1 0.00462243 0.00563068
1 0.00332958 0.00433083
2 0.0475546 0.04855
0 0 0.000992388
1 0.0306649 0.0316527
1 0.00393186 0.00491715
1 0.0256804 0.0266612
1 0.062228 0.0632072
0 0 0.000972656
1 0.00759054 0.00851098
0 0 0.000916967
0 0 0.000910782
0 0 0.000894765
0 0 0.000861067
0 0 0.000851784
2 0.0237871 0.0246124
1 0.00735259 0.00817302
0 0 0.000809617
0 0 0.000801998
0 0 0.000792827
0 0 0.000768587
1 0.00294079 0.00370164
1 0.00275871 0.00349336
0 0 0.000734561
0 0 0.000717886
0 0 0.000698122
1 0.00927944 0.00997488
0 0 0.000695366
1 0.0158416 0.0165274
1 0.04244 0.0431143
1 0.0991576 0.0998089
1 0.0119359 0.0125856
0 0 0.00063895
1 0.0248473 0.0254857
1 0.00407374 0.00469921
1 0.00770458 0.00832694
1 0.00347501 0.00409221
1 0.00299859 0.0036015
1 0.00709419 0.00769035
1 0.00308553 0.0036796
0 0 0.000584132
0 0 0.000576685
1 0.00654365 0.00711859
1 0.00777177 0.00834559
1 0.00446071 0.00502207
1 0.0207541 0.0212989
2 0.0104671 0.0110089
1 0.038965 0.039498
1 0.0039284 0.00445671
1 0.0636265 0.0641444
2 0.00938041 0.00989541
1 0.0187545 0.0192636
1 0.00645174 0.00695465
1 0.00611902 0.00661992
0 0 0.00050088
0 0 0.000490251
0 0 0.000488101
1 0.00473225 0.00521733
1 0.00443341 0.00491474
1 0.0224608 0.0229409
2 0.0116072 0.0120867
1 0.00758975 0.00806798
1 0.00646138 0.00693793
1 0.00605551 0.00652994
1 0.00951347 0.00998754
1 0.00235528 0.00282486
1 0.00288594 0.00335477
1 0.0122451 0.0127103
2 0.0179541 0.0184169
1 0.0137669 0.0142182
0 0 0.000449202
1 0.00569869 0.00614579
1 0.00189776 0.00234361
2 0.00987004 0.0103157
1 0.114626 0.115067
1 0.00803664 0.0084703
1 0.00848637 0.00891512
2 0.0406415 0.0410573
1 0.00479834 0.00520802
1 0.032526 0.032934
2 0.0183895 0.0187947
1 0.00415127 0.00455212
1 0.00622816 0.0066285
1 0.00499429 0.00539439
1 0.00454866 0.00494771
1 0.0148664 0.0152635
1 0.0281002 0.0284849
2 0.014815 0.0151968
1 0.00650851 0.00689
1 0.00188626 0.00226264
1 0.00999167 0.0103656
0 0 0.000370281
1 0.0019445 0.00231296
1 0.020685 0.0210527
1 0.002228 0.00259458
1 0.00241196 0.002778
0 0 0.000358605
1 0.0400577 0.0404107
2 0.00850393 0.00885497
0 0 0.000350964
1 0.00802024 0.00837017
2 0.121343 0.121688
1 0.00991457 0.010259
2 0.0105654 0.0109094
1 0.00221924 0.00255833
1 0.194262 0.194599
1 0.0023521 0.00268704
1 0.00334287 0.00367655
2 0.00818299 0.00851579
2 0.0114923 0.0118249
2 0.00853053 0.00886026
2 0.0638928 0.064222
0 0 0.000328823
1 0.00822098 0.00854856
1 0.0180079 0.0183322
0 0 0.000309972
2 0.0190969 0.0193875
1 0.104768 0.105056
1 0.100044 0.10033
0 0 0.000282784
1 0.00154135 0.0018202
1 0.014433 0.0147118
1 0.0134554 0.0137322
0 0 0.000275505
1 0.00473213 0.00500763
1 0.00544418 0.00571871
1 0.00195435 0.0022247
1 0.0103761 0.0106438
2 0.0101819 0.0104458
1 0.00628765 0.00655054
1 0.00275016 0.00301174
2 0.00837755 0.00863857
1 0.00259903 0.00285888
1 0.0156911 0.0159484
1 0.0362987 0.0365454
1 0.0160018 0.0162416
1 0.107697 0.107931
1 0.0122703 0.0124988
1 0.00700309 0.00723008
1 0.0996306 0.099853
1 0.00168384 0.00190212
2 0.0125849 0.0127964
0 0 0.000210319
2 0.0136735 0.0138733
2 0.0150483 0.0152464
1 0.00981495 0.0100126
1 0.00548367 0.00568032
1 0.00728833 0.0074787
1 0.00485291 0.00504224
1 0.00665916 0.00684844
1 0.0190104 0.0191982
1 0.00774292 0.00792911
1 0.0300726 0.0302552
2 0.00526696 0.00544804
1 0.0145286 0.0147022
1 0.0187688 0.0189416
0 0 0.000172273
1 0.00666364 0.00683333
1 0.00963566 0.00980346
2 0.0291695 0.0293363
1 0.0183319 0.0184943
1 0.00932535 0.00948771
2 0.00994488 0.0101068
1 0.205506 0.205665
1 0.00254982 0.00270753
2 0.00779469 0.00795132
1 0.00290418 0.00306071
1 0.00194304 0.00209821
1 0.019832 0.0199869
1 0.00626592 0.00642072
1 0.114786 0.114939
1 0.00360763 0.00376031
1 0.0413854 0.041537
2 0.00820829 0.00835677
1 0.00365117 0.0037972
2 0.0202001 0.0203441
1 0.00897282 0.00911421
1 0.0345722 0.0347135
1 0.00351098 0.00364925
1 0.00661252 0.00675031
0 0 0.000136713
1 0.00899728 0.0091318
1 0.0148723 0.015005
1 0.0434706 0.0436007
0 0 0.000127404
2 0.00552764 0.00565036
1 0.00671438 0.00683657
1 0.112221 0.112344
1 0.0721981 0.07232
1 0.00119766 0.00131813
2 0.00826123 0.00838116
1 0.011481 0.0115962
2 0.00724127 0.00735111
2 0.00921931 0.00932624
2 0.122367 0.122473
2 0.0214702 0.0215752
1 0.0167723 0.0168753
1 0.0103622 0.0104649
2 0.0121598 0.012262
1 0.00700926 0.0071111
1 0.0303332 0.030431
2 0.0137944 0.0138916
1 0.0135305 0.0136262
1 0.0144857 0.0145811
1 0.000378193 0.000471995
1 0.00900106 0.00909275
1 0.00132941 0.0014179
1 0.000894264 0.000980753
1 0.00465531 0.00474128
1 0.0239985 0.0240844
2 0.00915686 0.00924156
1 0.0062488 0.00633221
1 0.0220154 0.0220976
1 0.001966 0.00204815
2 0.012654 0.0127351
1 0.00545533 0.00553548
1 0.00607414 0.00615392
1 0.0157313 0.0158109
1 0.00744346 0.00752234
1 0.00499641 0.00507334
1 0.0258426 0.0259166
2 0.00966066 0.00973381
2 0.110035 0.110107
1 0.0102529 0.0103243
1 0.00122818 0.00129724
1 0.0142258 0.0142934
1 0.041326 0.0413933
1 0.0133861 0.0134531
2 0.00433316 0.00439884
1 0.00111153 0.0011765
2 0.0103807 0.0104456
1 0.0300252 0.0300899
1 0.0544075 0.0544718
2 0.0166866 0.0167497
1 0.00769488 0.00775414
2 0.00558085 0.00564008
1 0.0118236 0.0118815
1 0.00339797 0.00345582
1 0.00161446 0.00167061
0 0 5.5855e-05
1 0.00738113 0.00743594
1 0.00523267 0.00528715
1 0.025792 0.0258457
1 0.00959733 0.00965071
1 0.0112751 0.011328
2 0.0409152 0.0409674
2 0.0205693 0.0206197
1 0.00913729 0.00918727
1 0.00842772 0.00847741
1 0.0554638 0.0555133
1 0.00426736 0.0043134
2 0.010707 0.0107527
1 0.0185969 0.0186415
2 0.0102901 0.0103327
1 0.00972217 0.00976275
1 0.0014887 0.00152903
2 0.0105085 0.0105486
1 0.0125079 0.0125471
1 0.0614144 0.0614532
1 0.0250898 0.0251285
1 0.0212118 0.0212505
1 0.00101619 0.00105356
1 0.134573 0.13461
1 0.00149736 0.00153194
2 0.00927271 0.00930718
1 0.00177406 0.00180777
1 0.00892815 0.00896142
2 0.011325 0.0113568
2 0.00379718 0.00382897
1 0.00619309 0.00622448
2 0.0200837 0.0201143
1 0.00323403 0.00326466
1 0.0057998 0.00582892
1 0.00497443 0.00500284
2 0.0159597 0.0159876
1 0.00328593 0.00331239
2 0.00906838 0.0090945
1 0.0038165 0.00384228
2 0.0113224 0.0113477
2 0.0120421 0.0120667
1 0.00286664 0.00289094
1 0.0123417 0.0123659
2 0.00756726 0.00758935
1 0.00422966 0.00425115
2 0.0128527 0.0128733
1 0.00184463 0.00186457
1 0.0456054 0.0456248
1 0.00421704 0.00423501
2 0.00296778 0.00298573
2 0.0101094 0.0101266
1 0.0171731 0.0171896
2 0.0185195 0.0185353
2 0.101927 0.101942
2 0.0269595 0.0269742
2 0.015763 0.0157777
1 0.00892761 0.0089414
2 0.0112243 0.011238
2 0.134639 0.134652
1 0.0142444 0.0142563
2 0.105075 0.105087
2 0.0148613 0.0148727
2 0.00855709 0.00856804
2 0.00679456 0.0068051
1 0.000842297 0.000852717
2 0.00557611 0.00558591
2 0.013406 0.0134157
1 0.0164024 0.0164118
1 0.00166847 0.00167743
2 0.0114073 0.0114155
2 0.00184211 0.00185024
2 0.0185011 0.0185092
1 0.00431164 0.0043195
1 0.0183 0.0183077
1 0.0979295 0.0979364
1 0.00486749 0.00487439
1 0.0165293 0.0165347
2 0.138199 0.138204
1 0.00374986 0.00375509
2 0.0459437 0.0459484
1 0.00941534 0.00941982
2 0.0707728 0.0707765
1 0.00815901 0.00816221
1 0.0261527 0.0261558
1 0.00415724 0.00416015
2 0.00318135 0.00318418
1 0.00980053 0.00980331
1 0.00275231 0.00275492
2 0.00981646 0.00981903
2 0.115103 0.115106
1 0.00137238 0.00137482
2 0.0156254 0.0156278
1 0.00423735 0.00423967
2 0.0261672 0.0261695
2 0.00685671 0.00685876
2 0.00181445 0.0018163
1 0.0121289 0.0121307
1 0.00328629 0.00328812
2 0.00818858 0.00819018
2 0.0433931 0.0433945
2 0.00860561 0.00860704
1 0.00557849 0.00557985
2 0.0141931 0.0141944
1 0.0361168 0.0361181
2 0.00866079 0.00866204
1 0.00567207 0.00567329
1 0.00194684 0.00194765
1 0.00355035 0.0035511
2 0.00741855 0.00741928
2 0.00644883 0.0064495
2 0.00176778 0.00176829
1 0.010588 0.0105882
1 0.0051016 0.0051018
1 0.0128419 0.012842
1 0.00282842 0.0028285
2 0.00530043 0.0053005
1 0.00317284 0.00317289
1 0.0118821 0.0118821
1 0.00139996 0.0014
2 0.00863843 0.00863846
2 0.0127444 0.0127444
1 0.0059637 0.00596371
2 0.0245832 0.0245832
1 0.00699681 0.00699681
2 0.00228744 0.00228744
