0 0 inf
1 0.118904 0.216153
0 0 0.0878575
0 0 0.0782142
1 0.0204574 0.0813822
0 0 0.0601305
0 0 0.0582329
0 0 0.0527237
0 0 0.0525171
0 0 0.0504619
1 0.197813 0.243752
0 0 0.0426613
0 0 0.0362592
1 0.226518 0.26215
1 0.159801 0.194625
0 0 0.0347348
1 0.0231312 0.0564783
0 0 0.0293843
1 0.0658934 0.0940836
0 0 0.0255221
1 0.0693058 0.0943029
0 0 0.024161
0 0 0.0239108
0 0 0.0237941
0 0 0.0231466
1 0.0344606 0.0573864
0 0 0.0228375
1 0.118791 0.141446
0 0 0.0218841
1 0.0318678 0.0528424
0 0 0.0192738
0 0 0.019217
0 0 0.0190206
1 0.0973597 0.116304
0 0 0.0183664
0 0 0.0182713
0 0 0.0175449
0 0 0.0166609
1 0.0358176 0.0518126
1 0.0626968 0.078169
0 0 0.0152465
1 0.0658014 0.0804386
0 0 0.0138172
0 0 0.013074
0 0 0.0130183
0 0 0.0123783
0 0 0.0121906
2 0.102293 0.114111
2 0.307904 0.319608
0 0 0.011697
0 0 0.0115734
0 0 0.0115189
0 0 0.0111545
0 0 0.0110706
1 0.083432 0.0943548
0 0 0.0105538
1 0.0629976 0.0734403
0 0 0.0102573
0 0 0.00958188
0 0 0.00956893
0 0 0.00953743
0 0 0.00953616
0 0 0.00943489
1 0.0326284 0.0419549
0 0 0.00919368
0 0 0.00908096
0 0 0.00850941
0 0 0.0084656
1 0.00367643 0.0121127
1 0.0115944 0.0197856
1 0.0221511 0.0302945
0 0 0.00775378
0 0 0.00769785
1 0.00825254 0.0159336
0 0 0.00759459
0 0 0.00758432
0 0 0.0075119
0 0 0.00730924
2 0.143263 0.150331
0 0 0.00697623
0 0 0.00691066
0 0 0.00688427
1 0.0634601 0.0702942
0 0 0.00683293
0 0 0.00682563
0 0 0.00675091
0 0 0.00644178
2 0.0598176 0.0661154
1 0.0694795 0.0756476
0 0 0.00616495
0 0 0.00612997
0 0 0.0060826
1 0.0330951 0.0391398
0 0 0.00597497
1 0.0122696 0.018175
1 0.0136392 0.0194615
0 0 0.0058013
1 0.058564 0.0643248
1 0.00806029 0.013727
0 0 0.00564995
0 0 0.00562704
0 0 0.00551182
0 0 0.00547363
0 0 0.00537971
0 0 0.00537407
1 0.00346709 0.00875399
0 0 0.00528109
1 0.037676 0.0429126
0 0 0.00506026
1 0.0301291 0.0349782
1 0.0140738 0.0188752
0 0 0.00479691
0 0 0.0047696
0 0 0.00475324
1 0.0143771 0.0190816
1 0.0128758 0.0175205
0 0 0.00459641
0 0 0.00451186
0 0 0.0044471
0 0 0.00440902
1 0.00799545 0.0123654
1 0.0113756 0.015711
0 0 0.00431622
0 0 0.00426756
1 0.0786541 0.0828963
1 0.11181 0.116006
0 0 0.00409714
1 0.0467967 0.0508813
0 0 0.00406761
0 0 0.00403525
1 0.011367 0.0154008
0 0 0.00397033
1 0.0720608 0.0758917
0 0 0.00376725
1 0.0708811 0.0746342
1 0.0722426 0.0759438
1 0.178976 0.182671
0 0 0.00363935
0 0 0.00356928
0 0 0.00356137
1 0.0107406 0.0143002
0 0 0.00354705
0 0 0.00354376
1 0.0667909 0.0703195
0 0 0.00352195
0 0 0.00351863
0 0 0.00351703
0 0 0.0035065
1 0.0196129 0.0230442
0 0 0.00342192
1 0.0213352 0.0246636
0 0 0.00332537
1 0.0341227 0.037403
2 0.0171236 0.0203957
1 0.0943696 0.0976224
0 0 0.00319878
0 0 0.0031381
1 0.00718571 0.0102207
1 0.0493392 0.0523703
1 0.0148621 0.0178499
0 0 0.00297741
1 0.0300907 0.0330348
0 0 0.0029351
1 0.00563834 0.0085214
1 0.00471963 0.00759785
0 0 0.00287782
0 0 0.00282895
1 0.013077 0.0158998
0 0 0.0027689
1 0.0243566 0.0271217
0 0 0.00275603
1 0.0348799 0.0375761
0 0 0.00266349
0 0 0.00264783
0 0 0.00263123
0 0 0.00260421
0 0 0.00260196
0 0 0.0025806
1 0.0282876 0.0308526
0 0 0.00256208
1 0.0837165 0.0862713
2 0.0207221 0.0232653
1 0.0167669 0.0191497
1 0.00539001 0.00774013
0 0 0.00232383
2 0.129242 0.131563
0 0 0.00229342
0 0 0.0022839
0 0 0.00226685
0 0 0.002263
1 0.0646563 0.0668925
0 0 0.00223155
1 0.00460427 0.00680572
0 0 0.00219712
0 0 0.00219582
1 0.12703 0.129212
0 0 0.00216695
0 0 0.00214821
1 0.126728 0.128847
0 0 0.00210885
1 0.00704763 0.00913587
0 0 0.00207785
1 0.015397 0.0174715
0 0 0.00207286
0 0 0.00206631
0 0 0.00201316
0 0 0.00200939
0 0 0.00200522
1 0.0624446 0.0644488
0 0 0.00199155
0 0 0.00198834
0 0 0.00197533
0 0 0.00197077
1 0.027397 0.0293566
1 0.0794879 0.0813998
0 0 0.00188547
0 0 0.00187722
0 0 0.0018645
0 0 0.00186373
0 0 0.00186329
0 0 0.00185709
0 0 0.00183628
0 0 0.0018282
0 0 0.00182357
1 0.0517877 0.0535655
0 0 0.00177632
0 0 0.0017739
0 0 0.00175602
2 0.0917785 0.0935193
1 0.00724349 0.00898398
0 0 0.00171522
1 0.00535842 0.0070594
2 0.129596 0.131264
1 0.0499112 0.0515354
1 0.00248146 0.0041051
1 0.0100844 0.0116685
0 0 0.00156247
0 0 0.00154917
0 0 0.0015219
0 0 0.00151117
0 0 0.00148229
1 0.0153755 0.0168528
0 0 0.00147543
0 0 0.00144814
0 0 0.00144074
0 0 0.00140459
0 0 0.0013918
1 0.00936683 0.0107508
2 0.0171488 0.0185314
1 0.103729 0.105111
0 0 0.00138035
0 0 0.00136813
0 0 0.0013603
0 0 0.00134404
0 0 0.00134095
1 0.0373733 0.0386842
0 0 0.00131022
0 0 0.00130947
1 0.021261 0.0225649
1 0.00955618 0.0108589
1 0.00869912 0.00999582
1 0.00415016 0.00540671
2 0.100853 0.102076
1 0.0127295 0.0139409
0 0 0.00120629
1 0.00979632 0.0109804
1 0.00898582 0.0101541
0 0 0.00116567
2 0.0167671 0.0179178
1 0.0113803 0.0125269
1 0.00760122 0.00874311
0 0 0.00113467
1 0.00789833 0.00901029
1 0.00538275 0.00647738
0 0 0.00109327
0 0 0.00109175
2 0.111106 0.112192
1 0.0253127 0.0263906
1 0.0978542 0.0989149
1 0.01328 0.0143254
1 0.00871545 0.00975291
0 0 0.00103199
0 0 0.00101885
1 0.0321792 0.0331933
0 0 0.00101122
1 0.0119146 0.0129236
0 0 0.00100767
0 0 0.00100004
1 0.00708652 0.0080836
1 0.0296743 0.030647
0 0 0.00096148
0 0 0.00096033
2 0.0168769 0.0178342
1 0.0166073 0.0175642
1 0.0106967 0.0116452
2 0.00974283 0.0106898
1 0.00797527 0.00892114
1 0.0740535 0.0749938
2 0.143566 0.144503
1 0.0133697 0.0143003
1 0.011204 0.0121251
0 0 0.000920927
0 0 0.000913716
1 0.0080184 0.00893049
1 0.00501263 0.00591525
0 0 0.000901376
1 0.00638249 0.00727566
0 0 0.000863689
1 0.0116607 0.0124837
1 0.0145268 0.0153483
0 0 0.000821308
0 0 0.000815762
1 0.0166183 0.0174334
1 0.0146277 0.0154317
0 0 0.000803056
0 0 0.000790047
1 0.00722139 0.0080111
0 0 0.000785042
2 0.0435286 0.0443131
1 0.00832113 0.00909566
1 0.0360627 0.0368316
1 0.0364084 0.0371663
1 0.00713818 0.00787902
1 0.00324247 0.00396309
1 0.00371183 0.00442272
1 0.00703941 0.00774481
1 0.00658737 0.00729222
1 0.00302957 0.00371626
1 0.0143653 0.0150358
1 0.00964884 0.0103134
1 0.0112995 0.0119629
1 0.00900056 0.00966221
0 0 0.000641145
1 0.00360186 0.00423668
1 0.10518 0.105813
1 0.0037459 0.00437831
1 0.0119958 0.0126201
1 0.00363806 0.0042607
1 0.0162455 0.0168659
1 0.0136577 0.014269
1 0.00732946 0.00793957
0 0 0.000607083
1 0.00445402 0.00505116
1 0.00582742 0.00642418
1 0.026018 0.0266083
1 0.0156286 0.0162126
1 0.0025338 0.00311582
0 0 0.000579971
1 0.0153414 0.0159099
0 0 0.00056428
1 0.00531176 0.00587467
1 0.00964783 0.0102104
2 0.0175923 0.0181497
1 0.00676181 0.00731865
1 0.00827511 0.00882619
1 0.00573213 0.00628266
1 0.00889078 0.00943395
2 0.0090228 0.00953746
1 0.00771608 0.0082284
1 0.00651631 0.00702222
1 0.00695729 0.00746229
1 0.0239141 0.024414
1 0.00274701 0.00324477
1 0.00725562 0.00775033
0 0 0.000493178
1 0.018994 0.0194819
1 0.0064502 0.00693659
1 0.0063307 0.00681566
1 0.0111902 0.0116659
2 0.116082 0.116553
1 0.0169933 0.0174624
1 0.00489207 0.00534047
1 0.00381402 0.00426106
0 0 0.000445234
1 0.0130117 0.0134473
1 0.00373068 0.0041625
1 0.0547148 0.0551398
1 0.00875587 0.00917588
1 0.00233037 0.00274728
1 0.0205944 0.0210067
1 0.00420382 0.00461405
2 0.0158318 0.0162363
0 0 0.000394218
1 0.00778724 0.00818093
1 0.00407652 0.00446639
1 0.00523031 0.00561899
1 0.00731453 0.00770034
1 0.0235773 0.0239566
1 0.0240908 0.0244562
1 0.0406268 0.0409911
2 0.0130349 0.0133953
2 0.0109506 0.0112884
1 0.00918618 0.00951937
1 0.00463652 0.00496187
1 0.00283546 0.00316008
1 0.00341612 0.00374051
2 0.0126966 0.0130194
1 0.0344292 0.0347453
2 0.00912138 0.00943607
1 0.00277451 0.00308772
1 0.00729841 0.00760825
0 0 0.00029022
1 0.0242064 0.0244913
1 0.0159387 0.0162115
1 0.00611184 0.00638436
1 0.00228055 0.00254298
1 0.0129253 0.0131843
2 0.0109883 0.0112473
1 0.00355886 0.00381626
0 0 0.000256179
1 0.00662999 0.00688208
1 0.00259969 0.00284957
1 0.0816465 0.081895
2 0.02222 0.0224676
2 0.0065691 0.00681468
1 0.0109256 0.0111665
1 0.00493288 0.00517218
1 0.00590366 0.00613961
1 0.00967478 0.0099107
1 0.01715 0.0173743
2 0.0142261 0.0144496
1 0.00584656 0.00606651
1 0.00399351 0.00420982
1 0.0143036 0.0145194
1 0.00155632 0.00177078
1 0.00430899 0.00452091
1 0.0080302 0.00824008
1 0.0738592 0.0740613
1 0.00267739 0.00287832
1 0.0033487 0.00354953
0 0 0.000199775
0 0 0.000199234
1 0.00304979 0.00324635
1 0.0118734 0.0120646
2 0.0184559 0.0186423
2 0.0146829 0.0148668
1 0.0024316 0.002611
1 0.00402625 0.00419758
1 0.00405013 0.00421906
1 0.00634101 0.00650943
1 0.00227445 0.00243979
1 0.0431515 0.0433119
1 0.0155643 0.0157233
1 0.0343805 0.0345365
1 0.00561122 0.00576629
2 0.0374286 0.0375806
1 0.0147935 0.0149442
1 0.00558492 0.00573464
1 0.0795711 0.079719
1 0.0031013 0.00324502
2 0.0824497 0.0825901
2 0.0088354 0.0089756
1 0.00830782 0.00844111
2 0.0285852 0.0287169
1 0.00357535 0.00370559
2 0.0216622 0.0217921
2 0.0135023 0.0136299
1 0.00111757 0.00124496
1 0.0157619 0.0158878
0 0 0.000125832
1 0.00192947 0.00205344
2 0.0571958 0.0573157
1 0.049109 0.0492259
1 0.0588482 0.0589613
1 0.00157134 0.00168038
1 0.0151382 0.0152472
1 0.00626461 0.00637198
2 0.0658773 0.0659831
1 0.0127983 0.012903
2 0.0171382 0.0172427
2 0.0369941 0.037098
2 0.0120347 0.0121378
2 0.00449932 0.00459833
0 0 9.8438e-05
1 0.00523224 0.00533031
1 0.00309822 0.00319269
1 0.0970491 0.097143
1 0.00251143 0.00260365
1 0.00361031 0.00370163
1 0.00405902 0.00414691
2 0.0166811 0.0167666
1 0.0154578 0.0155424
1 0.00800365 0.00808786
2 0.0106742 0.0107533
1 0.00461921 0.00469717
1 0.00722948 0.00730668
2 0.00929759 0.00937273
1 0.00787899 0.00795335
1 0.0060994 0.00617374
1 0.00319619 0.00326966
1 0.0103519 0.0104214
2 0.0876718 0.0877406
2 0.019384 0.0194509
1 0.00478823 0.0048543
1 0.00998964 0.0100554
1 0.00279805 0.00286363
2 0.00319501 0.0032604
2 0.0148049 0.0148675
2 0.0848261 0.0848875
1 0.0152474 0.0153084
2 0.0205093 0.0205695
1 0.000522714 0.000581856
1 0.0058861 0.00594244
1 0.00632879 0.00638486
1 0.00222254 0.00227784
1 0.0194473 0.0195014
1 0.00321026 0.00326294
2 0.01949 0.0195399
1 0.00173805 0.00178786
2 0.0101882 0.0102372
1 0.00459985 0.0046485
1 0.00731327 0.00736061
2 0.00745435 0.00750072
1 0.0718059 0.0718523
1 0.0185505 0.0185963
2 0.0142076 0.0142532
1 0.00518068 0.00522598
1 0.0167915 0.0168367
1 0.017066 0.0171095
2 0.0156903 0.0157335
2 0.129391 0.129434
1 0.0138978 0.0139395
1 0.0115601 0.0116013
1 0.00432471 0.00436589
2 0.0108699 0.0109104
2 0.0231737 0.0232133
2 0.0215574 0.0215966
2 0.0052452 0.00528333
2 0.0198412 0.0198781
2 0.0171641 0.0172
1 0.0802403 0.0802752
1 0.0101952 0.0102296
1 0.00911587 0.00914983
2 0.0369148 0.0369479
2 0.0364082 0.036441
2 0.0160626 0.0160951
1 0.00508552 0.00511777
2 0.00563209 0.00566387
1 0.0124935 0.0125228
1 0.0126127 0.0126412
2 0.0143523 0.0143808
1 0.00925519 0.0092836
1 0.00841911 0.00844691
1 0.010542 0.0105688
2 0.037309 0.0373352
1 0.00243133 0.00245588
1 0.0820231 0.0820463
1 0.00420323 0.00422582
2 0.0182426 0.0182647
1 0.0130112 0.0130329
1 0.00569229 0.00571366
2 0.0161986 0.0162197
0 0 2.08751e-05
1 0.0102786 0.0102992
2 0.00622047 0.00624092
1 0.00215046 0.00217044
2 0.0126564 0.012676
2 0.00875145 0.00877045
1 0.113681 0.113699
1 0.00270358 0.00272163
1 0.00297888 0.00299664
2 0.00451509 0.00453274
1 0.0173701 0.0173874
2 0.00471668 0.00473384
1 0.00386268 0.00387933
1 0.0146078 0.0146241
1 0.010011 0.0100261
1 0.0144745 0.0144893
1 0.0100192 0.0100328
1 0.0186709 0.0186834
2 0.0827177 0.0827299
1 0.00361364 0.00362558
2 0.0493309 0.0493412
1 0.0132288 0.0132388
2 0.0196477 0.0196567
2 0.013078 0.0130859
2 0.0227936 0.0228015
1 0.00510674 0.00511466
2 0.00737369 0.00738152
1 0.00629253 0.00629939
1 0.0399134 0.0399197
2 0.0158665 0.0158727
1 0.00928481 0.00929062
1 0.0166251 0.0166306
2 0.00617837 0.00618353
2 0.0938344 0.093839
2 0.0172887 0.0172932
1 0.00326345 0.00326788
1 0.00235992 0.00236383
1 0.0112137 0.0112175
1 0.0287994 0.0288031
1 0.00138305 0.00138667
2 0.00289081 0.0028941
2 0.0186909 0.018694
2 0.0124732 0.0124762
1 0.0119517 0.0119542
2 0.0227654 0.0227672
1 0.0157719 0.0157738
1 0.00862073 0.00862227
1 0.00485879 0.00486032
2 0.0102404 0.0102418
1 0.00870155 0.00870295
2 0.0130384 0.0130397
2 0.0123085 0.0123096
2 0.00371453 0.00371555
1 0.0031554 0.00315642
1 0.0026752 0.00267621
1 0.0503366 0.0503375
1 0.00455868 0.00455951
1 0.00310151 0.00310232
2 0.00983334 0.0098341
1 0.00246548 0.00246603
2 0.0213107 0.0213112
2 0.01026 0.0102605
1 0.00498036 0.00498069
2 0.00806169 0.00806191
1 0.0035164 0.00351662
1 0.00869521 0.00869533
1 0.0163653 0.0163654
1 0.0912042 0.0912043
1 0.00301654 0.0030166
1 0.0172029 0.0172029
2 0.015777 0.015777
2 0.00607202 0.00607202
2 0.0061352 0.0061352
2 0.00810221 0.00810221
1 0.0160967 0.0160967
