0 0 inf
0 0 0.0807843
0 0 0.0739264
0 0 0.0730266
1 0.163522 0.225841
1 0.0641383 0.125836
0 0 0.0577864
0 0 0.0574618
0 0 0.057245
0 0 0.0558192
0 0 0.0467344
0 0 0.0460631
0 0 0.0437258
1 0.0150344 0.0548717
0 0 0.0372059
1 0.193437 0.229706
0 0 0.0356932
0 0 0.0335932
0 0 0.0316893
0 0 0.0291456
0 0 0.027167
0 0 0.027055
1 0.0828179 0.109731
1 0.123626 0.150451
0 0 0.0255642
0 0 0.0213532
0 0 0.0210308
1 0.02448 0.0453386
1 0.076192 0.0958339
0 0 0.0188135
0 0 0.0177267
0 0 0.0171617
2 0.116615 0.133298
0 0 0.0165881
0 0 0.0159768
0 0 0.0157554
1 0.197481 0.212826
0 0 0.0153063
0 0 0.0150893
1 0.0898554 0.104389
0 0 0.013941
0 0 0.0134404
0 0 0.0133917
0 0 0.0133004
0 0 0.0132916
1 0.00522621 0.0184607
1 0.00803256 0.0209662
0 0 0.0128993
0 0 0.0124367
1 0.17449 0.186855
0 0 0.0121577
0 0 0.0120506
0 0 0.0115531
1 0.0403059 0.0518078
0 0 0.0114781
0 0 0.0113917
1 0.113686 0.125066
0 0 0.0113142
0 0 0.0112016
1 0.0557239 0.0667725
0 0 0.0110075
1 0.0947894 0.105642
1 0.0863117 0.0968338
0 0 0.00996555
0 0 0.00993309
0 0 0.00983939
0 0 0.00969749
1 0.300056 0.309493
0 0 0.00941643
1 0.0949151 0.10421
0 0 0.00919535
0 0 0.00917225
1 0.0774782 0.0863985
0 0 0.00880027
1 0.00477882 0.0133809
0 0 0.00842204
1 0.00932232 0.0177421
0 0 0.00824143
0 0 0.00818061
0 0 0.00810562
0 0 0.00801611
1 0.027708 0.0355129
0 0 0.00760434
1 0.00938343 0.0169199
0 0 0.00743756
0 0 0.00743717
0 0 0.00718292
0 0 0.00710297
1 0.0186839 0.0256618
0 0 0.00692363
0 0 0.00673358
0 0 0.00664695
0 0 0.00658047
0 0 0.0065452
0 0 0.00649
0 0 0.00645641
0 0 0.00644195
0 0 0.00630446
1 0.0312154 0.0375074
0 0 0.00625613
0 0 0.00622345
0 0 0.00621361
0 0 0.00588656
0 0 0.00576506
0 0 0.00572969
0 0 0.00572044
0 0 0.00571857
1 0.0196455 0.0252811
0 0 0.00545003
0 0 0.00534586
1 0.0128373 0.0181753
0 0 0.00530943
0 0 0.00529738
0 0 0.00521088
0 0 0.00519511
0 0 0.00515798
0 0 0.00513511
0 0 0.0049156
0 0 0.00480608
1 0.0249571 0.0296716
1 0.0470476 0.0517053
1 0.0223004 0.0269104
0 0 0.00458767
0 0 0.00448186
1 0.0100215 0.0144508
1 0.0885004 0.0928792
1 0.00764711 0.0120004
2 0.0294903 0.0338033
1 0.0221564 0.0263526
0 0 0.00416406
1 0.0166874 0.020827
2 0.407649 0.411783
0 0 0.00412674
0 0 0.00408901
1 0.0152818 0.019355
1 0.00862738 0.0126697
1 0.0444327 0.0483599
0 0 0.00389179
0 0 0.00388104
0 0 0.00387765
0 0 0.0038701
0 0 0.00386416
0 0 0.00381787
0 0 0.00377953
1 0.0227252 0.0263531
0 0 0.00358118
1 0.00972721 0.0133039
0 0 0.00356835
1 0.00387103 0.00740518
1 0.357222 0.360735
1 0.0874979 0.0910015
0 0 0.00343267
0 0 0.00342424
0 0 0.00342342
0 0 0.00340153
1 0.0215895 0.0249807
1 0.0262834 0.0296428
1 0.0291694 0.0325261
0 0 0.00335144
1 0.0102515 0.0135774
0 0 0.00330574
0 0 0.00329607
0 0 0.00327163
1 0.020262 0.0235193
0 0 0.00325174
1 0.010461 0.013695
0 0 0.0031854
0 0 0.00315946
1 0.0174336 0.0205866
0 0 0.00311372
1 0.00522094 0.0083196
0 0 0.00307858
0 0 0.00304
0 0 0.00303088
0 0 0.00301233
0 0 0.00295317
0 0 0.00292482
0 0 0.00291049
1 0.00310415 0.00599456
1 0.121323 0.124135
1 0.00442217 0.00721248
1 0.0185979 0.0213608
0 0 0.00276064
1 0.0215508 0.0242894
1 0.177491 0.180221
0 0 0.00272007
0 0 0.00271915
1 0.00592061 0.00863275
0 0 0.00270484
2 0.0185599 0.0212496
0 0 0.00268731
0 0 0.00259001
1 0.00979664 0.0123701
1 0.0348564 0.0373596
0 0 0.00247132
0 0 0.00246969
0 0 0.00246629
1 0.0116019 0.014037
0 0 0.00243496
1 0.0265248 0.0289451
1 0.0202507 0.0226344
2 0.151052 0.153428
0 0 0.00237513
1 0.013775 0.0161448
0 0 0.00236337
1 0.0479162 0.0502674
0 0 0.002329
1 0.0692123 0.0715014
0 0 0.00228676
0 0 0.0022861
0 0 0.00226465
0 0 0.00223216
0 0 0.00222762
0 0 0.00219958
0 0 0.00215779
1 0.0182435 0.0203952
1 0.020212 0.022355
0 0 0.00213225
2 0.114862 0.116988
0 0 0.00211774
0 0 0.00208414
0 0 0.00199542
1 0.0166725 0.0186569
1 0.0103127 0.0122851
1 0.0609378 0.0628885
0 0 0.00191874
1 0.0318809 0.033797
0 0 0.00190595
1 0.0225957 0.0244999
1 0.0664909 0.0683928
2 0.0860362 0.0879282
0 0 0.00186816
1 0.00348405 0.00534408
1 0.0128403 0.0146935
2 0.0290551 0.0309071
1 0.00978054 0.0116133
0 0 0.00182023
1 0.005511 0.00731367
1 0.00628416 0.00808324
0 0 0.0017955
1 0.0104109 0.0121796
0 0 0.00175819
0 0 0.00175798
1 0.0148954 0.0166323
1 0.0152865 0.0169477
1 0.00352137 0.0051742
0 0 0.00165239
1 0.00316181 0.004801
0 0 0.00163728
0 0 0.00162023
1 0.0875803 0.0891925
1 0.00840864 0.00999953
1 0.0209407 0.0225224
0 0 0.00158094
1 0.00495391 0.0065171
0 0 0.00155791
0 0 0.00155349
0 0 0.00154478
2 0.0229457 0.024481
1 0.0840776 0.0855839
0 0 0.00149273
2 0.0865031 0.0879916
1 0.0150888 0.0165771
1 0.0188443 0.0203138
1 0.105176 0.106628
1 0.00614149 0.0075748
0 0 0.00142532
1 0.0773807 0.0788024
0 0 0.00141986
0 0 0.00141961
1 0.0296823 0.0311005
0 0 0.00141537
1 0.0109358 0.0123413
1 0.00866799 0.0100605
1 0.0220991 0.0234908
1 0.00385951 0.00524132
2 0.0968766 0.0982436
1 0.00472216 0.00608014
0 0 0.00135053
1 0.00874784 0.0100906
1 0.00673611 0.00807708
2 0.0303669 0.0316958
1 0.00838927 0.00970546
0 0 0.00130948
0 0 0.00129935
0 0 0.00128078
1 0.0046883 0.00596701
0 0 0.00127176
1 0.00444066 0.0057123
0 0 0.00126421
1 0.0202778 0.0215281
2 0.0377992 0.0390354
1 0.0254486 0.0266752
1 0.00670496 0.00792741
1 0.0163674 0.0175851
0 0 0.00121592
1 0.133342 0.134539
1 0.0042227 0.00541613
1 0.0159505 0.0171414
1 0.010984 0.0121717
1 0.0234288 0.0245996
1 0.0424092 0.0435792
1 0.0178001 0.0189647
0 0 0.00115814
1 0.0433533 0.0445037
2 0.019943 0.0210883
1 0.0156751 0.01681
1 0.0995951 0.100679
1 0.00348941 0.00455828
1 0.00991758 0.0109863
1 0.0847556 0.0857757
0 0 0.00101153
2 0.0124901 0.0134971
2 0.0242238 0.0252307
1 0.0194124 0.0204161
0 0 0.00100235
0 0 0.000986272
1 0.0358514 0.0368361
1 0.0132497 0.0142233
1 0.0167927 0.0177652
0 0 0.000952319
0 0 0.000951513
0 0 0.000946262
2 0.192889 0.193826
0 0 0.00093236
0 0 0.000926475
1 0.0318008 0.0327115
1 0.0109889 0.0118979
1 0.00825053 0.00915231
1 0.0259557 0.0268534
1 0.0121978 0.0130902
1 0.0384932 0.0393844
0 0 0.000889639
1 0.00356038 0.00443996
2 0.0198799 0.0207455
1 0.00489828 0.00575997
1 0.00489695 0.00575204
1 0.122462 0.123316
1 0.00404549 0.00487701
2 0.110933 0.111757
1 0.0128167 0.0136402
1 0.0213323 0.0221558
1 0.00334267 0.00415172
1 0.0287721 0.0295791
1 0.00554838 0.00635516
1 0.0723032 0.073107
1 0.00983956 0.0106315
1 0.0215888 0.0223784
1 0.0163537 0.0171416
1 0.0285162 0.0292858
1 0.00657923 0.0073462
1 0.00442481 0.00517529
2 0.099794 0.100533
1 0.00790041 0.00863425
1 0.00825249 0.00898291
1 0.00721834 0.00794019
0 0 0.000719911
2 0.0054771 0.0061953
0 0 0.000716997
1 0.00288536 0.00359994
2 0.0138069 0.0145147
1 0.00541449 0.00611465
1 0.017642 0.0183392
2 0.100637 0.101324
1 0.00598667 0.0066595
2 0.0218949 0.0225585
1 0.00352078 0.00417784
2 0.11739 0.118046
1 0.0900484 0.0907044
1 0.00823823 0.00889102
0 0 0.000648864
1 0.00305022 0.00369222
0 0 0.000638526
2 0.00544104 0.00606246
1 0.00578836 0.00639148
1 0.0110092 0.0116002
1 0.012726 0.0133156
1 0.186129 0.186717
0 0 0.000585795
0 0 0.000582474
1 0.0158043 0.016385
1 0.00462599 0.00520406
1 0.00763428 0.00820776
1 0.0174801 0.0180434
1 0.580301 0.580853
1 0.0131455 0.0136862
1 0.00479356 0.00532782
1 0.00598279 0.00650941
1 0.00603902 0.0065625
1 0.134579 0.135102
0 0 0.000513375
1 0.0252813 0.0257878
2 0.0389771 0.0394834
1 0.00375239 0.00425095
1 0.0986985 0.0991962
1 0.00857444 0.00907021
1 0.022459 0.0229519
1 0.110269 0.110752
2 0.0487149 0.0491865
1 0.00577574 0.00624415
2 0.021334 0.0218016
0 0 0.000463066
1 0.0882165 0.0886643
2 0.0269969 0.0274384
2 0.00548275 0.00591358
0 0 0.000429466
1 0.00659879 0.00702576
1 0.00618519 0.0066092
0 0 0.000421156
1 0.0191898 0.0196089
2 0.00883077 0.00924662
2 0.0166422 0.0170565
2 0.0304777 0.0308901
1 0.00527705 0.00568593
1 0.00779924 0.00820736
0 0 0.000404519
1 0.0294215 0.0298241
1 0.0910161 0.0914147
1 0.0162811 0.0166785
2 0.58913 0.589527
1 0.00697261 0.00736265
1 0.0944603 0.0948492
2 0.00828417 0.00866826
2 0.0085162 0.0088954
1 0.0142098 0.0145873
1 0.00163316 0.00200801
1 0.00388541 0.00425341
1 0.00506053 0.00542724
2 0.00878696 0.00914618
2 0.0190254 0.0193836
2 0.0139904 0.0143465
1 0.0384515 0.0388033
1 0.00319542 0.00354301
0 0 0.000347461
1 0.00905482 0.00940107
1 0.0158905 0.0162365
2 0.00557428 0.00591915
1 0.0210961 0.0214355
1 0.00321306 0.00355004
1 0.0035609 0.00389745
0 0 0.000326729
1 0.0105554 0.0108802
2 0.0148619 0.0151797
1 0.00969977 0.0100116
1 0.0116814 0.0119924
2 0.0128695 0.0131775
1 0.00692377 0.0072299
1 0.00489667 0.00520217
2 0.0176217 0.0179235
1 0.0290632 0.0293648
2 0.0107463 0.0110401
1 0.00472806 0.00502055
2 0.0301057 0.0303975
1 0.0286135 0.0289035
1 0.00287511 0.0031619
1 0.010025 0.0103115
0 0 0.000280238
2 0.147432 0.14771
1 0.014696 0.0149743
2 0.03066 0.0309307
1 0.0416482 0.041918
2 0.187456 0.187722
2 0.0749035 0.0751652
2 0.0172183 0.0174753
0 0 0.000254754
1 0.00412771 0.00438236
1 0.00379889 0.00405163
1 0.00143786 0.00169019
1 0.00590042 0.00615125
1 0.00657029 0.00681937
2 0.311566 0.311814
1 0.0308607 0.0311087
2 0.0919213 0.0921684
1 0.00610458 0.00635162
1 0.00485594 0.00509737
2 0.0179086 0.0181466
2 0.00689678 0.00713286
1 0.0972214 0.0974536
1 0.564559 0.56479
1 0.0629832 0.0632125
1 0.00333126 0.00355889
1 0.00721433 0.00743573
2 0.0913192 0.0915391
1 0.0878822 0.0881017
1 0.0886714 0.08889
1 0.0262772 0.0264943
1 0.0165797 0.0167941
2 0.0170397 0.017254
1 0.00764333 0.0078573
1 0.0042084 0.00442059
1 0.0182651 0.0184711
2 0.0308226 0.031026
1 0.0417496 0.0419506
1 0.0104602 0.0106601
1 0.00310256 0.00330134
1 0.00908073 0.00927926
2 0.0199986 0.0201944
2 0.0188018 0.0189954
2 0.0270915 0.0272847
1 0.0870074 0.0872001
1 0.012645 0.0128334
1 0.10012 0.100305
1 0.0133504 0.0135332
2 0.0215567 0.0217332
1 0.0892904 0.0894662
1 0.0144794 0.0146548
2 0.009361 0.0095335
1 0.0109136 0.0110854
2 0.0202501 0.0204154
2 0.043821 0.0439818
1 0.0850338 0.085194
2 0.0272295 0.027389
1 0.00385986 0.00401882
1 0.0012991 0.00145778
2 0.106683 0.10684
1 0.00533923 0.00549551
1 0.00108194 0.00122762
2 0.0051141 0.00525961
2 0.0249837 0.0251243
1 0.0087257 0.00886538
1 0.0868394 0.0869776
1 0.00255643 0.00269262
1 0.0183709 0.0185053
1 0.00234673 0.00248066
1 0.00492296 0.00505416
2 0.0387789 0.0389093
1 0.00561035 0.00573792
2 0.0708841 0.0710109
1 0.00345977 0.00358578
2 0.00904712 0.00917274
2 0.00850177 0.0086261
1 0.022679 0.0228033
1 0.0810971 0.0812209
1 0.0041844 0.0043076
1 0.0179123 0.0180337
1 0.0845179 0.0846389
1 0.00462658 0.00474665
1 0.00230595 0.00242468
1 0.00773942 0.00785652
2 0.025686 0.0258013
1 0.027295 0.0274092
2 0.00895972 0.00907328
2 0.0503309 0.05044
1 0.00433512 0.00444218
1 0.00399327 0.00409782
1 0.037143 0.0372452
2 0.00656777 0.00666884
1 0.0992251 0.0993262
2 0.00490414 0.00500489
2 0.0191211 0.0192185
2 0.00400899 0.00410575
2 0.118954 0.119048
2 0.0381286 0.0382205
1 0.00419568 0.00428659
1 0.00313817 0.00322881
1 0.00207423 0.00216485
2 0.00878402 0.00887448
1 0.00392335 0.0040138
1 0.0809863 0.0810725
1 0.0112931 0.0113791
1 0.0123949 0.0124808
2 0.0250439 0.0251298
1 0.00838067 0.00846618
0 0 8.50581e-05
1 0.00648994 0.00657467
1 0.0059989 0.00608202
1 0.0034068 0.0034895
2 0.00575272 0.00583365
1 0.0113519 0.0114327
1 0.00883728 0.00891762
1 0.0102259 0.0103061
1 0.00486254 0.00494113
1 0.0049658 0.00504418
1 0.114894 0.114973
1 0.00164922 0.00172552
2 0.00460734 0.00468359
1 0.00557941 0.00564985
2 0.005806 0.00587618
1 0.0162224 0.0162916
2 0.00591455 0.00598301
2 0.0069408 0.0070091
1 0.00989301 0.00996124
1 0.0079543 0.00801886
2 0.0216844 0.0217467
1 0.00373347 0.00379327
1 0.0281878 0.0282454
1 0.0135534 0.0136084
1 0.00383022 0.00388415
1 0.00626729 0.00632023
2 0.00654351 0.00659506
1 0.0173108 0.0173618
1 0.0156624 0.015712
1 0.00416681 0.00421579
2 0.0130129 0.0130617
1 0.00134283 0.0013911
2 0.0205766 0.0206231
1 0.0061805 0.00622568
2 0.114996 0.11504
1 0.00487739 0.00492065
2 0.00612163 0.00616489
1 0.0984941 0.0985356
1 0.00184561 0.00188597
1 0.00555006 0.00558933
1 0.00567081 0.00570947
0 0 3.77453e-05
1 0.0181982 0.0182347
1 0.00579587 0.00583168
2 0.00646895 0.00650317
1 0.0052467 0.00527863
2 0.00521681 0.00524778
1 0.0190602 0.0190909
2 0.0275535 0.0275825
2 0.0211733 0.0212014
1 0.00846955 0.00849704
1 0.0162652 0.0162921
2 0.593776 0.593802
1 0.192954 0.192981
2 0.0312594 0.0312856
2 0.0170967 0.0171228
1 0.00194341 0.00196929
1 0.0040622 0.00408794
1 0.0262493 0.0262747
2 0.0100363 0.0100606
1 0.00802712 0.00805072
1 0.0116123 0.0116345
1 0.1575 0.157521
2 0.0174132 0.0174349
2 0.0046322 0.00465266
2 0.0232537 0.0232735
1 0.00724789 0.00726694
2 0.0229295 0.0229483
1 0.00594779 0.00596655
1 0.00393746 0.0039561
2 0.0079796 0.00799797
2 0.00950492 0.00952223
1 0.00191332 0.00193046
1 0.00526464 0.00528061
2 0.00834823 0.00836419
2 0.0133717 0.0133871
2 0.0041932 0.00420861
1 0.184544 0.18456
1 0.0250216 0.0250364
2 0.0985441 0.0985584
1 0.0578729 0.0578865
1 0.0256882 0.0257017
1 0.00539269 0.00540608
1 0.0155396 0.015553
2 0.0913329 0.0913462
2 0.0302055 0.0302173
2 0.0241296 0.0241407
2 0.014777 0.0147879
1 0.00116825 0.00117847
2 0.101201 0.101211
1 0.00436667 0.00437677
1 0.00960937 0.00961846
2 0.00448798 0.00449652
1 0.061998 0.0620063
1 0.0200056 0.0200133
1 0.00603572 0.00604327
1 0.0084877 0.00849486
2 0.0111207 0.0111275
2 0.008501 0.00850666
2 0.0135983 0.0136037
2 0.114987 0.114992
1 0.0176296 0.0176346
2 0.00457443 0.0045793
1 0.0757002 0.075705
2 0.185321 0.185326
1 0.189984 0.189988
2 0.0205872 0.0205918
1 0.00246467 0.00246909
1 0.00135741 0.00136162
2 0.14737 0.147374
2 0.195577 0.195581
1 0.0300951 0.030099
1 0.00825635 0.00825988
2 0.00607062 0.00607413
2 0.0969972 0.0970007
1 0.095253 0.0952558
1 0.0666092 0.0666118
2 0.0854923 0.0854943
1 0.0409947 0.0409962
1 0.00932909 0.00933051
2 0.00507796 0.00507938
1 0.00336255 0.00336396
1 0.00270322 0.0027046
1 0.015293 0.0152943
1 0.0820061 0.0820073
2 0.0230996 0.0231004
2 0.00713718 0.00713802
2 0.019582 0.0195829
1 0.0531607 0.0531615
1 0.101199 0.1012
1 0.0212475 0.021248
2 0.0221094 0.0221097
0 0 2.31474e-07
2 0.037227 0.0372272
1 0.00680773 0.00680788
1 0.00768369 0.00768379
1 0.0101197 0.0101198
1 0.117253 0.117253
2 0.00682069 0.00682076
2 0.0250379 0.025038
2 0.0193213 0.0193214
2 0.0082283 0.00822833
