0 0 inf
0 0 0.0979378
0 0 0.0947066
0 0 0.0859668
1 0.052651 0.137577
0 0 0.0808016
0 0 0.0726381
1 0.106517 0.174992
0 0 0.0620322
1 0.126472 0.18456
0 0 0.0505499
0 0 0.0485886
0 0 0.0473544
0 0 0.0464169
0 0 0.0458949
1 0.0661486 0.111024
0 0 0.0409111
1 0.0240057 0.061673
1 0.04045 0.0763161
0 0 0.0352307
0 0 0.0350392
0 0 0.0347404
0 0 0.034687
0 0 0.033699
0 0 0.0327099
1 0.0421155 0.0738928
0 0 0.0312962
1 0.0497327 0.0793719
0 0 0.0294135
0 0 0.0282312
0 0 0.02818
0 0 0.0274448
0 0 0.0270743
1 0.110599 0.13766
0 0 0.0261856
0 0 0.0259195
0 0 0.0243003
1 0.218017 0.241083
1 0.0322963 0.0546043
0 0 0.0215521
0 0 0.0215015
1 0.0745308 0.0951438
1 0.153351 0.173785
0 0 0.0201151
0 0 0.0198173
1 0.117891 0.137638
1 0.0290814 0.0486421
0 0 0.0190516
0 0 0.0178283
0 0 0.017749
0 0 0.0172036
0 0 0.0167739
1 0.134493 0.151176
0 0 0.0163598
0 0 0.0163407
0 0 0.0159574
0 0 0.0158637
1 0.136063 0.151851
0 0 0.0156745
0 0 0.01562
0 0 0.014763
0 0 0.0142081
0 0 0.0140959
1 0.0235606 0.0375404
0 0 0.013677
0 0 0.0136697
0 0 0.0131139
0 0 0.0130156
1 0.019198 0.0322115
1 0.0535811 0.0663625
0 0 0.0122993
1 0.153365 0.165617
0 0 0.0120639
2 0.151788 0.163823
0 0 0.0119437
1 0.134579 0.146273
0 0 0.0113576
0 0 0.0112244
0 0 0.0111465
1 0.0550008 0.0661293
1 0.0927808 0.103628
0 0 0.0108025
1 0.0183776 0.0291527
1 0.0232116 0.0335148
0 0 0.0101658
0 0 0.0101172
0 0 0.0100854
1 0.0549564 0.06449
1 0.0510322 0.0599762
0 0 0.00892358
0 0 0.00883873
0 0 0.00883128
0 0 0.00880879
0 0 0.00874213
0 0 0.00838674
1 0.0685175 0.0768669
1 0.0235668 0.0318677
1 0.0336681 0.0416186
0 0 0.00789995
0 0 0.00778209
0 0 0.00772802
1 0.0486281 0.0562923
0 0 0.00758243
1 0.0561961 0.0637201
0 0 0.00731879
1 0.00908837 0.0162288
0 0 0.00687602
1 0.0402852 0.0471367
1 0.100793 0.107644
0 0 0.00677929
1 0.0273785 0.0341334
1 0.0110239 0.0175626
0 0 0.00612879
0 0 0.00608954
2 0.157829 0.163863
1 0.00337308 0.00940766
1 0.0778957 0.0838211
1 0.0876795 0.0935707
0 0 0.00588323
1 0.0288607 0.0347135
1 0.0594829 0.0653242
0 0 0.00577938
0 0 0.0057665
0 0 0.00565124
1 0.0300232 0.0356264
0 0 0.00558542
0 0 0.00543522
1 0.0138972 0.0190877
1 0.0361753 0.0412956
0 0 0.0051126
0 0 0.0050904
2 0.0415937 0.0466796
1 0.0113978 0.0163685
0 0 0.00493722
0 0 0.00489893
0 0 0.00475008
0 0 0.00470752
0 0 0.00467738
0 0 0.00465569
0 0 0.00454661
0 0 0.00454143
1 0.120196 0.124693
0 0 0.00447543
1 0.054677 0.0591014
0 0 0.0042804
0 0 0.00427846
1 0.00302676 0.00725559
2 0.147505 0.151686
2 0.0841395 0.0883101
0 0 0.00415031
0 0 0.0041437
0 0 0.00390124
1 0.0118575 0.0156981
1 0.00434162 0.00815423
2 0.0537747 0.0575604
1 0.0438192 0.0474943
1 0.158163 0.161831
0 0 0.00366228
0 0 0.00363614
2 0.0258885 0.0295182
1 0.0149343 0.0185152
2 0.0192754 0.0228439
0 0 0.0034994
0 0 0.00344572
0 0 0.00342352
0 0 0.00340361
0 0 0.00336339
0 0 0.00331073
0 0 0.00330031
1 0.107399 0.110665
0 0 0.00325072
0 0 0.00324135
1 0.0181897 0.0214256
1 0.0116551 0.0148708
0 0 0.00315582
0 0 0.0031388
0 0 0.00313369
2 0.0880158 0.0911116
1 0.00457008 0.00760763
0 0 0.00298553
1 0.0308888 0.0338635
0 0 0.0029588
0 0 0.00295251
1 0.0378647 0.0408143
0 0 0.00291891
1 0.00358709 0.00648451
1 0.0984419 0.101292
1 0.0739633 0.0768125
0 0 0.00279808
0 0 0.00275434
1 0.00334908 0.00610213
0 0 0.00275214
0 0 0.00274448
1 0.0194391 0.0221738
0 0 0.00272155
0 0 0.0027029
0 0 0.00268787
2 0.0509791 0.0536556
0 0 0.00263194
0 0 0.00259839
0 0 0.00258426
0 0 0.00256234
0 0 0.00254322
0 0 0.0025412
1 0.00701461 0.00948031
1 0.153286 0.155714
0 0 0.00239418
0 0 0.00237641
0 0 0.00235276
0 0 0.00235029
1 0.0093129 0.0116545
1 0.0204423 0.0227786
0 0 0.00232864
0 0 0.00231108
0 0 0.00227159
1 0.0262901 0.0285441
0 0 0.0022486
1 0.0104169 0.0126645
1 0.0344134 0.0366594
1 0.0210871 0.0233048
0 0 0.00221772
0 0 0.00218569
1 0.0101611 0.0123306
1 0.0515182 0.0536861
0 0 0.00214878
0 0 0.00208722
0 0 0.0020636
0 0 0.0020514
0 0 0.00203446
2 0.192706 0.194739
1 0.00907697 0.0111084
0 0 0.00203055
1 0.0116505 0.0136586
2 0.150667 0.152644
1 0.0347735 0.0367472
0 0 0.00196442
1 0.0166613 0.0186243
1 0.154368 0.156313
0 0 0.00193192
0 0 0.00192683
1 0.00955166 0.0114766
0 0 0.00191009
0 0 0.00189334
1 0.00582114 0.00766602
0 0 0.00183718
1 0.031098 0.0329207
0 0 0.00181296
1 0.0620424 0.0638537
0 0 0.00180361
1 0.00999084 0.0117848
0 0 0.00179365
1 0.00300375 0.00479182
0 0 0.00176634
1 0.0100113 0.0116967
0 0 0.00167002
1 0.131402 0.133054
0 0 0.00164721
1 0.0266486 0.0282936
1 0.00909535 0.0107386
1 0.00281359 0.00445142
1 0.0635658 0.0651971
1 0.0380433 0.0396424
1 0.0148896 0.0164794
0 0 0.00157478
1 0.0292111 0.0307834
2 0.0409733 0.0425315
1 0.0114823 0.0130326
0 0 0.00154751
0 0 0.00154633
1 0.0198536 0.0213966
1 0.00489181 0.00643449
1 0.0116018 0.0131362
2 0.0348107 0.036343
0 0 0.00152823
0 0 0.00151843
1 0.00465348 0.0061664
1 0.0150315 0.0165367
0 0 0.00150341
0 0 0.00149538
0 0 0.00149497
1 0.0321509 0.0336342
1 0.0382641 0.039746
0 0 0.00146588
0 0 0.00146377
1 0.0865562 0.0880026
2 0.187191 0.188632
0 0 0.001407
1 0.00979063 0.011194
1 0.0669138 0.06831
1 0.00990826 0.0112959
2 0.217066 0.218446
1 0.00639792 0.00772527
1 0.00595646 0.00727884
0 0 0.00129361
1 0.181292 0.182577
0 0 0.00127754
0 0 0.00125701
2 0.0390242 0.0402796
1 0.0699715 0.0712265
0 0 0.00124965
0 0 0.00124106
0 0 0.00122241
1 0.011124 0.012345
1 0.0114813 0.0126917
1 0.00777784 0.00895852
1 0.0170691 0.0181926
1 0.073706 0.0748034
1 0.0119982 0.0130721
0 0 0.00106856
1 0.065806 0.0668713
1 0.00527391 0.00633081
1 0.0343793 0.0354149
1 0.00347654 0.00450923
1 0.00543131 0.00646326
1 0.0356428 0.0366579
1 0.00296752 0.00397426
1 0.0103209 0.0113203
1 0.00934619 0.0103449
1 0.165563 0.166557
1 0.0177876 0.0187812
0 0 0.000991882
1 0.00327381 0.00426404
0 0 0.000983613
2 0.0424516 0.043433
0 0 0.000978466
0 0 0.00097624
1 0.00300847 0.00397354
0 0 0.000954148
1 0.00312833 0.00408203
1 0.0201658 0.0211111
0 0 0.000931215
2 0.00748082 0.00836433
1 0.0105177 0.0114004
1 0.00251424 0.00339656
2 0.193369 0.194248
1 0.0167279 0.0175843
0 0 0.000840389
2 0.187537 0.188358
2 0.0436912 0.044508
1 0.00458138 0.00538762
1 0.0433747 0.0441615
1 0.0459806 0.0467635
1 0.00474442 0.00552496
0 0 0.000775803
1 0.00652391 0.00728672
1 0.00365124 0.00441059
1 0.0593236 0.0600818
1 0.00707345 0.00782544
1 0.0914479 0.0921988
0 0 0.000748303
1 0.00310032 0.00384632
2 0.165146 0.165886
2 0.00874721 0.00947993
1 0.00554009 0.00625488
0 0 0.000714197
1 0.00391898 0.00463055
1 0.0147992 0.0155029
1 0.0735914 0.0742912
1 0.00503455 0.00573027
1 0.0330801 0.0337561
1 0.0200692 0.020744
0 0 0.000671712
1 0.0372711 0.0379404
0 0 0.000662441
1 0.156939 0.1576
2 0.0185872 0.0192473
1 0.00658059 0.00723843
1 0.00588078 0.00653087
0 0 0.000647209
0 0 0.000626146
1 0.254737 0.255362
1 0.0054578 0.0060806
2 0.0369338 0.0375512
1 0.00666719 0.00727494
1 0.0499353 0.0505395
1 0.0214936 0.0220977
1 0.00648549 0.00707694
2 0.019 0.0195744
1 0.0682888 0.068858
2 0.0248428 0.0254027
1 0.066729 0.0672847
1 0.0257193 0.0262669
1 0.0168793 0.0173991
1 0.0118962 0.0124096
1 0.0124769 0.0129822
1 0.00266053 0.00315727
0 0 0.000495587
1 0.00308899 0.00358376
1 0.00733304 0.0078263
1 0.0918582 0.0923464
0 0 0.000484801
0 0 0.000483756
2 0.161222 0.161691
1 0.00322542 0.00368508
1 0.00870516 0.00915851
1 0.00348801 0.00393624
1 0.00447834 0.00489906
1 0.00555107 0.00596898
1 0.00517088 0.0055878
0 0 0.000415244
1 0.0183487 0.0187583
1 0.00264048 0.00304697
1 0.0144632 0.0148617
1 0.00199372 0.00239179
1 0.00265954 0.00305641
1 0.00643338 0.00682809
0 0 0.000394689
1 0.00743523 0.00781509
1 0.0103908 0.0107683
1 0.0169758 0.017351
1 0.00491084 0.00528587
2 0.00696912 0.00734134
1 0.00384933 0.00422015
1 0.00993971 0.0103019
1 0.0246306 0.0249902
1 0.0376688 0.0380283
1 0.0131772 0.0135362
1 0.056095 0.0564521
1 0.0215328 0.0218801
1 0.00431914 0.00466364
1 0.00474849 0.00508889
1 0.00346404 0.00380075
1 0.00608997 0.00641741
1 0.011919 0.0122416
2 0.0410145 0.0413329
1 0.00284894 0.00316701
2 0.0474052 0.0477216
1 0.00221835 0.00252311
2 0.00631392 0.00661318
1 0.00464399 0.00494194
1 0.00476081 0.00505847
0 0 0.000294854
1 0.00697604 0.00726974
1 0.00226337 0.00255636
0 0 0.000290882
1 0.0482503 0.0485407
1 0.0107985 0.0110885
1 0.0110572 0.0113437
1 0.0135591 0.0138423
1 0.0236615 0.0239443
1 0.0243133 0.0245954
2 0.00633541 0.00661468
1 0.0394361 0.0397116
1 0.00377014 0.00404531
1 0.00207918 0.00235313
2 0.0808093 0.0810741
2 0.0203077 0.0205664
1 0.0099117 0.0101666
2 0.0795259 0.0797768
2 0.00629174 0.00654084
1 0.0119674 0.0122126
2 0.017895 0.0181395
0 0 0.00024397
1 0.00397741 0.00421416
1 0.00182468 0.00206038
2 0.0120627 0.0122938
2 0.00806825 0.00829413
1 0.0243559 0.0245713
2 0.0805457 0.0807604
1 0.00364679 0.00385936
2 0.0222698 0.0224813
2 0.00995474 0.010164
1 0.0233557 0.0235605
1 0.13918 0.139385
1 0.0052342 0.00543422
1 0.00628436 0.00648137
1 0.0187373 0.018933
1 0.0104005 0.0105953
1 0.0065953 0.00678817
1 0.00638304 0.00657354
1 0.00802378 0.00821376
2 0.0213783 0.0215615
2 0.0469438 0.0471258
1 0.0350451 0.0352216
1 0.0832593 0.0834343
2 0.134211 0.134383
0 0 0.000167549
2 0.00965199 0.00981691
1 0.157292 0.157454
1 0.00841687 0.00857743
1 0.0810752 0.0812338
1 0.00282509 0.00297565
2 0.00405888 0.00420578
1 0.0030494 0.00319534
2 0.00460266 0.00474842
2 0.0125491 0.0126936
1 0.0197956 0.0199393
1 0.00494256 0.00508475
1 0.00876384 0.00890585
1 0.00427809 0.00441958
1 0.0056153 0.00575492
1 0.0634534 0.0635903
1 0.0068192 0.00695532
1 0.0215681 0.021703
1 0.00442492 0.00455879
2 0.00954662 0.00968024
2 0.00515262 0.00528475
1 0.00495791 0.00508831
2 0.00724362 0.0073718
2 0.0230848 0.0232125
1 0.00412435 0.00425145
2 0.0381397 0.0382648
0 0 0.00012406
1 0.00559023 0.00571427
1 0.0127996 0.0129203
1 0.0224175 0.0225376
0 0 0.000114419
1 0.00233882 0.00244948
1 0.00489927 0.0050099
1 0.0206802 0.0207896
2 0.0385986 0.0387078
1 0.00857496 0.00868258
1 0.005832 0.00593921
1 0.00617401 0.00628115
2 0.00833306 0.00843916
1 0.00482599 0.00493208
2 0.0102155 0.0103196
1 0.00557964 0.0056831
1 0.0107076 0.0108084
2 0.0110824 0.0111829
1 0.00541177 0.0055114
1 0.00659142 0.00669062
2 0.262253 0.262351
1 0.00317226 0.00326955
1 0.00345818 0.00355233
2 0.00382887 0.00392238
2 0.00888461 0.00897747
1 0.0157504 0.0158426
1 0.0153478 0.0154381
1 0.0177709 0.0178609
2 0.00422432 0.00431406
1 0.0216771 0.0217658
0 0 8.74732e-05
1 0.00943964 0.00952562
1 0.00698068 0.00706571
2 0.0706088 0.0706938
2 0.0402066 0.0402895
1 0.0115759 0.011658
1 0.0114485 0.0115294
1 0.00496875 0.00504961
2 0.00651735 0.0065981
1 0.0041954 0.00427613
2 0.0182892 0.0183686
1 0.0298866 0.0299653
1 0.00316204 0.00324062
2 0.00638129 0.00645938
1 0.0166687 0.0167466
1 0.0148653 0.0149425
1 0.0041294 0.00420491
1 0.0177629 0.0178383
2 0.00575553 0.00583071
1 0.0042651 0.00434013
1 0.00381793 0.00389244
1 0.0388082 0.0388826
2 0.00583044 0.00590435
2 0.0227237 0.0227976
2 0.00589768 0.00597095
2 0.0348077 0.0348777
1 0.00716345 0.00723318
2 0.0256073 0.0256756
1 0.124101 0.124169
1 0.00644198 0.00650509
1 0.0336171 0.0336801
2 0.0189254 0.0189881
1 0.00397719 0.00403973
2 0.0157573 0.0158182
1 0.00553252 0.0055923
2 0.00824033 0.00829992
1 0.00363356 0.00369283
2 0.00903073 0.00908823
1 0.0167836 0.016839
2 0.00780021 0.00785414
1 0.00751123 0.00756389
1 0.00231577 0.00236791
2 0.00505819 0.00510978
2 0.0263945 0.0264454
2 0.0880971 0.0881469
1 0.0174211 0.0174707
2 0.0169773 0.0170261
1 0.00855091 0.00859877
2 0.0244926 0.02454
1 0.00553698 0.00558261
1 0.00397609 0.00402079
1 0.0097404 0.00978366
2 0.148847 0.148889
2 0.0115664 0.0116086
2 0.0704803 0.0705222
2 0.00679291 0.00683351
1 0.0231995 0.0232399
2 0.253744 0.253784
1 0.00554887 0.00558787
2 0.0115042 0.0115426
1 0.037784 0.0378214
2 0.00410404 0.0041413
1 0.00293748 0.00297401
1 0.0198492 0.019885
1 0.00688701 0.00692239
1 0.00389308 0.0039281
1 0.00858793 0.00862078
2 0.00305825 0.0030889
2 0.0114757 0.0115046
1 0.00539899 0.00542764
1 0.0196385 0.0196657
1 0.0103377 0.0103646
2 0.158404 0.15843
1 0.00613211 0.00615811
1 0.00161871 0.00164454
2 0.0273454 0.0273702
1 0.0202216 0.0202462
1 0.0156488 0.0156726
2 0.0221495 0.022173
2 0.0177743 0.0177978
1 0.00487599 0.00489777
1 0.00380075 0.00382236
2 0.00975664 0.00977697
2 0.187559 0.187579
1 0.00311518 0.0031353
2 0.0330159 0.0330359
1 0.148737 0.148756
1 0.0105353 0.0105549
2 0.00646903 0.00648822
1 0.00311789 0.0031366
1 0.00454011 0.00455855
1 0.0054921 0.00551032
2 0.0536291 0.0536458
1 0.0273246 0.0273413
1 0.124202 0.124218
1 0.00462953 0.00464515
1 0.0135846 0.0135992
1 0.013681 0.0136952
1 0.00758426 0.00759836
1 0.00745788 0.00747124
1 0.0137556 0.0137687
2 0.0337647 0.0337778
2 0.00351381 0.00352671
1 0.00549598 0.00550835
2 0.00671998 0.00673229
2 0.0243634 0.0243752
1 0.0111501 0.0111615
1 0.0118305 0.0118419
2 0.0241994 0.0242105
2 0.0226157 0.0226263
1 0.0207327 0.020743
2 0.00921667 0.00922662
2 0.005737 0.00574625
2 0.0177381 0.0177471
2 0.0463167 0.0463256
2 0.058198 0.0582062
2 0.0169879 0.0169959
1 0.00298548 0.00299313
2 0.00847062 0.00847798
2 0.0171162 0.0171234
2 0.0149956 0.0150028
2 0.0112562 0.0112632
2 0.175243 0.17525
2 0.00930535 0.00931218
1 0.0100832 0.0100892
1 0.0121899 0.0121958
1 0.0182618 0.0182669
1 0.0486018 0.0486067
2 0.00643842 0.00644176
2 0.0148011 0.0148043
1 0.00283441 0.00283717
1 0.00959853 0.00960125
2 0.0202522 0.0202546
1 0.00297208 0.00297423
1 0.0186532 0.0186553
1 0.0211551 0.0211569
1 0.037285 0.0372866
2 0.00470693 0.00470804
1 0.00633523 0.00633623
1 0.0112242 0.0112251
1 0.00927938 0.00928016
1 0.0221089 0.0221095
1 0.00614334 0.00614386
1 0.0178756 0.017876
2 0.0756891 0.0756894
2 0.0140081 0.0140082
2 0.00843839 0.00843845
2 0.00427164 0.00427166
2 0.00451717 0.00451718
2 0.00807924 0.00807924
