0 0 inf
0 0 0.0616997
0 0 0.0477313
0 0 0.0467337
1 0.0593224 0.0962417
0 0 0.0324261
0 0 0.0312465
0 0 0.0282783
0 0 0.0243459
0 0 0.0229202
0 0 0.021619
0 0 0.0196638
1 0.0149206 0.0328798
0 0 0.0175961
0 0 0.0156558
0 0 0.015117
1 0.0253686 0.039147
0 0 0.0130184
0 0 0.0126958
0 0 0.0122086
0 0 0.0120145
0 0 0.0118608
1 0.0330766 0.0446144
0 0 0.0109668
0 0 0.0106342
1 0.0081577 0.0187779
0 0 0.0100745
0 0 0.0100118
1 0.0214657 0.0311421
0 0 0.00965498
0 0 0.00959967
0 0 0.00930965
0 0 0.00917365
1 0.112668 0.121571
0 0 0.00836111
1 0.0350401 0.0433612
0 0 0.00827983
1 0.0380931 0.0462493
1 0.0183193 0.0258093
0 0 0.00748318
1 0.0555763 0.0630131
0 0 0.00732443
0 0 0.00730579
0 0 0.00704412
1 0.0334139 0.0404066
0 0 0.00699052
0 0 0.00677014
0 0 0.0066225
0 0 0.006603
1 0.0104814 0.0169337
1 0.00477521 0.0110579
0 0 0.00606759
0 0 0.00577084
0 0 0.00568212
0 0 0.00515304
0 0 0.00492944
1 0.175714 0.180471
0 0 0.00474495
1 0.0812195 0.0858637
1 0.0270757 0.03163
0 0 0.00433973
0 0 0.00419359
0 0 0.0041455
0 0 0.00413303
1 0.0744836 0.0784622
0 0 0.00393616
0 0 0.00384955
0 0 0.00380681
0 0 0.00377122
0 0 0.00372503
0 0 0.00361494
0 0 0.00355612
0 0 0.00350341
0 0 0.00343893
1 0.0380888 0.0414908
1 0.0119584 0.0153322
0 0 0.00334508
0 0 0.00327108
0 0 0.00316521
0 0 0.0031375
0 0 0.00307826
1 0.00496231 0.0079959
0 0 0.00293028
1 0.0402094 0.0431235
0 0 0.00289552
0 0 0.00281318
0 0 0.00279705
0 0 0.00278947
0 0 0.00278656
0 0 0.00277806
0 0 0.00267029
1 0.0325869 0.0352156
0 0 0.00259824
1 0.0535462 0.0561018
1 0.00222367 0.00477635
1 0.00578701 0.00830635
1 0.0115388 0.0140442
1 0.00329154 0.00573456
0 0 0.00243839
0 0 0.00242513
1 0.00992582 0.0123356
0 0 0.00234992
0 0 0.00233852
0 0 0.00233416
0 0 0.00232248
0 0 0.00230367
0 0 0.00229938
0 0 0.00228112
0 0 0.00220041
1 0.00708512 0.00927451
1 0.0126027 0.0147781
1 0.00279505 0.00493991
0 0 0.00212962
1 0.0404022 0.0425308
1 0.00312074 0.00524387
0 0 0.00210679
0 0 0.00208056
0 0 0.00205989
0 0 0.00202455
0 0 0.00191072
1 0.0125194 0.0144252
0 0 0.00175192
0 0 0.00174988
1 0.00491939 0.00664969
0 0 0.00172883
0 0 0.00171376
0 0 0.00171322
1 0.0352172 0.0368874
0 0 0.00166911
1 0.00407806 0.00570916
0 0 0.00161386
0 0 0.00160308
1 0.0088474 0.0104354
0 0 0.001572
1 0.0164806 0.0180486
0 0 0.00152303
0 0 0.00151677
0 0 0.00149381
0 0 0.00149273
0 0 0.0014883
2 0.0313844 0.0328701
1 0.0105174 0.0119241
1 0.00321343 0.00458565
0 0 0.00137206
0 0 0.00136842
1 0.00202044 0.00338565
2 0.011768 0.013132
1 0.028377 0.0297352
0 0 0.00135785
0 0 0.00134978
1 0.0188348 0.0201779
0 0 0.0013317
0 0 0.00132623
1 0.0218425 0.0231634
0 0 0.00131868
1 0.0378876 0.0391971
1 0.0506501 0.0519427
1 0.0149997 0.0162867
0 0 0.00128428
0 0 0.00128125
2 0.0405352 0.0418123
1 0.00242948 0.0036811
0 0 0.00124931
0 0 0.00124486
2 0.0910954 0.0923104
1 0.00266782 0.00387455
0 0 0.00118803
1 0.00388027 0.00506547
0 0 0.0011782
0 0 0.00116619
0 0 0.00115396
0 0 0.0011508
0 0 0.00114464
1 0.015174 0.0163143
1 0.00915567 0.0102821
1 0.0541359 0.0552563
1 0.0135315 0.0146476
1 0.0644464 0.0655584
0 0 0.00110735
1 0.112166 0.113262
0 0 0.00109305
1 0.00572578 0.00681039
0 0 0.0010805
2 0.0577522 0.0588246
1 0.0301168 0.0311758
0 0 0.00105749
1 0.0166865 0.0177396
0 0 0.00105258
0 0 0.00104312
0 0 0.00103186
0 0 0.00101855
1 0.00347023 0.00445502
1 0.00774564 0.0087193
0 0 0.000960767
1 0.00211108 0.00306798
1 0.0122683 0.0132156
0 0 0.000945206
0 0 0.000929334
0 0 0.000928716
1 0.00686484 0.00779133
0 0 0.0009256
0 0 0.000907183
2 0.0120532 0.0129602
1 0.0058291 0.00673112
0 0 0.000888513
1 0.036016 0.0369043
2 0.122366 0.123241
1 0.00212461 0.00298707
1 0.00336565 0.0042256
0 0 0.000859488
1 0.00325052 0.00409014
0 0 0.000834735
1 0.00725514 0.00808774
0 0 0.000817993
1 0.0297179 0.0305334
1 0.0310103 0.0318172
1 0.00326847 0.00407503
1 0.0150248 0.0158236
0 0 0.000787134
0 0 0.000777601
1 0.000705533 0.0014498
1 0.00417933 0.00490352
1 0.00140046 0.00212252
2 0.011781 0.0124981
0 0 0.000714633
0 0 0.000703676
0 0 0.00069115
0 0 0.000689423
0 0 0.000687663
1 0.0841948 0.08488
0 0 0.000679676
1 0.00379472 0.00447345
0 0 0.000671317
1 0.0031245 0.0037942
1 0.0157692 0.0164237
0 0 0.000639294
1 0.0121953 0.0128233
1 0.0342833 0.0349074
2 0.0484816 0.0491025
2 0.0562657 0.0568821
0 0 0.000611912
1 0.00345092 0.00406
0 0 0.000603598
1 0.0065641 0.00716752
1 0.0171567 0.0177495
0 0 0.000575062
0 0 0.000562939
0 0 0.000558856
0 0 0.000553549
0 0 0.000553299
0 0 0.000548925
1 0.00814053 0.00868888
0 0 0.000545366
0 0 0.000545211
1 0.00375589 0.00429855
1 0.0117651 0.012304
0 0 0.000538378
1 0.00509376 0.00562813
0 0 0.000533912
0 0 0.000533479
1 0.0163518 0.0168827
0 0 0.000528361
1 0.00316009 0.0036879
0 0 0.000522438
0 0 0.000514566
0 0 0.000512693
0 0 0.000508856
1 0.0061582 0.00666344
0 0 0.000501221
0 0 0.000500433
2 0.0454485 0.0459426
0 0 0.00049323
0 0 0.000484811
1 0.00802543 0.00850845
2 0.0093856 0.00985406
0 0 0.000464706
1 0.00229857 0.00276161
1 0.0051153 0.00557804
0 0 0.000461565
0 0 0.00045575
1 0.0386779 0.0391327
2 0.0168415 0.017294
1 0.115484 0.115932
0 0 0.000434355
0 0 0.000431178
0 0 0.000429665
1 0.00183832 0.002266
1 0.0558145 0.0562383
0 0 0.000417569
0 0 0.000417331
1 0.0321681 0.0325827
1 0.00854343 0.00895063
2 0.018928 0.0193343
1 0.0128789 0.0132724
1 0.00064268 0.00103123
1 0.0154015 0.0157897
0 0 0.000370265
1 0.0109605 0.0113293
0 0 0.000367526
1 0.0184785 0.0188392
1 0.0554404 0.0557994
1 0.0261126 0.0264627
1 0.0320729 0.032422
2 0.0570325 0.0573804
0 0 0.000338382
1 0.00448191 0.00481556
1 0.00387727 0.00421007
0 0 0.000330375
1 0.0192556 0.0195847
1 0.000808294 0.00113263
1 0.00312107 0.00343906
1 0.00317227 0.00348729
0 0 0.000313327
1 0.00132205 0.00163416
1 0.00593737 0.00624937
2 0.0204366 0.0207436
0 0 0.000304841
1 0.00175742 0.00206168
1 0.0109671 0.0112702
1 0.0108834 0.0111754
1 0.00852606 0.00880909
0 0 0.000278568
1 0.00280884 0.00308481
2 0.00949151 0.00976455
2 0.00670259 0.00697318
0 0 0.000267354
1 0.018055 0.0183216
1 0.00129475 0.00156067
1 0.00545849 0.00572324
0 0 0.000260785
0 0 0.000252528
1 0.00215999 0.00241119
0 0 0.000250279
1 0.0059898 0.00623969
2 0.0129495 0.0131958
1 0.0340688 0.0343141
1 0.0018259 0.00205975
2 0.0292937 0.0295271
0 0 0.000230049
1 0.00121041 0.0014399
0 0 0.000228687
1 0.028241 0.0284651
1 0.00111891 0.00134246
1 0.0158923 0.0161008
2 0.0134251 0.013631
1 0.00103999 0.00124551
1 0.00872067 0.00892474
1 0.00107989 0.00128332
1 0.00177708 0.00197891
1 0.0314734 0.0316742
1 0.00814779 0.00834857
1 0.0378472 0.0380477
0 0 0.000200306
1 0.00180609 0.00200588
0 0 0.00019599
1 0.019051 0.0192467
1 0.00319313 0.00338746
1 0.0129985 0.0131923
1 0.00436884 0.00455856
1 0.00266913 0.00285628
2 0.0260386 0.0262221
1 0.00591203 0.00609533
1 0.00930901 0.00949039
1 0.0408839 0.0410648
0 0 0.000178088
1 0.00759265 0.00776958
0 0 0.000176427
1 0.00445912 0.00462665
1 0.00285579 0.0030204
2 0.0559257 0.0560901
1 0.00156819 0.00172761
1 0.0434909 0.0436476
1 0.00450881 0.00466403
1 0.00425126 0.00440492
1 0.0230005 0.0231514
1 0.00341407 0.0035647
2 0.0180021 0.0181499
1 0.0042485 0.0043957
1 0.00593293 0.00607397
1 0.0485262 0.048667
1 0.00203363 0.00217036
1 0.00105261 0.00118846
1 0.00629385 0.00642873
2 0.00530533 0.00543823
1 0.00430581 0.0044371
1 0.00246059 0.00258737
1 0.000615923 0.000739804
2 0.00826225 0.00838425
1 0.00217422 0.00229441
1 0.0129591 0.013079
1 0.00242067 0.00253992
1 0.000681828 0.000800796
1 0.0172832 0.0174016
0 0 0.000115984
0 0 0.000114426
1 0.00119892 0.00130948
1 0.00153051 0.00163848
1 0.000817031 0.00092429
1 0.00241798 0.00252463
1 0.00202027 0.00212648
1 0.00113343 0.00123909
1 0.032398 0.032503
1 0.00377794 0.00388203
1 0.00506675 0.00516963
1 0.00424167 0.00434124
2 0.0370404 0.0371386
1 0.00620633 0.00630091
1 0.00351683 0.00361121
1 0.00496709 0.00506049
1 0.00342608 0.00351866
2 0.0197587 0.0198512
2 0.00436841 0.00445963
1 0.000614763 0.000705136
0 0 8.97195e-05
1 0.00269488 0.00278452
1 0.00368327 0.00377209
1 0.00117011 0.00125813
0 0 8.75513e-05
2 0.00545374 0.00554129
1 0.00136532 0.00145261
2 0.0204601 0.0205469
2 0.0571328 0.0572178
1 0.00795336 0.00803734
0 0 8.07777e-05
2 0.00145749 0.00153667
1 0.00306401 0.00314176
1 0.170489 0.170566
2 0.0436919 0.0437686
1 0.000918534 0.000995248
1 0.0833836 0.083459
1 0.00639268 0.00646775
2 0.0299093 0.0299839
1 0.00364262 0.00371718
1 0.00714559 0.00721966
1 0.00258598 0.00265868
1 0.00479252 0.00486495
2 0.0140478 0.0141191
1 0.00228537 0.00235528
1 0.00933405 0.00940088
1 0.0115223 0.011588
2 0.00327374 0.00333907
2 0.115141 0.115206
2 0.0169359 0.0170011
1 0.00090062 0.000961166
1 0.00185881 0.0019188
2 0.0323871 0.0324469
0 0 5.91748e-05
2 0.0561726 0.0562304
1 0.00727802 0.0073354
1 0.00171949 0.00177599
1 0.00326902 0.00332503
1 0.000579266 0.000635186
1 0.0132006 0.0132561
2 0.0264874 0.0265422
2 0.00706869 0.00712225
1 0.000805846 0.000859021
1 0.0383123 0.0383648
2 0.0093866 0.00943847
1 0.117527 0.117579
2 0.0850144 0.085065
1 0.00907604 0.00912549
1 0.0214838 0.0215326
2 0.0150846 0.0151306
1 0.00525425 0.00530019
1 0.00645767 0.00650273
2 0.0321731 0.0322156
2 0.0317459 0.0317882
1 0.00150399 0.00154591
2 0.0395807 0.0396215
1 0.00140568 0.00144531
1 0.00106651 0.00110613
1 0.00263869 0.00267811
1 0.00473102 0.00476909
1 0.00165982 0.0016972
1 0.00907584 0.00911297
1 0.00305047 0.00308696
2 0.00560788 0.0056437
0 0 3.56068e-05
2 0.00852992 0.0085648
2 0.00489432 0.00492875
2 0.00857875 0.00861317
1 0.00297458 0.00300833
2 0.0113665 0.0114002
1 0.00224063 0.00227427
1 0.00368158 0.00371471
1 0.00154152 0.00157425
1 0.00764987 0.00768212
1 0.00073308 0.000765075
1 0.00347532 0.0035068
1 0.00247279 0.00250395
1 0.0291942 0.029225
2 0.00412341 0.00415353
1 0.00322163 0.00325039
1 0.0052025 0.00523106
1 0.0152862 0.0153136
1 0.00353069 0.00355808
2 0.00368344 0.00370932
2 0.0067166 0.00674234
2 0.0131001 0.0131258
1 0.00125743 0.00128296
0 0 2.51902e-05
2 0.0087348 0.00875835
2 0.00857338 0.00859667
1 0.00654612 0.00656862
2 0.0418379 0.0418603
1 0.00351348 0.00353574
1 0.0115587 0.0115807
1 0.0111113 0.0111329
2 0.0552971 0.0553179
2 0.00938467 0.00940514
2 0.00436043 0.00438089
1 0.00853998 0.00856036
1 0.00573443 0.00575443
2 0.00944253 0.00946213
2 0.00961594 0.00963532
1 0.000564651 0.000583985
1 0.00355044 0.00356957
1 0.000699848 0.000718873
2 0.00287103 0.00288947
1 0.00267923 0.00269718
1 0.0107901 0.0108075
1 0.00212756 0.00214495
1 0.00116361 0.00118064
2 0.0457258 0.0457425
2 0.00157574 0.00159069
1 0.0794651 0.0794793
1 0.0069732 0.00698626
1 0.00310838 0.0031211
2 0.0850469 0.0850594
2 0.0167703 0.0167818
2 0.0133626 0.0133735
1 0.00121215 0.00122308
2 0.001204 0.00121472
1 0.00125486 0.00126523
1 0.00343715 0.00344741
1 0.0034615 0.00347127
1 0.00264499 0.0026529
1 0.005 0.00500781
1 0.00504586 0.0050529
1 0.00154625 0.0015532
2 0.00364262 0.00364952
1 0.00326099 0.00326772
2 0.0052702 0.00527669
1 0.00334983 0.00335616
1 0.033596 0.0336012
2 0.0153205 0.0153257
1 0.00235524 0.0023603
1 0.00415105 0.0041561
2 0.00748043 0.00748537
2 0.0149427 0.0149477
2 0.00416101 0.00416589
1 0.0176858 0.0176905
1 0.000894025 0.00089866
1 0.00494209 0.00494669
1 0.0102402 0.0102447
2 0.00596665 0.00597106
1 0.00127583 0.00128008
2 0.00308027 0.0030845
1 0.00403278 0.00403696
2 0.00576459 0.00576862
2 0.00680568 0.00680911
1 0.0352588 0.0352621
1 0.00439577 0.00439906
2 0.00651146 0.00651474
2 0.00465001 0.00465325
1 0.00489969 0.00490282
1 0.00459785 0.00460076
1 0.000778163 0.00078105
1 0.00353264 0.00353538
2 0.00859586 0.00859847
2 0.00331691 0.00331943
2 0.00309464 0.00309677
1 0.00295988 0.002962
1 0.00195168 0.00195378
2 0.00740567 0.00740771
2 0.00678332 0.00678534
1 0.00609001 0.00609198
2 0.00406906 0.00407103
2 0.0129162 0.0129179
2 0.00212702 0.00212848
2 0.0035501 0.00355153
2 0.0050591 0.00506049
1 0.000786749 0.000788028
2 0.0171155 0.0171167
1 0.00410153 0.00410263
2 0.0395133 0.0395143
1 0.00119303 0.00119398
1 0.0320314 0.0320322
2 0.00493282 0.00493359
1 0.02789 0.0278908
1 0.000539672 0.000540222
1 0.00216534 0.00216588
2 0.0136437 0.0136441
2 0.00408044 0.00408081
1 0.000951437 0.000951749
1 0.0270706 0.0270709
2 0.00132355 0.00132373
1 0.000508501 0.00050866
2 0.0216239 0.021624
2 0.00464371 0.00464381
1 0.0322797 0.0322798
2 0.0208493 0.0208493
2 0.0505672 0.0505672
1 0.031038 0.031038
1 0.0513405 0.0513405
1 0.00211788 0.00211789
1 0.00151304 0.00151304
