0 0 inf
1 0.120589 0.2129
0 0 0.0904209
0 0 0.0751899
0 0 0.0722738
1 0.0411903 0.108541
1 0.0771791 0.136344
1 0.0625697 0.110141
1 0.0785371 0.125674
0 0 0.0451993
0 0 0.0364345
0 0 0.0362668
0 0 0.0359943
0 0 0.0356106
0 0 0.0340731
0 0 0.0339247
0 0 0.0317249
1 0.0398564 0.0681159
0 0 0.0253607
0 0 0.025197
0 0 0.0220008
0 0 0.0219385
2 0.134585 0.154302
0 0 0.0187372
0 0 0.0174847
0 0 0.0174707
0 0 0.0171246
1 0.133052 0.148844
0 0 0.0154761
0 0 0.0152365
0 0 0.0149908
1 0.0176261 0.0319661
0 0 0.0141779
0 0 0.0135703
0 0 0.0126958
0 0 0.0126265
0 0 0.0124186
1 0.0906698 0.102847
1 0.0963469 0.108408
0 0 0.0117383
1 0.0967914 0.108418
1 0.02047 0.0320716
0 0 0.0115735
0 0 0.0112109
0 0 0.0111795
2 0.130483 0.141593
0 0 0.0110898
0 0 0.0110841
0 0 0.0108975
1 0.0152853 0.025922
1 0.00908279 0.019218
0 0 0.00996485
0 0 0.00993634
0 0 0.00980262
0 0 0.00944683
0 0 0.00915603
0 0 0.00896999
0 0 0.00876874
0 0 0.00876151
0 0 0.00874709
0 0 0.00871618
0 0 0.00857282
0 0 0.00853283
0 0 0.00822495
1 0.0969782 0.105198
0 0 0.00812326
1 0.0130908 0.021195
1 0.0830298 0.0911028
0 0 0.00805346
1 0.00736083 0.0152447
0 0 0.00766988
1 0.0105277 0.0181399
1 0.0561559 0.0637001
0 0 0.00747996
0 0 0.00712022
1 0.0899069 0.0969085
1 0.0126726 0.0196162
1 0.00414543 0.0110867
0 0 0.00658061
0 0 0.00653259
0 0 0.006466
1 0.106586 0.113013
0 0 0.00633576
0 0 0.00633253
0 0 0.00607306
0 0 0.00593468
0 0 0.00589181
0 0 0.0058379
0 0 0.0058134
0 0 0.00580543
0 0 0.00580064
1 0.0329867 0.0387271
1 0.020507 0.0262218
0 0 0.00570899
0 0 0.00563181
1 0.068885 0.0743889
0 0 0.00530529
0 0 0.0052791
1 0.00605083 0.0112545
0 0 0.00502067
1 0.0112474 0.0162458
0 0 0.0049641
1 0.0191696 0.0240806
0 0 0.00454832
0 0 0.00443706
0 0 0.00433483
0 0 0.00433093
0 0 0.00427995
1 0.0118102 0.0159925
0 0 0.00415519
0 0 0.0041551
1 0.00839295 0.0125366
0 0 0.00411357
1 0.0160844 0.0201869
0 0 0.00404191
0 0 0.00404174
0 0 0.00402582
0 0 0.00385418
1 0.0157609 0.0195942
0 0 0.00372232
0 0 0.00372109
0 0 0.0036393
1 0.010887 0.0145194
1 0.0246946 0.0283199
0 0 0.00359356
0 0 0.00357862
0 0 0.0034976
0 0 0.00345169
0 0 0.00341299
0 0 0.00339452
1 0.0950947 0.0984504
1 0.0149325 0.0182836
1 0.178229 0.181549
0 0 0.00310736
0 0 0.00306251
1 0.116961 0.120005
0 0 0.00302443
0 0 0.00298072
0 0 0.00296871
0 0 0.00293221
0 0 0.00290064
1 0.0205108 0.0233446
0 0 0.00281733
0 0 0.00277415
0 0 0.00276443
0 0 0.00272182
0 0 0.00262725
0 0 0.00260325
0 0 0.00258104
2 0.0206372 0.0231922
0 0 0.00250887
1 0.00872978 0.0112357
0 0 0.00249055
0 0 0.0024359
0 0 0.00243137
0 0 0.00238231
0 0 0.00238105
1 0.0115642 0.013931
0 0 0.00236326
1 0.0125324 0.0148347
0 0 0.00228475
0 0 0.00228208
1 0.0490239 0.0512872
0 0 0.00225576
1 0.0220766 0.0243314
0 0 0.00225265
0 0 0.0022478
0 0 0.00215012
1 0.0228899 0.0250009
1 0.0159869 0.0180751
1 0.0361902 0.0382738
1 0.0103143 0.0123752
0 0 0.00202911
0 0 0.00200264
1 0.142301 0.144291
0 0 0.00197648
1 0.0214437 0.0234142
0 0 0.0019621
0 0 0.00195656
1 0.0133295 0.0152664
0 0 0.00192012
0 0 0.00191737
0 0 0.00191004
1 0.00762289 0.00952201
1 0.00506518 0.00696016
0 0 0.00188281
1 0.0121728 0.0140472
2 0.0170572 0.018931
1 0.00993515 0.0117793
2 0.150423 0.152261
0 0 0.00183367
1 0.049312 0.0511244
1 0.0113808 0.0131884
0 0 0.00180498
1 0.0139905 0.0157849
0 0 0.00179306
1 0.00260754 0.00435869
2 0.0201566 0.0219058
0 0 0.00173353
0 0 0.00170447
0 0 0.00167504
0 0 0.00165914
1 0.0288931 0.0305502
0 0 0.00162487
0 0 0.00162179
2 0.0577754 0.0593881
1 0.00954132 0.0111276
1 0.0154396 0.0169953
1 0.0175073 0.0190553
0 0 0.00154562
0 0 0.00153514
1 0.00703478 0.00854818
0 0 0.00150663
1 0.01628 0.0177788
1 0.12432 0.125811
0 0 0.00149011
0 0 0.00148519
0 0 0.00146151
2 0.105373 0.106827
0 0 0.00144454
1 0.0115476 0.0129875
1 0.0161718 0.0175852
0 0 0.00141146
0 0 0.0013995
0 0 0.00138881
1 0.00315038 0.00453676
1 0.00973958 0.0110956
1 0.0185234 0.0198752
1 0.0197393 0.0210836
1 0.0244727 0.0258143
0 0 0.00132477
1 0.011775 0.0130906
0 0 0.00130795
1 0.0186561 0.0199401
0 0 0.0012779
1 0.0792506 0.0805136
2 0.0205793 0.0218319
0 0 0.00123092
1 0.0170101 0.0182254
0 0 0.00121169
0 0 0.00120311
0 0 0.00120305
0 0 0.00119037
1 0.00490479 0.00607996
1 0.0182818 0.0194223
0 0 0.00113206
0 0 0.00112507
2 0.0153881 0.0164812
1 0.00437478 0.00546089
1 0.015978 0.0170542
1 0.0753044 0.0763806
1 0.00730174 0.00835639
0 0 0.00104368
0 0 0.00102364
0 0 0.00101562
0 0 0.00100659
1 0.0258851 0.02688
0 0 0.000993162
0 0 0.000979669
1 0.0753401 0.0763196
0 0 0.000966451
1 0.00863278 0.00959005
0 0 0.000937659
1 0.0140307 0.0149642
1 0.047665 0.0485858
0 0 0.000915497
1 0.00855372 0.00946632
0 0 0.000905088
2 0.132076 0.13298
1 0.0254896 0.0263822
1 0.0311238 0.0320162
2 0.0150129 0.0159018
1 0.00980782 0.0106914
2 0.133449 0.134329
0 0 0.000878402
1 0.115791 0.116669
0 0 0.000871676
0 0 0.000859039
2 0.15631 0.157166
1 0.00747191 0.00832752
1 0.0373052 0.0381535
1 0.00983083 0.0106759
1 0.0017785 0.00261588
1 0.00342516 0.00424716
2 0.0206412 0.0214569
1 0.00962031 0.0104184
0 0 0.000795041
0 0 0.000793297
0 0 0.000774275
1 0.00155264 0.00232353
2 0.0130501 0.0138155
1 0.00376797 0.00452958
1 0.0478598 0.0486141
1 0.0062641 0.00700491
1 0.00920893 0.00994481
0 0 0.000718704
0 0 0.000713284
1 0.00964663 0.0103549
0 0 0.000706775
0 0 0.000695837
1 0.0941327 0.0948252
1 0.0103449 0.011026
1 0.101497 0.102174
1 0.00443213 0.00509622
0 0 0.000660005
1 0.0657467 0.0664028
1 0.00240217 0.00303975
1 0.00836362 0.00899554
0 0 0.000631244
1 0.0241477 0.0247781
1 0.012895 0.0135027
0 0 0.000593894
1 0.0453202 0.0459122
2 0.0263951 0.0269764
1 0.0088967 0.00947204
2 0.0199558 0.020531
1 0.00423614 0.00480609
0 0 0.000562878
0 0 0.000552997
0 0 0.000548897
1 0.0144914 0.0150204
1 0.00376103 0.0042829
1 0.00312805 0.00364877
0 0 0.000518568
0 0 0.000515195
1 0.00739405 0.0079075
2 0.0269329 0.0274435
1 0.000953309 0.00146309
1 0.0949273 0.0954297
1 0.094366 0.0948578
1 0.0332345 0.0337239
0 0 0.000464783
1 0.00242755 0.00289125
1 0.023651 0.0241147
0 0 0.000463554
1 0.00296097 0.00342345
1 0.0129708 0.0134284
1 0.00960847 0.0100551
1 0.0139654 0.0144089
2 0.0207328 0.0211696
2 0.0300447 0.0304744
1 0.00287269 0.00328941
1 0.0133681 0.0137683
2 0.0280643 0.0284593
1 0.0173299 0.0177163
1 0.0206878 0.0210727
1 0.0134955 0.013874
1 0.115964 0.116341
1 0.036094 0.0364685
1 0.00582781 0.00619674
1 0.0235119 0.0238742
1 0.00797919 0.00833652
0 0 0.000355597
1 0.020441 0.0207958
1 0.00557288 0.00592646
2 0.0186363 0.0189887
1 0.00702753 0.00737663
1 0.00204635 0.00239526
1 0.00934797 0.00969107
1 0.011856 0.0121984
1 0.0148489 0.015191
1 0.0148188 0.01515
2 0.0507627 0.0510912
1 0.016808 0.0171352
1 0.0202798 0.0205995
2 0.0224381 0.0227567
1 0.00229858 0.00261385
1 0.00770977 0.00802295
1 0.00705567 0.00736538
0 0 0.000307643
1 0.00898697 0.00928337
2 0.0215498 0.0218458
1 0.039752 0.040042
2 0.029351 0.0296339
1 0.00505122 0.00533248
1 0.00222643 0.00250754
1 0.0185226 0.0188028
2 0.0333689 0.0336459
1 0.00355391 0.00382917
1 0.00316356 0.00343383
1 0.143817 0.144082
1 0.0035838 0.00382945
1 0.0013743 0.00161978
0 0 0.000243025
2 0.0207407 0.0209828
1 0.00576905 0.00601078
1 0.00625356 0.00649229
0 0 0.000238397
1 0.0220011 0.0222381
1 0.00398134 0.00421837
1 0.00565777 0.00589395
0 0 0.000233509
1 0.0179421 0.0181715
2 0.0153736 0.0156026
1 0.0182694 0.018498
2 0.0298007 0.0300293
1 0.0150595 0.0152816
1 0.0160113 0.0162316
1 0.0112091 0.0114233
2 0.00736835 0.00757849
1 0.00544952 0.00565573
0 0 0.000205628
1 0.00109419 0.00129696
1 0.0212671 0.0214686
0 0 0.000195171
1 0.00486967 0.00506153
0 0 0.000190854
1 0.000885455 0.0010759
1 0.0204338 0.0206199
1 0.001867 0.00204787
1 0.00888385 0.00906371
0 0 0.000178641
1 0.0156464 0.0158234
2 0.117074 0.117247
1 0.0142022 0.0143731
2 0.113202 0.113372
1 0.003764 0.00393475
1 0.00263081 0.00279414
1 0.010466 0.0106253
1 0.00194601 0.00210393
1 0.0168831 0.0170397
1 0.00182864 0.00198174
2 0.052932 0.0530824
2 0.0160154 0.0161652
1 0.00426244 0.00440427
1 0.00229585 0.00243752
1 0.00108359 0.00122466
2 0.0154969 0.0156325
0 0 0.000135071
1 0.00268362 0.00281646
1 0.024111 0.0242438
1 0.00626662 0.00639501
2 0.0147471 0.0148738
1 0.00850819 0.00863322
1 0.00171474 0.00183888
2 0.0114389 0.0115619
1 0.00719786 0.00731814
1 0.00443462 0.004548
2 0.00302803 0.00313928
1 0.024893 0.0250019
2 0.00524061 0.00534709
1 0.0171674 0.0172731
1 0.0799953 0.0800992
2 0.117679 0.117781
1 0.00694053 0.00704255
1 0.00639798 0.00649887
1 0.00638828 0.00648745
0 0 9.80247e-05
1 0.00254039 0.00263815
1 0.00801275 0.00811032
1 0.0125996 0.0126969
0 0 9.68209e-05
1 0.00385274 0.00394884
1 0.00259463 0.00269032
2 0.0225912 0.0226862
1 0.00413961 0.00423385
1 0.00473099 0.00482033
1 0.00205539 0.00214436
1 0.00309984 0.00318723
1 0.0141904 0.0142761
1 0.0130933 0.0131773
1 0.00758475 0.00766617
1 0.0155744 0.0156556
2 0.0338519 0.0339325
2 0.0105419 0.010622
1 0.0171592 0.0172377
2 0.0117139 0.0117888
1 0.00629071 0.00636547
1 0.00228855 0.00236207
1 0.00931289 0.00938531
1 0.0034406 0.0035128
2 0.0204339 0.0205053
2 0.13589 0.135958
1 0.00042775 0.000495214
1 0.0126701 0.0127369
0 0 6.62927e-05
2 0.153287 0.153351
1 0.11751 0.117574
1 0.0158433 0.0159036
2 0.029595 0.0296535
2 0.0209535 0.0210117
1 0.00394571 0.00400306
2 0.0122415 0.0122962
2 0.0207668 0.0208207
1 0.0272851 0.0273379
1 0.0510754 0.0511279
1 0.00848981 0.00854146
2 0.00442573 0.00447725
1 0.0527326 0.0527836
1 0.0120129 0.0120635
1 0.0193373 0.0193865
1 0.0872307 0.087278
2 0.0113005 0.0113476
1 0.0187474 0.0187911
1 0.00130875 0.00135146
2 0.0039151 0.00395759
1 0.00117311 0.00121482
1 0.00136496 0.00140608
1 0.00294005 0.00297918
1 0.0113942 0.0114306
1 0.00455188 0.0045875
1 0.00179022 0.00182555
1 0.00728796 0.00732327
1 0.00304047 0.0030749
2 0.0469338 0.0469668
1 0.0792313 0.0792615
2 0.0049358 0.00496535
2 0.00288134 0.00291087
2 0.0224294 0.0224588
1 0.00594316 0.00597153
2 0.00398907 0.004017
2 0.0196013 0.0196289
1 0.0378809 0.0379059
1 0.0262711 0.026294
1 0.0498469 0.049869
2 0.00279979 0.00282159
2 0.0272761 0.0272971
1 0.0125588 0.0125788
1 0.00300743 0.00302663
2 0.0211971 0.0212163
1 0.0183774 0.0183966
2 0.0177589 0.0177775
1 0.0165726 0.0165909
1 0.0161241 0.0161421
1 0.00437222 0.0043901
1 0.00157814 0.00159511
1 0.00723286 0.00724942
2 0.0263148 0.0263305
2 0.0226451 0.02266
1 0.00861197 0.00862687
1 0.00333403 0.00334831
1 0.00574369 0.00575792
2 0.00926747 0.00928065
1 0.0169624 0.0169755
1 0.00389476 0.00390757
2 0.00308345 0.00309615
2 0.0131626 0.0131749
2 0.0154915 0.0155026
2 0.00588135 0.00589188
2 0.0153532 0.0153637
2 0.0266706 0.0266811
1 0.00621307 0.00622339
2 0.0757239 0.0757341
2 0.00179146 0.00180143
2 0.0997932 0.0998021
2 0.0274547 0.0274636
1 0.00217554 0.00218386
2 0.00832261 0.0083305
1 0.000476211 0.00048329
2 0.0110558 0.0110626
1 0.00911031 0.00911608
1 0.00823182 0.00823721
1 0.00297282 0.00297768
2 0.00611857 0.00612336
2 0.00232881 0.00233301
2 0.00697025 0.00697407
1 0.00147218 0.00147573
1 0.0114888 0.011492
1 0.00454061 0.00454378
2 0.146133 0.146136
2 0.0165642 0.0165669
2 0.00232771 0.00233017
2 0.013828 0.0138304
1 0.0148581 0.0148603
2 0.0409915 0.0409936
2 0.0318675 0.0318696
1 0.00573264 0.00573438
1 0.00475646 0.00475812
2 0.0669006 0.0669022
1 0.0266969 0.0266984
1 0.00387331 0.00387476
1 0.0125785 0.01258
1 0.0323448 0.0323462
2 0.00392379 0.00392501
1 0.000762427 0.000763615
2 0.0154945 0.0154954
2 0.0149304 0.0149313
2 0.00248006 0.00248081
1 0.0089318 0.00893252
2 0.00275377 0.00275448
1 0.0283305 0.0283311
2 0.0112717 0.0112722
1 0.00984424 0.00984462
1 0.00154286 0.00154321
1 0.0073476 0.00734795
1 0.0111135 0.0111137
2 0.0198465 0.0198466
1 0.0112008 0.0112009
2 0.00917772 0.00917782
2 0.00170836 0.00170845
1 0.0222685 0.0222685
1 0.0075134 0.00751344
