0 0 inf
0 0 0.0850238
1 0.166946 0.229868
0 0 0.0537922
1 0.0488138 0.102345
1 0.054965 0.104688
0 0 0.0432415
0 0 0.0373756
0 0 0.0365679
0 0 0.0364345
0 0 0.0356289
0 0 0.0341668
0 0 0.0337793
0 0 0.0327834
0 0 0.0311824
0 0 0.0305055
0 0 0.0304624
0 0 0.0298824
0 0 0.0292385
0 0 0.0268601
0 0 0.0253607
0 0 0.0242326
0 0 0.0241427
1 0.0361683 0.0585266
1 0.0248132 0.0469753
0 0 0.021768
1 0.116357 0.1379
0 0 0.0209378
0 0 0.0201315
1 0.121321 0.141296
0 0 0.0187372
0 0 0.0170326
0 0 0.0169572
1 0.0891898 0.105151
1 0.0423929 0.0581648
0 0 0.0149908
0 0 0.0148873
0 0 0.0145875
0 0 0.0126607
0 0 0.0126265
1 0.0363028 0.0488289
0 0 0.012226
0 0 0.0121485
1 0.00946899 0.0210862
0 0 0.0114005
1 0.0514185 0.0627297
0 0 0.0113091
1 0.0355901 0.0468628
0 0 0.0111369
1 0.0687367 0.0798242
0 0 0.0110092
0 0 0.0109153
0 0 0.0106282
0 0 0.0105875
1 0.0753044 0.0857803
0 0 0.0102768
0 0 0.0101777
0 0 0.0101087
0 0 0.0100303
0 0 0.00990364
0 0 0.00974894
0 0 0.00932694
0 0 0.00929769
1 0.0644572 0.0737528
0 0 0.00902794
1 0.00684005 0.0157478
0 0 0.00888794
0 0 0.00876151
0 0 0.00842986
0 0 0.00837218
1 0.387174 0.395497
1 0.00923902 0.0174836
1 0.00524207 0.0132022
0 0 0.00772761
0 0 0.0075315
0 0 0.00745319
1 0.0206534 0.0279995
0 0 0.00669327
1 0.0617785 0.0684186
0 0 0.00663799
0 0 0.00660756
0 0 0.00639798
1 0.0258459 0.0321699
0 0 0.00631577
0 0 0.00631279
0 0 0.00620876
0 0 0.00617493
0 0 0.00614699
0 0 0.00590249
0 0 0.00587638
0 0 0.00586947
0 0 0.00566215
1 0.0551998 0.0607819
0 0 0.00556411
0 0 0.00554241
0 0 0.0055031
1 0.116672 0.122098
1 0.00828812 0.0136153
1 0.0146485 0.0199346
1 0.00949118 0.014765
0 0 0.0052289
1 0.00500888 0.0101951
0 0 0.00518564
1 0.068885 0.0739792
1 0.0100898 0.0151635
2 0.117655 0.122673
0 0 0.00494739
0 0 0.00491539
0 0 0.00491503
0 0 0.004854
0 0 0.00484244
0 0 0.00484076
0 0 0.0047674
0 0 0.00475849
0 0 0.00475384
0 0 0.00468799
0 0 0.00467728
1 0.0164787 0.0211142
0 0 0.00458412
0 0 0.00451391
0 0 0.00448564
0 0 0.00445554
0 0 0.00444514
2 0.14892 0.153362
0 0 0.00437478
1 0.00709274 0.0114441
0 0 0.00425984
1 0.0149489 0.0191664
1 0.0369779 0.0411847
0 0 0.00418053
0 0 0.00417756
0 0 0.00417383
0 0 0.00416442
0 0 0.00415519
1 0.039528 0.0436709
2 0.0154623 0.019586
0 0 0.00410061
1 0.00600643 0.0100986
0 0 0.00404191
0 0 0.00401972
0 0 0.00400129
0 0 0.00389207
1 0.0378809 0.0417727
1 0.0153614 0.019188
0 0 0.00374579
0 0 0.00372516
1 0.00351464 0.00721599
0 0 0.00359748
0 0 0.00359356
0 0 0.00357458
1 0.00702284 0.0105486
0 0 0.0034854
0 0 0.00345942
0 0 0.00342516
0 0 0.00341764
0 0 0.00339452
1 0.00393088 0.00732327
0 0 0.00335748
1 0.0244303 0.0277263
0 0 0.00327613
1 0.0224545 0.0256662
1 0.00930319 0.0125097
1 0.0175319 0.0206987
0 0 0.00315315
0 0 0.00312316
2 0.145823 0.148936
0 0 0.00306251
1 0.00430072 0.00731249
0 0 0.00300633
0 0 0.00299195
0 0 0.00298072
1 0.0692994 0.0722672
0 0 0.00296035
1 0.0148198 0.0177221
1 0.0159519 0.0188383
1 0.0168793 0.019716
1 0.0103055 0.0131116
1 0.0121366 0.0149378
1 0.0253241 0.0281122
0 0 0.00276329
0 0 0.00272182
0 0 0.00272103
1 0.0626565 0.065355
0 0 0.00267412
0 0 0.00262364
0 0 0.00262323
0 0 0.00262317
1 0.046395 0.0490161
0 0 0.00261651
1 0.0985178 0.101047
1 0.00801897 0.0105209
1 0.0682504 0.0707499
1 0.00655143 0.00904854
0 0 0.00249295
1 0.0104617 0.0128594
1 0.0389262 0.0413187
2 0.0294883 0.0318632
0 0 0.00234662
0 0 0.00232895
0 0 0.0023239
1 0.0139177 0.0162051
1 0.145126 0.147413
0 0 0.00228475
1 0.00726849 0.00954855
1 0.0490239 0.0512872
1 0.102638 0.104869
1 0.0350343 0.0372601
1 0.0160558 0.0182673
0 0 0.00220303
1 0.0313444 0.0334693
1 0.043555 0.0456666
1 0.011958 0.0140669
1 0.0149325 0.0170386
0 0 0.00210257
0 0 0.00210253
1 0.0436129 0.0456998
0 0 0.00206399
0 0 0.00202763
0 0 0.00202683
1 0.0402552 0.0422496
1 0.00887762 0.0108712
0 0 0.00198731
0 0 0.00197646
1 0.0190389 0.0209731
1 0.00677454 0.00869161
0 0 0.00191004
0 0 0.00184885
0 0 0.00184158
0 0 0.00182953
0 0 0.00182314
1 0.0118456 0.0136175
1 0.098051 0.0998176
0 0 0.00176522
0 0 0.00173669
2 0.0162234 0.0179345
1 0.0153775 0.0170668
1 0.0584685 0.060147
1 0.0591212 0.0607507
1 0.0118562 0.0134284
0 0 0.00154951
0 0 0.00153514
1 0.00211001 0.00362164
0 0 0.00149194
1 0.00589003 0.00736621
2 0.0194474 0.0209197
0 0 0.00144291
1 0.107058 0.1085
0 0 0.00140508
0 0 0.0013995
0 0 0.00135439
0 0 0.00134205
0 0 0.0013352
1 0.010995 0.0123299
1 0.00502057 0.00634336
1 0.00482891 0.00612704
0 0 0.00129473
0 0 0.00129455
0 0 0.00127242
1 0.00767209 0.0089271
1 0.0065907 0.00779979
1 0.0109404 0.0121428
1 0.0108337 0.0120289
0 0 0.00119037
1 0.00703611 0.0082184
1 0.013006 0.0141825
0 0 0.00116687
0 0 0.00116523
1 0.0057232 0.0068711
1 0.00748963 0.00863613
1 0.0182818 0.0194223
0 0 0.00112507
0 0 0.0011047
1 0.0487635 0.0498647
2 0.0321793 0.0332742
1 0.00930038 0.0103933
2 0.00851939 0.00959962
0 0 0.00107026
1 0.00679918 0.00786322
1 0.0039102 0.00496678
1 0.0121271 0.0131607
1 0.0304391 0.0314669
0 0 0.00101328
1 0.0611241 0.0621358
0 0 0.00100229
1 0.0174136 0.0184064
2 0.0516421 0.0526261
1 0.00789273 0.00887285
0 0 0.000973441
0 0 0.000972035
1 0.0114978 0.0124631
1 0.132722 0.133684
1 0.0280783 0.0290275
1 0.0135179 0.0144561
1 0.00870396 0.00963782
0 0 0.000922946
0 0 0.000922401
0 0 0.000907936
1 0.00506254 0.00596977
1 0.00991723 0.0107839
1 0.00577351 0.00663809
1 0.00605599 0.00692014
0 0 0.000859039
1 0.0192752 0.0201317
0 0 0.000855746
1 0.0217798 0.022633
2 0.0269549 0.0277755
1 0.0140889 0.0149027
0 0 0.000813159
2 0.0336598 0.0344716
1 0.00911031 0.00991568
1 0.0332576 0.0340598
0 0 0.000793297
1 0.00758475 0.00837467
1 0.0335509 0.0343403
0 0 0.000789091
1 0.0152775 0.0160634
2 0.193066 0.193845
1 0.0617755 0.0625477
0 0 0.000770838
1 0.0134579 0.0142261
0 0 0.000760649
1 0.00665902 0.00741261
1 0.00314189 0.00389146
1 0.0038281 0.00456664
1 0.0303317 0.0310638
1 0.00572864 0.00645793
0 0 0.000725918
0 0 0.000702425
1 0.014142 0.014843
2 0.414522 0.415222
2 0.0124283 0.0131275
1 0.0601519 0.0608386
1 0.00637432 0.00705927
2 0.0135532 0.0142273
1 0.0344968 0.0351704
2 0.0589448 0.0596132
1 0.0229486 0.0236119
1 0.012838 0.0135003
1 0.0699127 0.0705745
2 0.0135088 0.0141658
1 0.00455523 0.00520722
1 0.0215083 0.0221589
1 0.0263022 0.026946
1 0.00428454 0.00491559
1 0.0198308 0.0204499
1 0.0126726 0.013283
2 0.0139077 0.0145176
1 0.00335847 0.00396762
1 0.00852136 0.00911852
0 0 0.000593894
1 0.00592372 0.00651604
0 0 0.000584395
1 0.04011 0.0406794
2 0.0204903 0.021057
1 0.00690308 0.0074503
0 0 0.000541993
1 0.0165955 0.0171349
1 0.017604 0.0181397
1 0.00437222 0.00490266
2 0.0207672 0.0212971
0 0 0.000519104
1 0.00739405 0.0079075
2 0.0657995 0.0663096
2 0.0195884 0.0200953
1 0.0171592 0.0176633
1 0.0314959 0.0319955
2 0.0342838 0.0347772
1 0.012687 0.0131732
1 0.0123871 0.012873
1 0.00589475 0.00637715
0 0 0.00047533
2 0.00840819 0.00888336
1 0.0452916 0.0457662
1 0.0189117 0.0193849
2 0.0638352 0.0643018
2 0.0138367 0.0143013
0 0 0.000452093
2 0.010773 0.0112227
1 0.00191681 0.00236415
1 0.110264 0.110698
0 0 0.00043033
1 0.00403563 0.00446449
1 0.0438767 0.0443034
1 0.0116713 0.0120955
1 0.00425298 0.00467712
1 0.0129708 0.013394
1 0.003324 0.00374582
1 0.00371315 0.00413339
2 0.0124524 0.0128587
1 0.00486602 0.00526821
1 0.00742778 0.00782593
0 0 0.000397111
1 0.0158631 0.0162553
1 0.00712078 0.00751061
1 0.123262 0.123647
1 0.00335855 0.00374122
1 0.00322664 0.00360764
1 0.0493282 0.0496973
0 0 0.000364797
1 0.00184483 0.0022059
0 0 0.000355093
1 0.00134466 0.00169466
1 0.0466141 0.0469624
2 0.0622107 0.0625582
2 0.00774914 0.00809467
0 0 0.000344036
1 0.00832246 0.00866397
1 0.00320321 0.00353944
2 0.0281527 0.028488
2 0.0211569 0.0214908
1 0.00565777 0.00598173
1 0.00223448 0.00255623
2 0.0520836 0.0524012
0 0 0.000315781
1 0.00972775 0.0100434
1 0.00631457 0.00662956
2 0.0164324 0.0167462
1 0.00951824 0.00982807
1 0.00343825 0.00374696
1 0.00993634 0.0102438
1 0.127924 0.128227
2 0.0611404 0.0614357
2 0.0110158 0.0113098
0 0 0.000291015
1 0.00186128 0.00215156
2 0.0137143 0.0139985
1 0.0100211 0.0103009
1 0.0096509 0.00992748
1 0.00650951 0.00678543
2 0.101588 0.101862
1 0.00936076 0.00962734
0 0 0.000266414
1 0.0434549 0.0437204
1 0.00445281 0.00470342
1 0.0576634 0.0579132
1 0.00276667 0.00301305
1 0.0130519 0.0132974
1 0.0067275 0.00696958
1 0.0130758 0.0133163
2 0.024836 0.0250762
2 0.0151778 0.0154173
0 0 0.000239436
1 0.00805982 0.00829689
1 0.0933101 0.093544
1 0.00960847 0.00984223
1 0.00817232 0.00840428
1 0.0181544 0.0183857
1 0.00504522 0.00527487
0 0 0.000227294
1 0.000915671 0.00114183
1 0.015821 0.0160463
1 0.00559185 0.00581597
1 0.00112298 0.00134668
1 0.0165786 0.0168012
2 0.00517504 0.00539721
2 0.00512145 0.00533506
1 0.00298747 0.00319876
1 0.00275948 0.00297065
1 0.0079838 0.00819204
1 0.0635454 0.0637501
1 0.0126569 0.012858
1 0.0242366 0.0244373
0 0 0.000197958
1 0.00927243 0.00946392
1 0.00463791 0.00482508
2 0.0713385 0.0715257
1 0.0310247 0.031205
1 0.0100119 0.010192
1 0.00888385 0.00906371
1 0.00943413 0.00961168
2 0.0518589 0.0520359
1 0.00594173 0.00611589
2 0.0207167 0.0208898
2 0.0164165 0.0165883
1 0.0144131 0.0145798
1 0.0017593 0.00192282
1 0.0047394 0.0049023
1 0.00762647 0.00778811
2 0.0312549 0.0314159
1 0.0132574 0.0134174
1 0.0252878 0.0254463
1 0.0013898 0.00154663
2 0.115247 0.115403
1 0.00161317 0.00176837
2 0.0098146 0.00996845
1 0.170083 0.170236
1 0.00712535 0.00727471
1 0.0052458 0.00539161
2 0.0143934 0.0145383
1 0.0065664 0.00670889
1 0.00323689 0.00337927
1 0.00389476 0.00403377
1 0.114018 0.114156
1 0.00588098 0.00601878
2 0.0046018 0.00473576
1 0.00213469 0.00226721
1 0.00835236 0.00848277
1 0.0068043 0.00693397
1 0.011856 0.0119857
1 0.00134988 0.0014785
1 0.00229411 0.00241556
1 0.00604166 0.00616268
1 0.0059559 0.00607613
1 0.195206 0.195325
1 0.00201192 0.00212585
1 0.0294716 0.0295798
2 0.0176419 0.017748
1 0.00926708 0.00937134
2 0.00598329 0.00608522
1 0.0545951 0.0546967
1 0.00711885 0.00721899
1 0.00136007 0.00145976
1 0.0179245 0.0180198
1 0.00258713 0.00268003
1 0.00979991 0.00989265
2 0.0151718 0.015262
1 0.0070683 0.00715758
1 0.00650762 0.00658796
1 0.014039 0.0141188
1 0.0318868 0.0319632
2 0.0137553 0.0138295
1 0.0180763 0.0181499
1 0.0033165 0.00338945
1 0.00458642 0.0046576
2 0.0138123 0.0138828
1 0.0154032 0.0154714
1 0.00953587 0.0095997
2 0.0157333 0.0157971
1 0.00222235 0.00228528
1 0.124214 0.124275
2 0.0138491 0.0139104
2 0.016387 0.0164479
2 0.00763981 0.00769985
2 0.0142171 0.0142766
1 0.000698244 0.00075754
1 0.0043129 0.00437218
2 0.0622769 0.0623357
2 0.0139828 0.0140389
2 0.0113359 0.0113908
2 0.121396 0.12145
2 0.0149558 0.0150085
2 0.0207432 0.0207954
1 0.013745 0.0137971
1 0.00963286 0.00968491
1 0.016262 0.0163125
1 0.0039532 0.00400068
1 0.00581109 0.00585747
1 0.00615635 0.0061994
1 0.00668636 0.00672931
1 0.00423567 0.00427852
2 0.0496791 0.0497207
2 0.195448 0.195489
1 0.00471528 0.00475548
2 0.00584556 0.00588572
1 0.01519 0.0152297
1 0.0290002 0.0290398
1 0.00213378 0.00217197
1 0.00575881 0.00579567
1 0.00607458 0.00611143
1 0.00545506 0.00549135
1 0.0716921 0.0717279
1 0.014848 0.0148835
2 0.0209018 0.0209371
1 0.00226626 0.00230135
2 0.045883 0.045918
1 0.0108692 0.0109038
2 0.016876 0.0169089
1 0.0038226 0.00385549
1 0.00736598 0.007398
1 0.015219 0.0152501
1 0.00728796 0.00731874
2 0.007386 0.00741486
1 0.0119077 0.0119364
2 0.0133762 0.0134045
2 0.0321152 0.0321435
1 0.00894596 0.00897385
2 0.0438259 0.0438538
2 0.0114242 0.011452
2 0.00308811 0.00311545
2 0.0570123 0.057039
1 0.00812871 0.00815533
1 0.0156567 0.0156809
2 0.00476568 0.00478983
1 0.00666375 0.00668722
2 0.0122151 0.0122377
1 0.0181605 0.0181829
1 0.00216403 0.00218605
1 0.0239057 0.0239277
1 0.00911611 0.00913754
2 0.00235297 0.00237429
1 0.0202692 0.0202902
1 0.00836132 0.00838176
1 0.0125588 0.0125788
2 0.0284304 0.0284499
1 0.00230033 0.00231938
1 0.0219501 0.0219677
1 0.0488304 0.0488478
2 0.0101924 0.0102095
2 0.0129427 0.0129597
2 0.405182 0.405198
2 0.00275532 0.00277129
1 0.00480059 0.00481655
2 0.0165301 0.0165457
1 0.00494305 0.00495764
1 0.0124657 0.01248
1 0.0242876 0.0243016
1 0.0594217 0.0594349
2 0.0458891 0.045902
1 0.00412736 0.00413984
2 0.0175816 0.0175937
1 0.00439518 0.0044067
1 0.0401967 0.0402077
1 0.00469262 0.00470352
2 0.00916512 0.00917594
2 0.0430705 0.0430811
2 0.0503902 0.0504007
2 0.0488948 0.0489044
1 0.0206241 0.0206329
1 0.000602804 0.00061153
1 0.00155753 0.00156612
1 0.00663965 0.00664816
2 0.00483608 0.00484415
2 0.0100551 0.0100628
2 0.0135663 0.0135736
2 0.00516403 0.00517131
1 0.00071855 0.000725569
2 0.01401 0.0140168
1 0.0573754 0.0573819
1 0.0953181 0.0953244
2 0.0209732 0.0209793
2 0.00737207 0.00737814
1 0.00185246 0.00185744
1 0.011412 0.0114168
1 0.00466647 0.00467122
1 0.00848314 0.00848785
1 0.0175151 0.0175196
2 0.00390436 0.00390831
1 0.00396659 0.00397041
1 0.0149989 0.0150026
1 0.0138273 0.0138308
1 0.00812999 0.00813329
2 0.00301313 0.00301636
1 0.00984938 0.00985239
1 0.0122115 0.0122136
1 0.00692285 0.00692491
1 0.00202583 0.00202774
1 0.00681929 0.00682113
1 0.0141454 0.014147
2 0.00496127 0.00496274
1 0.00263841 0.00263972
2 0.0140227 0.014024
2 0.0196009 0.019602
2 0.00657891 0.00657993
1 0.00116716 0.0011675
1 0.00686347 0.0068638
1 0.00662226 0.00662257
1 0.00728092 0.00728113
2 0.00716731 0.00716749
1 0.00815101 0.00815116
2 0.0104886 0.0104887
2 0.15049 0.150491
2 0.00993386 0.00993393
1 0.00491689 0.00491692
1 0.0236167 0.0236167
2 0.00554148 0.0055415
2 0.0224191 0.0224191
2 0.00413907 0.00413908
1 0.00980782 0.00980782
2 0.0110304 0.0110304
