0 0 inf
1 0.0859799 0.183577
0 0 0.0861272
0 0 0.0757647
0 0 0.0499592
0 0 0.0482653
1 0.191785 0.234596
1 0.0443893 0.086455
1 0.0267393 0.068475
0 0 0.0408774
1 0.192908 0.233413
0 0 0.0401025
0 0 0.0396844
0 0 0.0386341
0 0 0.0351334
1 0.0491344 0.0834461
0 0 0.0321918
0 0 0.0321701
0 0 0.0314051
0 0 0.0299981
0 0 0.0299091
0 0 0.0279405
1 0.0474651 0.0753644
0 0 0.0253476
0 0 0.0244626
1 0.131475 0.153645
1 0.0417696 0.0628323
1 0.126072 0.146349
1 0.0654318 0.0843778
0 0 0.018356
0 0 0.0178365
1 0.0560619 0.0735636
0 0 0.0170443
0 0 0.0169114
1 0.0848419 0.101547
0 0 0.0163972
0 0 0.0163044
0 0 0.0162035
0 0 0.0159924
0 0 0.0158834
0 0 0.0155709
0 0 0.0154942
0 0 0.015252
0 0 0.014933
0 0 0.0141559
0 0 0.0141128
0 0 0.013271
1 0.0337216 0.0464269
2 0.327648 0.33998
0 0 0.0117729
0 0 0.0117729
1 0.110917 0.122596
0 0 0.011633
0 0 0.0115542
0 0 0.0114826
0 0 0.0114591
1 0.0532765 0.0645913
1 0.0104136 0.0217014
1 0.0196725 0.0309007
0 0 0.0112041
0 0 0.0112012
0 0 0.0111765
1 0.0467244 0.0572087
0 0 0.0104477
1 0.0223985 0.0327828
0 0 0.0103015
0 0 0.0101423
0 0 0.00963637
1 0.217821 0.227332
0 0 0.00937391
0 0 0.00925417
0 0 0.00924363
0 0 0.00922908
1 0.0363802 0.0455753
0 0 0.0089638
1 0.0115164 0.0204079
0 0 0.00825687
1 0.031834 0.039916
0 0 0.00807835
0 0 0.00805399
0 0 0.00801518
0 0 0.0079772
0 0 0.00791725
0 0 0.00770161
0 0 0.00755547
0 0 0.00750829
1 0.007518 0.0150098
0 0 0.00744476
0 0 0.00732511
1 0.0144485 0.0216876
0 0 0.00718272
0 0 0.00714529
0 0 0.00699597
0 0 0.00688933
1 0.084763 0.0916369
0 0 0.00686078
1 0.0185963 0.0254282
1 0.0178497 0.0246602
0 0 0.00662693
0 0 0.00659742
1 0.0316479 0.0381625
0 0 0.00649754
0 0 0.00649552
1 0.0385456 0.0449457
0 0 0.00632024
0 0 0.00626894
0 0 0.00622086
0 0 0.00609655
1 0.00755716 0.0136271
1 0.0125884 0.0186442
1 0.0281095 0.0340833
0 0 0.00576182
0 0 0.00570003
1 0.0184172 0.0240962
1 0.0333093 0.0389423
0 0 0.00535346
0 0 0.00531945
0 0 0.00526964
1 0.0318623 0.0370002
2 0.032932 0.0380462
1 0.0334491 0.0385261
0 0 0.00496885
0 0 0.00494299
1 0.025731 0.0306573
0 0 0.00489374
1 0.0187844 0.0236645
1 0.0178569 0.0227079
1 0.0611041 0.0655786
0 0 0.00447206
1 0.0359616 0.0404261
0 0 0.00433172
0 0 0.00432515
1 0.00480967 0.00899711
0 0 0.0041808
0 0 0.00410548
0 0 0.00394281
1 0.0114585 0.0153665
0 0 0.00386859
0 0 0.00366419
0 0 0.00366162
1 0.0158171 0.0194733
0 0 0.0036513
0 0 0.00357675
0 0 0.00356152
0 0 0.00353418
0 0 0.00353196
1 0.0244402 0.0279602
1 0.0323074 0.035803
0 0 0.00346205
0 0 0.00340743
0 0 0.003403
1 0.0118454 0.0152263
0 0 0.00334484
1 0.0108766 0.0142213
1 0.248238 0.251563
1 0.0357629 0.0390779
0 0 0.00331127
0 0 0.00330688
0 0 0.00328635
0 0 0.00319943
0 0 0.00318954
0 0 0.00316901
1 0.00752669 0.0106215
1 0.0187486 0.0217189
1 0.0101504 0.0130968
0 0 0.00293645
1 0.0111026 0.0140222
0 0 0.00278067
2 0.0692398 0.0720188
0 0 0.0027219
0 0 0.00271608
1 0.00782009 0.0105152
1 0.0178945 0.0205845
0 0 0.00266411
1 0.0209747 0.0236351
1 0.0137564 0.0163977
1 0.00541806 0.00805803
1 0.00896317 0.0115791
0 0 0.00257293
1 0.0103937 0.0129074
0 0 0.00248144
0 0 0.00244203
0 0 0.00237949
0 0 0.00233394
1 0.0320075 0.0342821
0 0 0.00223055
1 0.0117206 0.0139356
1 0.00261644 0.00481175
1 0.0465326 0.0487212
0 0 0.00214365
0 0 0.00212869
1 0.0171863 0.0192853
1 0.00808127 0.01017
0 0 0.00208052
1 0.0319028 0.0339753
0 0 0.00203397
0 0 0.00202143
0 0 0.00200976
0 0 0.0019959
0 0 0.00198313
1 0.0510002 0.0529792
1 0.138167 0.140142
1 0.00383271 0.00579447
0 0 0.00195893
0 0 0.00195602
0 0 0.00191069
0 0 0.0018896
1 0.0137886 0.0156545
1 0.00290047 0.00475858
1 0.0292922 0.0311319
0 0 0.00182756
0 0 0.00179708
0 0 0.0017726
1 0.00856091 0.0103176
1 0.0988122 0.100553
1 0.0115801 0.013314
2 0.0453641 0.0470673
2 0.0229805 0.0246745
2 0.0727117 0.0743996
1 0.00973999 0.0114142
0 0 0.00165285
0 0 0.00163538
2 0.0699435 0.071576
2 0.104483 0.106091
0 0 0.00160461
0 0 0.00158049
0 0 0.00157244
0 0 0.00157015
0 0 0.00154532
1 0.0130468 0.0145818
1 0.01456 0.0160836
1 0.0108068 0.0123232
1 0.0144244 0.0159342
1 0.0089015 0.0103998
0 0 0.0014894
0 0 0.00148711
0 0 0.00148229
0 0 0.00147634
0 0 0.00146904
0 0 0.00146765
1 0.00260542 0.00404106
0 0 0.00142553
1 0.00989376 0.0113116
0 0 0.00141002
1 0.00669538 0.00810309
2 0.0391636 0.0405673
0 0 0.00139441
1 0.0299484 0.0313383
0 0 0.00137252
1 0.0031177 0.00448725
0 0 0.00136828
0 0 0.00132703
0 0 0.00132682
2 0.041525 0.0428447
0 0 0.00131241
1 0.0174434 0.01874
2 0.0236339 0.0249089
0 0 0.00127289
0 0 0.00127188
1 0.00908178 0.0103417
1 0.0318564 0.0330935
1 0.0326268 0.0338633
0 0 0.00123291
0 0 0.00122396
0 0 0.00120178
1 0.0246128 0.0258141
2 0.0779764 0.0791698
2 0.0105601 0.0117514
1 0.0570485 0.0582369
1 0.0134535 0.0146231
0 0 0.0011679
1 0.0734269 0.0745929
0 0 0.00113115
1 0.00726476 0.00838975
1 0.070145 0.0712694
1 0.0128688 0.0139759
1 0.0254781 0.0265738
1 0.00956745 0.0106388
0 0 0.00107013
1 0.0578377 0.0588958
0 0 0.00105385
1 0.0564593 0.0575094
1 0.0171362 0.0181795
0 0 0.00103291
0 0 0.00102051
1 0.00356509 0.00458376
0 0 0.00100503
1 0.0436307 0.044614
0 0 0.000976579
1 0.0303723 0.031287
0 0 0.000914611
1 0.0292161 0.030129
2 0.0272728 0.028183
0 0 0.000907185
0 0 0.000902146
2 0.0454482 0.0463481
0 0 0.000887643
2 0.0350161 0.0358879
1 0.00819664 0.00906436
1 0.0170726 0.0179181
0 0 0.000834031
2 0.159606 0.160436
0 0 0.000810052
0 0 0.000801101
2 0.0370446 0.0378306
1 0.00865395 0.00943679
2 0.10215 0.102922
1 0.0485493 0.0493184
1 0.00584937 0.00661097
1 0.013815 0.0145714
1 0.00418645 0.00493684
0 0 0.000738135
1 0.00840482 0.0091409
0 0 0.000714545
1 0.020469 0.0211782
2 0.0153752 0.0160841
1 0.0036555 0.00435989
2 0.0581029 0.0587917
0 0 0.000674207
1 0.004441 0.0051091
1 0.0040381 0.00470498
1 0.00939153 0.0100566
1 0.00465993 0.00532112
0 0 0.00065857
0 0 0.000656843
0 0 0.000651781
1 0.0271388 0.0277816
1 0.0305702 0.0312029
1 0.00152836 0.00215741
2 0.0323419 0.0329682
1 0.0357708 0.0363853
0 0 0.000601577
2 0.0254421 0.0260331
2 0.0264333 0.0270227
1 0.0068775 0.00744642
1 0.0050215 0.00558796
1 0.0111876 0.0117509
0 0 0.000555417
1 0.00650358 0.00705669
1 0.0124893 0.013019
0 0 0.000528264
2 0.0695701 0.0700921
0 0 0.000521098
1 0.00212958 0.00264546
1 0.0106199 0.0111299
2 0.0165186 0.0170272
1 0.0253001 0.025808
1 0.0255644 0.0260647
1 0.0119482 0.0124256
2 0.0199912 0.0204663
2 0.0148205 0.0152759
1 0.0145722 0.0150244
0 0 0.000450473
2 0.014617 0.015067
0 0 0.000446362
1 0.00176333 0.00220621
1 0.00184786 0.00228212
2 0.186939 0.18737
1 0.0156527 0.0160625
1 0.0164223 0.0168275
2 0.0757707 0.0761755
1 0.00256906 0.00297351
2 0.0178671 0.0182601
1 0.00149182 0.00188242
1 0.00208244 0.0024727
1 0.0047571 0.00514289
0 0 0.00038547
0 0 0.000378638
1 0.0118338 0.0122098
1 0.0054976 0.00587129
1 0.103861 0.104233
1 0.0491358 0.0495075
1 0.0132526 0.0136186
1 0.028099 0.0284572
1 0.00204727 0.00240311
2 0.0319261 0.0322787
1 0.00380407 0.00414962
2 0.0114619 0.0118056
0 0 0.000341033
2 0.0310694 0.0314073
1 0.0179888 0.0183239
1 0.0620866 0.0624068
1 0.0113969 0.0117133
1 0.00922112 0.00953226
1 0.00473595 0.00504123
1 0.0337718 0.0340702
0 0 0.000297433
1 0.00198842 0.00228284
1 0.00356323 0.0038419
1 0.00177105 0.00204346
2 0.070974 0.0712428
0 0 0.000263609
1 0.0015915 0.00185076
2 0.0616083 0.0618653
2 0.0260606 0.0263154
2 0.0319788 0.032232
1 0.0810384 0.0812893
1 0.00411908 0.00436663
1 0.0132684 0.0135154
2 0.0141292 0.0143691
1 0.00440452 0.00464392
1 0.00295612 0.00319311
1 0.0530913 0.0533267
1 0.0012289 0.00146287
1 0.00269463 0.00292193
2 0.0407551 0.0409823
1 0.1005 0.100725
0 0 0.000223398
1 0.00324822 0.00346862
1 0.0105685 0.0107793
1 0.0327921 0.0330006
2 0.0147876 0.0149928
1 0.0153724 0.0155761
1 0.0164412 0.0166443
1 0.00411064 0.00431322
2 0.0390459 0.0392467
1 0.00373049 0.00393017
1 0.0507666 0.0509662
1 0.0708794 0.0710771
1 0.00543601 0.00563304
2 0.00484348 0.00503987
0 0 0.00019321
1 0.00418308 0.0043737
1 0.00385812 0.00404722
0 0 0.000187947
1 0.00890828 0.00909479
1 0.0198096 0.0199799
1 0.0220687 0.0222379
1 0.0130364 0.0132042
1 0.0225861 0.0227507
1 0.0108035 0.0109673
1 0.00244129 0.00260416
1 0.00499861 0.00516121
1 0.11725 0.117411
2 0.00602682 0.00618562
0 0 0.000158425
1 0.121666 0.121823
1 0.0015597 0.00171645
0 0 0.000154283
2 0.0109911 0.0111418
2 0.0329181 0.0330664
1 0.00247951 0.00262569
1 0.01775 0.0178947
1 0.0178469 0.0179885
1 0.0138129 0.0139544
2 0.0198345 0.0199748
1 0.0020803 0.00221956
1 0.146073 0.146211
1 0.00780001 0.00793643
1 0.00877194 0.00890769
1 0.00630641 0.006438
1 0.00215242 0.00228152
0 0 0.000126946
1 0.00443977 0.00456347
1 0.00120346 0.00132646
1 0.00534783 0.00546993
1 0.0212566 0.0213758
2 0.0132094 0.0133285
1 0.00385778 0.00397508
1 0.00742415 0.00754064
1 0.00422638 0.00434285
1 0.00129481 0.00141055
1 0.0254767 0.0255922
2 0.015567 0.0156798
1 0.00160187 0.00171121
1 0.00466192 0.00477053
1 0.0559366 0.0560428
1 0.00154456 0.0016506
0 0 0.000105555
1 0.014425 0.0145276
2 0.0146394 0.0147417
1 0.000985675 0.00108677
1 0.00338612 0.00348703
0 0 9.8778e-05
1 0.0213918 0.0214899
1 0.0112019 0.011296
2 0.0197889 0.0198823
1 0.00398769 0.00407942
1 0.00453223 0.00462104
2 0.014903 0.0149908
2 0.00595412 0.00604168
1 0.00628297 0.00636976
1 0.0525102 0.0525966
2 0.0024111 0.00249595
1 0.00512668 0.00521079
2 0.337936 0.33802
2 0.0363006 0.0363838
1 0.0379554 0.0380365
1 0.00379036 0.0038712
1 0.00842544 0.00850469
1 0.0991666 0.0992432
1 0.00261311 0.00268959
1 0.0770357 0.0771111
2 0.00565379 0.00572832
1 0.00675773 0.00683087
1 0.142557 0.14263
1 0.0101306 0.0102002
2 0.00512641 0.00519052
1 0.0328792 0.0329427
1 0.00250219 0.00256257
2 0.0578105 0.0578673
2 0.0193857 0.0194403
1 0.00418625 0.00423833
1 0.0490193 0.0490713
1 0.0362331 0.0362846
2 0.00583405 0.00588457
1 0.017431 0.0174794
1 0.00210224 0.00215047
2 0.0318697 0.0319174
2 0.00595378 0.00599933
1 0.00917092 0.00921589
2 0.00676724 0.00681181
2 0.011362 0.0114064
1 0.0152551 0.015299
2 0.0256016 0.0256443
1 0.00714299 0.00718542
1 0.00823541 0.00827657
1 0.00663531 0.00667613
1 0.00481619 0.0048542
1 0.00508212 0.00511882
1 0.00135274 0.0013893
2 0.0107005 0.0107365
1 0.0143365 0.0143705
1 0.000494759 0.000528422
1 0.0184766 0.0185098
2 0.0176263 0.0176595
1 0.00155427 0.00158636
1 0.00573471 0.00576646
1 0.0442934 0.0443249
2 0.00541697 0.00544806
2 0.0141483 0.0141787
1 0.00154202 0.00157183
1 0.00479232 0.00482107
2 0.0118228 0.0118501
2 0.00163512 0.00166168
2 0.0359634 0.0359895
1 0.00761043 0.00763579
1 0.01007 0.0100953
2 0.00487965 0.00490447
1 0.000311247 0.000334642
1 0.00158437 0.00160755
1 0.00431208 0.00433524
1 0.00180484 0.00182797
1 0.0139909 0.0140135
1 0.0411527 0.0411751
2 0.0231587 0.0231803
1 0.0348326 0.0348531
1 0.0150657 0.015086
1 0.00275724 0.00277715
1 0.00364558 0.00366514
2 0.0918697 0.0918879
2 0.0411078 0.041124
2 0.00287901 0.00289505
2 0.0427406 0.0427565
1 0.0136211 0.013637
1 0.0627312 0.0627463
1 0.00689404 0.00690842
1 0.014895 0.0149094
1 0.0172038 0.0172181
1 0.0996688 0.0996826
2 0.00454437 0.00455778
1 0.00747344 0.00748676
1 0.011099 0.0111119
2 0.0017618 0.00177471
1 0.0101227 0.0101355
1 0.00569105 0.00570357
1 0.0555155 0.055528
2 0.0757457 0.0757578
1 0.0905981 0.0906102
2 0.014908 0.01492
1 0.0115669 0.0115789
2 0.0154518 0.0154624
2 0.0157702 0.0157799
2 0.0419158 0.041925
1 0.00283145 0.00283992
1 0.0140798 0.0140882
2 0.0294751 0.0294835
2 0.0366845 0.036692
1 0.0182205 0.0182279
1 0.0151452 0.0151524
2 0.061143 0.0611501
2 0.0186929 0.0186998
1 0.0312273 0.0312341
1 0.0228071 0.0228136
1 0.00540062 0.0054071
2 0.0051644 0.00517084
2 0.0153456 0.0153513
2 0.00301524 0.00302053
2 0.0112277 0.0112319
1 0.0317696 0.0317738
1 0.0154209 0.0154248
1 0.00203376 0.00203765
2 0.0267167 0.0267206
2 0.024459 0.0244625
2 0.0341692 0.0341724
1 0.0272157 0.0272188
1 0.00533725 0.00533994
1 0.0145951 0.0145977
2 0.020418 0.0204206
1 0.0190322 0.0190346
1 0.0114878 0.0114901
1 0.0133176 0.0133199
1 0.123725 0.123727
2 0.0346012 0.0346032
2 0.0134453 0.0134471
2 0.00683433 0.00683607
1 0.00969033 0.00969206
1 0.0177943 0.0177959
2 0.00493984 0.00494132
1 0.00393906 0.00394029
1 0.118021 0.118022
1 0.0104013 0.0104021
1 0.0146456 0.0146463
1 0.00487203 0.00487271
1 0.0113 0.0113006
2 0.0109241 0.0109247
1 0.00139549 0.00139606
1 0.0346221 0.0346225
1 0.00429598 0.00429637
2 0.0248934 0.0248937
1 0.00413219 0.00413242
1 0.000601367 0.000601454
1 0.00703568 0.00703575
2 0.0110494 0.0110494
1 0.0038482 0.00384823
2 0.00737179 0.0073718
2 0.0116627 0.0116627
2 0.0394279 0.0394279
1 0.0107967 0.0107967
1 0.0200192 0.0200192
