0 0 inf
0 0 0.132443
0 0 0.0990235
1 0.0141546 0.108047
0 0 0.0747981
0 0 0.0632314
1 0.23389 0.289689
0 0 0.0368035
1 0.0330231 0.0686161
1 0.0415101 0.0753067
0 0 0.0332735
0 0 0.0305068
0 0 0.0302546
0 0 0.0299979
0 0 0.0285553
0 0 0.0283784
0 0 0.0280487
0 0 0.0274818
0 0 0.0265799
1 0.0481962 0.0745894
0 0 0.026193
0 0 0.0247818
0 0 0.0241659
0 0 0.0241403
1 0.0818535 0.105686
1 0.119936 0.143614
0 0 0.0230571
1 0.0856423 0.108688
1 0.0931515 0.116158
1 0.0729914 0.0959687
0 0 0.0221712
1 0.0592157 0.0813356
0 0 0.0220495
0 0 0.0213562
0 0 0.0205672
0 0 0.020381
0 0 0.0164998
0 0 0.0161504
1 0.0102835 0.0262091
0 0 0.015901
0 0 0.0148633
0 0 0.0142604
1 0.0656216 0.0798581
1 0.0113636 0.0255445
0 0 0.0141402
0 0 0.013816
1 0.0343804 0.0481095
0 0 0.0136135
0 0 0.0132487
0 0 0.012673
1 0.0918572 0.104331
1 0.0157245 0.0279979
0 0 0.0120871
0 0 0.0118441
0 0 0.0118007
1 0.04395 0.0554869
0 0 0.011463
0 0 0.0114211
0 0 0.0112978
0 0 0.0112604
1 0.0125369 0.023775
0 0 0.0111675
1 0.0129606 0.0241149
0 0 0.0110956
0 0 0.0108283
0 0 0.0106315
0 0 0.0103703
0 0 0.010151
0 0 0.0101123
0 0 0.00973852
0 0 0.00966258
0 0 0.00929604
1 0.0665114 0.0756494
1 0.0826257 0.0917259
1 0.0109344 0.0200115
1 0.0076707 0.0166185
1 0.0302354 0.0390584
1 0.376953 0.38575
0 0 0.00876002
0 0 0.00864501
0 0 0.00857918
1 0.0725878 0.0811237
1 0.0804956 0.0889863
0 0 0.00839221
0 0 0.00836515
0 0 0.00819385
1 0.0087559 0.0166505
0 0 0.00788555
1 0.0116883 0.0195501
0 0 0.00779216
0 0 0.00764484
0 0 0.00760754
0 0 0.00748583
0 0 0.00745788
0 0 0.00741048
1 0.0729778 0.0803686
1 0.0177888 0.0251743
1 0.0479576 0.0551436
0 0 0.00718211
0 0 0.00717224
0 0 0.00712912
0 0 0.00709272
0 0 0.0070099
0 0 0.0069056
0 0 0.00683654
0 0 0.00676751
1 0.295518 0.302208
1 0.0103675 0.0168499
2 0.0991826 0.105538
0 0 0.0061385
1 0.0352346 0.0413651
0 0 0.00611642
0 0 0.00609415
0 0 0.00608559
0 0 0.00576052
0 0 0.00567185
0 0 0.00565969
2 0.0254458 0.0311014
1 0.0212643 0.0269017
1 0.0343859 0.0399832
1 0.0171424 0.0227072
1 0.211622 0.217168
0 0 0.00544405
1 0.0318672 0.0372697
0 0 0.00536803
0 0 0.00531453
1 0.0859808 0.0912164
1 0.0128256 0.0180257
0 0 0.00519875
0 0 0.00514057
1 0.018661 0.0237221
1 0.273396 0.278311
0 0 0.00486284
1 0.036026 0.0408418
0 0 0.00480287
0 0 0.0047609
0 0 0.00471924
0 0 0.00468214
0 0 0.00467974
0 0 0.00463272
0 0 0.00461662
2 0.026349 0.0309376
0 0 0.00454675
1 0.0283918 0.0329333
1 0.00483873 0.00934543
0 0 0.00450039
0 0 0.00448199
0 0 0.00447471
1 0.00819976 0.0125793
2 0.125607 0.129978
0 0 0.00432342
0 0 0.00425225
0 0 0.00423184
1 0.0667469 0.070965
1 0.0448231 0.0490001
0 0 0.00413838
1 0.00583236 0.00992158
0 0 0.00408868
0 0 0.00391416
0 0 0.00390084
2 0.0923097 0.0961692
1 0.00655957 0.0104003
0 0 0.00378617
0 0 0.00373015
0 0 0.00369003
1 0.0157765 0.0194401
1 0.0186275 0.0222823
0 0 0.00364916
1 0.0198131 0.0234005
0 0 0.00358281
2 0.0234487 0.0269799
0 0 0.00351755
1 0.0161814 0.0196838
0 0 0.00349031
1 0.12236 0.125792
0 0 0.00342004
0 0 0.00340705
0 0 0.00337705
0 0 0.00333883
0 0 0.00328195
2 0.109935 0.11321
0 0 0.0032486
1 0.0709995 0.0742466
0 0 0.003223
1 0.0076077 0.0107945
0 0 0.00314796
0 0 0.00312815
1 0.0116991 0.0147747
0 0 0.0029797
1 0.0155703 0.0185261
2 0.0272545 0.0302091
0 0 0.00292809
0 0 0.00291474
0 0 0.00291189
2 0.0798267 0.082687
0 0 0.00279167
0 0 0.00276697
0 0 0.00275826
1 0.0122708 0.0150044
0 0 0.00270018
1 0.0249943 0.027685
1 0.0479667 0.050648
1 0.00618689 0.00883292
1 0.0144148 0.0170247
1 0.0147005 0.0172771
1 0.02943 0.0319976
1 0.00639727 0.00889983
1 0.0136831 0.0161674
0 0 0.00247897
0 0 0.00246611
1 0.0130377 0.015502
1 0.0164267 0.0188807
1 0.0132122 0.0156599
1 0.105566 0.107986
1 0.0065662 0.00896809
1 0.0219062 0.0242951
0 0 0.00236819
0 0 0.00236764
1 0.0186465 0.020964
0 0 0.00230426
2 0.115205 0.117501
1 0.0172882 0.0195801
0 0 0.00227141
1 0.0411436 0.0434091
0 0 0.00224294
1 0.0705867 0.0728239
0 0 0.00223281
0 0 0.00221307
0 0 0.00220171
0 0 0.00214603
0 0 0.00210964
0 0 0.00208103
0 0 0.00205612
0 0 0.00203667
2 0.0304725 0.0324694
0 0 0.00195607
1 0.0194974 0.0214327
1 0.0559796 0.057882
1 0.00648944 0.00839134
1 0.118391 0.120253
0 0 0.00185006
0 0 0.00183612
1 0.0155147 0.0173058
0 0 0.00179058
0 0 0.00178547
0 0 0.00178326
2 0.0101485 0.0119295
0 0 0.00177092
0 0 0.00176137
0 0 0.00171525
0 0 0.00170646
0 0 0.00167821
2 0.0245921 0.0262541
2 0.028979 0.0306276
0 0 0.00163633
0 0 0.00162625
1 0.0166216 0.0182327
0 0 0.00159755
0 0 0.00154162
1 0.0397992 0.0413125
0 0 0.00150715
2 0.127463 0.128959
1 0.0363399 0.0378076
0 0 0.00146037
2 0.138935 0.140386
1 0.00572709 0.00717143
1 0.017842 0.0192556
1 0.0030106 0.0044068
0 0 0.00139355
2 0.304347 0.305739
0 0 0.00138929
1 0.0103415 0.0117305
1 0.024465 0.0258505
0 0 0.0013436
0 0 0.00134084
1 0.0142279 0.0155642
0 0 0.00132989
1 0.00776279 0.00907988
1 0.0896897 0.0909883
0 0 0.00128973
1 0.00480985 0.00607972
2 0.151553 0.152809
0 0 0.00125358
2 0.116475 0.117724
2 0.0807312 0.0819749
0 0 0.00123727
1 0.00334192 0.00457023
1 0.0251354 0.0263608
2 0.0312308 0.0324549
2 0.0819403 0.0831566
2 0.0208166 0.0220323
2 0.0282561 0.0294652
0 0 0.00120659
1 0.0101738 0.0113803
2 0.0867353 0.0879408
1 0.0112984 0.0124995
0 0 0.00119043
1 0.0291344 0.0303126
0 0 0.00116412
1 0.0654029 0.0665664
0 0 0.00115516
1 0.00374363 0.00489701
0 0 0.00114645
2 0.108365 0.109485
1 0.0528525 0.0539658
1 0.10663 0.107736
0 0 0.00109813
0 0 0.00109193
1 0.0174994 0.0185797
2 0.0258085 0.0268763
1 0.00838271 0.00944238
0 0 0.00105671
1 0.0178392 0.018894
1 0.00299573 0.00403953
0 0 0.00103136
0 0 0.00102683
1 0.0905952 0.091614
1 0.0155126 0.0165261
1 0.0221509 0.0231552
0 0 0.001004
0 0 0.000979522
1 0.0214258 0.0224033
0 0 0.000976565
1 0.00397913 0.00493231
2 0.0203845 0.0213292
2 0.0118812 0.0128253
1 0.0896773 0.090609
1 0.00511849 0.00604891
1 0.0173784 0.0183019
1 0.0122364 0.0131589
0 0 0.000893292
0 0 0.000886144
0 0 0.000876814
1 0.00529549 0.00616752
0 0 0.000868106
1 0.133396 0.134251
1 0.016208 0.0170612
0 0 0.000841655
1 0.0200608 0.0208954
0 0 0.000825347
1 0.006226 0.0070452
1 0.0312357 0.0320453
1 0.0126434 0.0134149
0 0 0.000768008
1 0.00524773 0.00601477
1 0.039785 0.0405426
2 0.158701 0.159452
1 0.049042 0.0497918
1 0.0791178 0.0798607
1 0.068889 0.0696232
1 0.0270724 0.0278045
1 0.00400464 0.00473219
1 0.00491245 0.00561843
2 0.0469409 0.0476292
1 0.0314826 0.0321619
1 0.00561499 0.00629359
0 0 0.000671778
1 0.0073038 0.00797352
0 0 0.00066781
1 0.0102476 0.0109124
1 0.00367421 0.00433518
2 0.127139 0.127797
2 0.134047 0.134693
1 0.0197058 0.0203488
1 0.12761 0.128248
2 0.0392781 0.0399095
0 0 0.000628435
1 0.0181792 0.018807
1 0.0069978 0.0076108
1 0.0825869 0.0831952
1 0.00800941 0.00861757
1 0.158085 0.158686
1 0.0118388 0.0124344
2 0.0881899 0.0887837
1 0.0196974 0.0202745
1 0.092444 0.0930161
1 0.0121023 0.012674
0 0 0.000569518
2 0.0265402 0.0270948
1 0.0787232 0.0792749
1 0.00190643 0.00245773
1 0.201773 0.202318
1 0.0118738 0.012404
2 0.0846427 0.0851609
1 0.0292532 0.0297674
1 0.0234503 0.0239637
1 0.0567445 0.0572575
1 0.0459786 0.0464841
1 0.00318489 0.003681
1 0.0250478 0.0255343
1 0.00750283 0.00797798
2 0.112375 0.112847
1 0.00398779 0.00445848
1 0.0173438 0.0177855
1 0.00177305 0.00220845
0 0 0.000434082
1 0.0156266 0.0160509
2 0.0208827 0.0212951
2 0.125906 0.126314
1 0.0142259 0.0146294
1 0.0384569 0.0388583
2 0.152395 0.152796
1 0.00235452 0.00275486
1 0.00226118 0.00266128
1 0.014251 0.014651
1 0.0200411 0.0204366
1 0.0292488 0.0296438
0 0 0.000387985
1 0.010678 0.0110643
1 0.0106525 0.011027
0 0 0.000369536
2 0.027912 0.0282775
1 0.00527746 0.00564229
2 0.0126558 0.0130187
1 0.0972091 0.0975713
1 0.0155054 0.0158667
1 0.00276343 0.00312329
1 0.00402649 0.00438346
1 0.0242837 0.0246371
0 0 0.000350154
0 0 0.000348421
1 0.00842471 0.00876726
1 0.00915261 0.00949406
2 0.00520677 0.00554207
1 0.00660996 0.00694245
1 0.00549714 0.00582233
2 0.0856062 0.0859303
1 0.00361687 0.0039401
2 0.0183757 0.0186849
1 0.0269749 0.0272817
2 0.00948655 0.00978637
1 0.0393469 0.0396448
1 0.0114749 0.01177
2 0.00656985 0.00686087
0 0 0.00028783
1 0.00459339 0.00487669
1 0.0306867 0.0309684
1 0.0142207 0.0144985
1 0.0118095 0.012087
1 0.00602907 0.00630629
2 0.0563852 0.0566624
2 0.0160885 0.0163653
1 0.0296328 0.0299087
2 0.0307132 0.0309888
1 0.00859682 0.00886896
2 0.0245112 0.0247822
1 0.0248637 0.0251316
2 0.304356 0.304624
1 0.00698366 0.0072492
2 0.120302 0.120566
2 0.0210664 0.0213276
1 0.0170474 0.0173074
1 0.0156385 0.0158964
1 0.00539793 0.00565401
1 0.0065231 0.0067785
1 0.0136423 0.0138964
1 0.00778362 0.00803482
1 0.00735172 0.00759993
1 0.00600833 0.00625308
1 0.0205181 0.0207615
1 0.002068 0.00230522
2 0.0310076 0.0312423
1 0.0012152 0.00144895
1 0.00666731 0.00689857
1 0.0068618 0.00709039
1 0.00447502 0.00470321
2 0.00631937 0.00654734
1 0.00804272 0.00826486
1 0.0185868 0.0188051
1 0.00299759 0.00321472
1 0.00962267 0.00983889
1 0.00362029 0.00383285
1 0.00661134 0.00681836
2 0.110025 0.110227
2 0.00717237 0.00737279
0 0 0.000197913
1 0.00718723 0.00738445
1 0.0355776 0.0357744
1 0.00321575 0.00340934
1 0.00568613 0.00587894
1 0.0135329 0.0137239
1 0.00677002 0.00695736
1 0.012408 0.0125945
1 0.00650111 0.00668607
1 0.0123709 0.0125556
1 0.00957508 0.00975517
1 0.00863507 0.00881154
2 0.00908333 0.0092555
1 0.0142041 0.0143711
1 0.0036747 0.00384027
2 0.00762358 0.00778778
2 0.024467 0.0246305
1 0.0280474 0.0282083
1 0.38445 0.384609
2 0.0256648 0.0258236
1 0.00913451 0.00929195
1 0.0113815 0.0115364
1 0.00689872 0.00705289
2 0.0117071 0.0118557
2 0.0105071 0.010649
1 0.00163847 0.00177979
1 0.00135805 0.00149451
0 0 0.000135597
1 0.0071183 0.00725308
1 0.103488 0.103621
1 0.00926525 0.00939773
2 0.00396093 0.0040912
2 0.0247522 0.0248816
1 0.00381802 0.00394681
1 0.00281682 0.00294414
1 0.00568544 0.00581127
1 0.0837788 0.0839038
1 0.0303961 0.0305183
2 0.0180915 0.0182124
1 0.00624043 0.00636126
1 0.00570895 0.00582903
2 0.13432 0.134439
1 0.00116304 0.00128167
1 0.00289785 0.0030129
1 0.0086258 0.00873632
1 0.0305888 0.0306988
2 0.087136 0.0872447
2 0.0510143 0.0511191
1 0.00745198 0.00755639
1 0.0118626 0.0119636
1 0.00348549 0.00358606
2 0.0197122 0.0198126
1 0.0885253 0.0886207
1 0.148044 0.148139
1 0.0216518 0.0217461
1 0.0180961 0.0181899
2 0.0302548 0.0303466
2 0.00480514 0.00489645
1 0.0216197 0.0217102
2 0.108098 0.108189
1 0.0117853 0.0118747
1 0.00549992 0.00558755
1 0.0109159 0.0110021
1 0.00540657 0.00549182
1 0.0018167 0.00189906
1 0.00258917 0.0026688
1 0.00625653 0.00633194
1 0.00621362 0.00628871
2 0.00916875 0.00923982
1 0.0157916 0.0158626
1 0.0248688 0.0249377
2 0.0262774 0.0263461
1 0.118956 0.119025
2 0.0198653 0.019933
1 0.00678148 0.00684901
2 0.025781 0.0258439
1 0.00632281 0.00638416
2 0.00313026 0.00318859
2 0.00673962 0.00679741
1 0.023595 0.0236519
1 0.0247972 0.0248541
1 0.0157548 0.0158067
1 0.0154262 0.015478
2 0.0231369 0.0231869
2 0.1204 0.120449
2 0.0113364 0.0113841
2 0.0249804 0.0250279
1 0.04503 0.0450761
1 0.00650975 0.00655459
1 0.00862738 0.00866948
2 0.0825699 0.08261
2 0.0264038 0.0264434
2 0.0417367 0.0417755
1 0.00135641 0.00139415
2 0.0129591 0.0129966
1 0.12586 0.125895
1 0.0156393 0.0156734
2 0.0259058 0.0259396
1 0.00577711 0.00581083
1 0.0116489 0.0116824
2 0.00770512 0.00773828
1 0.0243518 0.0243846
1 0.0438367 0.0438691
2 0.0173253 0.0173572
1 0.00343166 0.00346282
2 0.00672556 0.006756
2 0.0212875 0.0213177
1 0.00508174 0.00510929
1 0.0180583 0.0180854
2 0.110526 0.110552
1 0.00970951 0.0097344
1 0.00484958 0.00487376
1 0.0532822 0.0533054
1 0.0176636 0.0176862
1 0.00851483 0.0085363
1 0.0305741 0.0305945
2 0.0213326 0.0213525
1 0.00763681 0.00765638
1 0.0120846 0.0121037
2 0.021748 0.021767
1 0.00415455 0.0041728
2 0.303934 0.303952
1 0.0288785 0.0288958
2 0.0256181 0.0256351
1 0.0199963 0.0200129
2 0.087815 0.0878313
2 0.0112677 0.011284
1 0.00106809 0.00108396
1 0.025848 0.0258638
1 0.0131026 0.0131182
1 0.011237 0.0112526
1 0.0189146 0.0189278
2 0.0215361 0.0215484
1 0.00972727 0.00973899
1 0.0795512 0.0795618
2 0.00309576 0.0031063
2 0.00872711 0.00873716
2 0.0285146 0.0285246
1 0.0133426 0.0133518
2 0.021279 0.0212876
1 0.0013419 0.0013505
2 0.0161363 0.0161448
1 0.00969275 0.00970048
1 0.0180077 0.0180151
2 0.0116259 0.0116329
2 0.00671119 0.00671799
1 0.00685913 0.0068658
2 0.0268021 0.0268085
1 0.0175319 0.0175378
2 0.104011 0.104016
2 0.0219171 0.0219223
2 0.0209806 0.0209856
1 0.1551 0.155105
2 0.0219482 0.021953
1 0.0107447 0.0107495
1 0.00595595 0.00596063
2 0.0685928 0.0685974
1 0.00985963 0.00986427
1 0.00565511 0.00565958
1 0.0190316 0.0190357
1 0.0138011 0.0138051
2 0.00553457 0.0055386
1 0.0872198 0.0872237
2 0.0223503 0.0223542
2 0.0218694 0.0218733
1 0.00479781 0.00480117
1 0.00309051 0.00309368
2 0.0147975 0.0148004
1 0.0221332 0.0221357
1 0.0282636 0.028266
2 0.00593654 0.00593885
1 0.00516039 0.00516268
2 0.00357536 0.00357758
2 0.00430971 0.00431174
2 0.0825792 0.0825811
2 0.0319666 0.0319684
1 0.0392992 0.0393006
1 0.115898 0.115899
1 0.0133444 0.0133456
2 0.0139943 0.0139953
1 0.00153001 0.00153097
1 0.029452 0.0294529
1 0.00822402 0.00822493
1 0.0115676 0.0115684
2 0.0190653 0.019066
1 0.02798 0.0279805
2 0.0169143 0.0169147
2 0.017312 0.0173123
2 0.0179317 0.0179319
1 0.00449419 0.00449432
1 0.0223748 0.022375
2 0.0218488 0.021849
2 0.0138692 0.0138692
1 0.0209985 0.0209986
2 0.0131852 0.0131852
1 0.00221987 0.00221989
1 0.0102512 0.0102512
1 0.149662 0.149662
