0 0 inf
1 0.128106 0.289584
0 0 0.0889912
0 0 0.0714096
0 0 0.0679335
1 0.0856995 0.144296
1 0.120138 0.178311
0 0 0.0538901
1 0.0318586 0.0854561
0 0 0.0504901
0 0 0.0501554
0 0 0.049997
0 0 0.0493177
0 0 0.0433669
1 0.0792619 0.119633
0 0 0.039961
0 0 0.0376387
0 0 0.0372501
0 0 0.0345251
0 0 0.0314162
0 0 0.0312962
1 0.0369377 0.068098
1 0.0369578 0.0678565
0 0 0.0306039
0 0 0.026793
1 0.107708 0.133841
0 0 0.0249332
0 0 0.0248073
1 0.0607465 0.0852567
0 0 0.0242525
0 0 0.0237593
0 0 0.02368
0 0 0.0225104
0 0 0.0215015
1 0.0521214 0.072384
0 0 0.0200871
0 0 0.0199924
0 0 0.0198883
1 0.0566789 0.0763359
0 0 0.0193925
0 0 0.0174826
1 0.0600423 0.07716
1 0.0395585 0.0561197
0 0 0.0162942
0 0 0.0162876
1 0.0613304 0.0775884
0 0 0.0162201
0 0 0.0148982
0 0 0.0147882
1 0.0214486 0.035819
0 0 0.0142668
1 0.00921369 0.0234324
0 0 0.0141949
0 0 0.0140096
0 0 0.0139731
1 0.161082 0.174834
1 0.0275334 0.0411868
0 0 0.0136526
1 0.0107076 0.0242397
0 0 0.013365
1 0.051963 0.0653145
1 0.060261 0.0735752
0 0 0.0130635
0 0 0.0128204
0 0 0.0127404
1 0.0122964 0.0246873
1 0.0145685 0.0264098
0 0 0.0117631
0 0 0.0107587
0 0 0.0103681
0 0 0.01031
0 0 0.0100806
1 0.028017 0.0380889
0 0 0.0100188
1 0.0535133 0.0635271
0 0 0.0099415
0 0 0.00984608
0 0 0.00970779
1 0.0334175 0.0430528
0 0 0.00898439
0 0 0.00897483
1 0.073706 0.0826532
0 0 0.00889584
1 0.0262601 0.0350499
2 0.19067 0.199401
0 0 0.00860941
1 0.0129978 0.0215953
0 0 0.00838531
1 0.0523867 0.0604539
1 0.00701538 0.0150283
0 0 0.00787094
0 0 0.00777045
2 0.0607597 0.0685296
0 0 0.00767189
1 0.0255074 0.033075
0 0 0.00740958
0 0 0.00727276
1 0.00553856 0.0127966
0 0 0.00722898
0 0 0.00711634
1 0.0903814 0.0974445
0 0 0.00701028
0 0 0.00699658
1 0.103369 0.110361
0 0 0.00693239
0 0 0.00688235
0 0 0.00687602
0 0 0.00682852
0 0 0.00681267
0 0 0.00668777
0 0 0.00665731
0 0 0.00656822
0 0 0.00656495
0 0 0.00644865
0 0 0.00639956
1 0.0685017 0.0748749
0 0 0.00634661
0 0 0.00634422
0 0 0.00632984
0 0 0.00617061
0 0 0.00615062
2 0.144907 0.151053
0 0 0.0060742
0 0 0.00590456
1 0.0196838 0.0255732
0 0 0.00574669
1 0.0202377 0.0259664
0 0 0.00571343
0 0 0.00570511
2 0.027999 0.0335521
1 0.0504946 0.0559583
0 0 0.00540051
1 0.0146043 0.0199783
0 0 0.0053728
0 0 0.00532063
1 0.0181175 0.0233845
1 0.0263961 0.0315855
0 0 0.00513548
1 0.117891 0.122998
1 0.0256256 0.0306759
0 0 0.00503809
0 0 0.00502804
0 0 0.00494531
2 0.1224 0.127338
1 0.0097989 0.0147302
1 0.0157862 0.0206944
0 0 0.00486076
0 0 0.00471435
1 0.0147336 0.0194197
1 0.0128811 0.0175569
1 0.0925583 0.0971865
0 0 0.00459693
0 0 0.00456273
2 0.0212139 0.0256368
1 0.0630024 0.0674218
0 0 0.00438274
1 0.0211689 0.0255239
1 0.0546536 0.0590053
0 0 0.00432443
1 0.0272329 0.0314885
1 0.0261736 0.0303291
0 0 0.00408732
0 0 0.00406272
0 0 0.0040435
1 0.0470093 0.0510524
0 0 0.00403341
2 0.128515 0.132534
0 0 0.0039901
1 0.0137889 0.0176874
0 0 0.00386494
0 0 0.00384774
0 0 0.00379476
1 0.046424 0.0501652
1 0.0439058 0.0476093
1 0.0161938 0.0198782
0 0 0.00367097
1 0.105136 0.108791
1 0.0172036 0.0208302
0 0 0.00359842
0 0 0.00352494
1 0.0253884 0.0288153
1 0.00742324 0.0108464
0 0 0.00339495
0 0 0.00339152
0 0 0.00336339
1 0.0348438 0.0381872
0 0 0.00333661
1 0.0146997 0.018033
1 0.0153863 0.0186985
0 0 0.00324578
0 0 0.00324423
0 0 0.00313369
0 0 0.0031238
0 0 0.00310633
0 0 0.00305179
0 0 0.00302776
0 0 0.00298799
1 0.04347 0.0464337
0 0 0.00295135
0 0 0.00290413
0 0 0.00289454
1 0.056334 0.0591831
0 0 0.00284716
1 0.0354943 0.0382825
0 0 0.0027422
0 0 0.00268677
0 0 0.0026458
1 0.0138972 0.0165395
2 0.0779436 0.0805611
1 0.00677505 0.00936141
2 0.305805 0.30835
1 0.0123607 0.014888
1 0.0194366 0.0219527
0 0 0.00251527
2 0.122721 0.125195
1 0.0655268 0.067998
1 0.0689329 0.0713656
0 0 0.0024237
0 0 0.00240132
1 0.0147234 0.0171186
1 0.0148104 0.0172052
2 0.0306789 0.0330423
1 0.0719539 0.0742375
0 0 0.00226059
0 0 0.0022585
0 0 0.00224789
1 0.0106446 0.0128903
0 0 0.00221749
1 0.0433552 0.045563
0 0 0.00220295
2 0.0739295 0.0760972
0 0 0.00215841
0 0 0.00214286
0 0 0.00213713
2 0.0280307 0.0301403
0 0 0.00208722
0 0 0.00207458
1 0.0595849 0.0616491
2 0.029087 0.0311414
1 0.0138246 0.0158651
0 0 0.00203622
0 0 0.00201884
1 0.0208148 0.0228036
2 0.0431594 0.0451422
0 0 0.0019396
1 0.0181117 0.0200271
1 0.00619842 0.00810337
0 0 0.00189334
0 0 0.00186154
0 0 0.00182952
1 0.0380265 0.0398382
1 0.0125398 0.0143507
0 0 0.00180361
1 0.0583489 0.0601495
1 0.0241508 0.0259119
0 0 0.00172356
1 0.0584125 0.0601312
0 0 0.00169823
1 0.0235802 0.0252614
1 0.0306557 0.0323137
0 0 0.00165377
0 0 0.00164538
1 0.041444 0.0430854
0 0 0.0016277
1 0.0217737 0.0233705
0 0 0.00156809
1 0.0123654 0.0139273
0 0 0.00153851
0 0 0.00153453
1 0.0151203 0.0166463
0 0 0.00152455
0 0 0.00152389
1 0.00567461 0.00717368
0 0 0.00147632
0 0 0.00145478
0 0 0.00144726
1 0.0122975 0.0137341
0 0 0.00142993
1 0.0194108 0.0208375
1 0.0131972 0.014622
2 0.0756097 0.07703
1 0.00611555 0.00753449
1 0.0436038 0.0449975
1 0.0184729 0.019865
0 0 0.0013797
0 0 0.00133491
1 0.0617205 0.0630513
0 0 0.00127684
1 0.0137206 0.014986
0 0 0.00126487
0 0 0.00125701
0 0 0.00124965
1 0.178336 0.179565
0 0 0.00121997
0 0 0.00121532
1 0.0110033 0.0122061
2 0.0160557 0.0172309
1 0.00947898 0.0106426
1 0.0654966 0.0666463
0 0 0.00114216
0 0 0.00114114
0 0 0.00111868
1 0.0308882 0.032003
1 0.0711584 0.0722711
1 0.0335147 0.0346254
1 0.00610531 0.0072142
0 0 0.00108566
2 0.0271627 0.0282427
0 0 0.00107232
1 0.130873 0.131945
0 0 0.00105598
1 0.0664909 0.0675451
0 0 0.0010533
2 0.0266219 0.0276699
1 0.0419151 0.0429605
0 0 0.00104478
1 0.0618353 0.0628779
1 0.0142884 0.0153269
0 0 0.00103756
0 0 0.00102697
1 0.109077 0.110103
0 0 0.000993496
2 0.0282128 0.0292057
1 0.0184259 0.019409
0 0 0.000966214
0 0 0.000965139
0 0 0.000959664
2 0.0263572 0.0273132
0 0 0.000954431
1 0.00589062 0.00683869
1 0.0189472 0.0198643
1 0.00774976 0.00866338
2 0.0622684 0.0631818
1 0.0547066 0.0556009
1 0.00442489 0.00531617
2 0.0324423 0.033328
1 0.00428588 0.005152
0 0 0.000864593
1 0.0185559 0.0194123
1 0.0106584 0.0114962
2 0.0221023 0.0229337
2 0.0192364 0.0200664
1 0.0147499 0.0155624
2 0.0244057 0.0252166
1 0.0689403 0.0697453
1 0.00948437 0.0102771
1 0.0232106 0.0239786
1 0.0042251 0.00499245
2 0.0617749 0.0625361
1 0.00909387 0.00983961
1 0.0243016 0.025046
1 0.051321 0.052059
1 0.0106638 0.0113999
1 0.0717295 0.072462
0 0 0.000721465
1 0.0047981 0.00551454
2 0.0155012 0.0162169
1 0.178986 0.179697
1 0.0404502 0.0411502
1 0.00573921 0.00642274
0 0 0.00066589
1 0.0154755 0.0161231
1 0.102285 0.102929
0 0 0.000641763
1 0.011299 0.0119361
1 0.00675753 0.00738901
2 0.0736218 0.0742483
1 0.0270982 0.0277006
2 0.00815233 0.00875387
0 0 0.000598843
1 0.018949 0.0195439
1 0.0205809 0.0211659
2 0.159595 0.160179
1 0.0224191 0.0230029
0 0 0.000583613
1 0.00834983 0.00892499
2 0.0225981 0.0231594
2 0.114336 0.114895
1 0.00245382 0.00300334
1 0.0177523 0.0182988
0 0 0.000536695
1 0.00917261 0.00970297
1 0.02425 0.0247798
1 0.0636237 0.0641486
1 0.0601542 0.0606745
1 0.013166 0.013684
2 0.0255831 0.0260991
0 0 0.000514157
1 0.0190312 0.0195406
1 0.0121363 0.0126409
1 0.00552419 0.0060126
0 0 0.000479613
1 0.0603298 0.0608093
1 0.0200666 0.0205377
1 0.0273151 0.0277852
1 0.00379755 0.0042645
1 0.00527167 0.00573515
2 0.0793199 0.0797783
1 0.00558542 0.00604117
1 0.0136947 0.0141434
1 0.00349937 0.00392337
2 0.0638815 0.0642868
1 0.0208381 0.0212417
1 0.00398144 0.00438433
2 0.0247318 0.0251141
1 0.00470216 0.005081
1 0.0154118 0.0157894
2 0.023952 0.0243245
1 0.00579275 0.00616517
1 0.0050221 0.00537898
2 0.0745825 0.0749347
0 0 0.000341973
1 0.105588 0.10593
2 0.197426 0.197762
1 0.0258727 0.0261998
1 0.01805 0.0183749
1 0.00725539 0.00757956
2 0.0294428 0.029765
2 0.112973 0.113291
1 0.0074543 0.00776891
1 0.0758106 0.0761205
1 0.0205054 0.020812
1 0.00221835 0.00252311
1 0.0604377 0.0607414
1 0.0216675 0.021971
2 0.188654 0.18895
2 0.0438262 0.0441191
2 0.122044 0.122334
1 0.0388677 0.0391555
1 0.0170029 0.0172903
1 0.00310778 0.00339276
1 0.00134317 0.00162795
2 0.0256885 0.0259713
1 0.0139013 0.0141832
2 0.0696536 0.0699354
1 0.0209385 0.0212176
2 0.0781397 0.0784148
1 0.00303254 0.00329922
0 0 0.000263508
1 0.0132917 0.0135544
1 0.0154117 0.0156734
1 0.305515 0.305768
1 0.0014028 0.00165469
1 0.00881113 0.00906252
1 0.00352519 0.00377458
1 0.0822893 0.0825377
1 0.00773387 0.0079816
1 0.065897 0.0661445
1 0.0058578 0.00610235
2 0.13227 0.132507
1 0.00252005 0.00275338
1 0.0158067 0.0160369
2 0.00845911 0.00868853
1 0.120827 0.121055
1 0.00192428 0.00214872
1 0.00179365 0.00201406
2 0.0246143 0.0248315
2 0.111095 0.111311
1 0.009262 0.00947723
2 0.0354751 0.0356881
1 0.0174811 0.0176936
1 0.00271282 0.0029249
2 0.0757213 0.0759331
1 0.0122062 0.0124161
2 0.0252584 0.0254617
1 0.0140673 0.0142702
1 0.00436929 0.00457175
1 0.00242538 0.0026259
1 0.0290814 0.029275
1 0.0984419 0.0986265
2 0.0995682 0.0997522
2 0.00652403 0.00670671
1 0.0145883 0.0147677
2 0.0187528 0.018932
1 0.0505154 0.0506936
1 0.0250424 0.0252179
1 0.017299 0.0174744
1 0.00286834 0.00304223
1 0.00258426 0.00275604
2 0.0326991 0.0328699
2 0.038725 0.0388945
0 0 0.000167549
1 0.0166847 0.0168507
1 0.0778584 0.0780235
2 0.0207414 0.0208959
2 0.025259 0.0254114
2 0.0258658 0.0260148
2 0.0756111 0.0757595
2 0.0232664 0.023411
1 0.00427809 0.00441958
1 0.0204895 0.020628
1 0.00340361 0.00353978
1 0.0148653 0.0150006
1 0.0222692 0.0224032
1 0.10286 0.102993
1 0.00429778 0.00442555
2 0.0362751 0.0364026
2 0.0169628 0.0170899
1 0.00163217 0.00175764
1 0.0353177 0.0354431
1 0.0236872 0.0238125
1 0.0315017 0.0316261
2 0.0325042 0.0326186
2 0.0109056 0.0110196
1 0.012041 0.0121516
1 0.00771668 0.00782617
1 0.0173788 0.0174865
2 0.103033 0.10314
1 0.0726395 0.0727448
1 0.00866394 0.00876856
1 0.00661101 0.00671049
1 0.0306006 0.0306993
2 0.0293969 0.0294952
2 0.0201837 0.0202814
1 0.0184117 0.0185092
1 0.0324493 0.0325447
1 0.00803054 0.00812208
1 0.0181131 0.0182041
1 0.00453833 0.00462734
1 0.00206566 0.00215353
1 0.00270047 0.00278799
2 0.0149686 0.0150546
1 0.00476873 0.00485169
1 0.00203747 0.00211822
2 0.0142817 0.0143603
2 0.0398468 0.0399194
1 0.0138414 0.0139088
2 0.00231645 0.00238314
2 0.0787708 0.0788356
1 0.0672592 0.0673233
1 0.0255927 0.0256568
2 0.0697845 0.0698469
1 0.0185587 0.0186208
2 0.0320799 0.0321415
2 0.0609026 0.0609631
1 0.0208743 0.0209347
1 0.0604434 0.0605022
1 0.081249 0.0813075
1 0.0384087 0.0384663
2 0.0258468 0.0259016
2 0.027083 0.0271361
2 0.0965117 0.0965623
1 0.0169914 0.0170407
1 0.0195564 0.0196055
1 0.00187425 0.00192244
1 0.0171494 0.0171975
1 0.0251487 0.0251962
1 0.00282073 0.00286496
1 0.050268 0.0503115
1 0.00305183 0.00309536
2 0.020278 0.0203209
1 0.0177219 0.0177633
1 0.0119932 0.0120344
1 0.0147076 0.0147486
2 0.0208535 0.0208937
1 0.00861309 0.00865308
2 0.160058 0.160098
1 0.00388368 0.00392336
1 0.159369 0.159408
1 0.0306617 0.0307004
2 0.0264146 0.0264529
1 0.00847898 0.0085167
2 0.0246192 0.0246562
1 0.0115389 0.0115751
2 0.00656911 0.00660511
1 0.00241952 0.00245435
2 0.0340368 0.0340716
1 0.019833 0.019867
1 0.00836108 0.00839318
1 0.00917864 0.00920927
2 0.0328239 0.0328541
2 0.0388039 0.038833
2 0.0228283 0.0228573
2 0.00920184 0.00923073
1 0.00129036 0.00131883
1 0.0174932 0.0175201
1 0.186937 0.186964
1 0.0255305 0.025556
2 0.0266853 0.0267078
2 0.0140103 0.0140317
2 0.00739381 0.00741484
1 0.00134265 0.00136351
2 0.0245672 0.0245869
2 0.00311691 0.00313637
1 0.00474994 0.00476902
1 0.00144674 0.00146506
2 0.0736764 0.0736942
1 0.0114539 0.0114715
2 0.0219929 0.0220103
1 0.0478468 0.047864
2 0.00554659 0.00556329
1 0.00625502 0.00627169
1 0.0119618 0.0119784
1 0.0190185 0.019034
2 0.0309552 0.0309704
1 0.00759248 0.00760731
1 0.033855 0.0338694
2 0.0458669 0.0458804
2 0.0157602 0.0157737
2 0.0329729 0.0329861
2 0.0392108 0.039224
2 0.0774501 0.0774623
2 0.00849545 0.00850743
1 0.065962 0.0659739
2 0.110405 0.110417
1 0.0434299 0.0434409
1 0.0110712 0.0110823
1 0.00565002 0.00566092
2 0.0245488 0.0245589
1 0.0600085 0.0600186
1 0.0198132 0.019823
1 0.010317 0.0103265
2 0.0268249 0.0268343
1 0.0104327 0.0104416
1 0.00216439 0.0021732
1 0.00959228 0.00960104
2 0.0142798 0.0142885
2 0.0133157 0.0133223
1 0.00819368 0.00819988
2 0.0745834 0.0745894
1 0.0103724 0.0103779
1 0.0281224 0.0281277
1 0.0214972 0.0215021
1 0.00159635 0.00160103
1 0.0475827 0.0475873
1 0.00942256 0.00942698
1 0.0237508 0.0237546
1 0.0451717 0.0451751
1 0.00622991 0.00623305
2 0.00962888 0.00963183
1 0.00426919 0.00427201
2 0.0196366 0.0196393
2 0.00661587 0.00661847
1 0.018064 0.0180663
2 0.0171723 0.0171744
2 0.0234575 0.0234596
2 0.0347651 0.034767
1 0.0228468 0.0228486
1 0.0087585 0.00876012
2 0.0114851 0.0114867
1 0.0201083 0.0201098
2 0.0178947 0.0178961
1 0.00731783 0.00731856
1 0.0726322 0.0726329
2 0.0253474 0.0253479
1 0.0242832 0.0242837
1 0.00550775 0.00550822
2 0.035402 0.035402
