0 0 inf
0 0 0.106817
1 0.047305 0.111051
0 0 0.0548549
0 0 0.0509355
0 0 0.0490341
0 0 0.0455919
1 0.0289265 0.0735842
1 0.0572743 0.100265
0 0 0.029822
0 0 0.0297739
1 0.043555 0.0729252
0 0 0.0279031
0 0 0.0264445
0 0 0.0259467
0 0 0.0250851
0 0 0.0243847
0 0 0.0242876
1 0.120846 0.143815
0 0 0.0219899
0 0 0.021504
1 0.0226297 0.0437049
0 0 0.0202276
1 0.0247545 0.0437432
0 0 0.0175586
0 0 0.0167166
1 0.0896205 0.105568
0 0 0.0159228
0 0 0.0158964
0 0 0.0155352
0 0 0.0154449
0 0 0.0148198
0 0 0.0143019
0 0 0.0141521
0 0 0.0140088
0 0 0.0138861
0 0 0.01378
0 0 0.0135346
0 0 0.0132357
0 0 0.0130059
1 0.0303317 0.0425719
0 0 0.0121803
0 0 0.0119173
0 0 0.0118934
1 0.00932694 0.0209398
0 0 0.0111988
1 0.361268 0.371762
0 0 0.0104466
0 0 0.0102623
0 0 0.00975473
0 0 0.00972923
0 0 0.00961113
1 0.0644572 0.0737528
1 0.416938 0.425865
0 0 0.00884263
0 0 0.00871052
0 0 0.00860496
0 0 0.00839456
0 0 0.00813598
1 0.123523 0.131595
2 0.15528 0.163219
1 0.0195719 0.0274923
1 0.0575898 0.0654483
0 0 0.00778713
0 0 0.00770295
0 0 0.00762871
0 0 0.00755129
1 0.0099768 0.0174971
0 0 0.00744197
0 0 0.00736268
0 0 0.00729834
1 0.0258883 0.0330859
1 0.0580037 0.0651954
0 0 0.00707408
0 0 0.00696498
0 0 0.00684371
0 0 0.00674355
0 0 0.00671187
0 0 0.00662485
0 0 0.00660756
0 0 0.00659174
0 0 0.00656327
0 0 0.00635358
0 0 0.00631637
0 0 0.00631457
0 0 0.00614699
1 0.00574607 0.0118272
1 0.0373699 0.0433057
0 0 0.00579549
0 0 0.00572864
0 0 0.00570901
1 0.0152384 0.020919
1 0.0274868 0.0329452
0 0 0.00542074
0 0 0.00530656
0 0 0.00515764
0 0 0.00514952
0 0 0.00506783
1 0.0869729 0.091999
0 0 0.00501324
0 0 0.0049541
0 0 0.00494305
1 0.283799 0.288678
1 0.0180537 0.0229221
0 0 0.00485565
1 0.016326 0.021164
0 0 0.00479894
1 0.0166204 0.0214124
0 0 0.00474902
0 0 0.00470934
0 0 0.00461915
1 0.00543746 0.0100498
0 0 0.00457509
0 0 0.0045598
1 0.0440417 0.0485787
0 0 0.00450145
0 0 0.00445173
0 0 0.00444355
1 0.00638869 0.0108089
1 0.0568371 0.0612499
1 0.016333 0.0206572
1 0.0064026 0.0105419
2 0.0475512 0.0516825
1 0.0225402 0.0266645
0 0 0.00409976
0 0 0.00408653
0 0 0.00407689
0 0 0.00404248
0 0 0.00401172
2 0.0758594 0.0798285
1 0.068788 0.0727225
0 0 0.00392122
0 0 0.00384811
1 0.00262592 0.00645849
0 0 0.00382865
1 0.00262833 0.00644138
0 0 0.00380596
0 0 0.00373828
0 0 0.00368903
0 0 0.00367117
1 0.0510943 0.0547495
0 0 0.00357435
0 0 0.00354508
0 0 0.00346541
0 0 0.00344857
0 0 0.00344202
1 0.0299933 0.0333916
1 0.158139 0.161529
1 0.0463836 0.049773
0 0 0.00330599
1 0.0634395 0.0667219
0 0 0.00324271
0 0 0.00314737
0 0 0.00312643
0 0 0.00312572
0 0 0.00310836
0 0 0.00309342
0 0 0.00307309
1 0.0625249 0.0654987
1 0.00606424 0.00903765
0 0 0.0029516
0 0 0.00293096
1 0.035904 0.0388219
0 0 0.00291118
0 0 0.00286695
0 0 0.00282502
0 0 0.00279468
0 0 0.00274673
0 0 0.0027363
1 0.00821735 0.0109506
0 0 0.00270793
2 0.0225601 0.0252671
0 0 0.00267218
1 0.00979729 0.0124513
0 0 0.00262323
0 0 0.00260821
1 0.00509864 0.00760748
0 0 0.0025006
0 0 0.00248254
1 0.066029 0.0684994
1 0.446307 0.448765
2 0.0970387 0.0994331
1 0.00415757 0.0065475
0 0 0.00236836
0 0 0.00234983
0 0 0.00232313
0 0 0.00229833
0 0 0.00226494
1 0.03258 0.034827
1 0.0171445 0.0193889
0 0 0.00221069
0 0 0.00219281
1 0.0242287 0.0264115
1 0.00796741 0.0101177
0 0 0.00213905
1 0.0355441 0.0376671
0 0 0.00210206
1 0.0116922 0.0137761
0 0 0.00208201
0 0 0.00206201
1 0.0176439 0.0196683
1 0.0396743 0.0416953
0 0 0.0020052
1 0.0345791 0.0365716
0 0 0.00195603
0 0 0.00195104
0 0 0.00192432
0 0 0.00192236
0 0 0.00190101
0 0 0.00189556
1 0.0191192 0.0210108
0 0 0.0018875
1 0.0154001 0.0172643
0 0 0.00186073
0 0 0.00184483
0 0 0.00182616
1 0.0050332 0.00684466
0 0 0.00180424
1 0.0105266 0.0122506
1 0.0056289 0.00735051
1 0.0116662 0.0133865
1 0.0242239 0.0259436
0 0 0.00170584
1 0.0176412 0.0193216
1 0.0304391 0.0321152
2 0.0130616 0.014736
1 0.0103511 0.0120165
0 0 0.00166167
1 0.012301 0.0139345
1 0.0047741 0.0063719
1 0.00522716 0.00682183
2 0.00775975 0.00933308
1 0.0388659 0.0404383
0 0 0.00151282
1 0.00634888 0.00784624
0 0 0.00149564
1 0.00830469 0.00978862
0 0 0.00144274
2 0.0983875 0.0998283
1 0.0396352 0.0410481
0 0 0.00139868
1 0.00967046 0.0110585
1 0.00759136 0.00897431
0 0 0.00137975
2 0.070087 0.0714632
1 0.00216376 0.00353803
0 0 0.00136307
0 0 0.00136283
0 0 0.00136187
1 0.00985511 0.0112123
1 0.00412352 0.00545919
0 0 0.0013352
1 0.103304 0.104631
1 0.0124793 0.0138026
0 0 0.00130881
0 0 0.00130771
0 0 0.00129958
1 0.0296991 0.0309979
1 0.0118456 0.0131421
0 0 0.00128341
0 0 0.00128227
0 0 0.00128022
1 0.00357807 0.00485581
1 0.029686 0.0309605
0 0 0.00126892
1 0.00709274 0.0083267
0 0 0.0012272
1 0.01942 0.0206357
1 0.00474256 0.00594664
0 0 0.00118629
1 0.00876814 0.00994099
1 0.0251531 0.0262969
1 0.00325503 0.00438585
1 0.0050037 0.00613134
0 0 0.00112739
1 0.00877042 0.0098956
0 0 0.0011248
0 0 0.00111589
2 0.0667323 0.0678456
0 0 0.00110525
1 0.0340496 0.0351458
1 0.00681477 0.00788847
2 0.0285462 0.0296126
1 0.0227523 0.023811
2 0.161959 0.163017
1 0.00424715 0.00530386
1 0.00779689 0.0088444
1 0.0101828 0.0112302
0 0 0.00102816
0 0 0.0010254
1 0.00332282 0.00434397
0 0 0.00101955
0 0 0.00100621
1 0.0047022 0.00570733
2 0.0200068 0.0210071
0 0 0.000992986
0 0 0.000981636
0 0 0.000981474
1 0.00256028 0.00353114
2 0.0132834 0.0142444
1 0.0363626 0.0373127
2 0.0119195 0.0128685
0 0 0.000945171
1 0.00733547 0.00824931
1 0.0327851 0.0336981
0 0 0.000912839
1 0.00887762 0.00978165
2 0.514025 0.514927
1 0.00726411 0.00814102
1 0.003148 0.00401909
1 0.00481066 0.0056779
1 0.00605599 0.00692014
1 0.00709974 0.00796356
0 0 0.000858081
0 0 0.000857714
1 0.0134539 0.0142999
2 0.0119742 0.0128125
1 0.00890301 0.00974108
1 0.00779902 0.0086294
1 0.00420627 0.005032
2 0.114199 0.11502
1 0.0163333 0.0171537
1 0.00626158 0.00704235
1 0.0169544 0.0177273
1 0.0034854 0.00424502
2 0.0418791 0.0426387
1 0.00978153 0.0105401
1 0.00631911 0.00707276
2 0.0235383 0.0242865
2 0.0101652 0.0109119
0 0 0.00073562
1 0.00823133 0.00895658
1 0.0021154 0.00283976
1 0.0416955 0.0424195
1 0.0123397 0.0130624
1 0.0229277 0.0236438
1 0.00726311 0.00797462
0 0 0.000703249
0 0 0.00069702
0 0 0.000691313
2 0.0370534 0.0377444
1 0.00383756 0.00451746
1 0.00548326 0.00615584
1 0.00846345 0.00911852
1 0.0161358 0.0167861
1 0.00488346 0.00553343
1 0.00429652 0.00494566
1 0.012139 0.0127807
1 0.00901182 0.00965322
1 0.00475849 0.00539414
2 0.00661978 0.00725263
1 0.00616044 0.00678912
1 0.0247229 0.0253411
1 0.00594707 0.00653661
1 0.00844635 0.0090095
0 0 0.000554988
1 0.00220898 0.00276355
0 0 0.000550379
1 0.00177243 0.00232097
2 0.0140848 0.0146312
1 0.0130201 0.0135655
1 0.0243395 0.0248782
2 0.0114655 0.0120013
1 0.0189232 0.0194567
2 0.0457046 0.046237
2 0.0127998 0.0133313
1 0.00367559 0.0042064
1 0.00852136 0.00904724
0 0 0.000520322
0 0 0.000518246
1 0.00487446 0.00538756
1 0.0225268 0.0230399
1 0.0336771 0.0341796
1 0.00311046 0.00360875
1 0.00262227 0.00311652
0 0 0.000493451
1 0.131383 0.131876
1 0.00666959 0.00715917
2 0.0178805 0.0183682
1 0.0209232 0.0214079
1 0.00295976 0.00344433
1 0.00420904 0.00469312
1 0.00844222 0.00892315
1 0.00519915 0.00568002
1 0.0129313 0.0134111
1 0.0301416 0.0306212
1 0.00962469 0.0101022
1 0.00997234 0.0104402
2 0.0475743 0.0480368
1 0.00507458 0.0055363
1 0.00290577 0.00336323
1 0.0198157 0.0202643
1 0.0100896 0.0105372
0 0 0.000443367
2 0.0239616 0.0244032
1 0.051843 0.0522777
1 0.0206539 0.0210848
0 0 0.00043033
1 0.00371315 0.00413339
1 0.0088212 0.00924053
1 0.00280844 0.00322337
1 0.00312259 0.0035347
2 0.00808399 0.00849499
1 0.00763401 0.00804324
1 0.00494597 0.00534429
0 0 0.000397111
1 0.00995798 0.0103526
1 0.0150477 0.0154393
1 0.00703611 0.00742727
2 0.0133923 0.0137832
1 0.0122281 0.0126134
0 0 0.000385275
1 0.00406601 0.00445104
1 0.0669429 0.0673243
1 0.0036986 0.00407367
1 0.0179245 0.0182905
1 0.0165552 0.0169179
1 0.0120712 0.0124311
1 0.00604681 0.0064042
1 0.00572809 0.00608306
0 0 0.000351519
1 0.0037311 0.00408156
1 0.00535775 0.00570474
1 0.0215649 0.0219111
1 0.012907 0.0132517
1 0.0131292 0.0134654
1 0.00534789 0.00568211
1 0.0366571 0.0369861
1 0.00657972 0.00690435
2 0.00543667 0.00575708
1 0.0680152 0.068331
1 0.0175544 0.0178654
1 0.00926792 0.00957717
1 0.00451818 0.00482113
1 0.0077751 0.00807215
1 0.0960062 0.0963
1 0.00705409 0.00734771
2 0.00374595 0.00403874
1 0.00150244 0.00179014
1 0.00380456 0.00408772
2 0.0700246 0.0703077
2 0.0138364 0.0141092
1 0.00700474 0.00727213
2 0.142272 0.142539
2 0.0107565 0.0110184
1 0.0037617 0.00402028
1 0.00140323 0.00165947
2 0.00455998 0.00481546
1 0.00718675 0.00743765
2 0.0352559 0.0355026
1 0.00112574 0.00137151
1 0.00361379 0.00385955
1 0.00312039 0.0033629
1 0.0056539 0.00589406
1 0.0473142 0.0475529
1 0.013223 0.0134547
2 0.00626233 0.00649313
1 0.0286657 0.0288953
1 0.00320231 0.00343019
1 0.00547959 0.00570221
1 0.00479041 0.00500674
2 0.00428878 0.00450248
1 0.00350607 0.00371875
1 0.00830831 0.00851888
2 0.0131699 0.0133789
1 0.0117809 0.0119834
1 0.0329078 0.0331073
2 0.00359307 0.00379241
1 0.00563787 0.00583618
1 0.0101763 0.0103672
1 0.0059928 0.00618202
2 0.0407579 0.0409427
1 0.00840677 0.00858916
1 0.00622624 0.00640282
2 0.0132906 0.0134589
1 0.00791382 0.00808179
0 0 0.000167498
2 0.0421309 0.0422977
2 0.0126107 0.0127772
1 0.00708962 0.00725412
1 0.00707604 0.00723969
1 0.0183921 0.0185552
1 0.0097998 0.0099567
2 0.00956637 0.00971759
1 0.00340983 0.00355894
2 0.0384372 0.0385861
1 0.00321342 0.00336217
1 0.00194457 0.00209295
1 0.00875851 0.00890498
1 0.0137492 0.01389
1 0.00318855 0.00332584
1 0.0816114 0.0817431
1 0.0133443 0.0134743
2 0.0142653 0.0143949
1 0.0129452 0.0130724
1 0.0342254 0.0343433
1 0.0210735 0.0211909
1 0.0543988 0.0545155
1 0.0172128 0.0173293
1 0.00307368 0.00318989
1 0.0013898 0.00150531
0 0 0.000113386
1 0.0142634 0.014374
1 0.00707729 0.00718747
1 0.00952307 0.00963058
2 0.0263968 0.0265015
2 0.00595987 0.0060642
1 0.0424386 0.0425419
1 0.0131015 0.0132037
1 0.0292385 0.0293357
1 0.00860611 0.00870323
1 0.0116519 0.0117476
1 0.00416105 0.0042551
1 0.00429348 0.00438598
1 0.00992073 0.0100131
1 0.00329566 0.00338656
2 0.00421193 0.00430268
1 0.00321853 0.00330908
1 0.0123161 0.012406
1 0.016944 0.0170318
2 0.0344882 0.0345756
1 0.0216636 0.0217509
1 0.0114908 0.0115764
2 0.0142766 0.0143618
1 0.0209087 0.0209928
1 0.00405963 0.00414296
2 0.0063662 0.00644827
1 0.00944698 0.00952874
1 0.00377512 0.00385583
2 0.0149824 0.0150631
1 0.0264009 0.0264807
2 0.0122126 0.0122909
1 0.0102689 0.0103432
2 0.0176645 0.0177359
2 0.0346699 0.0347405
1 0.00304396 0.00311452
2 0.0557196 0.0557896
2 0.109356 0.109425
2 0.00687611 0.00694223
2 0.0431767 0.0432424
2 0.00817262 0.00823833
1 0.0430077 0.0430725
1 0.0282242 0.0282888
1 0.00605985 0.00612335
1 0.121182 0.121246
1 0.00282329 0.00288586
1 0.00911355 0.00917583
1 0.0047663 0.00482823
2 0.0170407 0.0170991
2 0.00570569 0.00576265
1 0.00977152 0.00982831
2 0.00957715 0.00963376
2 0.0350294 0.035086
2 0.00898845 0.00904487
2 0.00644317 0.0064975
2 0.00694134 0.00699409
2 0.0553283 0.0553803
2 0.0147238 0.014774
2 0.0352393 0.0352878
1 0.0420151 0.0420632
2 0.0106804 0.0107281
1 0.00876535 0.00881182
1 0.0106354 0.0106816
2 0.0146709 0.0147163
1 0.00217216 0.00221718
2 0.0449945 0.0450378
1 0.00313959 0.00318279
1 0.0136487 0.0136918
2 0.0136694 0.0137124
1 0.0599977 0.0600393
1 0.00883637 0.00887697
2 0.0126363 0.012675
2 0.003395 0.0034334
1 0.00562346 0.00566119
2 0.00337227 0.00340883
1 0.00500255 0.00503881
2 0.00749618 0.00753218
1 0.0417165 0.0417522
2 0.0532122 0.0532466
2 0.0139252 0.0139589
2 0.00650735 0.00654101
1 0.0587303 0.0587633
1 0.00788966 0.00792248
1 0.0113622 0.0113942
2 0.0134666 0.0134979
1 0.0041326 0.00416304
1 0.0130782 0.0131085
2 0.00572261 0.00575275
2 0.0166197 0.0166496
2 0.0159653 0.0159941
1 0.0111552 0.011184
2 0.13365 0.133679
1 0.00172463 0.00175309
1 0.0115914 0.0116194
1 0.010561 0.0105889
1 0.00938642 0.00941363
2 0.0559168 0.0559428
1 0.00181002 0.00183599
2 0.0239357 0.0239609
2 0.0035214 0.0035462
2 0.0531111 0.0531357
1 0.000455807 0.000480138
2 0.00897737 0.0090015
2 0.0089076 0.0089314
1 0.0223692 0.0223927
1 0.00883445 0.00885783
2 0.00392597 0.00394914
1 0.00539559 0.00541802
2 0.113663 0.113685
2 0.0219929 0.0220132
1 0.0167956 0.0168156
2 0.00819012 0.00820929
2 0.0437438 0.0437625
1 0.0300222 0.03004
1 0.012126 0.0121423
2 0.00435127 0.00436521
2 0.0196911 0.0197048
2 0.0435116 0.0435252
1 0.00363016 0.00364324
2 0.00646739 0.00648015
1 0.00319865 0.00321008
2 0.0106389 0.0106499
1 0.00690651 0.00691705
2 0.00410055 0.00411
1 0.00964342 0.00965266
2 0.0133431 0.0133516
2 0.0277922 0.0277993
1 0.00516727 0.0051743
1 0.0435984 0.0436054
2 0.0256892 0.0256959
1 0.0976141 0.0976206
2 0.00906263 0.00906888
1 0.00623874 0.0062442
1 0.0099859 0.00999111
2 0.128746 0.128751
2 0.00941639 0.00942122
1 0.00230598 0.00231062
2 0.0479509 0.0479553
1 0.0162467 0.0162507
2 0.0225173 0.0225211
2 0.011417 0.0114207
1 0.0125877 0.0125914
1 0.0165141 0.0165178
2 0.0100979 0.0101013
2 0.00801545 0.00801881
1 0.0549269 0.0549303
1 0.00576844 0.00577174
1 0.00575134 0.00575445
2 0.00990975 0.00991249
2 0.00694167 0.00694364
2 0.00589814 0.0059
2 0.0236427 0.0236446
1 0.006417 0.00641869
1 0.00554729 0.00554891
1 0.00358283 0.00358401
1 0.00498594 0.00498712
2 0.0126717 0.0126728
1 0.137421 0.137422
1 0.00186128 0.00186226
1 0.00151465 0.00151541
1 0.00288271 0.00288338
1 0.00293576 0.00293636
1 0.0143201 0.0143207
2 0.00449869 0.00449904
2 0.0142066 0.0142069
2 0.00631406 0.0063143
1 0.0085399 0.00854008
2 0.00824553 0.0082457
1 0.00340074 0.00340085
2 0.121365 0.121365
1 0.508684 0.508684
2 0.0038425 0.0038426
1 0.00390443 0.00390449
2 0.0148957 0.0148957
1 0.00646651 0.00646652
2 0.0282915 0.0282915
1 0.00628255 0.00628255
2 0.0066973 0.0066973
