0 0 inf
0 0 0.0959473
1 0.197813 0.278652
0 0 0.0525966
0 0 0.0488702
0 0 0.0482653
0 0 0.0461254
1 0.220431 0.26215
0 0 0.0391062
1 0.112967 0.150092
0 0 0.033285
0 0 0.0305399
1 0.19659 0.227032
0 0 0.0300425
0 0 0.0299981
0 0 0.029443
1 0.0521415 0.080249
1 0.0465326 0.0724773
1 0.0318678 0.0571062
0 0 0.0232121
0 0 0.0215722
0 0 0.021205
0 0 0.0210778
0 0 0.0204833
0 0 0.0194377
0 0 0.019217
0 0 0.0182016
0 0 0.0178782
0 0 0.0171695
1 0.0635185 0.0801931
1 0.105494 0.121601
0 0 0.0158283
0 0 0.0150985
0 0 0.0148621
0 0 0.0143305
1 0.0796848 0.0937332
1 0.0435382 0.0572835
0 0 0.0134484
0 0 0.0132771
0 0 0.013077
0 0 0.0126328
0 0 0.0122208
1 0.0636973 0.075891
1 0.00781583 0.0198746
0 0 0.0119606
0 0 0.0113547
0 0 0.0112041
0 0 0.0105538
0 0 0.0101557
0 0 0.00992139
0 0 0.00967278
0 0 0.00963948
0 0 0.00959036
0 0 0.00953743
0 0 0.00945799
0 0 0.00937373
0 0 0.00932225
0 0 0.0092975
1 0.0221511 0.0313822
1 0.0108023 0.0199882
0 0 0.00908096
0 0 0.00901223
1 0.159801 0.168784
1 0.0205291 0.0294751
0 0 0.00887083
0 0 0.00881335
1 0.0157451 0.0243612
0 0 0.00850941
0 0 0.00848846
0 0 0.0084656
0 0 0.00827163
1 0.0997237 0.107844
1 0.0112137 0.019331
0 0 0.00807835
1 0.0432787 0.051149
0 0 0.00761071
1 0.0199053 0.0275145
2 0.122384 0.129911
1 0.226518 0.234007
0 0 0.00744046
0 0 0.00742447
0 0 0.00732511
0 0 0.00730924
0 0 0.00724699
1 0.0470516 0.0542848
0 0 0.00718855
1 0.0471539 0.0542877
0 0 0.00704639
0 0 0.00704142
1 0.0521626 0.0591403
1 0.00808127 0.0149093
0 0 0.00661119
0 0 0.00655278
1 0.120962 0.127507
0 0 0.00652929
0 0 0.00647922
0 0 0.0064654
1 0.08703 0.0933972
1 0.0337216 0.0400878
0 0 0.00630781
1 0.0793764 0.0856683
1 0.00647055 0.0126438
1 0.00583656 0.0117133
1 0.0136392 0.0194615
0 0 0.00576885
0 0 0.00553208
0 0 0.00539001
1 0.0474918 0.0528424
0 0 0.00532462
1 0.0119146 0.0172262
0 0 0.0052121
0 0 0.0051217
0 0 0.00505578
0 0 0.00503547
1 0.0306047 0.0355776
0 0 0.00494299
1 0.00595585 0.0108925
0 0 0.00478231
1 0.0883859 0.0931293
0 0 0.00473747
1 0.0128758 0.0175205
1 0.0492845 0.0538986
0 0 0.00459641
1 0.0060826 0.010601
0 0 0.00451678
0 0 0.00451608
0 0 0.00440902
1 0.0619901 0.0663874
1 0.011667 0.0160351
0 0 0.00433172
0 0 0.00431622
0 0 0.00426756
0 0 0.00422959
0 0 0.00420323
1 0.0299091 0.0340969
0 0 0.00415226
0 0 0.0040822
1 0.0202233 0.0242808
0 0 0.0040139
0 0 0.00400792
0 0 0.00396689
0 0 0.00394511
0 0 0.00394281
0 0 0.00383185
0 0 0.00378162
1 0.0347348 0.03849
0 0 0.00366853
2 0.314642 0.318258
2 0.0323357 0.0359003
0 0 0.00356152
0 0 0.00355592
0 0 0.00353196
0 0 0.00352195
0 0 0.00348348
1 0.0272833 0.0306891
1 0.013741 0.0171287
0 0 0.00337353
1 0.0122827 0.015598
1 0.0357629 0.0390779
0 0 0.00331127
1 0.00428917 0.00759363
0 0 0.0032
1 0.0435421 0.0467376
0 0 0.00316901
1 0.0156373 0.0187668
2 0.0726604 0.0757414
0 0 0.00299633
1 0.0172045 0.0201984
1 0.0068178 0.00980549
0 0 0.0029351
0 0 0.00292844
0 0 0.00290034
1 0.00266556 0.00548479
0 0 0.00278957
1 0.0289641 0.0316664
0 0 0.00269582
0 0 0.00269463
0 0 0.00264783
1 0.0060131 0.00862026
1 0.0399134 0.0424837
0 0 0.00256906
0 0 0.00256208
2 0.08207 0.0846309
1 0.0209399 0.0235007
2 0.267306 0.269851
2 0.0235302 0.0260693
0 0 0.0025338
0 0 0.0025211
0 0 0.00249031
2 0.0309636 0.0334218
0 0 0.00245376
1 0.00991071 0.0123572
2 0.0765258 0.0789702
1 0.0514538 0.0538978
0 0 0.00244213
0 0 0.00240799
1 0.0397208 0.0421273
1 0.0205944 0.0229864
1 0.0515555 0.0539116
0 0 0.00235352
0 0 0.00235095
1 0.061554 0.0638752
0 0 0.00228055
0 0 0.00227445
0 0 0.00227184
1 0.0960456 0.0982979
0 0 0.00225137
0 0 0.00224997
1 0.162988 0.165228
1 0.00770428 0.00993488
1 0.101924 0.104153
1 0.0259681 0.0281327
0 0 0.00215298
0 0 0.00214683
0 0 0.00213552
0 0 0.00207785
1 0.00788783 0.00994586
0 0 0.00203888
1 0.0369271 0.0389564
1 0.0342509 0.0362566
2 0.0299779 0.0319685
0 0 0.00198732
0 0 0.00198313
0 0 0.00197077
0 0 0.0019695
0 0 0.00195602
0 0 0.00191926
1 0.0171027 0.0190036
1 0.0117216 0.0136084
0 0 0.00188547
0 0 0.00185211
0 0 0.0018006
0 0 0.00179708
1 0.0258485 0.0276318
0 0 0.00177632
1 0.00948485 0.0112498
1 0.0213352 0.0230838
0 0 0.00174439
1 0.00890828 0.0106215
1 0.0297123 0.0313888
1 0.0160445 0.0177202
0 0 0.00160911
1 0.0091401 0.0107263
1 0.0061559 0.00772919
1 0.00455164 0.00608272
0 0 0.00152693
0 0 0.00148229
1 0.00710416 0.00858371
0 0 0.00147543
2 0.0242279 0.0257008
0 0 0.00147002
0 0 0.00146765
1 0.00492537 0.00637577
0 0 0.00142553
1 0.0124165 0.0138324
0 0 0.00141002
1 0.00925417 0.0106388
2 0.0870976 0.0884786
0 0 0.00137553
0 0 0.00136828
1 0.0180899 0.0194348
0 0 0.00133963
1 0.0144077 0.0157316
1 0.00495702 0.00626632
0 0 0.00128212
1 0.0228375 0.0241189
0 0 0.00127289
1 0.0293843 0.0306389
0 0 0.00121541
1 0.0274608 0.0286761
2 0.0101342 0.0113438
1 0.0209304 0.0221371
1 0.0270803 0.0282753
0 0 0.00118041
1 0.0153079 0.016487
0 0 0.00116567
0 0 0.00115339
0 0 0.00113426
1 0.0372524 0.0383531
1 0.0316249 0.0327227
1 0.0083849 0.00948244
1 0.018354 0.0194317
1 0.00814839 0.00920876
1 0.00361676 0.0046764
1 0.00369569 0.00474675
1 0.00668619 0.00772371
0 0 0.00103423
0 0 0.00103417
2 0.041341 0.042367
1 0.00659742 0.00762042
0 0 0.00102051
2 0.0441934 0.0452079
1 0.00800057 0.00900692
0 0 0.0010031
1 0.0113803 0.0123826
0 0 0.00099272
1 0.00345993 0.00445028
2 0.15174 0.152719
1 0.00509409 0.00606469
0 0 0.000957948
1 0.0185519 0.0195051
2 0.10079 0.101741
1 0.00967555 0.0106243
0 0 0.000913716
0 0 0.000912272
0 0 0.000907185
1 0.00749168 0.00839727
1 0.00603725 0.00693627
2 0.280522 0.281419
1 0.0288265 0.0297194
1 0.0177801 0.018633
1 0.0696649 0.0705157
1 0.0287415 0.0295897
1 0.028882 0.0297301
1 0.00447475 0.00532112
0 0 0.000844458
1 0.00714299 0.00798536
1 0.00670745 0.0075475
1 0.0108333 0.011672
0 0 0.000825725
2 0.0301889 0.0310111
0 0 0.00081217
1 0.0044471 0.00525712
0 0 0.000803056
1 0.0112662 0.0120544
1 0.00349918 0.00428064
1 0.0275811 0.028361
1 0.0165813 0.0173588
1 0.00718571 0.00795771
1 0.0485493 0.0493184
2 0.0861755 0.086938
1 0.00351703 0.00423668
1 0.00658737 0.00729222
1 0.00362612 0.00431322
0 0 0.000674207
1 0.0246268 0.0252998
1 0.0218218 0.0224833
1 0.00688803 0.00754949
1 0.026372 0.0270334
2 0.00801392 0.00866309
1 0.00523298 0.00588183
0 0 0.000628201
1 0.00281569 0.00342523
0 0 0.000601577
1 0.00446573 0.00506628
2 0.0541179 0.0547118
1 0.0104738 0.0110616
1 0.00491695 0.00550468
1 0.0175055 0.0180819
0 0 0.000566966
1 0.073754 0.0743179
0 0 0.000548001
1 0.0794338 0.0799804
0 0 0.000539891
1 0.00383363 0.00436254
1 0.00571775 0.00624047
0 0 0.000522714
1 0.0119571 0.0124767
2 0.0313967 0.0319109
1 0.0248832 0.0253815
2 0.0281481 0.0286457
2 0.0402349 0.0407314
2 0.0542623 0.0547572
1 0.01231 0.0128026
0 0 0.000490956
1 0.018994 0.0194819
1 0.0700492 0.0705312
1 0.00746366 0.00793799
2 0.0243582 0.0248318
1 0.00984704 0.0103198
1 0.00773754 0.00820962
1 0.016693 0.0171571
1 0.0102727 0.0107247
0 0 0.000450473
1 0.0212833 0.0217331
1 0.00754491 0.00799225
1 0.00982332 0.010262
1 0.00184786 0.00228212
0 0 0.000432669
1 0.00373068 0.0041625
1 0.00540062 0.00582276
1 0.0193232 0.0197347
1 0.0145214 0.0149322
1 0.00855954 0.0089634
2 0.0605364 0.0609354
1 0.106977 0.107375
1 0.0710658 0.0714537
1 0.00731453 0.00770034
1 0.010157 0.0105376
0 0 0.000350608
1 0.0499112 0.0502579
1 0.0228495 0.0231947
1 0.0254566 0.0257983
2 0.00573409 0.00607362
2 0.128282 0.12862
1 0.0801306 0.0804685
1 0.0112731 0.0116092
1 0.0231193 0.0234536
1 0.0848937 0.0852246
1 0.0184568 0.0187857
1 0.0811135 0.0814415
2 0.0575564 0.0578728
0 0 0.000311247
2 0.0271038 0.0274099
2 0.0425641 0.0428666
0 0 0.000299803
2 0.0809609 0.0812606
2 0.0309794 0.0312766
0 0 0.000288199
1 0.00114145 0.00142588
2 0.0145927 0.0148736
1 0.00664322 0.00692297
1 0.0165069 0.0167783
1 0.0201192 0.020386
1 0.0104527 0.0107149
1 0.0191333 0.0193896
1 0.00275603 0.00301159
1 0.00215242 0.00240311
2 0.016611 0.0168614
1 0.0758173 0.0760665
1 0.00411908 0.00436663
1 0.0383855 0.0386312
1 0.0294295 0.0296735
1 0.0232307 0.0234715
1 0.00590366 0.00613961
1 0.0629272 0.0631573
1 0.00465993 0.00488913
2 0.31151 0.311739
1 0.00751392 0.00773391
1 0.102594 0.102812
2 0.00449427 0.00471106
1 0.00168409 0.00189946
1 0.0206686 0.0208836
1 0.00154213 0.00175582
2 0.0555678 0.0557719
1 0.00956745 0.00976714
1 0.00754149 0.0077388
0 0 0.000194308
0 0 0.00019321
1 0.0164643 0.0166474
1 0.0182809 0.0184586
1 0.00528317 0.0054599
2 0.10864 0.108807
1 0.0237915 0.0239584
2 0.0282219 0.0283829
2 0.030592 0.0307523
1 0.00112599 0.00128496
2 0.0151034 0.0152616
2 0.0101447 0.010299
1 0.00736748 0.00751794
2 0.0244096 0.0245559
1 0.10518 0.105325
1 0.0147849 0.0149264
1 0.00658916 0.00673044
2 0.0623282 0.062467
1 0.0537634 0.0539006
1 0.00297888 0.00311582
1 0.0413322 0.0414677
2 0.0106397 0.0107732
2 0.014966 0.0150986
1 0.00419955 0.00433041
2 0.0098312 0.00996201
1 0.0153648 0.0154928
0 0 0.000125832
2 0.0184923 0.0186177
2 0.093407 0.0935275
2 0.0352392 0.0353557
2 0.0809073 0.0810209
2 0.0102807 0.0103901
2 0.0815432 0.08165
1 0.00543894 0.00554552
1 0.0215359 0.0216419
2 0.0343226 0.0344279
2 0.0324454 0.0325497
1 0.0129798 0.0130832
1 0.0286055 0.028708
1 0.00632879 0.00642788
1 0.0171863 0.0172831
0 0 9.66809e-05
2 0.0196927 0.0197869
1 0.0112019 0.011296
2 0.00584146 0.00593543
2 0.0870159 0.0871089
2 0.00569927 0.00578769
1 0.00439394 0.00448149
2 0.0194707 0.0195581
1 0.0217088 0.0217943
2 0.0335677 0.0336523
1 0.00714529 0.0072295
1 0.00800365 0.00808786
2 0.0218256 0.0219096
1 0.013621 0.0137037
2 0.0273184 0.0273994
1 0.149075 0.149154
1 0.00668152 0.00676001
2 0.0084361 0.0085135
0 0 7.48246e-05
1 0.0328535 0.0329262
2 0.0417242 0.0417968
1 0.0143243 0.0143963
2 0.0286623 0.0287336
1 0.00699597 0.00706633
1 0.00219571 0.00226385
2 0.0236094 0.0236745
2 0.0296954 0.0297585
1 0.00395025 0.00401181
2 0.105813 0.105874
1 0.00434454 0.0044044
1 0.00376725 0.00382574
1 0.0172957 0.017354
2 0.00495245 0.00500981
2 0.0172149 0.0172715
1 0.0054066 0.00546278
1 0.0100844 0.0101405
2 0.073101 0.0731569
1 0.00343153 0.00348594
2 0.0246985 0.0247497
1 0.0173233 0.0173743
1 0.00482921 0.00487963
2 0.0111221 0.0111716
1 0.027666 0.0277137
1 0.0031177 0.0031653
1 0.00283145 0.00287901
1 0.0563984 0.0564448
2 0.0116191 0.0116652
1 0.0101639 0.0102097
1 0.0228647 0.0229087
2 0.0202499 0.0202929
0 0 4.28953e-05
1 0.00320357 0.00324628
2 0.0126801 0.0127212
1 0.00663531 0.00667613
1 0.00357535 0.00361614
1 0.00411064 0.00415099
1 0.00445442 0.0044931
2 0.00825191 0.00828901
2 0.0239685 0.024005
1 0.0014843 0.00152071
1 0.00418625 0.00422259
2 0.0146394 0.0146755
2 0.024415 0.024451
2 0.0259457 0.0259805
1 0.000494759 0.000528422
1 0.0184766 0.0185098
1 0.00738042 0.00741335
1 0.064988 0.0650206
1 0.0209973 0.0210299
1 0.00573471 0.00576646
1 0.00613416 0.0061659
1 0.00630679 0.00633853
1 0.0740047 0.0740356
2 0.0889711 0.0890011
2 0.0607026 0.0607314
2 0.00676724 0.00679538
1 0.0146874 0.0147155
1 0.0170963 0.0171243
2 0.0118228 0.0118501
1 0.0281734 0.0282006
1 0.0287994 0.0288255
2 0.00554233 0.0055684
1 0.0154724 0.0154979
1 0.0271388 0.0271642
2 0.0558674 0.0558929
2 0.0113732 0.0113985
2 0.00653422 0.00655858
2 0.0217519 0.0217757
1 0.00136641 0.00138973
2 0.310083 0.310106
2 0.03338 0.0334027
1 0.00991002 0.00993268
2 0.0314279 0.03145
1 0.000499024 0.000520553
2 0.0280036 0.0280251
0 0 2.08751e-05
2 0.0299157 0.0299354
1 0.00364558 0.00366514
1 0.00303113 0.00305049
1 0.0351643 0.0351836
1 0.00566328 0.00568093
1 0.0647204 0.0647374
1 0.0351586 0.0351754
2 0.0158151 0.0158318
2 0.0221006 0.0221171
1 0.0108459 0.010862
1 0.0627312 0.0627463
1 0.007203 0.00721788
1 0.00804882 0.00806304
1 0.0071286 0.00714114
2 0.0172804 0.0172929
1 0.0108766 0.010889
2 0.279802 0.279814
1 0.0175829 0.0175945
2 0.00694418 0.00695555
2 0.0378124 0.0378235
1 0.0118569 0.0118677
1 0.0832289 0.0832395
1 0.00844446 0.00845367
2 0.0196477 0.0196567
1 0.00755255 0.00756119
2 0.0215716 0.0215801
2 0.028352 0.02836
2 0.0212029 0.0212104
2 0.00676951 0.00677683
2 0.0120445 0.0120516
1 0.00156814 0.00157501
1 0.00103526 0.00104158
2 0.0773028 0.0773089
1 0.00552211 0.00552801
2 0.00509597 0.00510118
1 0.0060721 0.0060773
1 0.0148722 0.0148773
2 0.0232807 0.0232855
1 0.309611 0.309616
2 0.00763495 0.00763961
1 0.051951 0.0519555
2 0.0336547 0.0336592
1 0.00239533 0.00239958
1 0.00346709 0.00347087
1 0.026151 0.0261547
2 0.00826547 0.00826908
2 0.0842588 0.0842621
1 0.0012741 0.00127721
1 0.0169194 0.0169224
1 0.0176034 0.0176064
2 0.0149295 0.0149319
2 0.0233574 0.0233597
2 0.0058446 0.00584685
1 0.0112657 0.0112677
1 0.00132703 0.00132899
1 0.0241435 0.0241449
1 0.0149386 0.01494
2 0.00934477 0.00934604
1 0.032237 0.0322381
1 0.00681622 0.00681725
1 0.00802453 0.00802524
2 0.0101643 0.0101649
2 0.00871468 0.0087152
1 0.00207286 0.00207333
1 0.00549989 0.00550031
1 0.00541379 0.00541412
1 0.00258863 0.00258889
1 0.00725562 0.00725575
1 0.0163653 0.0163654
2 0.0783218 0.0783218
2 0.0225103 0.0225103
2 0.0713072 0.0713073
2 0.0279281 0.0279281
