0 0 inf
0 0 0.136798
1 0.1109 0.220981
0 0 0.0627865
1 0.0274177 0.089095
1 0.0829545 0.144455
0 0 0.0611986
0 0 0.0554999
0 0 0.0503531
0 0 0.0501823
0 0 0.0496053
0 0 0.0488638
1 0.166622 0.212022
0 0 0.0437258
0 0 0.0346862
0 0 0.0339584
0 0 0.0330108
0 0 0.0325577
0 0 0.0307784
2 0.283134 0.313487
1 0.0687233 0.0990694
1 0.213857 0.244094
1 0.0417496 0.0709037
1 0.0443383 0.0692225
0 0 0.0239572
0 0 0.0216113
0 0 0.0212533
0 0 0.0201872
0 0 0.0198252
1 0.115158 0.134361
0 0 0.0191725
1 0.0441399 0.062729
1 0.0723032 0.0906072
0 0 0.0178085
0 0 0.0178001
0 0 0.0172576
1 0.0142886 0.0312753
0 0 0.0165046
0 0 0.0163537
0 0 0.0159647
0 0 0.0159432
0 0 0.0157554
0 0 0.0156279
0 0 0.015482
0 0 0.015473
0 0 0.0153063
1 0.0405511 0.05566
1 0.0516002 0.0657952
0 0 0.013941
0 0 0.0136013
0 0 0.0133798
0 0 0.0131285
0 0 0.0128639
1 0.0192661 0.0320115
0 0 0.0120946
0 0 0.0120601
0 0 0.0119941
0 0 0.0119599
0 0 0.0116814
1 0.0203059 0.0319278
1 0.012845 0.0244581
1 0.0479599 0.0593926
1 0.265036 0.276316
1 0.0561374 0.0673957
0 0 0.0112016
0 0 0.0111655
2 0.09352 0.104259
1 0.264483 0.275014
0 0 0.0102931
0 0 0.0101576
0 0 0.00993309
1 0.0235285 0.0330635
0 0 0.00943454
1 0.0249571 0.0343522
0 0 0.0093641
0 0 0.00890499
1 0.00813726 0.0168322
1 0.00346792 0.0120957
1 0.0153632 0.0238227
0 0 0.00843421
0 0 0.00840864
0 0 0.00827603
0 0 0.00805921
0 0 0.00801009
0 0 0.00797324
1 0.00862738 0.0165012
0 0 0.00778732
0 0 0.00777993
0 0 0.00771423
0 0 0.00743246
0 0 0.00735031
1 0.0800979 0.0874297
0 0 0.00717796
0 0 0.00677086
0 0 0.00647986
1 0.0176218 0.0240927
0 0 0.00644457
1 0.0446657 0.0510987
0 0 0.00640568
0 0 0.00639004
0 0 0.00637462
0 0 0.00609455
2 0.0772132 0.0832799
0 0 0.00602647
1 0.0183069 0.0243067
0 0 0.00598968
0 0 0.0059518
1 0.0103381 0.0162824
0 0 0.00593227
1 0.0233829 0.0292465
1 0.0123266 0.0181842
0 0 0.00571573
0 0 0.0054678
0 0 0.00541813
0 0 0.00539949
0 0 0.00538723
0 0 0.00537641
0 0 0.0053113
0 0 0.00530704
1 0.0949274 0.100164
0 0 0.00521088
0 0 0.00503048
0 0 0.00502166
0 0 0.00501708
0 0 0.00497878
1 0.00907079 0.0138388
1 0.0278919 0.0326134
0 0 0.00471229
1 0.0199733 0.0245599
1 0.00959043 0.0141748
1 0.00782184 0.0123888
0 0 0.00454839
0 0 0.0044955
0 0 0.00444509
0 0 0.00444052
0 0 0.00432785
1 0.0512437 0.0555401
0 0 0.00425942
1 0.113171 0.117378
0 0 0.00419393
1 0.00664839 0.0108353
1 0.0102416 0.0143923
0 0 0.00405672
0 0 0.00387765
1 0.118616 0.12246
0 0 0.00376358
0 0 0.00368077
0 0 0.00366255
1 0.0135425 0.0171071
0 0 0.00355755
0 0 0.00342388
0 0 0.00342342
1 0.0262493 0.0296716
0 0 0.00337767
1 0.00598556 0.00934773
0 0 0.00335868
0 0 0.00334006
0 0 0.00328964
0 0 0.00327947
0 0 0.00324664
0 0 0.00323804
1 0.0581185 0.0613469
0 0 0.00322105
1 0.0568553 0.0600466
1 0.0612244 0.0643354
1 0.204512 0.207617
0 0 0.00308568
0 0 0.00305803
0 0 0.00304456
1 0.0184033 0.0214265
1 0.00348036 0.00646903
0 0 0.00293681
1 0.0483871 0.0513074
0 0 0.00288387
1 0.00394287 0.00682517
0 0 0.0028717
1 0.00783153 0.0107015
1 0.069826 0.0726688
0 0 0.00282587
1 0.238637 0.241453
1 0.00957981 0.0123889
0 0 0.00279538
0 0 0.00277936
0 0 0.00275034
1 0.00575213 0.0084902
0 0 0.00273747
2 0.0360189 0.0387356
0 0 0.00271508
1 0.0310947 0.0337558
1 0.00439835 0.00703395
2 0.0335368 0.0361646
0 0 0.00261983
1 0.0064065 0.0090004
1 0.0222794 0.0248686
0 0 0.00253718
0 0 0.00251483
1 0.00270279 0.00520406
0 0 0.00250115
0 0 0.00249361
0 0 0.0024906
0 0 0.00248266
2 0.0257037 0.0281762
0 0 0.00244323
0 0 0.00242485
0 0 0.00241481
0 0 0.0024116
0 0 0.00238898
1 0.01705 0.0194258
0 0 0.00237513
0 0 0.00237361
1 0.0144658 0.016837
0 0 0.002329
1 0.0202804 0.02259
1 0.00330893 0.00560779
2 0.029002 0.0313001
2 0.0698445 0.0721327
0 0 0.00223216
0 0 0.00219662
1 0.0781665 0.0803513
1 0.00879212 0.0109762
1 0.0120606 0.0142383
0 0 0.00215779
0 0 0.00215697
0 0 0.00209522
1 0.0179955 0.0200905
1 0.0252503 0.0273362
0 0 0.00208343
0 0 0.0020819
1 0.0086361 0.0106397
1 0.00993053 0.0119119
1 0.0155113 0.0174848
1 0.0851437 0.0870869
0 0 0.00192122
1 0.0142937 0.016209
0 0 0.00190377
0 0 0.00187119
0 0 0.00186816
1 0.0311571 0.033017
1 0.0194578 0.0213076
0 0 0.00184561
1 0.12047 0.12231
0 0 0.00183588
0 0 0.0018285
0 0 0.0018266
1 0.0929903 0.0947874
0 0 0.00179103
1 0.00803835 0.0098246
0 0 0.00176146
2 0.0172896 0.0190402
0 0 0.00170699
0 0 0.00166812
0 0 0.00165737
0 0 0.00163728
1 0.164358 0.165988
1 0.0961277 0.0977552
0 0 0.00162525
1 0.0333494 0.0349341
1 0.00304476 0.00462678
1 0.0142927 0.0158693
2 0.178409 0.179984
1 0.00334629 0.00488266
2 0.0210741 0.0226096
1 0.0652531 0.0667863
1 0.00906824 0.0105871
1 0.0237836 0.0252946
1 0.0155049 0.0170044
1 0.00791673 0.00941601
1 0.0247637 0.0262584
1 0.0231993 0.024682
0 0 0.00146946
0 0 0.00146263
0 0 0.00146154
0 0 0.00146038
1 0.0176482 0.019103
0 0 0.00145035
1 0.0277891 0.0292307
2 0.0574993 0.0589364
1 0.0592853 0.0607142
1 0.00773128 0.00915876
0 0 0.00141537
1 0.0143466 0.0157592
1 0.0119226 0.0133174
1 0.00320337 0.0045976
1 0.0444893 0.0458571
0 0 0.00134646
2 0.0188811 0.0202063
2 0.0575885 0.0589088
0 0 0.00131154
0 0 0.00128374
1 0.0087257 0.00999953
0 0 0.00127176
0 0 0.00126751
1 0.00597826 0.00724532
0 0 0.00125399
1 0.0735888 0.0748328
1 0.20867 0.209914
1 0.0063914 0.00762936
1 0.0224898 0.0237264
0 0 0.00123223
0 0 0.00121592
1 0.01401 0.0152135
0 0 0.00119387
0 0 0.00119021
0 0 0.00118198
1 0.0364647 0.0375834
0 0 0.00109925
1 0.0614386 0.0625227
0 0 0.00108191
1 0.0498674 0.0509471
0 0 0.00107652
1 0.0536437 0.0547144
2 0.163573 0.16464
1 0.0203561 0.0214116
1 0.0494422 0.050475
1 0.00749317 0.00848685
0 0 0.000992907
1 0.0200032 0.0209798
0 0 0.000946262
1 0.00688638 0.0078231
1 0.0159728 0.0169069
0 0 0.00093236
2 0.132105 0.133033
1 0.00515798 0.00607167
1 0.127837 0.128744
0 0 0.00090494
2 0.113434 0.114316
1 0.0120475 0.0129237
1 0.0250435 0.0259169
0 0 0.000873101
1 0.00886517 0.00973024
1 0.00367357 0.00453802
1 0.00393684 0.00478478
2 0.212044 0.212886
0 0 0.000842052
1 0.0107829 0.0116233
1 0.0052245 0.00605426
2 0.0108456 0.0116728
1 0.00932232 0.0101469
2 0.0329297 0.0337328
0 0 0.000802531
1 0.0133118 0.0141096
1 0.0215888 0.0223784
1 0.0147585 0.0155371
0 0 0.000767708
0 0 0.00074805
2 0.0122063 0.0129526
1 0.0625615 0.0632981
2 0.0329947 0.0337227
0 0 0.000727952
1 0.00894811 0.00967091
1 0.00396782 0.00468999
1 0.0266978 0.0274159
1 0.0297279 0.0304442
1 0.0362943 0.0369986
1 0.0222046 0.0229042
0 0 0.000696798
1 0.00780454 0.00848492
2 0.0653379 0.0659974
1 0.0227982 0.0234379
1 0.00757281 0.00821027
2 0.0283172 0.0289427
1 0.00900057 0.00961517
1 0.0148619 0.0154723
2 0.0339908 0.0345964
1 0.0112405 0.0118314
2 0.0213079 0.0218934
0 0 0.000584597
1 0.0113819 0.0119653
2 0.0898121 0.0903829
1 0.0640743 0.0646353
0 0 0.000558999
1 0.0995278 0.10008
1 0.0265956 0.0271387
1 0.00305575 0.00359816
1 0.0474892 0.0480311
1 0.00380146 0.00434209
0 0 0.000539363
1 0.00468387 0.00522298
2 0.0526254 0.0531586
1 0.0196298 0.0201553
1 0.00256438 0.00308596
1 0.010702 0.0112119
0 0 0.000499972
1 0.0205474 0.0210464
1 0.00802327 0.0085212
1 0.0128248 0.0133133
1 0.0118131 0.0123005
1 0.00472066 0.00520073
1 0.00474162 0.00521531
1 0.00193039 0.00240196
1 0.0185543 0.0190211
2 0.0822274 0.0826902
1 0.165226 0.165687
1 0.00283387 0.00329444
0 0 0.000460249
2 0.0166858 0.0171455
1 0.0995542 0.100009
1 0.0296823 0.030134
1 0.00673358 0.00718508
1 0.00431001 0.00475349
2 0.0109372 0.0113695
2 0.0999613 0.100393
2 0.212345 0.212777
1 0.00706362 0.00749312
2 0.00809454 0.00852265
2 0.015356 0.0157731
1 0.0475408 0.047949
1 0.00180427 0.00220538
1 0.00826646 0.00866316
1 0.055067 0.0554537
2 0.0362026 0.0365887
2 0.0161055 0.0164831
1 0.015078 0.0154486
2 0.0500522 0.0504189
0 0 0.000359011
1 0.0450717 0.0454275
2 0.252738 0.253092
1 0.0157505 0.0160976
1 0.00992914 0.0102669
1 0.0123314 0.0126503
2 0.00761846 0.00793704
1 0.00354839 0.00385945
1 0.0146858 0.0149968
1 0.00376902 0.00407486
1 0.00865952 0.00896438
1 0.0290632 0.0293648
1 0.0134591 0.0137547
1 0.00791597 0.00820663
1 0.0539311 0.0542214
1 0.00660862 0.00689673
1 0.00477882 0.00506133
1 0.0322182 0.0324997
1 0.00405344 0.00433287
1 0.00141986 0.00169753
1 0.0271221 0.0273987
1 0.205769 0.206042
2 0.00867072 0.00893993
2 0.0700837 0.0703527
1 0.00555822 0.00582044
2 0.0193962 0.0196583
2 0.0828976 0.0831593
1 0.056412 0.056668
0 0 0.000254754
2 0.0271021 0.027356
0 0 0.000246445
2 0.0170481 0.017288
1 0.0230224 0.0232591
1 0.0110231 0.0112565
2 0.0193933 0.0196176
2 0.0628969 0.0631204
2 0.0173215 0.0175424
2 0.00728448 0.00750459
1 0.0016606 0.00187671
0 0 0.000214575
1 0.00436942 0.00458073
1 0.0155148 0.0157258
1 0.00132661 0.00153513
1 0.048063 0.048268
1 0.0150512 0.0152559
2 0.0308226 0.031026
1 0.00380842 0.00401104
2 0.0497328 0.0499354
1 0.028781 0.0289785
2 0.0141992 0.0143946
2 0.0249281 0.0251231
1 0.0172781 0.0174719
1 0.00402209 0.0042133
2 0.115578 0.115768
1 0.00589206 0.00607991
1 0.00352137 0.00370861
1 0.0263581 0.026543
1 0.0324003 0.0325841
1 0.133415 0.133598
2 0.0221456 0.022326
2 0.0129999 0.0131732
1 0.0331273 0.0332998
1 0.00287374 0.00304601
1 0.0105628 0.0107312
1 0.020641 0.0208082
1 0.00358839 0.00375545
1 0.00878337 0.00894688
2 0.0114163 0.0115739
1 0.00345977 0.00361483
1 0.00606316 0.00621591
1 0.00304 0.00319228
1 0.00278 0.00292859
2 0.0342781 0.0344255
1 0.251259 0.251406
1 0.0194371 0.0195796
1 0.00389137 0.00403379
1 0.0069208 0.00706297
1 0.0324912 0.0326323
1 0.00847994 0.00861879
2 0.0649974 0.0651361
1 0.00159496 0.00173019
1 0.0101254 0.0102599
1 0.0301627 0.030297
2 0.0171108 0.0172432
1 0.0109473 0.0110761
2 0.0337559 0.0338832
1 0.0034963 0.00362261
2 0.00362389 0.00374843
1 0.0182241 0.018345
1 0.0884018 0.0885187
1 0.00293158 0.00304774
1 0.00785238 0.00796791
2 0.0135665 0.013681
1 0.00349561 0.0036083
1 0.00309395 0.00320652
1 0.00132936 0.00144092
1 0.0205707 0.0206821
1 0.017597 0.0177041
1 0.00266801 0.00277402
1 0.0117916 0.0118946
2 0.210477 0.210579
1 0.0843733 0.0844722
1 0.0556842 0.0557813
1 0.00927509 0.00937171
2 0.00343389 0.00352779
2 0.0114747 0.0115683
2 0.100883 0.100975
2 0.0329856 0.0330772
1 0.00419568 0.00428659
1 0.00484561 0.00493628
1 0.00207423 0.00216485
2 0.0559753 0.056065
2 0.0152934 0.0153827
2 0.0333085 0.033395
2 0.0872529 0.0873365
1 0.00517896 0.00525936
2 0.0113979 0.0114779
1 0.00361942 0.00369878
1 0.0070873 0.00716629
2 0.00462197 0.00470093
2 0.0543202 0.0543989
1 0.0281974 0.0282708
1 0.00198975 0.00206102
1 0.0162224 0.0162916
2 0.00574157 0.00581067
1 0.00555418 0.00562302
1 0.00320417 0.00327267
1 0.0117816 0.0118497
1 0.00538631 0.00545416
2 0.0175191 0.0175857
1 0.0119851 0.0120514
1 0.00674056 0.00680525
1 0.00640772 0.00647211
2 0.0135912 0.0136541
2 0.0283775 0.0284403
1 0.00426025 0.0043222
1 0.029152 0.0292139
1 0.00299154 0.00305337
2 0.0179433 0.018002
1 0.0135547 0.0136125
2 0.0290158 0.0290719
2 0.0126493 0.0127017
1 0.012744 0.0127956
1 0.00226465 0.0023153
2 0.0365231 0.0365735
1 0.00353586 0.00358506
1 0.0339145 0.0339581
2 0.0214909 0.0215343
1 0.0104696 0.0105117
1 0.00515338 0.00519389
1 0.00216695 0.00220722
2 0.0040396 0.00407925
1 0.00799845 0.00803736
1 0.00572701 0.00576553
2 0.00226364 0.0023018
1 0.00516251 0.00519883
1 0.0189951 0.019031
1 0.0152295 0.0152647
1 0.00330574 0.00334038
2 0.00435915 0.00439228
2 0.0111814 0.0112141
1 0.00454541 0.00457678
1 0.0155558 0.0155863
2 0.011523 0.0115531
1 0.00552438 0.00555353
1 0.0137656 0.0137928
1 0.0974032 0.09743
2 0.0129902 0.0130168
1 0.00342429 0.00345085
2 0.0114414 0.0114679
1 0.0214767 0.021503
2 0.209059 0.209084
2 0.021571 0.0215961
1 0.0056705 0.00569538
1 0.00556105 0.00558566
2 0.0282034 0.0282273
1 0.0102434 0.0102672
1 0.0030066 0.00302869
2 0.00814307 0.00816476
1 0.0212767 0.0212977
2 0.0274365 0.0274574
2 0.00807297 0.00809278
2 0.0222248 0.0222438
2 0.00458483 0.0046031
2 0.00598133 0.00599889
2 0.0070823 0.00709946
2 0.00368857 0.0037056
2 0.0678469 0.0678636
1 0.00634819 0.00636398
1 0.00244993 0.00246534
2 0.00972414 0.00973859
2 0.0173898 0.0174031
1 0.0400349 0.040048
2 0.00734461 0.0073559
1 0.00697347 0.00698458
1 0.055477 0.0554878
1 0.0189932 0.0190039
2 0.00247743 0.00248796
1 0.0248449 0.0248554
2 0.0174236 0.0174336
1 0.00903892 0.00904859
2 0.028062 0.0280712
1 0.00569359 0.00570221
2 0.0340786 0.034087
2 0.0313535 0.0313614
1 0.00871239 0.0087203
1 0.00444066 0.00444856
2 0.0155571 0.0155638
1 0.00505151 0.00505826
1 0.00669148 0.00669749
2 0.0158832 0.0158892
2 0.0154409 0.0154453
2 0.00598757 0.00599182
1 0.0196898 0.0196939
1 0.0111514 0.0111556
2 0.0197962 0.0198003
1 0.0130756 0.0130796
1 0.0138505 0.0138544
2 0.0706249 0.0706288
2 0.00872591 0.00872935
1 0.016062 0.0160649
2 0.0129962 0.012999
2 0.0224454 0.022448
2 0.029134 0.0291365
2 0.00772894 0.00773134
1 0.0105403 0.0105426
1 0.00532804 0.0053303
2 0.00811572 0.00811793
1 0.00479356 0.00479554
2 0.0581686 0.0581706
1 0.0129082 0.0129101
2 0.0166083 0.0166102
2 0.00932011 0.00932176
1 0.0490099 0.0490113
2 0.11558 0.115581
1 0.00226911 0.00227001
1 0.00480292 0.00480364
2 0.0228666 0.0228672
2 0.00477019 0.00477077
2 0.00805748 0.00805801
2 0.0295683 0.0295688
2 0.0320656 0.032066
2 0.00772595 0.00772613
2 0.0210472 0.0210473
2 0.00906981 0.00906987
