0 0 inf
0 0 0.148378
0 0 0.111981
0 0 0.0568058
1 0.153769 0.209971
1 0.0855065 0.137087
1 0.05845 0.109752
0 0 0.0448319
1 0.0659359 0.107758
1 0.0831537 0.124433
1 0.0351951 0.0761839
0 0 0.038764
1 0.156312 0.193817
0 0 0.0373545
0 0 0.0345573
0 0 0.0319569
0 0 0.0312705
0 0 0.0298099
0 0 0.0293134
0 0 0.0271973
1 0.0772314 0.103406
0 0 0.0257213
1 0.082622 0.108074
0 0 0.0252073
0 0 0.0247118
1 0.0537637 0.0782385
1 0.0415422 0.0659461
0 0 0.0230277
0 0 0.0228234
0 0 0.0228198
0 0 0.0223004
0 0 0.0209053
0 0 0.0207744
0 0 0.0204898
1 0.0746425 0.0949673
0 0 0.0201546
0 0 0.0201545
0 0 0.0198897
0 0 0.0183926
0 0 0.0183697
0 0 0.0174917
0 0 0.0173936
0 0 0.0168343
1 0.215761 0.232362
0 0 0.0162763
1 0.0344789 0.0506685
2 0.133006 0.149148
0 0 0.0160903
0 0 0.0159932
1 0.206277 0.222052
0 0 0.0151761
1 0.0640803 0.0792379
0 0 0.0149812
0 0 0.0145155
0 0 0.0132916
1 0.0559016 0.0687428
0 0 0.0122672
0 0 0.0121927
1 0.167247 0.17915
2 0.272906 0.284562
0 0 0.011538
0 0 0.0114181
0 0 0.011268
0 0 0.0110495
1 0.135618 0.146392
0 0 0.01059
0 0 0.0104413
1 0.0494863 0.0595655
0 0 0.0100483
0 0 0.00966287
2 0.164252 0.173846
0 0 0.00942316
0 0 0.0092546
1 0.0266689 0.0354227
0 0 0.00873084
0 0 0.00830449
1 0.228204 0.236414
0 0 0.00820544
1 0.123046 0.13116
1 0.168859 0.176919
1 0.00404497 0.0120709
0 0 0.0078101
0 0 0.0077161
0 0 0.00770109
0 0 0.00766798
1 0.0422825 0.049631
0 0 0.00734782
0 0 0.00730834
0 0 0.00727563
0 0 0.00720849
0 0 0.00720338
1 0.01158 0.0184818
0 0 0.00665714
0 0 0.00665187
0 0 0.00656076
0 0 0.00651128
0 0 0.00626367
0 0 0.00618093
1 0.0140014 0.0200486
0 0 0.00604194
0 0 0.00603718
1 0.0239712 0.0299144
0 0 0.00589819
0 0 0.00584866
1 0.0157257 0.0214927
0 0 0.0056944
0 0 0.00559782
1 0.0237378 0.0292785
0 0 0.00548318
0 0 0.00546224
1 0.0109194 0.0162719
1 0.0820971 0.0874096
0 0 0.00531064
0 0 0.00523287
0 0 0.00493239
0 0 0.00466925
1 0.00438415 0.00898397
0 0 0.00439259
1 0.0385316 0.0429084
1 0.0397923 0.0440184
1 0.0702366 0.0744229
0 0 0.00417795
0 0 0.00415863
1 0.142125 0.14628
1 0.00470941 0.00884268
0 0 0.00409482
0 0 0.00406437
0 0 0.00403607
0 0 0.0039862
0 0 0.00392225
0 0 0.0038701
1 0.00901975 0.0128865
0 0 0.00380798
0 0 0.0037904
0 0 0.00378129
0 0 0.00373283
1 0.00542342 0.00914566
0 0 0.00369186
1 0.00452891 0.00820164
1 0.00980982 0.013469
0 0 0.00363415
0 0 0.00362499
0 0 0.0035709
0 0 0.00340664
1 0.0140338 0.0173278
0 0 0.00328049
0 0 0.00325519
1 0.0105611 0.013808
0 0 0.00322061
0 0 0.00320567
0 0 0.00318278
0 0 0.00317492
1 0.0217961 0.0249342
0 0 0.00308053
1 0.0440711 0.0471072
0 0 0.00302147
0 0 0.00301382
0 0 0.00299622
1 0.0292741 0.0322406
0 0 0.00296052
1 0.0240672 0.0269677
1 0.00562832 0.00846431
1 0.0581928 0.0610192
0 0 0.00282367
0 0 0.00280769
0 0 0.00276467
1 0.00624605 0.00900318
0 0 0.002752
1 0.0364295 0.03917
0 0 0.00269763
2 0.152867 0.155564
0 0 0.00269643
0 0 0.00268628
0 0 0.00266546
1 0.00507339 0.00766351
0 0 0.00256268
0 0 0.0025471
1 0.011211 0.0137533
0 0 0.00253929
0 0 0.0025373
1 0.00532027 0.00785246
0 0 0.00249898
0 0 0.00249289
1 0.0376239 0.0400888
0 0 0.0024492
0 0 0.00244504
0 0 0.00243689
0 0 0.00242371
0 0 0.00239985
0 0 0.00239275
1 0.215678 0.218051
1 0.102258 0.104601
1 0.00516151 0.00750433
1 0.0048678 0.0071061
0 0 0.00220415
0 0 0.00216417
1 0.00924373 0.0113817
0 0 0.00211853
1 0.106972 0.109072
2 0.0768119 0.0788682
0 0 0.00204553
1 0.0740607 0.0760963
0 0 0.00202816
0 0 0.00201296
0 0 0.00199542
1 0.0241056 0.026073
1 0.0486686 0.0505778
1 0.051397 0.0533029
0 0 0.00189204
0 0 0.00186396
0 0 0.00183479
1 0.114896 0.116711
1 0.00617416 0.00798353
0 0 0.00179816
1 0.016411 0.0181912
0 0 0.00177888
0 0 0.00176466
1 0.00885812 0.0105995
0 0 0.00173132
0 0 0.00170141
0 0 0.00167885
0 0 0.00167652
1 0.00845892 0.0101099
2 0.128928 0.130573
0 0 0.00163903
0 0 0.0016307
0 0 0.00162256
0 0 0.00160295
1 0.013408 0.0149929
0 0 0.00158285
0 0 0.00158273
1 0.00691678 0.00849581
1 0.00518338 0.00674274
1 0.0500684 0.0516219
0 0 0.0015513
0 0 0.00154761
1 0.0119141 0.0134592
1 0.0199379 0.0214752
2 0.174037 0.175525
1 0.0052934 0.00675895
1 0.0294487 0.0309124
1 0.0129966 0.0144592
1 0.00687665 0.00832154
0 0 0.00143916
0 0 0.00143905
2 0.0218905 0.0233283
1 0.168423 0.169845
1 0.0198817 0.0213009
1 0.0683807 0.0697961
1 0.00731406 0.00872522
1 0.0295904 0.0309964
1 0.169744 0.17112
0 0 0.00136339
2 0.105837 0.107187
2 0.212593 0.213938
0 0 0.00132859
1 0.00845887 0.00976994
1 0.00659291 0.00789825
0 0 0.00129361
1 0.00494839 0.0062411
0 0 0.00127387
1 0.0159073 0.017178
0 0 0.00126421
2 0.0768765 0.0781328
1 0.0110487 0.0123012
0 0 0.00123998
0 0 0.0012303
2 0.00937635 0.0106047
0 0 0.00122366
1 0.00687989 0.00809767
0 0 0.00121254
2 0.0158019 0.0170127
0 0 0.00118516
1 0.00583557 0.00702059
1 0.0531673 0.0543479
0 0 0.0011747
1 0.00349527 0.00466819
0 0 0.00114802
0 0 0.00113996
1 0.0700552 0.0711929
2 0.0122835 0.0134189
2 0.0105364 0.0116697
0 0 0.00111627
1 0.0434089 0.0445186
0 0 0.00107018
0 0 0.00106977
0 0 0.00106573
0 0 0.00106172
1 0.00460411 0.0056561
1 0.0170708 0.0181141
0 0 0.00104187
1 0.00763916 0.00867943
0 0 0.00103975
1 0.0851355 0.0861729
0 0 0.00100235
0 0 0.000998739
1 0.0222552 0.0232457
1 0.0842678 0.0852537
2 0.131885 0.132871
1 0.0182591 0.019242
2 0.0232851 0.0242612
1 0.0257515 0.0267197
1 0.0114693 0.012432
1 0.00770064 0.00864503
0 0 0.000938584
1 0.0234915 0.0244023
1 0.0127582 0.013654
1 0.00538391 0.00627953
2 0.0322414 0.0331102
1 0.0054423 0.00631023
1 0.0431213 0.043988
2 0.178603 0.179469
1 0.00998499 0.0108333
1 0.0830857 0.0839294
0 0 0.000833968
0 0 0.000832091
1 0.00495354 0.00578459
1 0.0124932 0.0133234
0 0 0.000829284
1 0.0101564 0.0109768
1 0.182566 0.183379
0 0 0.000810194
2 0.125159 0.125962
1 0.00647056 0.00727373
2 0.0303653 0.0311498
2 0.125629 0.126411
1 0.00317348 0.00395197
1 0.00551618 0.00629105
1 0.134965 0.135731
1 0.00266107 0.00342399
1 0.0225098 0.0232722
1 0.0100808 0.0108304
2 0.0127104 0.0134595
1 0.00547078 0.00621657
1 0.0701292 0.070872
0 0 0.000741416
1 0.0154183 0.0161521
1 0.0676127 0.0683464
1 0.0114449 0.0121753
1 0.0152598 0.015985
0 0 0.000719911
1 0.003645 0.0043647
1 0.0163087 0.0170248
1 0.122842 0.123551
1 0.00208784 0.00279269
1 0.0224229 0.0231268
2 0.030248 0.0309481
1 0.0121713 0.0128653
1 0.00767008 0.00835817
0 0 0.000682986
1 0.00523116 0.00588145
1 0.00945921 0.0101069
1 0.0272718 0.0279181
1 0.00544324 0.00608941
1 0.0129581 0.0136005
0 0 0.000639713
1 0.0100246 0.010651
1 0.00801266 0.00863685
2 0.0821492 0.0827693
1 0.0114548 0.0120668
1 0.0849824 0.085588
1 0.00311547 0.00370838
1 0.00667636 0.00725992
1 0.0047102 0.00529182
1 0.00278772 0.00336785
1 0.0138351 0.014408
1 0.00913712 0.00969998
2 0.0134636 0.014026
2 0.174445 0.175006
1 0.00796748 0.0085231
1 0.00895136 0.00950688
1 0.00386411 0.00441534
1 0.00768859 0.00823358
1 0.0188314 0.0193682
2 0.0857703 0.0863057
1 0.0340968 0.0346251
1 0.0272631 0.0277857
1 0.0127144 0.0132213
2 0.0156417 0.0161421
1 0.00351962 0.00401189
2 0.00813956 0.00862967
1 0.00338758 0.00387086
1 0.00241072 0.00289344
1 0.0059989 0.00648033
1 0.0133356 0.0138163
1 0.0103186 0.0107976
2 0.0316974 0.0321732
1 0.00257193 0.00304669
2 0.0122179 0.0126705
1 0.0149377 0.0153878
2 0.225966 0.226411
0 0 0.000442056
2 0.053405 0.0538378
1 0.00489237 0.00532499
0 0 0.000431762
1 0.0546476 0.0550694
1 0.00277798 0.00319357
1 0.00225898 0.00266625
1 0.00693025 0.00733342
1 0.00700134 0.00740302
1 0.03446 0.0348556
0 0 0.000393894
0 0 0.00039359
1 0.0090611 0.00945439
1 0.00484276 0.00522566
1 0.00853389 0.00891313
2 0.0839366 0.084314
1 0.00690912 0.00728351
2 0.00905478 0.00942827
1 0.00534101 0.00571179
2 0.00638792 0.00675508
1 0.00548393 0.00585086
2 0.0119061 0.0122728
1 0.00186801 0.00222001
2 0.104794 0.105141
1 0.00426142 0.00460577
0 0 0.000343372
1 0.0070961 0.0074364
1 0.00481722 0.00515535
0 0 0.000336506
2 0.0144339 0.0147687
1 0.00531725 0.00565071
1 0.0859843 0.0863127
1 0.00926716 0.00958811
1 0.00260135 0.00291339
1 0.0050625 0.00537425
2 0.0096889 0.00999864
1 0.00161625 0.00192143
0 0 0.00029984
1 0.00334843 0.00364133
1 0.0303963 0.0306793
2 0.00644473 0.00672423
1 0.00444008 0.00470742
2 0.131434 0.131697
2 0.0313278 0.0315891
1 0.0036192 0.00387567
2 0.0117187 0.0119735
0 0 0.0002539
1 0.0104011 0.0106538
1 0.00802628 0.00827894
2 0.0110904 0.0113423
1 0.00228042 0.00253165
1 0.00339253 0.00363849
2 0.113187 0.113432
2 0.18462 0.184864
1 0.0039341 0.00417495
2 0.0138255 0.0140658
1 0.0546006 0.0548402
1 0.011142 0.0113799
2 0.0098528 0.0100893
1 0.00371802 0.00395299
2 0.153461 0.153688
1 0.00915679 0.00937629
1 0.00813094 0.00834607
1 0.0256727 0.0258871
1 0.0023316 0.00254558
2 0.00748821 0.00770096
1 0.00723855 0.00744738
1 0.00568639 0.0058933
2 0.0234274 0.0236342
1 0.00292409 0.00312982
2 0.00964332 0.00984498
0 0 0.00019834
1 0.106548 0.106744
1 0.0240807 0.0242772
2 0.0290924 0.0292867
2 0.0401802 0.0403739
1 0.154025 0.154217
1 0.0217848 0.0219698
2 0.125689 0.125871
0 0 0.000182394
2 0.0884184 0.0885989
1 0.0333043 0.033483
1 0.00298288 0.00315927
2 0.0088111 0.00898406
2 0.109422 0.109595
1 0.00339893 0.0035703
1 0.00232955 0.0025009
1 0.0623526 0.0625207
1 0.0045743 0.00473732
1 0.0429865 0.0431487
1 0.0112969 0.0114578
1 0.00420626 0.00436475
1 0.00704701 0.00719785
1 0.00144868 0.00159833
2 0.0182256 0.0183749
1 0.00195433 0.00210341
1 0.00227107 0.00241754
1 0.0132026 0.0133464
1 0.0109693 0.0111113
1 0.00365359 0.00379478
1 0.00439663 0.00453729
2 0.159344 0.159484
2 0.0108514 0.0109911
2 0.0337673 0.0339049
2 0.00991146 0.0100484
2 0.00374419 0.00388044
1 0.00206423 0.00219862
1 0.121065 0.121199
0 0 0.000133065
1 0.0105644 0.0106938
1 0.0155671 0.015695
1 0.0134922 0.0136196
0 0 0.000124451
2 0.160081 0.160205
2 0.0977786 0.0979015
2 0.0137029 0.013821
1 0.00900131 0.00911754
1 0.00394502 0.00405883
1 0.011397 0.0115086
2 0.0689593 0.0690681
2 0.0361611 0.0362676
1 0.00283508 0.00293924
1 0.0310083 0.0311119
2 0.0440402 0.0441425
1 0.00553068 0.00562756
1 0.00491349 0.00500722
1 0.0746781 0.0747717
1 0.00713334 0.00722495
2 0.00931066 0.00939953
1 0.00537846 0.00546592
2 0.225326 0.22541
1 0.0114948 0.0115788
2 0.00943297 0.0095168
2 0.00412902 0.00421233
2 0.0162076 0.0162903
0 0 8.001e-05
1 0.00374558 0.00382297
1 0.0429755 0.0430487
2 0.162247 0.16232
1 0.00937958 0.0094504
1 0.00291111 0.00298109
2 0.0152926 0.0153594
2 0.0102448 0.0103116
1 0.0856969 0.0857624
2 0.125574 0.12564
2 0.0315165 0.0315814
1 0.0158213 0.0158825
1 0.0206593 0.0207202
1 0.0136936 0.0137523
1 0.0110204 0.0110788
1 0.225232 0.22529
1 0.0109157 0.0109736
1 0.00261333 0.00267106
1 0.0489561 0.0490135
1 0.0320797 0.0321367
2 0.0185249 0.0185812
1 0.00526795 0.00532256
1 0.00279751 0.00285071
1 0.016696 0.0167468
2 0.015486 0.0155348
2 0.0095556 0.00960384
1 0.0214243 0.0214714
1 0.00425759 0.00430457
1 0.00387817 0.0039226
1 0.0170978 0.0171422
1 0.00177879 0.001823
2 0.00631021 0.00635432
2 0.0124582 0.0125006
2 0.0768493 0.0768915
1 0.00618817 0.00622993
1 0.00278263 0.00282383
2 0.0101694 0.0102102
1 0.0530747 0.053115
1 0.0049601 0.00500005
1 0.00172646 0.00176591
2 0.0042936 0.00433276
2 0.0206042 0.0206433
2 0.00859024 0.00862854
2 0.0145383 0.0145764
1 0.0106504 0.0106878
2 0.00761962 0.00765664
1 0.0132547 0.0132909
2 0.0155452 0.0155807
2 0.00756852 0.00760275
2 0.0132892 0.0133232
2 0.00890158 0.00893489
2 0.0884233 0.0884564
1 0.00918208 0.00921504
2 0.0794005 0.0794333
2 0.00362969 0.0036618
1 0.0854645 0.0854965
1 0.0230967 0.0231286
1 0.0136892 0.0137201
1 0.00501913 0.00504983
1 0.00611059 0.00614087
1 0.00605382 0.00608335
1 0.00430542 0.00433383
1 0.0108749 0.0109029
2 0.0059929 0.00602088
2 0.00788355 0.00791067
1 0.00324863 0.00327532
2 0.00653182 0.00655806
1 0.0077513 0.00777591
1 0.124133 0.124158
1 0.00540377 0.00542666
1 0.0757095 0.0757324
2 0.0308698 0.0308925
2 0.0713497 0.0713721
1 0.00318614 0.00320846
1 0.00366948 0.00369011
2 0.0240118 0.0240319
1 0.000419779 0.000439485
1 0.00915809 0.00917749
1 0.00880259 0.00882183
2 0.0037309 0.00374967
1 0.07678 0.076798
2 0.0122466 0.0122644
1 0.0176821 0.0176998
2 0.0121882 0.0122057
1 0.01681 0.0168262
1 0.00243496 0.00245109
1 0.0148007 0.0148169
2 0.034964 0.0349802
2 0.012455 0.0124711
1 0.00542715 0.00544265
1 0.0314531 0.0314686
1 0.0187073 0.0187225
1 0.0154836 0.0154986
2 0.0222003 0.022214
1 0.00567826 0.00569138
1 0.000450379 0.000463244
2 0.00543129 0.00544401
1 0.00858067 0.00859321
2 0.0160913 0.0161039
1 0.0016393 0.00165142
1 0.00894939 0.0089614
1 0.00823886 0.00825059
1 0.0107091 0.0107204
2 0.00457479 0.00458607
1 0.00640288 0.00641381
1 0.00512238 0.00513262
1 0.0855845 0.0855943
1 0.00462739 0.00463677
1 0.00296634 0.00297545
2 0.146401 0.14641
2 0.0183504 0.018359
2 0.0225877 0.0225959
2 0.229313 0.22932
2 0.0168478 0.0168547
2 0.0148874 0.0148941
1 0.0149455 0.0149517
1 0.0315599 0.031566
2 0.0215108 0.0215168
2 0.184774 0.18478
2 0.00759922 0.00760466
2 0.00609767 0.00610267
1 0.00841229 0.00841688
2 0.011327 0.0113314
2 0.00959731 0.0096009
1 0.207181 0.207184
1 0.0064768 0.0064802
1 0.00887761 0.00888087
2 0.213117 0.21312
2 0.00818553 0.00818826
1 0.00248797 0.00249065
1 0.11082 0.110823
1 0.0470007 0.0470031
1 0.0156351 0.0156375
1 0.00952225 0.00952458
1 0.00509633 0.00509841
2 0.00286163 0.0028636
2 0.00689835 0.00690028
2 0.0716535 0.0716553
2 0.00664599 0.00664772
1 0.00854848 0.00854998
2 0.129138 0.129139
1 0.0226463 0.0226473
1 0.0136987 0.0136995
2 0.00766284 0.00766326
1 0.00619628 0.00619663
1 0.0716496 0.0716499
2 0.0232786 0.0232788
2 0.0102931 0.0102933
2 0.0186774 0.0186775
2 0.0320261 0.0320261
1 0.0427393 0.0427393
1 0.00940694 0.00940694
2 0.021031 0.021031
