0 0 inf
0 0 0.145692
0 0 0.0968725
0 0 0.0793
0 0 0.0428823
0 0 0.0374071
0 0 0.034875
0 0 0.0292022
0 0 0.0250891
0 0 0.0216062
1 0.0941778 0.115656
0 0 0.0205576
0 0 0.0182588
0 0 0.0178705
1 0.0505613 0.0681706
0 0 0.0173088
0 0 0.016004
0 0 0.0157729
1 0.0252243 0.0402916
0 0 0.0149268
0 0 0.0145593
0 0 0.0143828
0 0 0.0129488
1 0.0163931 0.0291078
1 0.0127179 0.0254006
1 0.0260844 0.03855
1 0.0173298 0.0292904
0 0 0.0109952
0 0 0.0108585
0 0 0.0105415
0 0 0.0103872
0 0 0.00947274
1 0.190946 0.200404
1 0.0400793 0.0494092
0 0 0.00899962
0 0 0.00887814
1 0.0574186 0.0662938
0 0 0.00883101
0 0 0.00851046
0 0 0.00826031
0 0 0.00818154
0 0 0.0081588
0 0 0.00789143
1 0.0162156 0.0240777
0 0 0.00769935
1 0.00966235 0.0173379
0 0 0.00738681
1 0.0226453 0.0299048
0 0 0.00725257
1 0.0307564 0.0379402
0 0 0.0071033
0 0 0.00705234
1 0.0086494 0.0156619
0 0 0.00656493
0 0 0.00628819
0 0 0.00603758
0 0 0.0059589
0 0 0.00562323
0 0 0.00546889
1 0.0608852 0.0661781
0 0 0.00524933
0 0 0.00523587
0 0 0.005213
0 0 0.00519308
0 0 0.0051782
0 0 0.00516685
1 0.0329284 0.0378234
0 0 0.00482724
0 0 0.00476964
1 0.0178904 0.022644
1 0.0107441 0.0154838
0 0 0.00469284
1 0.0085773 0.0132547
1 0.00444865 0.00904631
0 0 0.00459187
0 0 0.0045833
1 0.0179303 0.0222997
0 0 0.00432241
1 0.0147829 0.0190204
0 0 0.00422578
1 0.00360247 0.00781211
1 0.151608 0.155776
0 0 0.00412265
0 0 0.00406348
0 0 0.00396783
0 0 0.00396263
1 0.0124118 0.0163689
2 0.0487702 0.0526667
0 0 0.00389163
1 0.00265789 0.00652051
1 0.00826542 0.0120495
0 0 0.00374482
0 0 0.00371621
0 0 0.00371309
0 0 0.00365889
1 0.00840244 0.0119769
0 0 0.00357279
0 0 0.00353491
1 0.00650526 0.00999162
0 0 0.00348407
0 0 0.00341644
0 0 0.00341223
0 0 0.00332694
0 0 0.0033003
0 0 0.00328601
1 0.00602401 0.00929963
0 0 0.00326205
0 0 0.00324407
1 0.00517744 0.00841238
0 0 0.00318509
0 0 0.00315439
1 0.0391781 0.042304
0 0 0.00307165
0 0 0.00299191
0 0 0.00299162
1 0.0120641 0.015038
0 0 0.00291746
1 0.0586609 0.0615427
1 0.0100501 0.0129305
0 0 0.00288009
0 0 0.0028094
0 0 0.00280152
1 0.069014 0.0718093
0 0 0.00274916
0 0 0.00270864
0 0 0.0026954
1 0.0229296 0.0256079
0 0 0.00265257
0 0 0.00262475
0 0 0.0025996
1 0.0129869 0.0155296
1 0.00769395 0.0102181
0 0 0.00248899
0 0 0.00247692
1 0.00816475 0.0106384
1 0.0147818 0.0172392
0 0 0.00245463
0 0 0.00245442
0 0 0.00245371
0 0 0.00243937
0 0 0.00240044
0 0 0.00239435
1 0.00467734 0.00704793
1 0.037727 0.0400066
1 0.00677172 0.00903249
1 0.0249403 0.0271481
0 0 0.00217509
0 0 0.00217005
1 0.00609478 0.00825462
0 0 0.00214504
0 0 0.00214406
0 0 0.00213897
0 0 0.00213322
0 0 0.00213214
0 0 0.00208025
0 0 0.0020767
1 0.0246641 0.0267305
1 0.00940857 0.0114653
1 0.0104458 0.0124638
0 0 0.00200624
2 0.0110497 0.0130525
0 0 0.00197425
0 0 0.00194193
1 0.0125731 0.0144956
1 0.0379588 0.0398713
0 0 0.00191068
0 0 0.00190366
0 0 0.00186236
0 0 0.00185949
0 0 0.00185199
1 0.00993714 0.0117788
0 0 0.00180487
0 0 0.00179655
0 0 0.00177266
1 0.0129006 0.0146508
1 0.00550512 0.00724365
0 0 0.00170668
0 0 0.00169391
0 0 0.00166985
1 0.0382564 0.0399197
0 0 0.00164856
0 0 0.00164291
1 0.00468894 0.00632752
1 0.00566606 0.00726427
0 0 0.00159236
0 0 0.00158469
0 0 0.00156376
0 0 0.00155646
2 0.0499181 0.0514719
1 0.00421845 0.00576639
1 0.00742786 0.00896774
2 0.0321613 0.0336892
1 0.0111468 0.0126467
1 0.00841149 0.00986788
1 0.0232067 0.0246592
1 0.00333268 0.00478498
0 0 0.00143771
1 0.0112123 0.0126227
1 0.00299394 0.00437219
0 0 0.00134309
1 0.00753333 0.00886674
1 0.00893883 0.0102041
1 0.0930544 0.0943149
1 0.00837604 0.00961938
0 0 0.00121657
0 0 0.00120957
0 0 0.00119956
1 0.00225482 0.00344835
0 0 0.00118695
0 0 0.0011714
0 0 0.00116473
0 0 0.00116383
0 0 0.0011487
0 0 0.00114399
0 0 0.00112841
2 0.0152414 0.0163582
1 0.021493 0.0226007
1 0.00856276 0.00965543
1 0.0473344 0.0484241
2 0.041046 0.0421303
1 0.0473242 0.0483951
1 0.0052328 0.00629002
0 0 0.00105324
1 0.00964491 0.0106965
1 0.0043338 0.00536681
2 0.0122443 0.0132747
1 0.0362361 0.0372391
0 0 0.000996131
1 0.026435 0.0274241
1 0.00589008 0.00683728
0 0 0.000939239
1 0.00459374 0.00552037
0 0 0.00092431
1 0.00533156 0.00625371
1 0.035436 0.0363504
1 0.00329521 0.00420771
2 0.0146702 0.0155751
1 0.0478184 0.0487227
1 0.00535307 0.00625162
1 0.00307805 0.00397514
1 0.0040605 0.00495486
1 0.00317562 0.00406866
1 0.0145424 0.015425
2 0.0114412 0.0123032
1 0.00715983 0.00801658
1 0.00224887 0.00310286
2 0.0725754 0.0734291
0 0 0.000845855
1 0.00964806 0.0104844
0 0 0.000822288
0 0 0.000816091
0 0 0.000812427
1 0.00492454 0.0057332
1 0.0130917 0.0138832
0 0 0.000791121
0 0 0.000783281
0 0 0.000781983
1 0.00885011 0.00962689
1 0.0342694 0.0350279
2 0.0142798 0.0150369
1 0.00402096 0.00477323
2 0.0108935 0.0116422
1 0.0113529 0.0121015
1 0.0352937 0.0360291
2 0.0424332 0.0431662
1 0.00881814 0.0095349
1 0.00895479 0.00966591
0 0 0.00070093
2 0.0164447 0.0171454
1 0.00420434 0.00490437
0 0 0.000698642
0 0 0.000691499
1 0.0100461 0.0107349
1 0.0225697 0.0232584
1 0.0232006 0.0238808
1 0.0251917 0.025863
1 0.0101547 0.0108173
2 0.0449362 0.0455853
1 0.0114219 0.0120672
1 0.00714699 0.00778083
1 0.0107289 0.0113612
0 0 0.000621757
2 0.0254616 0.0260731
0 0 0.000609631
0 0 0.000603868
1 0.00901138 0.00961316
1 0.0119233 0.012523
1 0.00908677 0.009683
1 0.00535012 0.00594109
0 0 0.000585725
1 0.0101659 0.0107414
1 0.00229533 0.00286789
0 0 0.000571677
0 0 0.000563591
0 0 0.000559762
1 0.0280873 0.0286429
2 0.0142618 0.0148101
0 0 0.00054325
0 0 0.000538218
1 0.00612792 0.00665787
0 0 0.000524856
2 0.0112235 0.0117456
1 0.0137635 0.014271
1 0.00533958 0.00584221
1 0.0035374 0.00403813
1 0.0157988 0.0162994
2 0.0282024 0.0287024
2 0.0110659 0.01156
1 0.00280261 0.00329185
1 0.00364089 0.00412681
1 0.0110467 0.0115323
1 0.00502209 0.00550351
0 0 0.000479764
1 0.00495369 0.00542998
0 0 0.000470949
1 0.00146466 0.0019335
1 0.015308 0.0157767
0 0 0.000450133
0 0 0.000445738
0 0 0.000444009
0 0 0.00044066
1 0.00822246 0.00866276
1 0.0104737 0.0109122
1 0.0614442 0.0618777
1 0.0131655 0.0135976
1 0.0121226 0.0125514
2 0.0399097 0.0403309
1 0.0119056 0.0123201
0 0 0.000413671
2 0.0164394 0.0168504
2 0.0497231 0.0501318
0 0 0.000408635
0 0 0.000400292
0 0 0.000399484
2 0.0164508 0.0168485
1 0.000962903 0.00135703
1 0.00992511 0.0103188
0 0 0.000386767
0 0 0.000385463
0 0 0.00038279
0 0 0.00037963
0 0 0.000379337
0 0 0.000373976
1 0.0845864 0.0849584
1 0.0029016 0.00326029
1 0.0221038 0.022462
1 0.0086582 0.0090129
1 0.00362458 0.00397406
1 0.00139436 0.00173828
1 0.0104359 0.0107732
0 0 0.000330093
2 0.0196577 0.0199874
1 0.00102023 0.00134974
2 0.00963559 0.00996372
1 0.0109632 0.0112894
1 0.00231 0.00263444
0 0 0.000324272
1 0.00346128 0.00378424
1 0.0123371 0.0126582
1 0.0242348 0.0245532
1 0.00793912 0.00824524
1 0.00461737 0.00492091
2 0.0161302 0.01643
0 0 0.000294984
0 0 0.000292623
0 0 0.000291179
1 0.00195468 0.00224347
1 0.00342787 0.00371509
1 0.00436891 0.00465512
0 0 0.000284901
1 0.0184637 0.0187425
1 0.0123244 0.0125927
1 0.00538177 0.00564396
1 0.00220265 0.00246389
1 0.00476218 0.00502088
1 0.00180194 0.00205931
2 0.00804158 0.00829284
1 0.021597 0.0218426
2 0.0107968 0.0110377
1 0.00563436 0.00587453
0 0 0.000238477
1 0.00331149 0.00354962
0 0 0.000233984
1 0.0138966 0.0141283
1 0.00305218 0.00327967
1 0.00779026 0.00801441
2 0.0167152 0.0169383
2 0.00704376 0.00726296
1 0.0174247 0.0176416
2 0.0119949 0.0122108
1 0.00929387 0.00950868
0 0 0.000213561
1 0.0397101 0.0399208
0 0 0.000203349
0 0 0.000201487
2 0.00991373 0.0101143
1 0.00959678 0.00979504
1 0.00342273 0.00361882
1 0.0055517 0.005747
1 0.0119139 0.0121089
1 0.0156258 0.0158204
1 0.00221473 0.0024074
0 0 0.000190635
2 0.0166072 0.0167944
1 0.00620461 0.00639179
1 0.0182947 0.0184793
2 0.00989539 0.0100798
1 0.00744753 0.00763071
1 0.00661741 0.00679799
2 0.010707 0.0108824
1 0.00357402 0.00374473
0 0 0.000164982
1 0.00131337 0.00147398
1 0.01596 0.0161202
1 0.00236198 0.00251828
1 0.00267738 0.00283295
0 0 0.000155364
1 0.00140613 0.00155945
2 0.0105482 0.0106989
1 0.000781038 0.000931374
2 0.018195 0.0183439
1 0.0136228 0.0137717
2 0.0469274 0.0470759
1 0.00244295 0.00258995
1 0.00705485 0.00719879
1 0.0105471 0.0106902
1 0.0006746 0.00081674
1 0.0030233 0.00316473
2 0.0145334 0.0146732
1 0.00334483 0.00348396
1 0.000995133 0.0011328
1 0.00430277 0.00443889
0 0 0.000135449
1 0.0044277 0.00456124
2 0.00783535 0.00796841
2 0.0146137 0.0147463
1 0.00156356 0.00169471
1 0.00453028 0.0046612
1 0.00402767 0.00415791
1 0.0078415 0.00797124
2 0.0260139 0.0261415
1 0.00648189 0.00660648
1 0.00672339 0.00684796
2 0.0460828 0.0462071
1 0.00373418 0.00385837
2 0.01138 0.0115041
2 0.024635 0.0247572
1 0.000848992 0.000970644
1 0.00178582 0.00190642
2 0.0122897 0.0124103
2 0.00951109 0.00963133
1 0.00465911 0.00477908
2 0.00672503 0.00684448
1 0.00383387 0.00395112
2 0.00401435 0.00412517
1 0.013611 0.0137214
2 0.0148893 0.0149974
1 0.00431661 0.004423
2 0.00440432 0.00451056
1 0.0127193 0.0128237
1 0.0483672 0.0484714
1 0.00993485 0.0100388
1 0.00146126 0.00156401
1 0.00315654 0.00325569
2 0.00360327 0.00370238
2 0.00952878 0.00962742
1 0.00382006 0.00391399
2 0.00431518 0.0044061
2 0.0107528 0.0108433
0 0 8.92489e-05
1 0.00844976 0.00853765
2 0.0139768 0.0140641
2 0.00785335 0.00794045
1 0.0175807 0.0176646
1 0.0151838 0.0152673
2 0.00613308 0.0062166
1 0.000312405 0.000395838
1 0.00283992 0.00292132
2 0.0114133 0.011492
1 0.00173258 0.00181071
2 0.00196981 0.00204696
2 0.00218231 0.00225685
1 0.00126655 0.00134105
1 0.00373024 0.00380262
2 0.00881777 0.00888988
1 0.0122223 0.0122938
0 0 7.13164e-05
2 0.00389294 0.00396358
1 0.00955356 0.00962166
1 0.00456072 0.00462854
1 0.0012054 0.00127318
1 0.0590319 0.0590994
1 0.00833777 0.00840458
2 0.0880503 0.0881159
1 0.00315887 0.00322322
0 0 6.39182e-05
1 0.00292809 0.00299107
1 0.009762 0.00982357
1 0.00147587 0.00153731
1 0.00242496 0.00248556
2 0.026771 0.0268298
2 0.00965796 0.00971598
2 0.00330755 0.00336548
2 0.0128297 0.0128874
1 0.0299335 0.0299905
1 0.0020413 0.00209819
0 0 5.57317e-05
1 0.00166682 0.00172204
1 0.00335438 0.00340949
1 0.00408224 0.0041371
2 0.00644589 0.00650008
1 0.0033177 0.00336969
1 0.00162279 0.00167378
2 0.0126602 0.01271
1 0.0014072 0.00145608
2 0.00504448 0.00509297
1 0.0101135 0.0101578
2 0.0157444 0.015788
1 0.091495 0.0915385
1 0.00355714 0.00360006
1 0.0115601 0.0116006
2 0.00165754 0.00169747
2 0.00864566 0.00868511
1 0.00188906 0.00192744
1 0.00519969 0.00523803
1 0.0136937 0.0137313
1 0.00183708 0.00187376
1 0.00891029 0.00894576
2 0.0162182 0.016253
1 0.0229713 0.0230061
1 0.0724654 0.0724999
2 0.0243088 0.0243428
1 0.00251026 0.00254402
1 0.0163835 0.016417
1 0.00380349 0.00383627
2 0.0915675 0.0916
1 0.00132497 0.00135708
1 0.012389 0.0124207
1 0.00747949 0.00751098
2 0.0149201 0.0149506
1 0.00563207 0.00566181
1 0.0480026 0.0480322
2 0.0097617 0.00979046
2 0.00140703 0.0014344
2 0.0148067 0.0148335
1 0.00135684 0.00138337
1 0.000859265 0.000885663
1 0.00620273 0.0062282
2 0.0557673 0.0557922
1 0.00856473 0.00858898
2 0.0117829 0.0118041
1 0.000770652 0.00079131
1 0.00126647 0.00128634
1 0.000994605 0.00101441
1 0.0468202 0.04684
1 0.00807963 0.00809848
2 0.00435122 0.0043697
1 0.00406249 0.00408086
1 0.000941199 0.000959246
1 0.00734785 0.00736589
1 0.00498852 0.00500633
1 0.00310217 0.00311972
1 0.00120477 0.00122202
1 0.0138567 0.0138735
1 0.0141607 0.0141774
1 0.0096129 0.00962936
2 0.00174168 0.00175791
2 0.0109146 0.0109303
2 0.00861591 0.00863136
2 0.014723 0.0147384
1 0.00721595 0.00723091
1 0.00267675 0.00269134
1 0.0259425 0.0259569
2 0.0100331 0.0100474
1 0.0150817 0.015096
1 0.0486564 0.0486706
2 0.00364471 0.00365874
1 0.0102545 0.0102675
2 0.0054377 0.00545064
2 0.00942475 0.00943725
1 0.0118263 0.0118385
1 0.028156 0.0281678
1 0.0135561 0.0135678
1 0.00114757 0.00115899
2 0.00607183 0.00608301
1 0.0091753 0.00918598
1 0.00228349 0.00229415
1 0.00360706 0.00361703
2 0.00574206 0.00575159
2 0.000954391 0.000963664
1 0.00944037 0.00944961
1 0.00981164 0.00982049
2 0.00203648 0.00204528
2 0.00840704 0.00841556
1 0.00389056 0.00389864
1 0.00216498 0.00217264
1 0.011391 0.0113983
2 0.0105707 0.0105779
2 0.0494278 0.0494349
1 0.00140924 0.00141631
2 0.00857794 0.00858498
2 0.00183985 0.00184685
1 0.00436175 0.0043686
2 0.00529327 0.00529986
1 0.00932464 0.00933094
1 0.00310545 0.0031117
2 0.00428754 0.00429333
2 0.00364842 0.00365403
2 0.00604935 0.00605485
1 0.0576438 0.057649
1 0.0615947 0.0615997
1 0.000885517 0.000889965
1 0.00778237 0.00778671
1 0.00554299 0.00554728
1 0.00427228 0.00427589
1 0.00320595 0.00320944
1 0.010323 0.0103262
2 0.00709607 0.00709893
0 0 2.47431e-06
2 0.00203644 0.0020389
2 0.0178144 0.0178166
2 0.00623219 0.00623438
1 0.0130726 0.0130746
2 0.0267419 0.0267439
2 0.0361316 0.0361335
2 0.0098142 0.00981604
2 0.00738256 0.00738425
1 0.00322814 0.00322984
2 0.00257817 0.0025797
2 0.0796902 0.0796916
1 0.0042364 0.00423777
1 0.00447675 0.00447799
1 0.000347729 0.00034891
2 0.0129278 0.012929
1 0.00142443 0.00142557
2 0.0475401 0.0475411
2 0.00674728 0.00674812
1 0.00875896 0.00875976
1 0.0012212 0.00122192
1 0.00173578 0.00173636
1 0.0147119 0.0147124
2 0.0140581 0.0140586
2 0.00440443 0.00440492
2 0.00796301 0.00796345
1 0.00588821 0.00588863
2 0.00653091 0.00653125
1 0.00578749 0.00578781
1 0.00555507 0.00555535
1 0.00182636 0.00182651
1 0.00603701 0.00603715
1 0.00152327 0.00152337
2 0.00911301 0.00911309
1 0.000927446 0.000927487
2 0.00723988 0.00723991
1 0.00426839 0.00426841
1 0.00792698 0.00792699
2 0.0455877 0.0455877
