0 0 inf
0 0 0.12388
1 0.132015 0.251278
0 0 0.0880558
0 0 0.0877189
0 0 0.0727762
0 0 0.0690839
1 0.0277075 0.0858337
1 0.216229 0.272424
0 0 0.0481226
0 0 0.0477226
0 0 0.0465277
0 0 0.0398729
0 0 0.0397507
0 0 0.0396895
0 0 0.0393248
1 0.0715033 0.108721
0 0 0.0354796
0 0 0.0324108
1 0.155533 0.186031
0 0 0.0267024
0 0 0.0260172
0 0 0.0259381
1 0.155025 0.18085
0 0 0.0242372
0 0 0.0215639
1 0.127799 0.149098
0 0 0.0212118
1 0.0879412 0.10914
1 0.0816568 0.102547
0 0 0.0206877
0 0 0.0201362
0 0 0.0200175
1 0.0231115 0.0421875
0 0 0.0189767
0 0 0.0184259
0 0 0.0176851
1 0.291011 0.30719
0 0 0.0157489
0 0 0.0157152
0 0 0.0153536
2 0.312293 0.327539
0 0 0.0148748
1 0.0576316 0.0721919
0 0 0.0144586
0 0 0.0142449
0 0 0.0139783
0 0 0.013593
0 0 0.0135756
0 0 0.0135308
0 0 0.0133614
0 0 0.0125825
0 0 0.0125185
0 0 0.0123104
0 0 0.0121728
0 0 0.0121112
1 0.166992 0.178619
0 0 0.0109002
1 0.0257621 0.0363994
1 0.023846 0.033969
1 0.0153117 0.0253519
1 0.0572697 0.0672305
0 0 0.00994143
1 0.00745853 0.0172956
0 0 0.00981815
0 0 0.00980748
0 0 0.00955235
1 0.00672384 0.0162399
0 0 0.00949357
0 0 0.00932535
0 0 0.00908393
1 0.0923291 0.101394
0 0 0.00896932
1 0.19148 0.200271
1 0.0103797 0.0191357
1 0.0205428 0.0292481
0 0 0.0086965
0 0 0.00865306
2 0.28247 0.290908
0 0 0.00840718
0 0 0.00833286
1 0.0160797 0.0243158
1 0.0477035 0.0558386
0 0 0.0080908
0 0 0.0080721
0 0 0.00803299
0 0 0.00800838
0 0 0.00784463
0 0 0.00748186
0 0 0.00740945
1 0.0258746 0.0330249
0 0 0.00709271
0 0 0.00698946
0 0 0.00660971
0 0 0.00639564
1 0.0424173 0.0487699
1 0.0054701 0.0118209
0 0 0.00634142
0 0 0.00628765
0 0 0.0062064
0 0 0.00615765
0 0 0.00607725
0 0 0.0060769
0 0 0.00605925
0 0 0.00601891
0 0 0.00599284
1 0.0125705 0.0185274
0 0 0.00572733
0 0 0.00561417
0 0 0.00558776
1 0.103094 0.108604
0 0 0.00548367
1 0.151983 0.157444
0 0 0.00535168
0 0 0.00534446
0 0 0.00500166
1 0.145474 0.150459
0 0 0.00491973
2 0.0193885 0.0242565
1 0.0044774 0.00934327
1 0.0232584 0.0281153
1 0.00705203 0.0118916
1 0.0359112 0.0406986
0 0 0.00473527
0 0 0.00469047
1 0.0125132 0.0171895
1 0.0602959 0.0649499
1 0.00716284 0.0117752
1 0.0290015 0.0335856
0 0 0.00457067
2 0.0153251 0.0197961
0 0 0.00445461
0 0 0.00442943
0 0 0.0043902
0 0 0.00436591
0 0 0.00436121
0 0 0.00435889
1 0.0345482 0.0388631
0 0 0.00425885
0 0 0.00411055
0 0 0.00409246
1 0.00663557 0.0107086
0 0 0.00406317
0 0 0.00403029
1 0.00652837 0.0105314
1 0.159158 0.163112
0 0 0.00393633
0 0 0.00390656
0 0 0.00386948
1 0.00486139 0.00871072
0 0 0.0038427
1 0.101921 0.105754
0 0 0.00382712
1 0.0600588 0.0637729
0 0 0.00371408
0 0 0.00368483
0 0 0.00365117
0 0 0.00364739
1 0.0120569 0.0156914
1 0.0225358 0.0261684
1 0.0627307 0.066349
0 0 0.0035725
0 0 0.003553
0 0 0.0035131
0 0 0.00351098
0 0 0.00349365
1 0.0134196 0.0168653
0 0 0.00341644
0 0 0.00335998
0 0 0.00334158
0 0 0.00333261
0 0 0.00333245
1 0.0618505 0.065129
1 0.00935764 0.0126287
0 0 0.00325261
1 0.0155368 0.0187879
1 0.025361 0.0285762
1 0.00578559 0.00899796
0 0 0.00319464
0 0 0.00318497
0 0 0.00315462
1 0.00724936 0.0103658
0 0 0.00309599
0 0 0.00309283
1 0.0129716 0.0160609
1 0.00463634 0.00771577
0 0 0.00306708
1 0.0137262 0.0167734
1 0.0177381 0.0207384
1 0.00692076 0.00980175
0 0 0.00287224
0 0 0.00285837
0 0 0.00285757
1 0.0390535 0.0418854
2 0.0204435 0.0232303
0 0 0.00275231
0 0 0.00275036
2 0.111656 0.114395
0 0 0.00271142
1 0.00716971 0.00987522
0 0 0.00269889
0 0 0.00266725
0 0 0.00265144
0 0 0.00257966
0 0 0.00257849
0 0 0.00255381
0 0 0.0025382
0 0 0.0025266
1 0.00994131 0.0124516
0 0 0.00248054
0 0 0.00246736
1 0.00988906 0.012353
1 0.0637965 0.0662485
0 0 0.0024454
0 0 0.0024413
1 0.027231 0.0296095
0 0 0.0023747
0 0 0.00233443
1 0.00553445 0.00786529
1 0.00718467 0.00949042
1 0.00439786 0.00669032
2 0.0587452 0.0610322
0 0 0.00228255
0 0 0.00226898
1 0.00697834 0.0091742
0 0 0.00217745
0 0 0.00216822
0 0 0.0021559
2 0.0095217 0.0116453
2 0.0736558 0.0757762
1 0.0034607 0.00557611
0 0 0.0021097
0 0 0.0021073
0 0 0.00209551
1 0.00557849 0.00766644
2 0.117139 0.119218
1 0.160355 0.162418
1 0.0068189 0.00887186
1 0.0256739 0.0277131
0 0 0.00198008
1 0.0111543 0.0131132
0 0 0.0019572
1 0.0208804 0.0228358
0 0 0.00194563
1 0.00655201 0.0084947
1 0.0170014 0.018922
0 0 0.00191777
0 0 0.001892
1 0.0131651 0.0150538
0 0 0.00187579
1 0.112895 0.114767
0 0 0.00187049
0 0 0.00185194
1 0.0497509 0.0516003
1 0.0364971 0.038346
2 0.037337 0.0391316
1 0.00455453 0.00633204
1 0.0140301 0.0158072
0 0 0.00172769
1 0.00651433 0.00824029
0 0 0.00172445
0 0 0.00172261
1 0.050423 0.0521444
1 0.00648547 0.00819206
2 0.268563 0.270268
0 0 0.00170424
1 0.0162594 0.0179541
0 0 0.0016668
1 0.0490409 0.0506688
1 0.0518585 0.0534607
0 0 0.00160111
0 0 0.00156171
2 0.0727127 0.0742648
2 0.0208708 0.0224003
1 0.00944491 0.0109674
1 0.0141414 0.0156369
1 0.00706835 0.00855191
1 0.00495757 0.00644102
1 0.0164685 0.0179508
0 0 0.00145155
0 0 0.00145131
0 0 0.00143503
1 0.0142242 0.0156422
0 0 0.00140868
2 0.0558748 0.0572749
0 0 0.0013961
1 0.0108325 0.012224
0 0 0.00139023
0 0 0.00137871
1 0.00318366 0.00456018
1 0.00455884 0.00591919
0 0 0.00135447
2 0.0180193 0.0193657
1 0.00642411 0.0077697
0 0 0.00134355
1 0.0140842 0.0154271
2 0.0355572 0.0368471
1 0.0405251 0.0418119
2 0.112233 0.113513
0 0 0.00128002
1 0.00799798 0.00927636
0 0 0.00127732
1 0.0060157 0.0072656
1 0.0356486 0.0368939
1 0.073557 0.0747983
0 0 0.00123576
1 0.0178286 0.0190497
2 0.0177563 0.0189679
1 0.00649098 0.00769607
1 0.0177814 0.0189821
1 0.00670048 0.00788699
1 0.0107951 0.0119808
1 0.0211389 0.0222548
1 0.0104342 0.0115428
1 0.00620965 0.00727732
1 0.0142444 0.0153108
1 0.0699367 0.0710017
1 0.012632 0.0136969
0 0 0.0010647
0 0 0.00105942
1 0.00911169 0.0101704
0 0 0.00105761
1 0.0152911 0.0163423
1 0.0121937 0.0132387
1 0.00410926 0.00515184
1 0.00574243 0.00678047
1 0.154914 0.155927
1 0.0377512 0.0387417
2 0.00854122 0.00953144
1 0.176892 0.177876
1 0.0167188 0.0176998
1 0.00537246 0.00635311
1 0.00711734 0.00808838
1 0.00633436 0.00730128
1 0.00457117 0.00551593
0 0 0.000942258
1 0.0183719 0.0192949
1 0.0294189 0.0303337
2 0.0703406 0.0712551
2 0.112625 0.113537
1 0.00576401 0.00667219
1 0.0345607 0.0354664
1 0.0251411 0.026041
0 0 0.000896668
1 0.00631445 0.00720588
1 0.0544075 0.0552969
1 0.0331455 0.0340333
1 0.00790459 0.00878907
1 0.0204309 0.0213057
1 0.00558884 0.00643792
1 0.00387773 0.00471551
0 0 0.000836269
1 0.00647133 0.00729583
1 0.0277054 0.0285275
1 0.0178003 0.0185873
1 0.00670417 0.00747709
1 0.00841034 0.0091814
1 0.0169774 0.0177482
1 0.0186522 0.0194209
1 0.00445719 0.00522512
1 0.00192225 0.00268401
1 0.0045936 0.00533707
0 0 0.000737099
1 0.0041731 0.00489959
1 0.00710558 0.00782165
1 0.00337831 0.00408233
0 0 0.000703888
1 0.0153163 0.016018
2 0.0126424 0.0133314
0 0 0.000687649
1 0.0360383 0.0367159
1 0.00870089 0.00934398
0 0 0.000643021
0 0 0.000641711
1 0.0696698 0.0703108
1 0.0192777 0.0199167
0 0 0.00063895
1 0.00523169 0.00586922
1 0.0065202 0.00715757
1 0.00626321 0.00689595
1 0.0186024 0.0192323
2 0.017295 0.0179223
1 0.00890546 0.00953207
1 0.0027917 0.00340879
1 0.00240215 0.0030187
1 0.00357539 0.0041748
1 0.0255247 0.0261175
1 0.00831593 0.00890694
1 0.00737304 0.00794726
1 0.0156911 0.0162547
0 0 0.000547978
1 0.00875764 0.00929969
1 0.0128333 0.0133747
1 0.0073646 0.00790559
0 0 0.000512194
2 0.0268233 0.0273335
1 0.0373603 0.0378695
1 0.00703808 0.00754642
0 0 0.000505685
2 0.182776 0.183272
0 0 0.000493642
1 0.00399634 0.00448949
2 0.0188122 0.0193052
2 0.0378104 0.0383005
1 0.00545325 0.0059374
1 0.00245648 0.00293099
1 0.00686998 0.00734204
2 0.0119274 0.0123967
1 0.266547 0.267002
1 0.00791438 0.00836874
1 0.0183738 0.0188261
1 0.0152323 0.0156829
1 0.0105308 0.0109795
1 0.00677337 0.00721399
1 0.0170243 0.017463
1 0.0263641 0.0267969
2 0.00938927 0.00981846
1 0.0069699 0.00739406
0 0 0.00041032
1 0.0909587 0.0913642
1 0.00643442 0.00682747
1 0.00660472 0.006994
1 0.00464113 0.00503032
1 0.0431669 0.0435488
1 0.00863097 0.00900002
1 0.00785631 0.00822135
1 0.00852602 0.00889016
1 0.00787801 0.0082366
1 0.00336253 0.00371872
1 0.00137649 0.00173175
1 0.00578247 0.00613627
0 0 0.000350964
1 0.00486749 0.00521733
1 0.0257473 0.0260938
1 0.00191429 0.0022547
1 0.00311166 0.00345134
1 0.00768433 0.00801892
1 0.00704998 0.00737701
1 0.0048428 0.00516748
1 0.0118131 0.0121274
1 0.0092691 0.0095823
1 0.00504467 0.00535501
1 0.0041747 0.00448174
1 0.00926272 0.00956616
2 0.0124819 0.0127811
1 0.0189762 0.0192743
1 0.0209963 0.0212899
1 0.00412557 0.00441833
1 0.0373374 0.0376296
1 0.0146964 0.0149882
1 0.00410518 0.00439388
1 0.0123739 0.0126575
1 0.0106438 0.010916
1 0.0103855 0.0106544
1 0.0144433 0.0147121
1 0.00290888 0.00317332
1 0.00924611 0.0095074
1 0.0629505 0.063207
0 0 0.000253798
2 0.0127442 0.0129975
2 0.0281726 0.0284185
1 0.00188054 0.00212524
1 0.0035556 0.00379922
1 0.00316954 0.00340979
1 0.00856138 0.00879167
1 0.00417948 0.00440847
1 0.0190404 0.0192655
1 0.0368736 0.037095
1 0.00745146 0.00767051
1 0.027687 0.0279037
1 0.0100254 0.0102368
0 0 0.000207498
1 0.00494939 0.00515619
1 0.0260701 0.0262717
1 0.0198782 0.0200775
1 0.00715368 0.0073529
1 0.0161327 0.0163275
2 0.00969421 0.00988895
2 0.00524904 0.00543478
1 0.024077 0.0242591
1 0.0314527 0.0316328
1 0.023815 0.0239946
1 0.015378 0.0155567
1 0.00817773 0.00835552
1 0.00479268 0.00497032
1 0.011555 0.0117297
1 0.0850531 0.0852243
1 0.00497468 0.00514113
1 0.00533249 0.00549809
1 0.00166247 0.00182277
2 0.0190514 0.0192111
2 0.00877432 0.00892989
2 0.179404 0.179556
1 0.0413854 0.041537
1 0.00538183 0.0055308
2 0.259091 0.259238
1 0.00707437 0.00721966
1 0.00613437 0.00627789
2 0.00480303 0.00494505
2 0.0152914 0.0154321
2 0.0123545 0.0124947
1 0.00571363 0.00585236
1 0.0116292 0.0117676
2 0.0118299 0.0119682
2 0.0741728 0.074309
1 0.0136387 0.0137732
1 0.0247041 0.0248384
1 0.102578 0.102712
2 0.0230123 0.0231404
1 0.00145773 0.00158555
2 0.040391 0.0405182
1 0.0175122 0.0176384
1 0.0900053 0.0901275
1 0.0113496 0.0114702
1 0.0174422 0.017561
1 0.00542068 0.00553841
2 0.0114335 0.0115474
2 0.00766763 0.00777717
1 0.00839153 0.00849898
1 0.0021915 0.00229886
2 0.0178034 0.0179095
2 0.11427 0.114376
2 0.112738 0.112842
1 0.00145575 0.00155689
2 0.0200811 0.0201809
1 0.011415 0.0115118
0 0 9.61666e-05
2 0.00458199 0.00467478
2 0.0142356 0.0143263
2 0.013201 0.0132867
1 0.0105245 0.0106085
2 0.0104638 0.0105443
1 0.0183859 0.0184643
2 0.0108618 0.0109371
2 0.0420597 0.042132
2 0.00929281 0.00936284
2 0.00773985 0.00780854
1 0.00467811 0.00474615
1 0.0312849 0.0313525
2 0.00684166 0.00690852
1 0.00601212 0.00607724
2 0.00922376 0.00928708
2 0.0711693 0.0712325
2 0.027305 0.0273681
1 0.0069974 0.00705931
1 0.00198173 0.00204322
1 0.0556276 0.0556888
2 0.0221596 0.0222201
1 0.0102616 0.0103216
2 0.0127032 0.0127626
1 0.00471463 0.00477264
1 0.0148813 0.0149391
1 0.0166625 0.0167192
1 0.0187545 0.0188111
1 0.00102938 0.00108468
2 0.0115407 0.0115955
2 0.0215036 0.0215551
2 0.0208701 0.0209214
1 0.00806326 0.00811448
2 0.0205693 0.0206197
1 0.0142524 0.0143021
1 0.00512864 0.00517823
1 0.0393726 0.03942
2 0.0221608 0.0222075
2 0.0131621 0.0132073
1 0.0524716 0.0525157
2 0.0122416 0.0122853
1 0.00272009 0.00276236
2 0.00844452 0.00848672
1 0.000827794 0.000869716
1 0.00624442 0.00628627
1 0.10499 0.105032
2 0.255489 0.255527
1 0.0612873 0.0613254
1 0.0176502 0.0176878
1 0.0141723 0.0142087
1 0.0200664 0.0201025
1 0.00346603 0.00350143
1 0.00810519 0.00813929
1 0.00876557 0.00879852
1 0.00363271 0.00366543
2 0.0397221 0.0397541
1 0.00859319 0.00862467
2 0.0530639 0.053095
2 0.0266663 0.0266974
1 0.0120701 0.012101
1 0.0184007 0.0184297
1 0.0146824 0.0147105
1 0.00801398 0.00804174
1 0.0217609 0.0217885
1 0.0134374 0.0134636
1 0.0209961 0.021021
2 0.0127502 0.0127743
1 0.0709628 0.0709859
1 0.0151919 0.0152139
1 0.0409093 0.0409297
1 0.00557876 0.00559846
2 0.0196894 0.0197091
2 0.015218 0.0152376
1 0.00386749 0.00388633
2 0.0134433 0.0134614
2 0.0218032 0.0218213
1 0.00467102 0.00468899
1 0.0060107 0.00602831
2 0.0233732 0.0233898
1 0.00530419 0.00532074
1 0.0262284 0.0262444
1 0.00697091 0.00698663
1 0.00980546 0.00982093
2 0.00781095 0.00782552
1 0.0530376 0.0530507
1 0.0123398 0.0123527
2 0.0142876 0.0143002
1 0.00209845 0.00211061
1 0.0130633 0.0130749
1 0.0170594 0.0170693
1 0.00902886 0.00903776
1 0.00819989 0.00820876
1 0.0886896 0.0886978
2 0.0268384 0.0268466
1 0.0420456 0.0420534
1 0.00825013 0.00825792
2 0.0192107 0.0192182
2 0.0103837 0.0103912
2 0.0193146 0.0193213
2 0.0179406 0.0179467
2 0.00558039 0.00558654
2 0.025411 0.0254167
2 0.0228905 0.022896
1 0.0060376 0.0060422
2 0.00903982 0.00904356
2 0.0106511 0.0106548
2 0.0166681 0.0166714
2 0.00891231 0.00891546
2 0.0111708 0.0111739
2 0.0112283 0.0112311
1 0.00836075 0.00836351
2 0.112779 0.112782
2 0.0048921 0.00489469
1 0.0233667 0.0233687
2 0.0127677 0.0127697
2 0.0148033 0.0148051
1 0.00396836 0.00397004
1 0.0188388 0.0188404
1 0.0116777 0.0116793
1 0.0106533 0.0106548
2 0.0101146 0.0101161
2 0.0233187 0.0233199
1 0.0474877 0.0474888
1 0.0174557 0.0174568
1 0.0124018 0.0124027
1 0.00574487 0.00574575
1 0.00465531 0.00465605
1 0.0103014 0.0103021
1 0.00476775 0.00476833
1 0.0113289 0.0113293
1 0.0268603 0.0268607
1 0.00661829 0.0066186
2 0.00466074 0.00466098
1 0.027262 0.0272622
1 0.0031981 0.00319831
2 0.0213654 0.0213656
1 0.00893195 0.0089321
2 0.0377085 0.0377086
1 0.0393358 0.0393358
2 0.022232 0.022232
2 0.0125512 0.0125513
2 0.0709861 0.0709861
2 0.0130091 0.0130091
2 0.0394195 0.0394195
1 0.0187255 0.0187255
