0 0 inf
0 0 0.112303
0 0 0.0981186
1 0.0732334 0.167242
1 0.0276536 0.100574
0 0 0.0701145
0 0 0.0687233
0 0 0.0675169
0 0 0.0568553
0 0 0.055394
0 0 0.0483957
0 0 0.0474019
0 0 0.0428059
0 0 0.0394075
0 0 0.0384358
1 0.0799594 0.115143
0 0 0.0317021
1 0.134499 0.162977
0 0 0.0265239
0 0 0.0261816
0 0 0.0245169
0 0 0.0233167
1 0.0271612 0.0504237
1 0.0802574 0.102464
0 0 0.0217051
0 0 0.021628
0 0 0.0216113
0 0 0.0215417
1 0.303852 0.325382
0 0 0.0212533
0 0 0.0203561
1 0.0293157 0.0496397
0 0 0.0201872
0 0 0.0200872
0 0 0.0198252
0 0 0.0197878
1 0.0222512 0.0419215
2 0.231139 0.250671
0 0 0.0194407
1 0.044036 0.0634224
0 0 0.0182241
0 0 0.0178085
0 0 0.0168758
0 0 0.0168337
1 0.0377629 0.0542822
0 0 0.0165046
0 0 0.0164258
1 0.174836 0.190985
0 0 0.0161334
0 0 0.0159432
0 0 0.0155558
0 0 0.0149109
0 0 0.0147585
0 0 0.0144844
1 0.144531 0.158689
1 0.104363 0.118519
0 0 0.0136562
0 0 0.0133563
0 0 0.0132513
0 0 0.0131333
0 0 0.0127433
0 0 0.0125281
0 0 0.0120378
0 0 0.0119599
1 0.202926 0.214584
0 0 0.0114719
1 0.0664957 0.077895
0 0 0.0111655
0 0 0.0108277
0 0 0.0106896
0 0 0.010617
1 0.0220933 0.0320236
1 0.0995542 0.108755
0 0 0.00909981
0 0 0.00882176
1 0.150968 0.159762
1 0.0234187 0.0320874
1 0.0161175 0.0246217
0 0 0.00850124
1 0.010952 0.0194033
0 0 0.00840887
1 0.00793193 0.0160879
0 0 0.00801295
0 0 0.00801268
0 0 0.00784716
0 0 0.0076617
1 0.0737594 0.0811554
0 0 0.00735031
1 0.00340229 0.0107361
1 0.0319398 0.0392395
0 0 0.00729886
1 0.0103246 0.0175914
1 0.0436741 0.0509353
0 0 0.00719928
0 0 0.00707299
1 0.0197206 0.0266667
1 0.0726242 0.0795161
0 0 0.0065545
1 0.0242502 0.0307289
1 0.160809 0.167243
0 0 0.00637503
1 0.00716834 0.0134598
0 0 0.00620704
0 0 0.00617333
0 0 0.00612425
0 0 0.00606744
0 0 0.00605988
0 0 0.00605663
0 0 0.00602647
0 0 0.00600609
0 0 0.00600097
0 0 0.00597719
1 0.0103381 0.0162824
0 0 0.00593227
0 0 0.00588155
0 0 0.00583813
1 0.00972552 0.0155191
0 0 0.00573689
0 0 0.00572801
1 0.00900057 0.014723
0 0 0.0057025
0 0 0.00554333
1 0.00895709 0.0144536
0 0 0.00546327
0 0 0.0054299
0 0 0.00541813
0 0 0.00541654
0 0 0.00528988
1 0.00663035 0.0118739
0 0 0.0051343
1 0.031598 0.0367255
0 0 0.00502166
0 0 0.00499642
1 0.222416 0.227374
0 0 0.00492878
0 0 0.00491303
1 0.0560425 0.0609389
1 0.00497007 0.00984476
0 0 0.00480292
0 0 0.00478864
1 0.0339267 0.0385741
0 0 0.00464581
0 0 0.00463283
0 0 0.00462346
0 0 0.00461276
1 0.0214903 0.0260314
1 0.00713491 0.0116556
0 0 0.0044955
0 0 0.00448734
1 0.00959395 0.014073
2 0.0327164 0.0371863
0 0 0.00444509
0 0 0.00440062
0 0 0.00438609
0 0 0.00427253
0 0 0.00422618
1 0.148022 0.152154
1 0.0491046 0.0532323
1 0.0722349 0.0763389
0 0 0.00405672
0 0 0.00402209
0 0 0.00400285
0 0 0.00399698
0 0 0.00399218
1 0.00586411 0.00982773
0 0 0.0039333
0 0 0.00385484
1 0.00673842 0.0105571
0 0 0.00376358
0 0 0.0037423
0 0 0.00372048
1 0.0412511 0.0449556
0 0 0.00355755
1 0.00947864 0.0129054
1 0.217043 0.220468
0 0 0.00342429
1 0.134731 0.138122
0 0 0.00334629
1 0.00674021 0.0100614
0 0 0.00328964
0 0 0.00327947
0 0 0.00326576
0 0 0.0032624
1 0.0180179 0.0212797
0 0 0.00323804
0 0 0.0032229
1 0.00608742 0.00927488
0 0 0.00318232
0 0 0.00316172
1 0.00805921 0.0112028
0 0 0.00313092
0 0 0.00305949
0 0 0.003055
1 0.0180925 0.0211386
0 0 0.00301006
0 0 0.00296782
0 0 0.00296599
0 0 0.00296184
0 0 0.00295758
1 0.0509076 0.0538481
1 0.00667852 0.00961819
0 0 0.00293681
0 0 0.00292848
1 0.132938 0.135853
1 0.020536 0.0234197
2 0.188784 0.191654
1 0.0894399 0.0922842
1 0.0246676 0.0274882
1 0.00674062 0.0094976
1 0.015341 0.0180798
1 0.00620157 0.00892328
1 0.0282452 0.0309613
0 0 0.00270114
0 0 0.00267366
0 0 0.00266687
2 0.145317 0.147978
2 0.0328929 0.0355328
0 0 0.00260742
0 0 0.00260459
1 0.00826601 0.0108195
1 0.0364539 0.0389757
0 0 0.00248938
0 0 0.00247377
0 0 0.00244752
0 0 0.00244039
2 0.257856 0.260288
0 0 0.00241532
0 0 0.00239751
1 0.0538633 0.0562607
1 0.253911 0.256264
1 0.153289 0.155639
1 0.00717796 0.00952727
1 0.0205904 0.0229224
2 0.0416961 0.0440059
0 0 0.00230492
0 0 0.0022783
0 0 0.00224624
1 0.051591 0.0538109
0 0 0.00218763
0 0 0.00218319
0 0 0.00215835
0 0 0.00215697
1 0.00528555 0.00741345
1 0.0122401 0.0143238
0 0 0.00208343
0 0 0.00203565
1 0.0196547 0.0216609
1 0.0086361 0.0106397
0 0 0.00197414
1 0.0077576 0.00972235
0 0 0.00195592
1 0.0351546 0.0370889
1 0.00755768 0.00949166
1 0.00826491 0.0101586
2 0.014756 0.0166406
1 0.00638018 0.00825151
1 0.225217 0.227087
1 0.0147167 0.0165773
0 0 0.0018437
2 0.0159193 0.0177439
1 0.0242802 0.0260932
1 0.00555436 0.00735201
0 0 0.00179224
1 0.00803835 0.0098246
2 0.227889 0.229656
1 0.00591106 0.00767611
1 0.0284677 0.0302301
1 0.076892 0.0786481
1 0.0326369 0.0343726
0 0 0.00173435
2 0.0168269 0.0185477
1 0.0173291 0.0190492
0 0 0.0017196
1 0.00765467 0.00936581
0 0 0.00170059
1 0.00692056 0.0086051
1 0.0265471 0.0282246
1 0.0234097 0.0250827
1 0.130091 0.13176
0 0 0.00166545
0 0 0.00165515
1 0.0235285 0.0251774
1 0.0223474 0.0239779
0 0 0.00162525
1 0.00593846 0.00756181
1 0.0117178 0.0133292
1 0.00587544 0.0074199
0 0 0.00154271
1 0.00911441 0.0105664
1 0.0995474 0.100994
0 0 0.00141965
1 0.0111322 0.0125499
1 0.00663936 0.00804848
0 0 0.00136907
1 0.115158 0.116498
0 0 0.00132836
0 0 0.00132661
1 0.0268754 0.0281623
1 0.0140456 0.0153278
1 0.0428986 0.044177
1 0.0151232 0.0163923
1 0.00597826 0.00724532
0 0 0.00125771
1 0.0790096 0.0802553
0 0 0.00121908
1 0.00553918 0.00674696
1 0.00401254 0.00520748
2 0.0100141 0.0112082
1 0.0262705 0.0274574
1 0.010876 0.0120571
1 0.00252469 0.00367656
0 0 0.00114582
1 0.0111279 0.012257
1 0.0034963 0.00462197
2 0.0277365 0.0288614
0 0 0.00112193
2 0.0220185 0.0231336
1 0.011798 0.0129052
1 0.00734746 0.00844464
0 0 0.00109285
1 0.0121856 0.0132664
1 0.00604491 0.00710794
1 0.00390266 0.00495735
1 0.0114191 0.012472
1 0.00633978 0.00738577
0 0 0.00103789
0 0 0.00100869
1 0.0996619 0.100667
0 0 0.000994468
0 0 0.000989124
1 0.00842477 0.00940543
1 0.013119 0.0140757
2 0.0224781 0.0234155
1 0.0159728 0.0169069
1 0.0063914 0.00730671
0 0 0.00090494
0 0 0.000903049
1 0.006123 0.00700831
1 0.00626252 0.00714287
1 0.0161906 0.017065
2 0.0107698 0.0116435
2 0.0147813 0.0156494
0 0 0.000865894
1 0.00662677 0.00748502
1 0.00419816 0.00505552
1 0.0103172 0.0111664
2 0.0340295 0.0348731
1 0.0107829 0.0116233
1 0.108527 0.109358
1 0.0052245 0.00605426
1 0.00344506 0.00427177
1 0.00295407 0.00377759
1 0.00666337 0.00748413
0 0 0.000819985
1 0.00652973 0.00734715
1 0.0302777 0.0310674
1 0.00901311 0.00979516
1 0.00589206 0.00666905
1 0.0147514 0.0155158
1 0.00696924 0.00772858
0 0 0.000740737
1 0.0105858 0.0113214
2 0.00986851 0.010601
1 0.017291 0.0180229
2 0.0254194 0.0261485
1 0.0057639 0.00648801
2 0.0127429 0.0134573
1 0.00610526 0.00680773
0 0 0.000690827
0 0 0.000683865
1 0.0105324 0.011215
1 0.0236007 0.0242736
2 0.0234499 0.0241196
1 0.0117053 0.0123715
1 0.00692838 0.00759357
1 0.00274831 0.00340696
0 0 0.000658515
1 0.00619041 0.00684627
1 0.0120475 0.0126878
2 0.0219756 0.022615
1 0.0093192 0.00994366
1 0.00426025 0.00488266
1 0.00353992 0.00415356
1 0.0133168 0.0139055
1 0.00513809 0.0057167
1 0.00410986 0.00468694
0 0 0.000575198
0 0 0.00056498
1 0.0132583 0.0138185
1 0.0148882 0.0154406
1 0.0106299 0.0111803
1 0.0076704 0.0082203
2 0.0147031 0.0152492
1 0.0209423 0.0214856
1 0.0135098 0.014052
0 0 0.000539363
1 0.00451022 0.00504701
1 0.00367357 0.00420592
0 0 0.000529299
2 0.0909049 0.0914317
2 0.0148395 0.0153662
1 0.0115728 0.0120861
1 0.00848262 0.00899069
1 0.0075577 0.00805989
1 0.0423002 0.0427977
1 0.00883617 0.00933312
2 0.121178 0.121671
2 0.0196826 0.0201705
1 0.00442678 0.00490354
2 0.0197425 0.0202126
1 0.00868115 0.00915115
1 0.0257314 0.0261968
2 0.0103454 0.0108082
2 0.102989 0.103448
1 0.00881144 0.0092693
1 0.0142631 0.014718
2 0.0786973 0.0791464
1 0.00342038 0.00385689
1 0.0189946 0.0194221
1 0.00655788 0.00697517
1 0.0192183 0.019633
1 0.0998451 0.100254
2 0.0159706 0.0163787
1 0.00967438 0.0100664
2 0.0109389 0.0113302
1 0.00959043 0.00997384
1 0.0238683 0.0242479
2 0.010211 0.0105886
2 0.0125741 0.0129516
2 0.0269241 0.0272993
1 0.0884018 0.0887758
2 0.0129659 0.0133358
1 0.0105578 0.0109276
0 0 0.000359011
2 0.105555 0.105911
2 0.0120161 0.0123687
1 0.00896347 0.00931546
1 0.00370853 0.00405801
0 0 0.000346122
1 0.00610023 0.00644097
2 0.0428957 0.0432331
1 0.00803745 0.00837337
1 0.0841072 0.084436
2 0.0345922 0.034919
1 0.0697269 0.0700536
2 0.0112863 0.0116117
1 0.208107 0.208432
1 0.0218336 0.0221447
1 0.0125165 0.0128265
1 0.0276175 0.0279262
1 0.0136434 0.0139486
1 0.0507174 0.0510194
1 0.00368425 0.00398567
1 0.00521263 0.00550791
1 0.0133843 0.0136735
1 0.00556105 0.00584889
1 0.00799845 0.00827846
1 0.00458272 0.00486266
2 0.169086 0.169359
1 0.00747985 0.00774836
1 0.029562 0.0298277
1 0.00595888 0.00622359
1 0.00865321 0.00891235
1 0.00760347 0.00785972
1 0.0304951 0.03075
1 0.0113748 0.0116249
2 0.0321172 0.032363
1 0.0612244 0.0614621
2 0.0113661 0.0116028
2 0.259958 0.260194
2 0.102952 0.103186
1 0.00669071 0.00692484
1 0.0415824 0.0418099
1 0.0220718 0.0222972
2 0.246629 0.246852
2 0.0316554 0.031874
1 0.0128243 0.0130388
1 0.0947153 0.0949272
1 0.00826168 0.00846957
1 0.187336 0.187542
2 0.00938698 0.00958744
1 0.00677399 0.00696925
1 0.00287501 0.00306627
1 0.0208676 0.0210567
2 0.0235433 0.0237284
2 0.0155004 0.0156846
2 0.0334862 0.0336667
1 0.00307147 0.00324889
1 0.00775753 0.00793475
2 0.0194959 0.0196725
1 0.00568019 0.00585482
2 0.0466793 0.0468524
2 0.00929292 0.00946549
1 0.00287921 0.00305174
1 0.00916776 0.00933879
2 0.0263394 0.0265086
2 0.111439 0.111608
1 0.0105628 0.0107312
1 0.0782177 0.0783841
2 0.0322598 0.0324225
2 0.00778512 0.00794753
1 0.0105543 0.0107159
1 0.161239 0.161401
2 0.0105014 0.0106617
1 0.0145107 0.0146706
2 0.0351848 0.0353443
1 0.186562 0.186716
1 0.00559438 0.00574616
2 0.0300741 0.0302254
1 0.00965794 0.00980868
2 0.0149886 0.0151394
1 0.0215596 0.0217095
1 0.00113704 0.00128688
2 0.0907711 0.0909181
2 0.0179604 0.018107
1 0.00888717 0.00903163
2 0.0109902 0.0111326
2 0.145706 0.145848
1 0.0171394 0.0172729
1 0.0383199 0.0384527
1 0.0053113 0.005442
1 0.00640568 0.00653519
1 0.0147636 0.0148925
1 0.00929058 0.00941938
1 0.00436942 0.00449637
1 0.0473443 0.04747
2 0.0105783 0.0107032
1 0.00392319 0.00404779
2 0.00734385 0.00746618
1 0.0223068 0.0224285
1 0.04571 0.0458317
1 0.00575825 0.00587992
1 0.00503385 0.00515355
1 0.00813904 0.00825777
1 0.00281344 0.002931
1 0.00785238 0.00796791
1 0.014829 0.0149432
1 0.00256903 0.00268077
1 0.00489083 0.00500126
2 0.0184377 0.0185476
2 0.102078 0.102185
1 0.00538631 0.00549198
1 0.0031345 0.00323979
1 0.0227201 0.0228252
1 0.00306438 0.00316811
1 0.00647158 0.00657519
2 0.0357009 0.0358028
1 0.0051447 0.00524645
1 0.00525725 0.00535162
1 0.0159916 0.0160846
0 0 9.11263e-05
1 0.0118923 0.0119826
2 0.00996746 0.0100568
1 0.0166531 0.0167409
2 0.037626 0.0377107
1 0.0238131 0.0238976
2 0.0547799 0.0548637
2 0.00807297 0.00815666
2 0.00836806 0.00845145
1 0.0110551 0.0111378
2 0.312382 0.312464
1 0.0100651 0.0101446
2 0.0163966 0.0164732
1 0.00688405 0.00696063
1 0.0107589 0.010835
1 0.146996 0.147072
0 0 7.31846e-05
2 0.0346245 0.0346959
1 0.00597409 0.00604544
1 0.00958984 0.0096593
1 0.0107344 0.0108033
1 0.0102434 0.0103122
0 0 6.71168e-05
2 0.0047902 0.00485547
2 0.00490584 0.00497102
1 0.0321747 0.0322397
1 0.0492949 0.0493596
2 0.0170769 0.0171406
1 0.0110532 0.0111147
1 0.00860291 0.00866398
1 0.0171182 0.017179
1 0.0101159 0.010176
1 0.0034047 0.00346464
1 0.00829546 0.00835447
1 0.0326163 0.0326749
2 0.0115314 0.0115894
1 0.0484668 0.0485244
2 0.0282519 0.0283086
2 0.0167956 0.0168522
1 0.0116679 0.0117184
2 0.00813416 0.0081844
1 0.00980539 0.00985386
2 0.030953 0.0310001
1 0.00862173 0.00866673
1 0.00940215 0.00944628
2 0.0141632 0.0142059
1 0.0554044 0.0554463
2 0.00800525 0.00804589
1 0.00503258 0.00507144
1 0.0519331 0.0519701
1 0.0103469 0.0103835
2 0.018119 0.0181552
1 0.111387 0.111423
2 0.0103843 0.0104197
1 0.00962504 0.00966022
2 0.00576792 0.00580199
2 0.0142541 0.0142875
1 0.0096348 0.00966774
1 0.00997922 0.0100114
1 0.0126099 0.0126408
1 0.0123777 0.0124077
1 0.00278635 0.00281629
1 0.021502 0.0215314
1 0.0125513 0.0125794
2 0.0949717 0.0949992
2 0.00937782 0.00940496
2 0.00518261 0.00520861
2 0.0182257 0.0182474
1 0.0119137 0.0119349
1 0.017428 0.0174482
1 0.0183243 0.0183442
1 0.0136637 0.0136834
2 0.0263453 0.026365
2 0.198962 0.198981
1 0.00327703 0.00329566
2 0.00501012 0.00502622
2 0.0176997 0.0177153
2 0.0224009 0.0224147
2 0.0342796 0.034293
1 0.0078574 0.00787053
2 0.0586172 0.0586302
2 0.00976823 0.00978118
2 0.0229949 0.0230066
1 0.00491632 0.00492789
1 0.0210845 0.0210953
2 0.00925269 0.00926305
1 0.0242396 0.0242497
2 0.0073474 0.00735698
2 0.0158719 0.0158814
2 0.00336048 0.00336953
2 0.0238894 0.023898
1 0.012501 0.0125092
1 0.0228214 0.0228296
1 0.00714877 0.00715665
2 0.0520359 0.0520435
2 0.0264538 0.0264611
1 0.00631857 0.00632519
2 0.0237746 0.0237804
1 0.00573641 0.00574179
1 0.00263397 0.00263917
2 0.0118946 0.0118997
1 0.0278615 0.0278662
2 0.0127883 0.0127926
1 0.0112037 0.0112078
2 0.0114287 0.0114327
1 0.0161714 0.0161754
1 0.0138505 0.0138544
2 0.0230494 0.0230526
2 0.0215488 0.0215516
1 0.016062 0.0160649
1 0.0160259 0.0160286
2 0.00413843 0.00414107
1 0.00841209 0.00841454
1 0.0178671 0.0178693
1 0.165363 0.165365
1 0.0124668 0.0124684
1 0.0055667 0.00556833
2 0.0106893 0.0106908
1 0.0148186 0.0148194
1 0.0308385 0.0308394
1 0.0351741 0.0351749
1 0.00304456 0.00304519
2 0.0104623 0.0104628
2 0.0197922 0.0197927
2 0.0234545 0.0234547
1 0.0180425 0.0180426
1 0.00173527 0.00173539
2 0.0125075 0.0125076
1 0.198342 0.198342
1 0.106301 0.106301
2 0.0166394 0.0166395
2 0.0152189 0.0152189
