0 0 inf
1 0.0859799 0.183577
0 0 0.0861272
0 0 0.0662982
0 0 0.0499592
0 0 0.0482653
1 0.191785 0.234596
1 0.0267393 0.0692398
1 0.192908 0.233413
0 0 0.0396844
1 0.0417696 0.0774829
0 0 0.0351334
0 0 0.0321918
0 0 0.0321701
0 0 0.0314051
0 0 0.0299981
1 0.0299091 0.058964
0 0 0.0289559
1 0.0436165 0.0723294
0 0 0.0283916
0 0 0.0253476
0 0 0.0247647
0 0 0.024646
0 0 0.0244626
0 0 0.0244491
1 0.131475 0.153645
1 0.0414778 0.0635549
0 0 0.0209747
0 0 0.020469
1 0.126072 0.146349
1 0.0542571 0.0737183
1 0.0654318 0.0843778
0 0 0.0184766
0 0 0.018356
0 0 0.0178702
0 0 0.0170726
0 0 0.0169114
0 0 0.0162035
1 0.0117418 0.0278989
0 0 0.0154911
0 0 0.0154186
0 0 0.014933
1 0.0705781 0.0850306
1 0.0134535 0.0277648
0 0 0.0141128
0 0 0.0140032
0 0 0.0139053
0 0 0.0137564
0 0 0.0136136
0 0 0.0133589
1 0.015927 0.028385
2 0.327648 0.33998
0 0 0.0118384
0 0 0.0117729
1 0.110917 0.122596
0 0 0.011633
0 0 0.0114826
0 0 0.0114591
1 0.0467244 0.0581029
1 0.0532765 0.0645913
0 0 0.0108791
0 0 0.0104477
0 0 0.0103015
2 0.0327828 0.0429869
0 0 0.0101423
0 0 0.00969541
0 0 0.00963637
1 0.0261269 0.0357133
1 0.217821 0.227332
0 0 0.00937391
0 0 0.00925417
0 0 0.00924363
0 0 0.00922908
0 0 0.00907031
1 0.0115164 0.0204079
0 0 0.00825687
0 0 0.00816364
1 0.031834 0.039916
1 0.0202202 0.0282709
0 0 0.00801518
0 0 0.0079772
0 0 0.00797551
0 0 0.00770161
1 0.0475591 0.0551981
0 0 0.00747344
1 0.00755716 0.0150098
0 0 0.00744476
0 0 0.00733009
0 0 0.00732511
0 0 0.00726476
0 0 0.00726044
0 0 0.00718272
0 0 0.00714529
0 0 0.00709113
0 0 0.00706127
0 0 0.00688148
0 0 0.0068775
0 0 0.00686078
1 0.0185963 0.0254282
1 0.0178497 0.0246602
0 0 0.0065928
0 0 0.00650236
1 0.0385456 0.0449457
0 0 0.00632024
0 0 0.00626894
0 0 0.00609655
0 0 0.00565975
1 0.0323074 0.0378684
1 0.0334491 0.0389423
0 0 0.00541806
0 0 0.00535346
0 0 0.00531945
1 0.0318623 0.0370446
0 0 0.00496885
0 0 0.00491669
0 0 0.00489374
1 0.0187844 0.0236645
0 0 0.00480967
0 0 0.0047571
1 0.050929 0.0556314
0 0 0.00469697
1 0.0359948 0.0406811
0 0 0.00464654
1 0.0611041 0.0655786
1 0.0359616 0.0404261
0 0 0.00440835
0 0 0.00437354
0 0 0.00436972
0 0 0.00430924
1 0.0163044 0.0205845
0 0 0.00410548
1 0.0158834 0.0199319
1 0.0164223 0.020423
1 0.011349 0.0153476
0 0 0.00394281
1 0.0114585 0.0153665
0 0 0.00366419
1 0.0158171 0.0194733
1 0.0697392 0.0733725
1 0.00688933 0.0105152
0 0 0.00357675
0 0 0.00356152
0 0 0.00353196
0 0 0.00347221
0 0 0.00346205
0 0 0.00341182
0 0 0.00340743
0 0 0.003403
0 0 0.00340088
1 0.0118454 0.0152263
1 0.248238 0.251563
0 0 0.00330688
0 0 0.00328635
0 0 0.00328398
0 0 0.00326449
1 0.00792692 0.0111504
0 0 0.00318954
0 0 0.00316901
1 0.0246128 0.0277816
0 0 0.00314338
1 0.00752669 0.0106215
1 0.0244402 0.0274554
1 0.0327921 0.035803
1 0.0187486 0.0217189
1 0.0101504 0.0130968
1 0.0111026 0.0140222
1 0.00519874 0.00810801
0 0 0.00289862
1 0.0560619 0.0589481
0 0 0.00278067
1 0.0757647 0.0785333
1 0.00896317 0.0117218
0 0 0.0027219
0 0 0.00271608
0 0 0.00266411
0 0 0.00261644
0 0 0.00260195
0 0 0.00259891
0 0 0.00257293
1 0.0103937 0.0129074
0 0 0.00248144
1 0.00982402 0.0122935
2 0.0695701 0.0720188
0 0 0.00244129
0 0 0.00237949
0 0 0.00233394
1 0.00791725 0.010231
1 0.00669538 0.00899711
1 0.0320075 0.0342821
0 0 0.00224979
1 0.0031707 0.00539466
1 0.0117206 0.0139356
1 0.0109024 0.0130609
1 0.00778919 0.0099233
0 0 0.0021314
0 0 0.00208052
0 0 0.00203397
0 0 0.00202696
0 0 0.00200976
0 0 0.00199848
0 0 0.0019959
0 0 0.00198313
1 0.0510002 0.0529792
1 0.138167 0.140142
2 0.0227079 0.0246745
1 0.0328792 0.0348385
0 0 0.00195893
0 0 0.00195602
1 0.0762946 0.0782223
1 0.00290047 0.00481175
0 0 0.00189472
0 0 0.0018896
1 0.0083528 0.0102227
1 0.0292922 0.0311319
0 0 0.00179708
1 0.0519618 0.0537558
0 0 0.0017726
1 0.00856091 0.0103176
1 0.0614443 0.0631892
1 0.00531863 0.00705669
1 0.0115801 0.013314
0 0 0.00170556
2 0.0453641 0.0470673
2 0.0727117 0.0743996
0 0 0.00168165
0 0 0.00165285
0 0 0.00163538
2 0.0699435 0.071576
0 0 0.00158258
0 0 0.00158049
0 0 0.00157244
0 0 0.00157015
1 0.0220687 0.0236339
0 0 0.00154532
1 0.0144244 0.0159342
0 0 0.0014894
0 0 0.00148711
0 0 0.00148229
0 0 0.00147634
2 0.0105601 0.0120304
0 0 0.00146904
2 0.0248496 0.0263154
1 0.00260542 0.00404106
0 0 0.00141023
0 0 0.00141002
2 0.0391636 0.0405673
0 0 0.00139441
0 0 0.0013847
1 0.0031177 0.00448725
0 0 0.00136828
1 0.0137886 0.0151183
0 0 0.00132682
1 0.0149343 0.0162524
0 0 0.00131241
1 0.0174434 0.01874
1 0.00677541 0.00805803
0 0 0.00127289
0 0 0.00127188
1 0.00908178 0.0103417
1 0.0326268 0.0338633
0 0 0.00123291
1 0.0514193 0.0526515
1 0.0306149 0.0318429
0 0 0.00121287
0 0 0.00120178
1 0.00356509 0.00475858
1 0.00768104 0.00887078
1 0.0570485 0.0582369
1 0.00355954 0.00472897
0 0 0.0011679
1 0.0734269 0.0745929
0 0 0.00115593
1 0.0443893 0.0455265
0 0 0.00113115
0 0 0.0011263
1 0.00388658 0.00498299
2 0.0677981 0.0688755
1 0.00779661 0.00886621
1 0.0578377 0.0588958
0 0 0.00103291
0 0 0.00102051
0 0 0.00100503
0 0 0.000983613
1 0.0436307 0.044614
1 0.0113471 0.0123279
1 0.00813325 0.0090962
1 0.00588384 0.00682387
0 0 0.000914611
0 0 0.000902146
2 0.0454482 0.0463481
0 0 0.000887643
1 0.00819664 0.00906436
2 0.0415184 0.0423669
0 0 0.000834031
2 0.159606 0.160436
1 0.00402378 0.00484658
1 0.0178569 0.0186736
0 0 0.000810052
1 0.0245176 0.0253198
0 0 0.000801101
1 0.00865395 0.00943679
1 0.0485493 0.0493184
1 0.00584937 0.00661097
1 0.00418645 0.00493684
1 0.00491581 0.0056622
0 0 0.000738135
1 0.0736843 0.0744214
1 0.00840482 0.0091409
0 0 0.000714545
1 0.0036555 0.00435989
1 0.00707731 0.00776451
1 0.00750072 0.00818785
1 0.002993 0.00367038
1 0.0252211 0.0258892
1 0.0040381 0.00470498
1 0.00465993 0.00532112
0 0 0.000656843
0 0 0.000651781
1 0.0305702 0.0312029
1 0.0109571 0.0115863
1 0.00152836 0.00215741
1 0.00978722 0.0104059
2 0.0773037 0.0779119
1 0.0089638 0.00957073
2 0.0254421 0.0260331
0 0 0.000572802
1 0.0225861 0.0231587
1 0.0106911 0.0112623
1 0.0050215 0.00558796
0 0 0.0005647
1 0.0111876 0.0117509
0 0 0.000555417
1 0.0487026 0.0492362
1 0.0124893 0.013019
0 0 0.000528264
2 0.0119438 0.0124718
1 0.0154942 0.0160152
1 0.00212958 0.00264546
2 0.0165186 0.0170272
1 0.0243002 0.0248042
1 0.00443977 0.0049259
1 0.011099 0.0115791
1 0.0119482 0.0124256
1 0.00356323 0.00402041
2 0.0148205 0.0152759
2 0.041525 0.0419795
1 0.0145722 0.0150244
0 0 0.000446362
1 0.00176333 0.00220621
1 0.00357791 0.00401717
2 0.186939 0.18737
1 0.0113969 0.0118228
1 0.00338074 0.00380076
1 0.00847887 0.00889287
2 0.0757707 0.0761755
1 0.0199917 0.0203891
2 0.0178671 0.0182601
1 0.142557 0.142936
0 0 0.000378638
1 0.0118338 0.0122098
1 0.0054976 0.00587129
2 0.03515 0.0355222
1 0.103861 0.104233
1 0.0491358 0.0495075
1 0.00782009 0.00818571
1 0.0111765 0.0115421
1 0.00382672 0.00418886
1 0.00204727 0.00240311
1 0.00380407 0.00414962
0 0 0.000341033
1 0.0620866 0.0624068
1 0.0163972 0.0167164
1 0.0143075 0.0146231
1 0.00922112 0.00953226
1 0.0435433 0.0438532
1 0.00473595 0.00504123
2 0.0162787 0.0165838
2 0.066621 0.0669242
2 0.0151151 0.0154146
1 0.00447206 0.00477053
0 0 0.000297433
2 0.0381625 0.0384577
2 0.0090353 0.00931964
0 0 0.000279505
1 0.00219176 0.00246437
1 0.00177105 0.00204346
2 0.070974 0.0712428
1 0.0527757 0.0530421
0 0 0.000263609
0 0 0.000259658
1 0.00411908 0.00436663
1 0.0132684 0.0135154
1 0.00489954 0.00514289
1 0.00440452 0.00464392
1 0.0125884 0.0128274
1 0.00295612 0.00319311
1 0.0530913 0.0533267
1 0.00468723 0.00492199
1 0.0012289 0.00146287
1 0.00779101 0.00802485
2 0.0439966 0.0442302
1 0.00573471 0.00596664
2 0.0835531 0.0837835
1 0.0036919 0.00391831
2 0.0049987 0.00522381
0 0 0.000223398
2 0.04188 0.042102
2 0.031287 0.0315074
1 0.0241832 0.0244015
1 0.0178945 0.0181121
1 0.0105685 0.0107793
2 0.0147876 0.0149928
1 0.0153724 0.0155761
1 0.0164412 0.0166443
2 0.0153752 0.0155767
1 0.00373049 0.00393017
1 0.0123671 0.0125652
1 0.00543601 0.00563304
2 0.00484348 0.00503987
0 0 0.00019321
1 0.00418308 0.0043737
2 0.0787888 0.0789782
0 0 0.000187947
1 0.00890828 0.00909479
1 0.00890204 0.00908601
1 0.00475994 0.00493984
1 0.0605823 0.0607587
1 0.0279875 0.0281615
1 0.00562544 0.00579447
1 0.0118838 0.0120479
1 0.00499861 0.00516121
1 0.0117527 0.0119148
2 0.00602682 0.00618562
0 0 0.000158425
2 0.00576576 0.00592392
1 0.121666 0.121823
1 0.0015597 0.00171645
1 0.01007 0.0102246
0 0 0.000154283
1 0.0271388 0.0272926
1 0.00476778 0.00491827
2 0.0072581 0.00740677
2 0.0329181 0.0330664
1 0.00247951 0.00262569
1 0.00430975 0.00445428
1 0.0178469 0.0179885
1 0.0138129 0.0139544
2 0.0198345 0.0199748
1 0.0020803 0.00221956
1 0.146073 0.146211
1 0.00780001 0.00793643
2 0.0791414 0.0792748
1 0.017081 0.017212
1 0.00650358 0.00663464
1 0.00215242 0.00228152
0 0 0.000126946
1 0.004441 0.00456769
2 0.0141352 0.0142613
1 0.011219 0.0113443
2 0.0132042 0.0133285
1 0.00755012 0.0076733
1 0.00120346 0.00132646
1 0.00534783 0.00546993
1 0.0411527 0.0412718
1 0.00742415 0.00754064
1 0.0089015 0.00901747
1 0.0254767 0.0255922
1 0.00122396 0.00133874
0 0 0.000114562
2 0.00568993 0.00580414
1 0.00160187 0.00171121
1 0.00154456 0.0016506
1 0.00401139 0.00411548
1 0.0108766 0.0109803
1 0.014425 0.0145276
1 0.000985675 0.00108677
2 0.0132094 0.0133104
1 0.00338612 0.00348703
0 0 9.8778e-05
2 0.00519551 0.00529147
2 0.0260606 0.0261554
1 0.0112019 0.011296
2 0.0197889 0.0198823
1 0.00398769 0.00407942
2 0.0327873 0.0328759
2 0.014903 0.0149908
2 0.00595412 0.00604168
1 0.00628297 0.00636976
1 0.0525102 0.0525966
2 0.00425215 0.00433745
1 0.00622086 0.00630612
2 0.0024111 0.00249595
1 0.00512668 0.00521079
2 0.337936 0.33802
1 0.00379036 0.0038712
2 0.0123692 0.0124489
1 0.0219882 0.0220676
2 0.00522468 0.00530392
2 0.0117773 0.0118555
1 0.00261311 0.00268959
2 0.0051091 0.00518531
1 0.0770357 0.0771111
2 0.00565379 0.00572832
2 0.0907518 0.0908261
1 0.00675773 0.00683087
2 0.0121775 0.0122497
2 0.0283285 0.0283986
1 0.00752249 0.0075907
2 0.00512641 0.00519052
1 0.00250219 0.00256257
2 0.0289032 0.0289611
2 0.0383691 0.0384249
1 0.00837547 0.00842835
1 0.00418625 0.00423833
1 0.0010382 0.00108826
2 0.0411108 0.0411594
1 0.00210224 0.00215047
1 0.00466192 0.00470899
2 0.00595378 0.00599933
2 0.0621545 0.0621991
2 0.00676724 0.00681181
1 0.0152551 0.015299
2 0.0256016 0.0256443
2 0.0222074 0.0222496
2 0.0757457 0.0757876
1 0.00421372 0.00425522
1 0.00663531 0.00667613
1 0.00508212 0.00511882
1 0.00135274 0.0013893
2 0.0107005 0.0107365
1 0.00559735 0.00563245
2 0.0106754 0.0107102
1 0.0143365 0.0143705
2 0.0176263 0.0176595
1 0.0130364 0.0130692
2 0.0106631 0.0106956
1 0.00155427 0.00158636
1 0.0442934 0.0443249
2 0.00541697 0.00544806
1 0.00893403 0.00896473
1 0.0100047 0.0100352
2 0.0141483 0.0141787
1 0.0379554 0.0379858
1 0.00154202 0.00157183
1 0.00479232 0.00482107
1 0.0318564 0.0318844
1 0.0167195 0.0167464
2 0.0742242 0.074251
2 0.00163512 0.00166168
1 0.0490193 0.0490449
1 0.0734986 0.0735238
2 0.00487965 0.00490447
1 0.000311247 0.000334642
2 0.00823706 0.0082604
1 0.00158437 0.00160755
1 0.00180484 0.00182797
1 0.0139909 0.0140135
1 0.0107889 0.0108089
1 0.0303723 0.0303917
1 0.00612 0.0061388
2 0.00432489 0.00434147
2 0.00287901 0.00289505
2 0.0427406 0.0427565
1 0.0136211 0.013637
1 0.0101377 0.0101527
1 0.00689404 0.00690842
1 0.0707374 0.0707518
1 0.0172038 0.0172181
1 0.0676106 0.0676247
1 0.00890002 0.00891363
2 0.00454437 0.00455778
2 0.0017618 0.00177471
1 0.0555155 0.055528
1 0.0905981 0.0906102
2 0.014908 0.01492
1 0.0115669 0.0115789
1 0.0444059 0.0444175
2 0.0108095 0.0108202
2 0.00930067 0.00930978
1 0.00283145 0.00283992
2 0.0254849 0.0254927
2 0.0141751 0.0141826
1 0.0182205 0.0182279
1 0.0151452 0.0151524
2 0.061143 0.0611501
1 0.00777197 0.00777895
1 0.0409684 0.0409754
1 0.0228071 0.0228136
2 0.0051644 0.00517084
2 0.0176629 0.0176687
2 0.0153456 0.0153513
1 0.00822982 0.00823549
1 0.00714299 0.00714859
1 0.0137676 0.0137732
1 0.00594668 0.00595189
2 0.012793 0.0127974
2 0.00385098 0.00385526
1 0.00189006 0.00189432
2 0.0112277 0.0112319
2 0.0229805 0.0229845
1 0.00203376 0.00203765
2 0.0177603 0.0177638
1 0.0266484 0.0266518
1 0.0272157 0.0272188
2 0.0301026 0.0301056
1 0.00533725 0.00533994
1 0.0145951 0.0145977
2 0.020418 0.0204206
2 0.0176441 0.0176466
1 0.0190322 0.0190346
1 0.0114878 0.0114901
1 0.0133176 0.0133199
1 0.123725 0.123727
2 0.0134453 0.0134471
2 0.00683433 0.00683607
1 0.00969033 0.00969206
1 0.00393906 0.00394029
1 0.00169826 0.0016994
2 0.0108343 0.0108353
1 0.118021 0.118022
1 0.0104013 0.0104021
1 0.0238317 0.0238325
1 0.00487203 0.00487271
1 0.0113 0.0113006
2 0.0109241 0.0109247
2 0.00414024 0.00414079
1 0.00982042 0.0098209
1 0.070145 0.0701454
1 0.00429598 0.00429637
1 0.0431259 0.0431263
2 0.0388279 0.0388282
1 0.0191761 0.0191764
1 0.00413219 0.00413242
1 0.000601367 0.000601454
1 0.00588555 0.00588561
2 0.0110494 0.0110494
1 0.0038482 0.00384823
1 0.00476987 0.0047699
2 0.00907817 0.00907819
1 0.0156527 0.0156527
2 0.0162371 0.0162371
1 0.0115542 0.0115542
2 0.00737179 0.0073718
2 0.0394279 0.0394279
1 0.0200192 0.0200192
