0 0 inf
0 0 0.137046
1 0.16282 0.285796
0 0 0.0779136
0 0 0.0725846
1 0.0229255 0.0871853
1 0.0405185 0.10398
0 0 0.0627264
0 0 0.0507325
0 0 0.0474423
0 0 0.0438236
0 0 0.0421358
0 0 0.0403276
0 0 0.0380986
0 0 0.0341362
0 0 0.034004
0 0 0.0323383
0 0 0.0318627
0 0 0.0315516
0 0 0.0313983
0 0 0.0298874
0 0 0.0287237
1 0.078043 0.106091
1 0.0628809 0.0907373
0 0 0.0262675
0 0 0.0253291
0 0 0.0244831
0 0 0.0240928
0 0 0.0233165
0 0 0.02311
0 0 0.020431
0 0 0.0200901
1 0.0657297 0.0844536
0 0 0.0179768
1 0.0441927 0.0619844
0 0 0.0175779
0 0 0.0173213
1 0.0855466 0.102155
0 0 0.0165733
1 0.15936 0.175779
0 0 0.0155403
0 0 0.0153476
1 0.0821923 0.0972389
1 0.0697218 0.0839116
0 0 0.0141191
0 0 0.0138537
2 0.0908318 0.104384
0 0 0.0134174
0 0 0.0133072
0 0 0.0131648
1 0.126595 0.139272
0 0 0.0125869
0 0 0.0119637
2 0.33931 0.351084
1 0.0472685 0.0583028
1 0.0371987 0.0482029
1 0.0744499 0.0853832
0 0 0.0108911
0 0 0.0107528
1 0.0496614 0.0602253
0 0 0.010387
0 0 0.0102344
0 0 0.0101032
1 0.0621767 0.0722389
0 0 0.00994595
1 0.0304967 0.0402274
1 0.0613826 0.0703777
0 0 0.00890301
1 0.0746576 0.083505
0 0 0.0088421
1 0.0244588 0.0332913
1 0.270908 0.27945
1 0.0950021 0.103415
0 0 0.00840808
0 0 0.00825291
0 0 0.00815735
0 0 0.00806021
0 0 0.00805103
1 0.0186326 0.0263005
0 0 0.0075533
0 0 0.0074105
0 0 0.00700265
0 0 0.00695591
0 0 0.00673586
1 0.00619404 0.0129192
0 0 0.00670753
0 0 0.00666063
0 0 0.00662479
0 0 0.00662405
0 0 0.00661674
0 0 0.00659069
0 0 0.00655261
2 0.0187729 0.0252019
1 0.0184981 0.0248314
0 0 0.00625996
0 0 0.00621151
0 0 0.00619838
0 0 0.00611597
0 0 0.00610696
0 0 0.00610369
0 0 0.00607631
1 0.0174643 0.0235224
0 0 0.00593753
0 0 0.00592535
0 0 0.00591217
0 0 0.00579549
1 0.00779792 0.0134794
1 0.00893097 0.0145144
0 0 0.00553658
0 0 0.0054431
1 0.00864157 0.0135637
1 0.0577282 0.0626384
0 0 0.00487628
0 0 0.00485565
1 0.00613278 0.0109354
1 0.0271047 0.0319071
1 0.0626154 0.0673877
0 0 0.00475004
0 0 0.00466431
0 0 0.00458384
1 0.00846521 0.0130179
0 0 0.00451662
1 0.0102121 0.0147174
0 0 0.00450372
0 0 0.0044962
0 0 0.00434897
1 0.00750876 0.0118407
1 0.0139424 0.0182367
0 0 0.00428019
0 0 0.00425254
0 0 0.00419372
0 0 0.00418646
1 0.0628256 0.0670077
1 0.274132 0.278266
0 0 0.00409739
0 0 0.00408673
1 0.0650399 0.0691137
0 0 0.00405835
0 0 0.00400937
0 0 0.0039711
0 0 0.00389786
1 0.00606635 0.00992584
0 0 0.00382427
0 0 0.00380881
1 0.011626 0.0154081
1 0.00674773 0.010494
2 0.0359699 0.0396552
0 0 0.00367318
1 0.0582335 0.0618977
0 0 0.00364207
0 0 0.00362924
1 0.00950933 0.013089
0 0 0.00346743
0 0 0.00346057
0 0 0.0034421
0 0 0.00343637
0 0 0.00338269
1 0.00476143 0.00813987
1 0.0307751 0.0341431
0 0 0.00325658
1 0.0863547 0.0895179
1 0.0801706 0.0833148
1 0.00656018 0.00969389
0 0 0.00313284
1 0.0744295 0.0775561
1 0.0219923 0.0251161
1 0.0242618 0.0273653
0 0 0.00309403
1 0.00736661 0.01042
0 0 0.00303349
0 0 0.00303217
0 0 0.00300004
0 0 0.00299462
1 0.0267229 0.0296795
0 0 0.00292544
0 0 0.00282846
0 0 0.00280489
0 0 0.00279318
0 0 0.00277278
1 0.0114222 0.0141815
1 0.00631396 0.00904348
0 0 0.00272803
1 0.00596853 0.00865889
1 0.00453644 0.00722355
0 0 0.00266523
0 0 0.00262833
1 0.0317014 0.0342676
1 0.00977965 0.0123429
0 0 0.00255609
0 0 0.00253186
0 0 0.00250964
1 0.00545202 0.0079479
0 0 0.00246641
1 0.0852305 0.0876798
0 0 0.00239846
1 0.0533479 0.0557279
0 0 0.00236495
0 0 0.00235487
0 0 0.00230376
0 0 0.00230179
0 0 0.00229527
0 0 0.0022328
1 0.0488106 0.0510251
1 0.0475895 0.0497936
0 0 0.0021972
0 0 0.00217591
0 0 0.00216564
0 0 0.00215197
0 0 0.00214923
0 0 0.00210904
0 0 0.00210823
1 0.0141109 0.0162046
1 0.0559776 0.0580545
0 0 0.00205835
1 0.0422554 0.0443041
1 0.00732831 0.00937118
1 0.00739164 0.00940323
0 0 0.00200816
0 0 0.00199791
0 0 0.00199129
0 0 0.00198137
0 0 0.00195547
1 0.0060725 0.00802328
1 0.0093698 0.0113144
1 0.00497204 0.00690676
1 0.0119705 0.0139031
1 0.147306 0.149236
1 0.00293596 0.00485196
0 0 0.00191004
1 0.0160824 0.0179737
1 0.0146109 0.0164889
1 0.00372243 0.00559937
1 0.00305014 0.00492645
0 0 0.0018749
1 0.00761018 0.00948126
1 0.00851988 0.0103734
0 0 0.00184268
0 0 0.00183124
0 0 0.00175477
0 0 0.00175405
1 0.276409 0.278137
0 0 0.00171399
2 0.0153645 0.0170769
1 0.108844 0.110519
0 0 0.00167214
1 0.020916 0.0225742
0 0 0.00164187
1 0.0224385 0.0240764
1 0.0449504 0.0465856
1 0.0079755 0.00960679
0 0 0.0015994
1 0.0619513 0.0635457
1 0.0093035 0.010884
1 0.00916771 0.0107111
0 0 0.00154168
1 0.00658406 0.00811803
1 0.0959885 0.0974827
0 0 0.00146383
0 0 0.00144025
1 0.017539 0.0189675
1 0.015445 0.0168721
0 0 0.00141758
2 0.0867331 0.0881363
1 0.00320506 0.00460267
0 0 0.00136187
1 0.0260718 0.0274313
0 0 0.00135599
1 0.00636379 0.00771663
0 0 0.00135121
0 0 0.00134474
0 0 0.00132651
2 0.0512836 0.0525945
0 0 0.00131028
1 0.00746971 0.00876403
1 0.00739327 0.00868681
1 0.00487635 0.00616349
1 0.0106717 0.0119357
0 0 0.00126176
0 0 0.00126076
1 0.00441244 0.00564929
1 0.00479021 0.00598802
1 0.00522716 0.00641893
1 0.0106853 0.0118765
0 0 0.0011674
1 0.00727849 0.00843985
0 0 0.00114971
0 0 0.00114096
1 0.0294654 0.0305926
1 0.0306638 0.031772
1 0.00720714 0.00829689
0 0 0.00107446
1 0.0311158 0.0321887
1 0.00689273 0.00796164
0 0 0.00105346
0 0 0.00104013
1 0.104459 0.105492
1 0.0119231 0.0129519
2 0.0676514 0.0686768
0 0 0.00102388
2 0.0105882 0.0116107
1 0.0105004 0.0115214
0 0 0.0010064
1 0.0337006 0.0346926
2 0.011244 0.0122265
1 0.0872983 0.0882693
0 0 0.000965484
1 0.00481344 0.00576568
1 0.00622175 0.00717219
1 0.00650091 0.00744338
2 0.0650152 0.0659567
1 0.153997 0.154931
1 0.00467239 0.00560356
1 0.00802269 0.00895308
1 0.0344605 0.03539
0 0 0.000921913
1 0.00840919 0.00932539
0 0 0.000913971
0 0 0.000903692
2 0.0949727 0.0958538
1 0.0165786 0.0174586
1 0.00832187 0.00919582
1 0.017598 0.0184501
1 0.00592879 0.00676084
1 0.00716403 0.0079872
0 0 0.000819744
0 0 0.000813375
1 0.0807037 0.0815141
0 0 0.000808134
1 0.0141994 0.0149924
1 0.011221 0.0120066
1 0.00838289 0.00916416
2 0.0135776 0.0143506
2 0.0189846 0.0197368
2 0.0279413 0.0286931
2 0.0162998 0.017049
2 0.0343256 0.0350568
1 0.0155679 0.0162891
1 0.00388383 0.00459638
1 0.0322308 0.0329429
1 0.00273242 0.00343953
1 0.0941713 0.0948782
1 0.00527201 0.00597568
2 0.0133185 0.0140141
1 0.00651477 0.00719093
2 0.0156084 0.0162794
2 0.0143312 0.0149978
1 0.00336996 0.00403221
0 0 0.000659415
2 0.0728689 0.0735153
1 0.0164374 0.0170544
1 0.0079875 0.00858993
0 0 0.000586847
1 0.0137997 0.0143854
1 0.00734994 0.00793414
1 0.0371658 0.0377451
2 0.0498201 0.0503906
2 0.0182035 0.0187718
0 0 0.000556131
0 0 0.000553794
1 0.0116087 0.0121599
1 0.00402503 0.00457545
1 0.0487603 0.0492916
1 0.00954488 0.0100746
0 0 0.000523758
1 0.00990982 0.0104223
1 0.00725234 0.00775566
2 0.0115948 0.0120837
1 0.0107611 0.0112453
1 0.0102968 0.010777
1 0.0115446 0.0120164
1 0.00586421 0.00633587
0 0 0.000470142
1 0.00811196 0.0085775
1 0.00528676 0.00575158
1 0.00574974 0.00620676
2 0.12892 0.129376
0 0 0.000449516
1 0.040729 0.041169
1 0.0597344 0.060173
0 0 0.000437947
1 0.00250536 0.00293843
1 0.00541655 0.00584684
1 0.00844271 0.00886893
2 0.00897583 0.00939605
1 0.00707201 0.00749007
0 0 0.000413089
1 0.00918844 0.0096001
1 0.00338255 0.00379394
1 0.0148248 0.0152347
1 0.00464871 0.00504854
1 0.00589462 0.00629048
2 0.0257891 0.0261822
1 0.00898335 0.00937488
1 0.00581026 0.0061935
1 0.0104638 0.0108468
2 0.0932849 0.0936596
1 0.0343109 0.0346841
1 0.00854805 0.00892112
1 0.029822 0.0301909
1 0.00280356 0.0031715
1 0.00224339 0.00260905
1 0.00634721 0.00670884
1 0.00946371 0.00982236
1 0.00592852 0.00627413
1 0.117402 0.117743
1 0.0040343 0.00437367
1 0.00770532 0.00804203
1 0.0126233 0.0129557
1 0.00811647 0.00844556
2 0.0159225 0.0162433
1 0.0027073 0.00302041
1 0.0128208 0.0131253
2 0.0245789 0.0248786
1 0.0130668 0.0133641
1 0.00765257 0.00794494
1 0.00788139 0.00816497
1 0.0255605 0.0258419
1 0.0101763 0.0104576
1 0.00150867 0.00178944
1 0.00536994 0.00564785
2 0.0111431 0.011419
2 0.0502904 0.0505628
1 0.00914413 0.00941606
1 0.00490461 0.00517569
1 0.00356042 0.00382807
2 0.0108843 0.0111516
1 0.0105877 0.0108509
2 0.00917122 0.00942628
1 0.0190146 0.0192666
1 0.0159269 0.0161753
1 0.0330247 0.0332707
1 0.00369431 0.00393631
1 0.0229758 0.0232171
1 0.0496393 0.0498787
1 0.00448255 0.00471454
2 0.349989 0.35021
1 0.0034332 0.00365418
2 0.0378765 0.0380953
1 0.0108527 0.011071
0 0 0.000217189
0 0 0.000215846
2 0.0133145 0.0135264
1 0.00772674 0.00793585
0 0 0.000201819
1 0.00606118 0.00626251
2 0.00688172 0.00708248
1 0.0367694 0.0369696
1 0.0045243 0.00472299
1 0.00162042 0.00181882
1 0.00260417 0.00280176
1 0.0844328 0.0846296
2 0.0362508 0.0364476
1 0.0159912 0.0161822
1 0.00906095 0.00925182
0 0 0.000189693
1 0.0131551 0.0133432
1 0.00271456 0.00290089
1 0.00580356 0.00598721
1 0.0107623 0.010945
2 0.0163671 0.016549
2 0.105292 0.105473
2 0.0209391 0.0211158
1 0.00901182 0.00918847
2 0.00572277 0.00589814
1 0.032741 0.0329138
2 0.0166797 0.0168516
1 0.0659832 0.0661539
1 0.0357844 0.0359483
1 0.0115777 0.0117334
1 0.00940479 0.00955989
1 0.0146366 0.0147906
1 0.00258713 0.00274093
2 0.0196959 0.0198436
1 0.00914763 0.00929155
2 0.0163691 0.0165118
1 0.00225045 0.00239309
1 0.0818553 0.0819964
1 0.0436857 0.0438259
1 0.0430154 0.0431545
1 0.00521296 0.00535064
0 0 0.000137174
1 0.0196366 0.0197731
1 0.00392393 0.00405526
1 0.00802138 0.0081521
1 0.0244161 0.0245418
0 0 0.000124105
2 0.0121271 0.0122478
2 0.0132815 0.0134003
1 0.00885964 0.00897405
1 0.00329574 0.00340928
1 0.00567293 0.00578025
1 0.00222361 0.00232948
2 0.111725 0.111831
2 0.144262 0.144367
2 0.0494862 0.0495907
2 0.0109114 0.0110146
2 0.0109594 0.0110605
1 0.0126001 0.0126997
1 0.307747 0.307842
2 0.0733181 0.0734102
1 0.0126497 0.0127411
2 0.016824 0.0169123
1 0.0360949 0.0361824
1 0.0478418 0.047929
1 0.010136 0.0102211
2 0.0122991 0.0123828
0 0 8.33767e-05
1 0.00800141 0.0080831
1 0.00669989 0.00678046
2 0.12581 0.125888
1 0.0397491 0.0398265
1 0.011375 0.0114515
2 0.177713 0.177789
1 0.00315636 0.00323192
1 0.00657657 0.00664963
1 0.00879554 0.00886826
1 0.00500563 0.00507802
1 0.0158692 0.0159416
2 0.00642606 0.00649781
1 0.0504176 0.0504842
2 0.0350355 0.0351018
1 0.00912704 0.00919219
1 0.0197512 0.0198151
1 0.00386632 0.00392956
1 0.0168136 0.0168748
1 0.00623548 0.00629506
1 0.00509276 0.00515119
1 0.0817274 0.0817858
1 0.0308795 0.0309362
2 0.00942286 0.00947893
1 0.0138982 0.0139524
1 0.00752095 0.00757285
2 0.00975576 0.00980688
1 0.0108713 0.0109215
1 0.0155465 0.0155951
2 0.0196095 0.0196561
1 0.0285616 0.0286044
1 0.00402602 0.00406798
1 0.00135727 0.00139912
2 0.00744822 0.0074898
1 0.00904618 0.0090866
2 0.108575 0.108615
2 0.00570055 0.00573843
1 0.00930264 0.00933937
1 0.00326408 0.00330065
1 0.0155445 0.01558
2 0.00508837 0.00512366
1 0.00737122 0.0074045
1 0.00796112 0.00799418
2 0.0101914 0.0102242
0 0 3.19267e-05
2 0.0266858 0.026717
1 0.00522646 0.00525693
1 0.0108298 0.0108601
2 0.0253096 0.0253396
2 0.010742 0.0107717
1 0.00790057 0.00793013
1 0.0269597 0.0269884
1 0.0259967 0.0260244
1 0.111225 0.111252
1 0.00581226 0.00583677
2 0.010116 0.0101405
2 0.01269 0.012714
1 0.00172443 0.00174819
2 0.00608917 0.00611228
1 0.118703 0.118726
2 0.00515701 0.00517849
2 0.091029 0.0910495
2 0.0102603 0.0102807
2 0.00185776 0.00187767
2 0.0162501 0.0162698
1 0.00217997 0.00219935
2 0.0374607 0.0374788
1 0.00474193 0.00475949
2 0.0199593 0.0199764
2 0.0310299 0.0310465
2 0.0269911 0.0270076
2 0.0161196 0.0161346
2 0.00941815 0.00943309
1 0.00256968 0.00258432
2 0.0122226 0.0122349
1 0.0553921 0.0554043
1 0.0342116 0.0342233
1 0.00528561 0.00529692
2 0.0504964 0.0505075
2 0.0108392 0.0108498
1 0.0323277 0.0323372
2 0.00856303 0.00857224
1 0.00399258 0.00400122
2 0.0113394 0.0113475
2 0.00845551 0.00846272
2 0.0133287 0.0133356
1 0.012997 0.0130024
1 0.00678463 0.00678907
2 0.0942986 0.0943031
2 0.288362 0.288367
1 0.00862835 0.00863261
2 0.0660222 0.0660264
1 0.00346515 0.00346898
1 0.0430997 0.0431036
2 0.0362166 0.0362201
2 0.0156925 0.015696
1 0.00608249 0.00608593
1 0.108571 0.108575
1 0.0193331 0.0193363
2 0.00942731 0.00942962
1 0.00134223 0.00134431
2 0.00817177 0.00817383
1 0.00431055 0.00431226
2 0.0116289 0.0116306
2 0.0195352 0.0195367
1 0.0355473 0.0355487
2 0.0120802 0.0120816
2 0.0154965 0.0154977
2 0.0122297 0.0122306
1 0.00468972 0.00469033
2 0.00826525 0.00826584
2 0.0196136 0.0196139
2 0.014845 0.0148454
2 0.0170373 0.0170375
2 0.0189684 0.0189685
1 0.0109424 0.0109425
1 0.00553794 0.00553806
1 0.00840549 0.00840553
1 0.0333895 0.0333895
1 0.0095101 0.0095101
