0 0 inf
0 0 0.132443
1 0.0141546 0.105577
0 0 0.0713816
0 0 0.0639872
0 0 0.0632314
0 0 0.0629022
1 0.195024 0.253047
1 0.19119 0.247927
0 0 0.0566104
1 0.0818535 0.13432
1 0.0747981 0.124082
1 0.0384372 0.0869855
0 0 0.0368035
1 0.0656216 0.101791
0 0 0.0355776
0 0 0.0343804
0 0 0.0305341
0 0 0.0283784
0 0 0.0281152
0 0 0.0274456
0 0 0.0252557
0 0 0.0247972
0 0 0.0247184
0 0 0.0246001
0 0 0.0235634
0 0 0.0230571
0 0 0.0220495
1 0.0823946 0.103683
0 0 0.0204532
0 0 0.0200774
0 0 0.018859
1 0.0804956 0.0992038
0 0 0.0184343
0 0 0.0182205
2 0.2589 0.276506
0 0 0.0173152
0 0 0.0171887
1 0.0581817 0.0753067
0 0 0.0168376
1 0.0824796 0.0991826
0 0 0.01624
1 0.00929604 0.025118
1 0.158615 0.173926
0 0 0.0148633
0 0 0.0145173
1 0.0896897 0.103886
0 0 0.013816
0 0 0.0138011
0 0 0.0137539
0 0 0.0132487
1 0.0197237 0.0327011
2 0.13761 0.150519
0 0 0.0120871
1 0.0102835 0.0221017
0 0 0.0115441
0 0 0.011463
0 0 0.0112604
0 0 0.0111668
1 0.103388 0.114319
0 0 0.0106457
1 0.00838605 0.0189548
0 0 0.0103582
0 0 0.00999303
1 0.106069 0.115738
0 0 0.00966258
0 0 0.00964955
1 0.0502685 0.0597506
0 0 0.00920564
0 0 0.00868817
0 0 0.00862738
1 0.0149923 0.0235906
1 0.0192328 0.0278187
0 0 0.00857918
0 0 0.00849675
0 0 0.0083074
0 0 0.00825678
1 0.0122038 0.0202692
1 0.0209517 0.0289888
1 0.0109344 0.0188915
0 0 0.00788266
1 0.0156701 0.0234095
0 0 0.00770211
0 0 0.0076707
0 0 0.00760299
0 0 0.00756122
0 0 0.00750283
0 0 0.00747749
0 0 0.00745788
0 0 0.00741048
1 0.0443804 0.0517811
0 0 0.00718105
1 0.00714189 0.0142681
1 0.0072057 0.0143191
0 0 0.00709272
0 0 0.0070099
0 0 0.00698366
0 0 0.00692863
0 0 0.0069056
0 0 0.00678579
1 0.0125369 0.0192556
1 0.00561499 0.0123087
0 0 0.00667991
0 0 0.00658987
1 0.060027 0.0665102
0 0 0.00646212
1 0.12761 0.134047
0 0 0.00640514
1 0.0481944 0.0545861
1 0.0352346 0.0413651
0 0 0.00612208
0 0 0.00606672
0 0 0.0060229
0 0 0.00601145
1 0.0117975 0.0177321
0 0 0.00593438
1 0.0363614 0.0422765
0 0 0.00583236
1 0.0867402 0.092528
0 0 0.0057819
0 0 0.00567185
0 0 0.00563894
1 0.0166477 0.0222823
0 0 0.00562425
0 0 0.00560815
0 0 0.00557291
0 0 0.0054296
0 0 0.00531453
1 0.0859808 0.0912164
1 0.0147798 0.0200115
0 0 0.00514057
0 0 0.00511849
0 0 0.00507172
0 0 0.00497056
0 0 0.00491899
0 0 0.00485357
0 0 0.0048268
0 0 0.0047609
1 0.0155043 0.0202335
0 0 0.00471522
0 0 0.00469879
0 0 0.00463272
0 0 0.00450039
0 0 0.00448199
0 0 0.00447471
0 0 0.00444979
0 0 0.00437015
0 0 0.00432342
1 0.0129606 0.0172771
1 0.00624689 0.0105507
1 0.0667469 0.070965
0 0 0.00399753
1 0.0748515 0.0788257
0 0 0.00392022
1 0.0168676 0.0207869
2 0.0270469 0.0309376
1 0.211622 0.215509
1 0.0343859 0.0382665
1 0.00607203 0.00993123
2 0.0257186 0.0294997
0 0 0.0036953
1 0.018661 0.022352
0 0 0.00369003
1 0.0842685 0.0879081
0 0 0.00358281
0 0 0.00355582
0 0 0.00351755
0 0 0.00346481
0 0 0.00342748
1 0.0116883 0.0150912
0 0 0.00337705
1 0.0725878 0.0759433
1 0.00910028 0.0124497
1 0.00739574 0.010722
0 0 0.00331028
2 0.146074 0.149367
2 0.109935 0.11321
0 0 0.00326953
0 0 0.0032486
1 0.0709995 0.0742466
0 0 0.00319467
1 0.0180961 0.021279
1 0.0157314 0.0188968
0 0 0.00315815
0 0 0.00314796
0 0 0.00312815
1 0.0884008 0.0915049
1 0.0622068 0.0653084
1 0.0101059 0.0131967
0 0 0.00306788
0 0 0.00304717
2 0.0798267 0.0828106
2 0.019033 0.0219813
2 0.0122189 0.0151532
0 0 0.00291474
0 0 0.00291189
1 0.0285553 0.0314424
2 0.0583546 0.0612405
1 0.0349597 0.0378267
0 0 0.00284988
1 0.0065231 0.00934543
1 0.0117331 0.0145475
1 0.00539793 0.00816539
0 0 0.00276697
1 0.031282 0.0340419
0 0 0.00272319
0 0 0.00270018
0 0 0.00268589
2 0.0780318 0.0807033
0 0 0.00264753
0 0 0.00263614
0 0 0.00262243
1 0.0300212 0.0326048
0 0 0.00255467
0 0 0.00255185
2 0.0276955 0.030193
0 0 0.00247897
0 0 0.00246611
1 0.227715 0.230159
1 0.0356116 0.0380446
0 0 0.00237801
0 0 0.0023705
0 0 0.00236896
0 0 0.00236819
0 0 0.00236764
0 0 0.00234804
1 0.0159274 0.0182669
2 0.0237221 0.0260562
1 0.0363399 0.0386715
2 0.0242692 0.0265897
1 0.132421 0.134705
1 0.0411436 0.0434091
0 0 0.00223281
1 0.0791178 0.0813356
0 0 0.00221307
0 0 0.00220171
1 0.0109847 0.0130953
1 0.00612393 0.00820273
1 0.00876002 0.0108356
0 0 0.002068
0 0 0.00205612
0 0 0.00203667
1 0.0117496 0.0137799
0 0 0.00195607
1 0.0112401 0.0131954
1 0.010604 0.0125381
1 0.00792293 0.00984561
0 0 0.00190919
1 0.00648944 0.00839134
2 0.144884 0.14678
0 0 0.00185006
0 0 0.00181695
0 0 0.00181184
1 0.0155147 0.0173058
1 0.0149263 0.0167135
0 0 0.00178547
0 0 0.00178326
1 0.0107405 0.0125138
0 0 0.00177305
0 0 0.00177209
0 0 0.00177092
1 0.0116489 0.0133999
0 0 0.00174555
0 0 0.00173578
1 0.00569376 0.00742484
0 0 0.00171525
1 0.0399499 0.0416461
1 0.00919718 0.0108739
1 0.0250651 0.0267387
0 0 0.00163633
1 0.247125 0.248733
0 0 0.00159755
0 0 0.00154162
2 0.112148 0.113664
1 0.0817351 0.0832174
0 0 0.00147555
1 0.0189158 0.0203822
1 0.0147005 0.016164
1 0.0918572 0.0933192
0 0 0.00145903
2 0.138935 0.140386
1 0.00963232 0.0110635
0 0 0.00140065
1 0.0030106 0.0044068
0 0 0.00139355
2 0.0152999 0.0166573
0 0 0.00135305
1 0.0056036 0.00693519
1 0.011588 0.0129121
0 0 0.00132179
1 0.0826229 0.0839264
0 0 0.00128973
1 0.00609092 0.00736574
1 0.0698746 0.0711484
1 0.0198131 0.0210692
0 0 0.00125358
0 0 0.00125312
1 0.014251 0.015502
0 0 0.00123727
2 0.0673253 0.068558
2 0.0208166 0.0220323
0 0 0.00120659
1 0.0167402 0.0179426
0 0 0.00119043
1 0.0253069 0.0264924
2 0.0164962 0.0176785
1 0.00374363 0.00489701
1 0.295518 0.29667
0 0 0.00114645
1 0.00671987 0.00784581
1 0.0113636 0.0124859
2 0.0290275 0.0301463
1 0.0532822 0.0543864
2 0.0399832 0.0410819
0 0 0.00109813
1 0.0318672 0.0329617
1 0.00559103 0.0066854
0 0 0.00109193
1 0.0383898 0.0394713
1 0.0299979 0.031066
0 0 0.00106809
1 0.0125937 0.0136598
1 0.00838271 0.00944238
2 0.165078 0.166129
0 0 0.00104545
2 0.0279493 0.0289904
1 0.00457614 0.00561107
0 0 0.00103136
0 0 0.00102683
0 0 0.001004
0 0 0.000979522
1 0.0060207 0.00699796
1 0.00683654 0.00780567
1 0.00637968 0.00734245
1 0.00371198 0.00467093
0 0 0.000958766
1 0.00397913 0.00493231
2 0.0110712 0.0119887
1 0.00998821 0.0108871
1 0.016411 0.017306
0 0 0.000893292
0 0 0.000886661
1 0.031253 0.0321167
1 0.00710542 0.00796532
1 0.00851295 0.00936466
1 0.0114075 0.0122527
1 0.00787502 0.00871875
0 0 0.00083874
2 0.0166369 0.0174615
1 0.006226 0.0070452
0 0 0.000819111
2 0.0225594 0.0233618
0 0 0.000795188
2 0.0174278 0.0182049
1 0.0162708 0.0170456
0 0 0.000768008
1 0.00524773 0.00601477
2 0.0224352 0.0231966
1 0.0191769 0.0199373
1 0.0228368 0.0235925
1 0.0086353 0.00937514
1 0.068889 0.0696232
1 0.00241044 0.00311263
1 0.00226667 0.00296767
1 0.00671625 0.00741272
1 0.00367421 0.00433518
2 0.127139 0.127797
2 0.00909971 0.00975347
1 0.0158418 0.0164904
0 0 0.000645646
1 0.0124921 0.0131242
1 0.0057951 0.00642595
1 0.011184 0.0118067
0 0 0.000620481
1 0.0447825 0.0453913
2 0.021164 0.021767
1 0.0457842 0.0463816
1 0.0635081 0.064094
1 0.00869657 0.00927549
1 0.0196974 0.0202745
1 0.0157106 0.0162855
1 0.0142818 0.0148567
0 0 0.000569518
1 0.006285 0.0068481
2 0.131877 0.132438
1 0.0100912 0.0106459
1 0.00307 0.00362303
1 0.00190643 0.00245773
1 0.00812284 0.00866991
2 0.0196162 0.0201543
0 0 0.000537529
1 0.160573 0.161108
1 0.00615259 0.00667719
1 0.0285784 0.0290954
1 0.0234503 0.0239637
1 0.0155398 0.0160496
2 0.0202841 0.0207921
1 0.00318489 0.003681
1 0.0197605 0.0202523
2 0.149782 0.150271
1 0.00214603 0.00263289
1 0.00314455 0.00362517
1 0.125373 0.125851
2 0.0695371 0.0700121
2 0.112375 0.112847
1 0.00398779 0.00445848
2 0.00688888 0.00735264
2 0.0228688 0.0233238
1 0.0156856 0.0161384
1 0.0110956 0.0115366
1 0.00842471 0.00886463
1 0.221162 0.221594
2 0.0131852 0.0136
1 0.0165953 0.0169975
1 0.0146279 0.0150296
1 0.0384569 0.0388583
1 0.00226118 0.00266128
1 0.0167139 0.0171062
2 0.249677 0.250065
1 0.114965 0.11535
2 0.0190846 0.0194603
0 0 0.000369536
1 0.0131787 0.0135461
1 0.0861633 0.0865305
1 0.0269916 0.0273572
1 0.0972091 0.0975713
1 0.0208591 0.0212191
1 0.00276343 0.00312329
2 0.0184254 0.0187662
2 0.29737 0.297707
1 0.0317662 0.0321015
1 0.00660996 0.00694245
1 0.00621362 0.00654388
1 0.00624043 0.00656985
2 0.0722951 0.0726123
2 0.126207 0.126524
0 0 0.000314837
1 0.129682 0.129992
2 0.0123721 0.012679
1 0.0126168 0.0129226
2 0.0271111 0.0274085
2 0.0178058 0.0181
1 0.147701 0.147989
1 0.0306867 0.0309684
1 0.101006 0.101284
1 0.0205181 0.0207948
1 0.0024423 0.00271713
1 0.0048033 0.00506573
2 0.0210664 0.0213276
1 0.0175428 0.0178027
1 0.00622309 0.00648144
1 0.00715706 0.00741163
1 0.0136423 0.0138964
1 0.00778362 0.00803482
1 0.091494 0.0917428
1 0.0491776 0.0494246
1 0.0012152 0.00144895
2 0.0167521 0.016976
1 0.00592647 0.00614814
1 0.00926525 0.00948655
1 0.00299759 0.00321472
1 0.0585291 0.0587427
1 0.00661134 0.00681836
2 0.110025 0.110227
2 0.00735631 0.00755275
2 0.0226444 0.0228394
2 0.00986015 0.010054
1 0.00568613 0.00587894
2 0.0077811 0.00797352
2 0.0249184 0.025106
2 0.103045 0.103233
1 0.0202772 0.0204612
1 0.00431258 0.00449649
1 0.20839 0.208569
1 0.0122708 0.0124445
2 0.01255 0.0127216
1 0.0142041 0.0143711
1 0.0151052 0.0152722
1 0.0036747 0.00384027
1 0.0169023 0.017061
1 0.122981 0.123131
2 0.0163739 0.0165241
2 0.0150377 0.0151822
1 0.00772484 0.0078686
1 0.00381802 0.00396093
2 0.0201748 0.0203165
2 0.015451 0.0155924
1 0.0165733 0.0167142
1 0.0332735 0.0334138
1 0.00676751 0.00690674
0 0 0.000135597
1 0.0071183 0.00725308
1 0.103488 0.103621
2 0.0377471 0.0378799
2 0.0175132 0.0176454
1 0.0113476 0.0114797
1 0.00758153 0.00771314
1 0.00281682 0.00294414
1 0.00495619 0.0050773
1 0.0121463 0.0122667
2 0.0205202 0.0206396
2 0.110634 0.110753
1 0.00116304 0.00128167
1 0.00269658 0.00281094
2 0.0163586 0.0164724
1 0.0151114 0.0152189
1 0.00745198 0.00755639
1 0.0118626 0.0119636
1 0.0186465 0.0187449
2 0.0286669 0.028764
1 0.02753 0.0276264
1 0.0201584 0.020251
2 0.00339298 0.00348389
1 0.00288508 0.00297463
1 0.00832111 0.00840896
1 0.00221987 0.00230522
1 0.00540657 0.00549182
1 0.0100266 0.0101108
1 0.0238944 0.0239768
1 0.0018167 0.00189906
1 0.0196558 0.0197371
1 0.0194003 0.0194815
1 0.0212072 0.0212869
2 0.0211859 0.0212633
1 0.00262468 0.00270204
2 0.0086748 0.0087506
2 0.00886896 0.00894364
2 0.0578797 0.057954
1 0.0556514 0.0557247
2 0.020928 0.0210013
1 0.0127817 0.0128538
1 0.00469189 0.00476261
1 0.00326978 0.00333862
1 0.118956 0.119025
2 0.0110739 0.0111346
2 0.00313026 0.00318859
2 0.002746 0.00280172
1 0.0173359 0.0173914
1 0.00778309 0.00783854
1 0.00728114 0.00733482
1 0.00582743 0.0058806
2 0.0149912 0.0150439
1 0.0154262 0.015478
1 0.0033193 0.00337095
1 0.0323558 0.0324046
2 0.0249804 0.0250279
1 0.00650975 0.00655459
2 0.111916 0.111959
1 0.0103216 0.0103626
1 0.00350345 0.00354399
2 0.263709 0.263749
1 0.0129289 0.0129681
1 0.00135641 0.00139415
1 0.00796989 0.00800591
1 0.00408868 0.00412464
1 0.124817 0.124853
2 0.115683 0.115718
1 0.0072647 0.00729972
1 0.12586 0.125895
1 0.00645767 0.00649169
2 0.0271726 0.0272061
1 0.0180583 0.0180915
1 0.0134826 0.0135149
2 0.0225307 0.0225621
2 0.0825792 0.08261
2 0.00363474 0.00366505
1 0.00508174 0.00510929
2 0.00750935 0.00753475
2 0.101527 0.101552
1 0.00507695 0.00510204
1 0.0305888 0.0306138
1 0.00970951 0.0097344
2 0.0134006 0.0134248
2 0.0455114 0.0455349
1 0.244714 0.244737
1 0.0374111 0.0374338
2 0.0174707 0.0174928
1 0.00968196 0.00970401
1 0.0135585 0.0135805
2 0.0202427 0.0202642
1 0.00851483 0.0085363
2 0.00567165 0.00569123
1 0.0120846 0.0121037
2 0.00755058 0.00756953
1 0.0172337 0.0172523
1 0.00415455 0.0041728
1 0.0112555 0.0112732
1 0.142904 0.142921
2 0.0112677 0.011284
2 0.00829497 0.00831101
2 0.0189982 0.0190131
1 0.0122529 0.0122674
2 0.0375706 0.037585
2 0.0232798 0.0232936
1 0.0118428 0.0118559
2 0.0135487 0.0135615
1 0.00583412 0.00584643
1 0.00972727 0.00973899
1 0.00133083 0.00134221
2 0.0166387 0.0166496
2 0.021748 0.0217588
2 0.0156939 0.0157041
2 0.0166346 0.0166448
1 0.0128517 0.0128616
1 0.00993696 0.00994677
1 0.044982 0.0449916
2 0.108238 0.108247
2 0.0175052 0.0175132
2 0.0183323 0.01834
2 0.0265825 0.0265894
1 0.013257 0.0132638
2 0.0123821 0.0123888
2 0.130558 0.130565
2 0.150348 0.150354
1 0.00358651 0.00359301
1 0.0175319 0.0175378
1 0.00978441 0.00978969
1 0.00309051 0.00309576
1 0.0373529 0.037358
1 0.0107447 0.0107495
1 0.0130405 0.013045
1 0.00565511 0.00565958
2 0.136412 0.136416
1 0.0190316 0.0190357
1 0.0147423 0.0147463
2 0.045609 0.0456126
1 0.010678 0.0106812
1 0.00393624 0.00393905
2 0.256976 0.256979
1 0.0127788 0.0127814
1 0.00553949 0.00554195
1 0.0282636 0.028266
2 0.30297 0.302973
2 0.00858601 0.00858794
2 0.00380689 0.00380816
2 0.0202626 0.0202638
1 0.0101123 0.0101135
1 0.00845422 0.0084554
1 0.0049112 0.00491227
1 0.049039 0.04904
1 0.0723255 0.0723263
1 0.0141402 0.0141409
2 0.0135738 0.0135743
2 0.029737 0.0297375
1 0.0118544 0.0118548
2 0.0122867 0.0122871
1 0.0250835 0.0250839
2 0.0159845 0.0159848
1 0.00407034 0.00407064
2 0.00872711 0.0087273
1 0.0223748 0.022375
1 0.0166029 0.016603
2 0.150316 0.150316
2 0.12896 0.12896
