0 0 inf
1 0.168443 0.330815
1 0.107294 0.240661
0 0 0.10076
1 0.0209426 0.0891855
0 0 0.0646563
0 0 0.0475169
1 0.0465893 0.0930251
0 0 0.0453601
0 0 0.0404869
0 0 0.0402319
0 0 0.0360356
0 0 0.0353338
0 0 0.0302917
0 0 0.0283401
1 0.126447 0.151995
0 0 0.0255221
1 0.0510081 0.0758645
0 0 0.0240924
0 0 0.0235933
1 0.0712778 0.0944136
0 0 0.0225089
0 0 0.0218841
0 0 0.0201994
1 0.026032 0.0458745
0 0 0.0195346
0 0 0.0190949
0 0 0.0182568
0 0 0.0175449
0 0 0.017014
0 0 0.016527
0 0 0.0156997
0 0 0.0155664
0 0 0.0151382
0 0 0.0149361
0 0 0.0146042
0 0 0.014573
1 0.208956 0.223345
0 0 0.0136423
0 0 0.0115734
0 0 0.0115202
0 0 0.0114765
1 0.0342069 0.0450774
2 0.115374 0.1254
1 0.0608976 0.0708782
1 0.0205608 0.0303547
0 0 0.00962849
0 0 0.00958188
0 0 0.00956866
0 0 0.00953616
0 0 0.00943489
0 0 0.0092181
0 0 0.00866277
0 0 0.00835303
1 0.0189189 0.0272137
0 0 0.00802007
0 0 0.0080184
0 0 0.00793021
1 0.214834 0.222648
0 0 0.00770814
0 0 0.00769785
0 0 0.00767484
0 0 0.00758129
0 0 0.00754021
0 0 0.0075119
1 0.0440688 0.0515671
1 0.00979632 0.0171805
0 0 0.00712324
0 0 0.00703853
0 0 0.00691066
2 0.0764437 0.0833087
0 0 0.00685788
0 0 0.00661761
1 0.00691401 0.0134142
1 0.0354099 0.0418927
0 0 0.00645061
0 0 0.00616814
1 0.105103 0.111192
0 0 0.00597751
1 0.00563736 0.0115475
1 0.0622275 0.06808
0 0 0.00559434
0 0 0.0055921
0 0 0.00558134
1 0.01518 0.0207221
0 0 0.00553149
1 0.0358383 0.0412853
0 0 0.0054237
1 0.0140161 0.0191651
0 0 0.00509437
0 0 0.0049711
0 0 0.00493867
0 0 0.00485879
1 0.0148161 0.019608
0 0 0.00478823
1 0.0121614 0.0169415
0 0 0.00475783
0 0 0.00474792
0 0 0.0047263
0 0 0.00469512
1 0.0102364 0.0148642
0 0 0.00459886
0 0 0.00452524
1 0.00778627 0.0122824
0 0 0.0044658
0 0 0.00442879
1 0.0120095 0.0164054
0 0 0.00429589
1 0.00672223 0.0109728
0 0 0.00422677
1 0.0438763 0.0480701
1 0.0266712 0.030859
1 0.0274926 0.0316646
0 0 0.00409217
0 0 0.00405801
0 0 0.00404865
0 0 0.00404179
0 0 0.00394396
0 0 0.00381402
1 0.0412118 0.0449809
1 0.0722426 0.0759438
1 0.0708174 0.0745111
1 0.0268793 0.030568
0 0 0.00363806
1 0.0175781 0.0211723
1 0.00600053 0.00958631
0 0 0.00356928
0 0 0.00349389
0 0 0.00343601
0 0 0.00343129
0 0 0.00342522
1 0.0170227 0.0204094
1 0.00794915 0.011301
1 0.0130878 0.0163744
0 0 0.00323449
0 0 0.00318682
0 0 0.00317994
1 0.135858 0.13903
0 0 0.00315806
0 0 0.00314878
0 0 0.00313979
1 0.091896 0.0949789
1 0.0632727 0.0663532
0 0 0.00303479
0 0 0.00302462
1 0.0190515 0.0220221
0 0 0.00291483
1 0.0275356 0.0304357
0 0 0.00282895
0 0 0.00281179
0 0 0.00280529
1 0.0113712 0.0141763
1 0.00806029 0.0108589
0 0 0.00279805
0 0 0.00278418
1 0.00457801 0.00731865
0 0 0.00273476
0 0 0.00270358
1 0.0193208 0.0220066
1 0.00967893 0.0123612
0 0 0.00265152
0 0 0.00264648
0 0 0.00258897
0 0 0.0025235
0 0 0.00251804
0 0 0.00248226
0 0 0.00248146
0 0 0.00245462
0 0 0.00245001
0 0 0.00241537
0 0 0.00241277
0 0 0.0024093
0 0 0.00233229
0 0 0.00232307
1 0.0661611 0.0684539
0 0 0.00223479
0 0 0.00223155
0 0 0.00219582
0 0 0.0021942
0 0 0.00217949
0 0 0.002171
2 0.0463835 0.0485382
2 0.0237281 0.0258375
0 0 0.00210885
1 0.018667 0.0207518
0 0 0.0020823
1 0.0243634 0.0264452
1 0.0133697 0.0154008
0 0 0.00200939
0 0 0.00200087
1 0.00713818 0.00913385
1 0.0238876 0.0258762
0 0 0.00198834
0 0 0.00188708
0 0 0.00186731
0 0 0.0018645
0 0 0.00186329
0 0 0.00185208
1 0.0166073 0.0184559
0 0 0.00182552
2 0.0124372 0.0142338
0 0 0.0017739
0 0 0.00175602
1 0.0359077 0.0376582
0 0 0.00174418
2 0.0435878 0.0453293
0 0 0.00171522
1 0.0068889 0.00859716
1 0.00326245 0.00496482
0 0 0.00170054
0 0 0.00169782
2 0.149226 0.150923
0 0 0.00163763
1 0.0219037 0.0235322
0 0 0.00158681
0 0 0.00154426
0 0 0.00154287
0 0 0.00151117
0 0 0.00149772
1 0.00394103 0.00543053
0 0 0.00148229
0 0 0.0014816
1 0.195614 0.197085
0 0 0.0014676
1 0.0943696 0.0958132
0 0 0.0014129
1 0.00371183 0.00512454
1 0.00590207 0.00730838
1 0.00976819 0.0111593
1 0.0219162 0.0233062
0 0 0.0013893
0 0 0.00138305
0 0 0.00136262
2 0.0148705 0.0162219
0 0 0.00132579
1 0.0373733 0.0386842
1 0.006261 0.00756213
1 0.014249 0.0155361
2 0.0207035 0.0219774
0 0 0.00125696
1 0.0509361 0.052187
1 0.00712591 0.00836855
1 0.0125829 0.0138089
0 0 0.00121936
1 0.0193246 0.0205401
1 0.0119958 0.0132104
0 0 0.00120629
2 0.0148682 0.0160593
1 0.0136941 0.014867
0 0 0.00117177
1 0.0949721 0.0961336
0 0 0.00116099
1 0.00512146 0.0062804
0 0 0.00115724
1 0.00900056 0.0101548
1 0.0103079 0.0114581
1 0.0116988 0.0128481
1 0.00644793 0.00758197
1 0.00291687 0.00402272
0 0 0.00110084
0 0 0.00109577
0 0 0.00109175
1 0.00260828 0.00369998
0 0 0.00103199
0 0 0.00102194
0 0 0.00101885
0 0 0.001012
0 0 0.001005
1 0.00551655 0.00651885
0 0 0.000996221
1 0.00387814 0.00485675
0 0 0.000967518
0 0 0.000966925
0 0 0.000963293
0 0 0.00096033
1 0.00521777 0.00615759
0 0 0.000934745
2 0.0244701 0.0254038
0 0 0.000920927
1 0.0106833 0.0115883
1 0.0143002 0.0152049
0 0 0.000901376
0 0 0.000887646
0 0 0.00088486
1 0.00313053 0.00400532
1 0.0920855 0.0929595
1 0.0524852 0.053356
1 0.0134831 0.0143523
1 0.00196189 0.00282711
1 0.00391552 0.00477952
1 0.015508 0.0163678
1 0.0097531 0.010612
0 0 0.00084398
1 0.00982763 0.0106686
1 0.0927946 0.0936316
1 0.0129986 0.0138217
1 0.0161673 0.0169899
0 0 0.000821308
2 0.0721412 0.0729598
2 0.0244575 0.0252619
0 0 0.000790047
0 0 0.000785042
0 0 0.00078126
1 0.0284571 0.0292259
1 0.0111034 0.0118591
0 0 0.000753404
1 0.0127146 0.0134675
0 0 0.00074341
0 0 0.000732642
1 0.0384896 0.0392221
1 0.0184227 0.0191451
1 0.00287782 0.00359855
1 0.0172139 0.0179301
0 0 0.000712737
1 0.00420774 0.004895
1 0.0750896 0.0757696
1 0.0434585 0.0441386
2 0.0133075 0.013979
1 0.00423624 0.00489473
1 0.00659376 0.00724953
0 0 0.000651933
1 0.0119196 0.0125445
0 0 0.000607083
1 0.0235553 0.0241605
1 0.0256097 0.026214
1 0.00382719 0.00441393
2 0.141083 0.141666
2 0.00946901 0.0100502
2 0.008006 0.00857422
1 0.00651631 0.00708401
1 0.00531176 0.00587467
2 0.0198474 0.0203957
1 0.0694795 0.0700191
2 0.221085 0.221623
1 0.00625233 0.00678684
1 0.0043887 0.00491799
1 0.00309667 0.00361283
1 0.0139511 0.0144647
1 0.00445402 0.00496187
0 0 0.000499779
1 0.008025 0.00852378
1 0.00354376 0.00404145
2 0.0253496 0.025835
0 0 0.000468631
1 0.00287852 0.00333488
2 0.0160945 0.0165339
1 0.0200834 0.0205225
1 0.0721277 0.0725611
1 0.0284439 0.0288576
1 0.00826117 0.0086684
2 0.0185224 0.0189288
1 0.0143934 0.0147979
1 0.0101194 0.0105061
1 0.0234896 0.0238676
1 0.00939492 0.00977028
1 0.00295407 0.00332808
1 0.0173113 0.0176832
1 0.0152474 0.0156101
0 0 0.000362711
1 0.00209417 0.00245683
1 0.0110706 0.0114281
0 0 0.000356569
1 0.00361106 0.00396458
1 0.0120547 0.012395
1 0.00260198 0.00293629
1 0.0215509 0.0218778
1 0.00536342 0.00568617
1 0.00229342 0.00261426
2 0.141157 0.141474
1 0.00660362 0.00691779
1 0.00102493 0.00133837
1 0.00263123 0.00293695
2 0.0304966 0.0307965
1 0.14774 0.148039
2 0.021097 0.0213961
1 0.0820053 0.0823044
1 0.00909341 0.00938993
2 0.00498803 0.00528416
0 0 0.000295415
2 0.0756089 0.0759011
1 0.0027689 0.00305508
1 0.00325348 0.00353873
1 0.00129113 0.00157491
2 0.0169338 0.0172105
1 0.0454491 0.0457253
1 0.0425744 0.0428467
1 0.0011511 0.00141959
1 0.0163758 0.016643
1 0.0191847 0.0194518
2 0.0244428 0.0247068
1 0.0129253 0.0131843
1 0.00453453 0.00479339
1 0.002263 0.00252161
1 0.00164764 0.00190269
2 0.02222 0.0224676
1 0.00126002 0.00150196
1 0.0467967 0.0470322
1 0.00399977 0.00422073
1 0.00362977 0.00384663
1 0.017162 0.0173764
1 0.0125679 0.0127797
2 0.023702 0.0239115
1 0.00676181 0.00696817
1 0.00267739 0.00287832
1 0.00593121 0.00613186
0 0 0.000199775
1 0.0025512 0.00274765
2 0.00495887 0.00515455
1 0.0130487 0.0132413
1 0.00208566 0.00227374
2 0.0179625 0.0181497
1 0.00403861 0.00422266
2 0.013879 0.0140628
1 0.0047291 0.00491232
2 0.145238 0.145421
2 0.00587183 0.00605367
1 0.0159805 0.0161579
1 0.0157619 0.0159336
1 0.00197315 0.00214182
1 0.00149982 0.00166293
2 0.00966214 0.00982242
1 0.0039687 0.0041286
1 0.0202359 0.0203949
1 0.00304047 0.00319921
1 0.0167299 0.016884
1 0.0795711 0.079719
2 0.026671 0.0268181
1 0.0098384 0.00998338
1 0.119705 0.11985
1 0.0118825 0.0120263
1 0.0031013 0.00324502
1 0.00431315 0.00445457
1 0.0712162 0.0713575
1 0.00463652 0.00477532
1 0.00122253 0.00136016
1 0.00631072 0.00644764
2 0.040244 0.0403801
1 0.0869242 0.0870586
1 0.0136111 0.013741
2 0.00547499 0.00560447
1 0.00216695 0.00229306
1 0.00192947 0.00205344
2 0.0190411 0.0191646
1 0.00636458 0.00648705
2 0.00159635 0.0017179
1 0.0361119 0.0362321
1 0.0150272 0.0151443
1 0.00356205 0.00367075
1 0.00563834 0.00573886
0 0 9.93592e-05
2 0.0221096 0.0222082
1 0.00229867 0.00239668
1 0.0106986 0.010791
1 0.00412862 0.00422027
2 0.0454486 0.0455355
2 0.00295384 0.00303978
1 0.00180835 0.00188989
2 0.0242353 0.0243167
2 0.0201793 0.0202591
1 0.0136626 0.013739
1 0.0162129 0.0162875
1 0.00787899 0.00795335
1 0.0060994 0.00617374
1 0.00229423 0.00236733
1 0.0124386 0.0125117
1 0.00361364 0.00368488
1 0.0400594 0.0401305
1 0.0213843 0.0214546
2 0.00659688 0.00666674
0 0 6.95468e-05
1 0.0154325 0.0154988
1 0.016742 0.0168064
2 0.0211144 0.0211766
1 0.0158847 0.0159458
2 0.0348553 0.0349129
2 0.00431542 0.0043705
1 0.0047696 0.00482388
1 0.00321026 0.00326294
1 0.00386113 0.00391214
1 0.0210795 0.0211298
1 0.00686845 0.00691735
1 0.00451177 0.00456043
2 0.00424872 0.00429657
1 0.00518068 0.00522182
1 0.00844341 0.00848439
1 0.0280015 0.0280418
1 0.0515145 0.0515544
1 0.0147539 0.0147926
1 0.017066 0.0171043
1 0.00274107 0.00277893
2 0.0530198 0.0530566
1 0.00865819 0.00869448
1 0.00156755 0.00160183
1 0.0200702 0.0201041
1 0.0203516 0.0203843
2 0.0115568 0.0115886
2 0.00373181 0.00376151
1 0.0100916 0.0101189
1 0.0732454 0.0732708
2 0.00428715 0.00431004
2 0.345035 0.345058
2 0.0218454 0.0218673
2 0.0154108 0.0154323
1 0.00411508 0.00413632
2 0.00432018 0.0043414
1 0.00217295 0.00219409
2 0.0167163 0.0167374
1 0.0599301 0.0599509
1 0.0105256 0.0105464
1 0.0128938 0.0129144
1 0.00561122 0.00563177
1 0.0119027 0.0119225
1 0.00131022 0.00132995
1 0.0108312 0.0108509
1 0.00649601 0.00651398
2 0.0686658 0.0686823
1 0.00690042 0.00691692
1 0.00550155 0.00551767
2 0.0059677 0.00598349
1 0.0105632 0.010579
1 0.0144745 0.0144893
1 0.00251143 0.00252585
1 0.0599169 0.0599308
1 0.00342192 0.00343536
1 0.0111522 0.0111655
1 0.0157665 0.0157793
2 0.412279 0.412292
2 0.00988637 0.00989815
2 0.0158543 0.0158655
1 0.00203562 0.00204619
2 0.0221595 0.0221697
2 0.0171488 0.0171588
1 0.0118283 0.0118379
1 0.00243133 0.00244078
2 0.00442946 0.0044388
2 0.0169918 0.0170012
1 0.0182181 0.0182273
2 0.0793734 0.0793822
1 0.0729897 0.0729978
2 0.0940463 0.094054
2 0.149968 0.149975
2 0.0944743 0.0944807
1 0.171714 0.17172
2 0.0125113 0.0125176
1 0.00485529 0.00486153
2 0.0111971 0.0112032
2 0.0134989 0.0135049
2 0.00538288 0.00538876
2 0.0131154 0.013121
2 0.014126 0.0141313
2 0.0052452 0.00525015
1 0.0029755 0.00297962
1 0.00766283 0.00766689
2 0.00415226 0.00415598
1 0.00675175 0.00675523
2 0.0187928 0.0187952
2 0.0069271 0.00692929
2 0.0042498 0.00425182
2 0.00576926 0.00577107
2 0.0171095 0.0171112
2 0.00522598 0.0052275
1 0.00339049 0.00339167
2 0.0131835 0.0131845
1 0.00947678 0.00947766
1 0.0182535 0.0182543
1 0.00246548 0.00246603
2 0.0170493 0.0170496
1 0.00294205 0.00294237
1 0.00282373 0.00282398
1 0.00548053 0.00548077
2 0.0524708 0.052471
2 0.0147975 0.0147977
2 0.00489395 0.00489412
1 0.0125108 0.0125108
1 0.0030415 0.00304154
2 0.0151961 0.0151962
2 0.0210868 0.0210868
2 0.0800455 0.0800455
1 0.0519317 0.0519317
