0 0 inf
1 0.0834967 0.243297
0 0 0.069262
0 0 0.0667654
0 0 0.0632565
0 0 0.0609927
0 0 0.0598347
0 0 0.0530036
1 0.0204682 0.0722425
0 0 0.0499654
1 0.0589584 0.106836
1 0.216005 0.259384
0 0 0.0433574
0 0 0.0424404
0 0 0.0392713
0 0 0.0380877
0 0 0.034664
0 0 0.0345635
0 0 0.0328371
0 0 0.0303363
1 0.0170017 0.0454542
0 0 0.0283483
0 0 0.0282764
0 0 0.0263918
0 0 0.0256518
0 0 0.0248353
1 0.0436252 0.0674261
1 0.0311471 0.0536656
0 0 0.0223339
0 0 0.0222825
1 0.0456455 0.0676581
0 0 0.0216093
0 0 0.0214458
0 0 0.020078
1 0.0419809 0.0618113
0 0 0.0193007
0 0 0.0187323
0 0 0.0186635
0 0 0.0180843
1 0.0310642 0.0487768
1 0.063682 0.0810497
1 0.0422501 0.0591831
0 0 0.0169067
0 0 0.0164562
0 0 0.0163175
0 0 0.0158252
0 0 0.0142059
1 0.0486334 0.0626366
1 0.0557877 0.0696923
2 0.123349 0.136586
1 0.0358709 0.0488663
0 0 0.0129276
1 0.258645 0.271272
0 0 0.0121761
0 0 0.011469
1 0.246694 0.257894
1 0.117386 0.128291
1 0.057578 0.0684279
0 0 0.0102179
1 0.045452 0.0553885
0 0 0.00990068
0 0 0.0096478
0 0 0.00950178
0 0 0.00941591
1 0.051356 0.060564
1 0.053214 0.0623852
0 0 0.00909461
0 0 0.00907749
0 0 0.00884108
0 0 0.00860295
0 0 0.00850062
1 0.0601112 0.0685741
0 0 0.00838258
0 0 0.00826718
0 0 0.00821819
0 0 0.00811709
0 0 0.00795179
0 0 0.00786328
1 0.0412672 0.0489004
0 0 0.00737933
0 0 0.00730469
0 0 0.00728502
1 0.11586 0.123106
0 0 0.00713127
0 0 0.00709605
0 0 0.00691404
1 0.027541 0.0342306
0 0 0.00664852
0 0 0.00658631
0 0 0.0065276
0 0 0.00652187
1 0.00450043 0.0109907
1 0.0283665 0.0346977
1 0.0125912 0.0189094
0 0 0.00631606
0 0 0.00626077
0 0 0.00590339
0 0 0.00570872
1 0.0351847 0.0407918
0 0 0.00550049
0 0 0.00540581
0 0 0.00532383
0 0 0.00529411
0 0 0.00524575
0 0 0.00521991
1 0.023699 0.0286188
0 0 0.00475257
0 0 0.00472918
1 0.0741705 0.0787588
1 0.00632905 0.0109143
0 0 0.00457188
2 0.058324 0.0628724
0 0 0.00453277
0 0 0.00449833
1 0.109564 0.114034
1 0.00969706 0.014161
0 0 0.00438656
0 0 0.00427805
1 0.0245165 0.0287495
0 0 0.00420591
0 0 0.00416085
1 0.0447258 0.0488237
0 0 0.00402987
0 0 0.00399133
0 0 0.00396296
0 0 0.00392518
1 0.0320966 0.035977
0 0 0.00386583
0 0 0.00384212
0 0 0.00383674
1 0.0171394 0.0209273
1 0.0307643 0.0345484
0 0 0.00377262
0 0 0.00374093
0 0 0.00373879
0 0 0.00370737
0 0 0.0035932
1 0.00959358 0.01318
0 0 0.00356465
0 0 0.00356236
1 0.00408895 0.00760569
1 0.0485113 0.051992
1 0.00540156 0.00887387
0 0 0.00343093
0 0 0.00342398
1 0.218207 0.221624
1 0.0282927 0.0316357
0 0 0.00330504
1 0.15439 0.157678
0 0 0.00328005
0 0 0.00326534
1 0.0316132 0.0348549
0 0 0.003196
0 0 0.00313248
2 0.111813 0.114916
0 0 0.00307692
0 0 0.00306991
0 0 0.00301664
0 0 0.00295424
1 0.0579845 0.0609285
1 0.107837 0.110756
0 0 0.00289133
0 0 0.00280082
0 0 0.00279656
0 0 0.00279002
1 0.00688233 0.00966083
1 0.234442 0.237185
0 0 0.00273752
2 0.352174 0.354902
0 0 0.0025715
1 0.00540324 0.00796277
0 0 0.00254334
0 0 0.00252202
0 0 0.00251481
0 0 0.00250426
0 0 0.00245322
1 0.00474521 0.00719367
1 0.0231179 0.0255122
0 0 0.00238841
0 0 0.00234493
1 0.0668081 0.0691506
0 0 0.00231165
0 0 0.00230862
1 0.00569042 0.00799768
2 0.0754949 0.0777736
1 0.0254927 0.0277684
1 0.00414544 0.00639614
1 0.0047547 0.00700022
1 0.0426356 0.0448043
1 0.00541297 0.0075596
0 0 0.00214497
0 0 0.00214262
0 0 0.00211444
1 0.00613417 0.00824319
1 0.0347008 0.036758
0 0 0.00203383
1 0.00779063 0.00982392
0 0 0.00203176
1 0.0223651 0.0243702
0 0 0.00198757
1 0.0034317 0.00540451
0 0 0.00195471
1 0.00409244 0.00603688
0 0 0.00193377
1 0.00740208 0.00932501
1 0.0115182 0.0134341
0 0 0.00191359
0 0 0.0018945
0 0 0.00185059
0 0 0.00184451
1 0.00345419 0.0052836
0 0 0.00177379
0 0 0.00176662
1 0.00920069 0.010966
1 0.0123454 0.0140961
1 0.00920595 0.0109424
1 0.0248975 0.0266051
0 0 0.00170177
0 0 0.0016991
0 0 0.00168068
0 0 0.00166643
0 0 0.00166324
1 0.00348445 0.0051395
1 0.0183 0.019934
0 0 0.00163103
0 0 0.0016274
1 0.0555849 0.057186
0 0 0.00158989
1 0.01022 0.011797
0 0 0.0015761
0 0 0.00156938
0 0 0.00156668
0 0 0.00154653
1 0.163786 0.165326
2 0.0650275 0.0665317
1 0.0041804 0.0056821
1 0.0683635 0.0698598
1 0.0678824 0.069368
1 0.00931728 0.0107896
0 0 0.00147161
0 0 0.0014582
0 0 0.00145138
1 0.0461978 0.0476411
1 0.00692856 0.00834535
0 0 0.00139796
0 0 0.00139659
0 0 0.00137897
1 0.00988824 0.0112587
1 0.0119083 0.0132639
0 0 0.00134084
1 0.0918674 0.0931984
1 0.00489767 0.00621527
0 0 0.00127344
1 0.0097254 0.0109976
0 0 0.0012632
0 0 0.00125844
1 0.00710291 0.00835423
1 0.00778425 0.00903038
1 0.00360877 0.00484388
0 0 0.0012231
1 0.00684099 0.00805053
0 0 0.0012085
0 0 0.00118938
0 0 0.00117189
0 0 0.0011625
0 0 0.00115592
0 0 0.00113503
2 0.0107871 0.0119037
1 0.00417992 0.00527601
0 0 0.00108861
1 0.0166225 0.0177074
0 0 0.00107856
0 0 0.00107672
0 0 0.0010605
1 0.00608784 0.00714079
1 0.00428698 0.00532305
0 0 0.00103418
0 0 0.00103294
1 0.0177735 0.0187939
2 0.0112473 0.0122544
1 0.00378963 0.00478552
1 0.0342996 0.0352952
0 0 0.000978587
1 0.00523455 0.0062131
1 0.00966121 0.0106327
0 0 0.000965104
1 0.00189991 0.00286463
1 0.00277183 0.00373363
1 0.00384761 0.00480616
1 0.00223088 0.00318013
1 0.00810805 0.00903104
1 0.00689846 0.00782119
0 0 0.000922407
1 0.00360548 0.00452615
2 0.0535929 0.0545098
0 0 0.000903142
1 0.00795987 0.00886289
0 0 0.000899103
1 0.037654 0.0385489
1 0.00516266 0.00605573
1 0.0661549 0.0670459
0 0 0.000887608
1 0.00416073 0.00504436
0 0 0.000875148
0 0 0.000867679
0 0 0.000863995
1 0.00430036 0.00515337
1 0.00578993 0.00661339
1 0.0364085 0.0372308
1 0.00726757 0.00808129
0 0 0.000805467
2 0.353644 0.354448
1 0.00842653 0.00922763
1 0.00453171 0.00532246
1 0.0200775 0.0208542
0 0 0.000769578
1 0.0280795 0.0288482
1 0.00730027 0.00806338
1 0.017418 0.0181794
1 0.00449063 0.00523999
1 0.0116273 0.012374
0 0 0.000734561
2 0.011542 0.0122601
0 0 0.000717515
1 0.00407344 0.00478751
1 0.0094687 0.0101776
1 0.00217706 0.00286991
1 0.0065148 0.00718465
1 0.107457 0.108125
1 0.00632641 0.0069876
0 0 0.000661012
1 0.00384542 0.00450067
0 0 0.000652363
1 0.00592012 0.00656576
0 0 0.000637507
1 0.025696 0.0263286
1 0.00402362 0.0046493
1 0.00726315 0.00788376
0 0 0.000611055
1 0.0643758 0.064983
0 0 0.00059253
1 0.339243 0.339835
2 0.0234532 0.0240354
1 0.0452029 0.0457795
2 0.340078 0.340653
1 0.0099875 0.0105588
1 0.00484467 0.00540461
1 0.0312167 0.0317705
0 0 0.000541921
1 0.0182553 0.0187868
1 0.0175086 0.0180378
1 0.00826187 0.00878686
1 0.109506 0.110025
1 0.0100209 0.0105239
0 0 0.000501479
0 0 0.000500209
1 0.061271 0.0617653
1 0.015184 0.0156771
1 0.0127757 0.0132616
1 0.0117389 0.0122238
2 0.0112414 0.0117255
1 0.0373198 0.0377993
1 0.0149015 0.0153557
2 0.0415564 0.0420099
1 0.00481668 0.00526871
0 0 0.000447118
1 0.0711483 0.0715925
1 0.0456505 0.0460936
2 0.0166123 0.0170431
1 0.0516981 0.0521279
1 0.00738779 0.00780694
1 0.0053433 0.00576222
2 0.00539004 0.00580824
2 0.123857 0.124274
0 0 0.000416585
1 0.0127874 0.0132029
2 0.00700041 0.00741021
1 0.00656002 0.00696324
1 0.0362987 0.0367015
1 0.00862583 0.00902828
1 0.0352 0.0356009
2 0.106968 0.107364
1 0.00646892 0.00685863
1 0.00208897 0.00247762
1 0.00397842 0.00436563
1 0.00591839 0.00630453
2 0.0629345 0.0633175
1 0.0617435 0.0621218
1 0.00335749 0.00373534
1 0.0999987 0.100374
2 0.0236217 0.0239962
1 0.00541905 0.00579357
1 0.0615879 0.0619624
1 0.00940429 0.00977464
0 0 0.000355275
1 0.00343769 0.00378248
1 0.0462192 0.0465628
2 0.00989024 0.0102321
2 0.00739555 0.00773202
1 0.117946 0.11828
1 0.0096684 0.0100024
1 0.0576681 0.0579969
1 0.00327314 0.0035993
1 0.00131615 0.0016411
2 0.184419 0.184739
1 0.00970683 0.0100239
2 0.00866039 0.00897476
1 0.00496541 0.00527511
1 0.15782 0.158125
1 0.00460969 0.00490442
1 0.0025516 0.00283934
2 0.0211028 0.0213883
1 0.00520222 0.00548427
1 0.00795669 0.00823715
2 0.0118166 0.0120969
1 0.00125048 0.00153034
1 0.112198 0.112463
1 0.00252298 0.00278603
1 0.0100775 0.0103397
1 0.0113163 0.0115765
1 0.0014383 0.00169316
1 0.00168384 0.00193862
1 0.00763033 0.00788372
1 0.00163237 0.00188437
0 0 0.000249311
1 0.00756817 0.00781703
1 0.0444579 0.0447043
2 0.0417121 0.0419556
1 0.0136599 0.0139023
2 0.0321605 0.0324018
2 0.00838517 0.00862181
2 0.00402398 0.00425932
2 0.014944 0.0151791
2 0.0107547 0.010985
1 0.00339112 0.00361769
1 0.117953 0.118176
1 0.00206982 0.00229222
1 0.00510516 0.00532716
1 0.0103073 0.0105292
1 0.17227 0.172492
1 0.0100787 0.0103006
1 0.00841282 0.00863423
2 0.015186 0.0154059
1 0.00534879 0.0055653
1 0.0128067 0.013023
1 0.00683481 0.00704953
1 0.00677986 0.00699396
1 0.0020312 0.00224227
1 0.0105469 0.0107574
0 0 0.000203382
2 0.112622 0.112824
2 0.0620041 0.0621947
2 0.00650226 0.00668139
1 0.00110788 0.00128549
1 0.00505932 0.00523603
1 0.00201013 0.00218502
1 0.00377532 0.00394899
2 0.0122434 0.0124166
1 0.00224321 0.00241607
1 0.0136396 0.0138048
1 0.0545146 0.0546797
1 0.00333638 0.00350078
1 0.0709706 0.0711301
1 0.0014424 0.00159962
2 0.0113854 0.0115424
2 0.00779469 0.00795132
2 0.0610166 0.0611726
1 0.0128588 0.0130142
2 0.0137268 0.013882
1 0.00806276 0.00821447
1 0.0464497 0.0465985
2 0.00344081 0.00358276
2 0.0232425 0.0233802
1 0.00338045 0.00351183
1 0.00563709 0.00576814
1 0.00744978 0.00757874
0 0 0.000127404
2 0.0546845 0.0548117
2 0.129262 0.129389
1 0.005725 0.00585135
1 0.0207675 0.0208921
1 0.00765483 0.00777907
2 0.00468317 0.00480553
2 0.00786389 0.00798517
2 0.00863258 0.0087512
1 0.00787416 0.00799261
2 0.0112571 0.0113661
1 0.00160913 0.00171583
2 0.00621675 0.00632146
1 0.00700926 0.0071111
1 0.00999667 0.0100984
2 0.0108663 0.0109672
2 0.0118122 0.0119122
1 0.00305529 0.00315504
2 0.00728387 0.00738158
2 0.00615083 0.00624684
1 0.00469493 0.00479078
1 0.00527145 0.00536723
1 0.00462333 0.00471835
2 0.0572637 0.0573575
2 0.0121183 0.0122116
1 0.0077838 0.00787702
2 0.00810058 0.00819287
2 0.0139955 0.0140873
2 0.00925781 0.00934579
2 0.00698398 0.00707012
1 0.0595328 0.0596185
1 0.0060049 0.00608872
1 0.0118698 0.0119522
1 0.00853034 0.00861252
1 0.0199117 0.0199926
2 0.00633422 0.00641361
1 0.0257939 0.0258696
1 0.0184401 0.0185155
2 0.0115467 0.0116203
1 0.0527833 0.0528559
1 0.0242676 0.0243373
1 0.00216081 0.00223038
1 0.00160662 0.00167429
1 0.00874489 0.00881171
1 0.00642729 0.00649406
2 0.00950297 0.00956896
2 0.00513191 0.00519552
2 0.0466431 0.0467062
1 0.0683346 0.0683968
2 0.0166227 0.0166833
1 0.0130282 0.0130864
1 0.00665478 0.00671107
1 0.00209411 0.00214895
1 0.0105034 0.010558
2 0.166313 0.166366
1 0.00268301 0.00273582
1 0.00653416 0.00658517
1 0.00655314 0.00660394
2 0.110286 0.110336
1 0.00426033 0.00430972
1 0.00856155 0.00861023
1 0.0283492 0.0283967
1 0.0120696 0.0121164
2 0.11345 0.113495
2 0.0541561 0.0542003
2 0.0106338 0.0106773
1 0.010187 0.0102282
1 0.00543502 0.00547619
2 0.0143605 0.014401
1 0.0506509 0.0506912
2 0.00487407 0.00491369
2 0.00605637 0.00609545
1 0.02705 0.0270878
1 0.0470419 0.0470785
2 0.0097312 0.00976597
1 0.0221576 0.0221916
1 0.0112165 0.0112502
1 0.0034738 0.0035073
2 0.00758118 0.00761411
2 0.0119792 0.0120118
1 0.0230257 0.0230571
1 0.00690706 0.0069369
0 0 2.8711e-05
1 0.00278412 0.00281219
2 0.0732013 0.0732293
2 0.007213 0.00724064
1 0.0183381 0.0183655
1 0.0047533 0.00477845
1 0.00383414 0.00385792
1 0.104596 0.104618
2 0.011976 0.0119982
1 0.00550662 0.00552834
1 0.0483058 0.0483267
1 0.00567983 0.00570072
2 0.0269485 0.0269689
1 0.00506129 0.00508158
2 0.0116894 0.011709
1 0.00719568 0.00721439
1 0.00620333 0.00622105
1 0.00476307 0.00478065
2 0.00770657 0.00772332
2 0.0126428 0.0126591
2 0.0085786 0.00859483
1 0.0165088 0.0165247
1 0.0284337 0.0284492
1 0.048572 0.0485875
2 0.00733139 0.00734665
2 0.00593937 0.00595447
1 0.00634591 0.00636038
1 0.00141504 0.00142913
2 0.0111491 0.011163
2 0.0209399 0.020953
1 0.00396729 0.00398029
2 0.00608458 0.00609748
2 0.00741716 0.00743
1 0.00391194 0.00392417
2 0.00845536 0.00846756
2 0.00851568 0.0085275
2 0.00446151 0.00447301
1 0.00617435 0.00618572
1 0.00700419 0.00701512
2 0.00640538 0.00641609
2 0.00671038 0.00672077
2 0.00822199 0.00823228
2 0.00322875 0.00323892
1 0.00749711 0.00750728
1 0.00535374 0.00536332
1 0.0131689 0.0131784
1 0.00606274 0.00607223
2 0.00716155 0.00717049
1 0.00752147 0.00753029
2 0.0056158 0.00562363
1 0.0245681 0.0245749
1 0.00671615 0.00672285
1 0.00562672 0.00563309
2 0.00354003 0.00354564
2 0.0954365 0.0954419
2 0.0131965 0.013202
1 0.00783978 0.00784521
1 0.00340237 0.0034077
1 0.0104228 0.0104278
1 0.0034103 0.00341524
1 0.0636818 0.0636867
1 0.00495363 0.00495836
1 0.0152914 0.0152956
2 0.00416097 0.00416479
2 0.101346 0.10135
2 0.0145114 0.0145149
1 0.00815901 0.00816221
2 0.0152956 0.0152984
2 0.0060445 0.00604694
1 0.0103833 0.0103855
1 0.038483 0.038485
2 0.00816807 0.00816975
1 0.0120545 0.0120558
2 0.0090653 0.00906648
1 0.0954175 0.0954185
2 0.0247056 0.0247064
2 0.124893 0.124894
1 0.0629665 0.0629672
1 0.003607 0.00360754
1 0.00379448 0.00379489
2 0.101792 0.101792
1 0.0318858 0.0318861
1 0.00865825 0.00865843
1 0.00332648 0.00332661
1 0.00321064 0.00321076
1 0.00387986 0.00387991
1 0.175554 0.175554
1 0.0116639 0.0116639
2 0.0487306 0.0487306
1 0.00906526 0.00906527
2 0.00624306 0.00624307
1 0.094009 0.094009
1 0.00216606 0.00216606
