0 0 inf
1 0.0834967 0.24295
1 0.216005 0.30495
0 0 0.069262
0 0 0.0598347
0 0 0.0589584
0 0 0.0538666
1 0.0601112 0.106836
0 0 0.0466455
1 0.0282927 0.0722425
1 0.0413901 0.0847394
0 0 0.0426498
0 0 0.0424404
0 0 0.0392713
0 0 0.0380877
1 0.0636818 0.100323
0 0 0.0345635
1 0.0731242 0.106956
0 0 0.0327199
0 0 0.0320326
0 0 0.0319376
0 0 0.0291079
1 0.020859 0.0454542
0 0 0.0245165
0 0 0.0238439
0 0 0.0234764
0 0 0.023453
0 0 0.022993
0 0 0.0229848
0 0 0.0225835
0 0 0.0219726
0 0 0.0205837
2 0.341993 0.362399
1 0.0940085 0.11405
0 0 0.0189068
0 0 0.0187323
1 0.0291635 0.0477477
0 0 0.0164562
1 0.0416602 0.0580869
0 0 0.0160451
0 0 0.0149752
1 0.0458742 0.0608487
1 0.0422501 0.0571604
0 0 0.014804
0 0 0.0142059
1 0.0932902 0.107407
0 0 0.0140838
1 0.0863123 0.100247
2 0.123349 0.136586
0 0 0.0131632
0 0 0.0129361
0 0 0.0129276
1 0.258645 0.271272
0 0 0.0124495
1 0.0148085 0.0271235
0 0 0.0119419
1 0.0632565 0.0748467
0 0 0.011469
0 0 0.0114166
0 0 0.0112165
0 0 0.0102407
0 0 0.00990068
0 0 0.0096478
0 0 0.00959358
0 0 0.00950178
0 0 0.00945276
0 0 0.00919629
1 0.053214 0.0623852
0 0 0.00912855
0 0 0.00896388
1 0.092062 0.100957
0 0 0.00866933
0 0 0.00863724
0 0 0.00860295
0 0 0.00826718
0 0 0.00811709
0 0 0.00786328
0 0 0.00777514
0 0 0.00773485
1 0.0121553 0.0198192
0 0 0.00764725
1 0.0136599 0.0211405
0 0 0.00738553
1 0.00924211 0.0166073
0 0 0.00730469
0 0 0.00728502
0 0 0.00713127
0 0 0.00709605
0 0 0.00690706
1 0.027541 0.0342306
0 0 0.00664852
1 0.042198 0.0488237
0 0 0.00658631
0 0 0.00652187
0 0 0.00645085
1 0.00616629 0.0125944
0 0 0.00636732
0 0 0.00591839
0 0 0.00570563
0 0 0.00559072
0 0 0.00552809
2 0.0467373 0.0522504
0 0 0.00540581
0 0 0.00532383
1 0.0890118 0.0942105
1 0.017696 0.0228817
1 0.00932897 0.0142589
1 0.0495979 0.0543865
0 0 0.00475257
1 0.0398491 0.0445942
0 0 0.00474276
1 0.0741705 0.0787588
0 0 0.0045482
1 0.0261265 0.0306617
0 0 0.00453277
1 0.00626077 0.0107592
1 0.109564 0.114034
2 0.108662 0.113061
0 0 0.00438656
0 0 0.0043708
0 0 0.00435658
0 0 0.00428698
0 0 0.00416085
0 0 0.00409118
1 0.0514598 0.0554756
0 0 0.00399133
1 0.00920595 0.0131939
0 0 0.00397315
1 0.00756817 0.0115091
0 0 0.00379448
0 0 0.00378963
0 0 0.00371235
0 0 0.00363233
0 0 0.00362936
0 0 0.0035932
1 0.0918674 0.0954588
0 0 0.00356236
0 0 0.00352616
0 0 0.00348445
1 0.0454287 0.0488892
0 0 0.0034317
0 0 0.00334092
1 0.0181255 0.0214531
0 0 0.00332434
0 0 0.00330504
1 0.15439 0.157678
1 0.00938956 0.0126418
1 0.0703181 0.0735543
1 0.00535374 0.00855714
0 0 0.003196
1 0.13978 0.142946
1 0.0221924 0.0253548
2 0.0141447 0.0173036
0 0 0.00313248
0 0 0.00309008
0 0 0.00308405
1 0.0112372 0.0143034
1 0.00440989 0.00746311
0 0 0.00295424
2 0.243297 0.246223
1 0.0419809 0.0448871
0 0 0.00289133
0 0 0.00287963
0 0 0.00287248
2 0.0590451 0.0618188
1 0.234442 0.237185
1 0.00597088 0.00871138
0 0 0.00273752
0 0 0.00271421
1 0.00480174 0.00748102
1 0.0558464 0.0584703
0 0 0.00261668
0 0 0.00259119
0 0 0.00254334
1 0.00763333 0.0101367
0 0 0.00244104
0 0 0.00241378
2 0.161481 0.163878
1 0.124459 0.12685
0 0 0.00238841
0 0 0.00233439
0 0 0.00230394
0 0 0.00220397
1 0.300393 0.302567
1 0.0426356 0.0448043
0 0 0.00212385
0 0 0.00211607
0 0 0.00208528
1 0.103896 0.105965
0 0 0.00206982
0 0 0.00203383
0 0 0.00203176
0 0 0.00201013
1 0.0223651 0.0243702
0 0 0.00198757
0 0 0.00196221
1 0.0501722 0.0521287
0 0 0.00195471
0 0 0.00193268
0 0 0.0019054
0 0 0.0018945
0 0 0.00184677
0 0 0.00184451
1 0.00822457 0.0100472
0 0 0.00180535
0 0 0.00180421
1 0.052595 0.0543927
0 0 0.00177379
0 0 0.0017333
0 0 0.00172956
0 0 0.00171199
0 0 0.0016991
1 0.0352 0.0368873
0 0 0.00168068
1 0.069421 0.0710994
0 0 0.00166643
0 0 0.00166324
1 0.0100079 0.011658
1 0.117386 0.119015
0 0 0.00162054
1 0.00453171 0.00615083
0 0 0.00158989
0 0 0.00156938
1 0.099216 0.100764
1 0.0342326 0.0357775
1 0.163786 0.165326
0 0 0.00152685
0 0 0.00152597
1 0.00290613 0.00441136
2 0.0234532 0.0249553
1 0.0041804 0.0056821
1 0.00988824 0.0113854
1 0.0678824 0.069368
1 0.0344775 0.0359575
0 0 0.0014582
0 0 0.00145138
0 0 0.0014411
1 0.0149376 0.0163752
0 0 0.0014323
1 0.00252202 0.00392714
0 0 0.00139796
1 0.00403107 0.00542461
0 0 0.00137897
1 0.0204835 0.0218552
1 0.0863107 0.0876744
1 0.00613417 0.0074841
1 0.0506509 0.051992
0 0 0.00134084
1 0.017098 0.0184306
1 0.00496914 0.00629172
1 0.0118794 0.01318
2 0.0284396 0.0297395
1 0.00374804 0.00502851
0 0 0.00127531
0 0 0.00125038
1 0.00778425 0.00903038
0 0 0.00124451
1 0.017338 0.0185815
1 0.0401532 0.0413875
1 0.0279159 0.0291494
1 0.00234493 0.003577
0 0 0.0012231
0 0 0.0012085
1 0.00665648 0.00786389
1 0.0057013 0.00689253
1 0.10598 0.107167
0 0 0.0011875
0 0 0.00117189
0 0 0.00116568
1 0.00771127 0.00887588
0 0 0.0011625
1 0.0393754 0.0405351
0 0 0.00115312
0 0 0.00113503
1 0.00578993 0.00689228
1 0.0166225 0.0177074
0 0 0.00108203
0 0 0.00104764
0 0 0.00104164
1 0.00214262 0.00318013
0 0 0.00103418
0 0 0.00103294
0 0 0.00103231
1 0.0292747 0.0302932
0 0 0.0010123
2 0.0237648 0.0247617
0 0 0.000978587
0 0 0.000977629
0 0 0.000977187
1 0.00545856 0.0064226
1 0.00384761 0.00480616
1 0.00230253 0.0032595
0 0 0.000922407
0 0 0.000920402
0 0 0.000903142
1 0.00314865 0.00403951
0 0 0.000887608
1 0.00416073 0.00504436
1 0.00622708 0.00711058
1 0.0869091 0.0877824
0 0 0.000863995
0 0 0.000861294
1 0.0700947 0.0709526
1 0.00430036 0.00515337
2 0.10388 0.104726
2 0.110588 0.111429
1 0.00961718 0.0104462
1 0.0162681 0.0170902
1 0.049532 0.0503538
0 0 0.000816306
0 0 0.000805467
1 0.0289545 0.0297378
1 0.00462333 0.00540451
0 0 0.000769578
0 0 0.000768609
1 0.00521829 0.00597604
1 0.00449063 0.00523999
1 0.0132359 0.0139622
2 0.105435 0.106153
1 0.0100737 0.0107741
1 0.0576195 0.058315
1 0.0557877 0.0564688
1 0.052967 0.0536457
1 0.00700419 0.00767794
2 0.00895962 0.00962196
1 0.00449111 0.00515095
1 0.0129195 0.0135759
1 0.00466894 0.00531939
1 0.00538916 0.00603689
1 0.084929 0.0855702
1 0.00626515 0.00688935
1 0.0100209 0.0106327
0 0 0.000611055
1 0.00379084 0.00439913
1 0.0195073 0.020115
1 0.00237136 0.0029776
0 0 0.000594629
0 0 0.00059253
2 0.102945 0.103527
1 0.0452029 0.0457795
1 0.00331568 0.00389131
0 0 0.000569295
2 0.1678 0.168367
1 0.0207879 0.0213496
1 0.00200564 0.00256445
1 0.00874372 0.00929111
0 0 0.000544371
1 0.00154746 0.00209177
0 0 0.000541921
1 0.0032772 0.00379998
1 0.0161717 0.0166931
2 0.0240936 0.0246078
2 0.0847456 0.0852558
0 0 0.000501479
0 0 0.000500209
1 0.00407739 0.00457539
1 0.061271 0.0617653
2 0.0229168 0.0233997
1 0.00406443 0.00454436
1 0.0109219 0.0113994
1 0.218207 0.218682
2 0.127324 0.127795
1 0.00594821 0.00640954
2 0.0650576 0.0655129
1 0.0149015 0.0153557
0 0 0.000447118
1 0.00204944 0.00248961
1 0.00469493 0.00513191
1 0.0278777 0.0283115
1 0.00524041 0.00567165
1 0.0078354 0.00826539
2 0.00407614 0.00450285
1 0.00554751 0.00597225
1 0.0462374 0.0466617
1 0.00738779 0.00780694
1 0.0444579 0.0448758
2 0.0117175 0.0121354
2 0.0609842 0.0613947
1 0.0417926 0.0422027
2 0.00700022 0.00741021
1 0.00562069 0.00602759
1 0.0187367 0.0191408
1 0.00184475 0.00224227
1 0.0159146 0.0163119
1 0.00646892 0.00685863
1 0.00347381 0.00386136
1 0.0152482 0.0156348
2 0.0629345 0.0633175
1 0.0617435 0.0621218
1 0.00400139 0.00437114
2 0.0453014 0.045666
2 0.0359779 0.0363421
0 0 0.000362718
2 0.0165504 0.0169114
1 0.0136396 0.0139955
0 0 0.000355275
1 0.0976761 0.0980248
1 0.0149523 0.0152877
2 0.0173189 0.0176533
1 0.0117948 0.0121209
1 0.00673505 0.00706067
1 0.00131615 0.0016411
2 0.274374 0.274699
1 0.005725 0.0060445
2 0.184419 0.184739
1 0.00540156 0.00571865
2 0.0191824 0.019497
1 0.15782 0.158125
1 0.00220053 0.00250451
1 0.0952523 0.0955554
1 0.00547493 0.00577796
1 0.0185597 0.0188555
1 0.0326062 0.0328875
2 0.00549501 0.00576647
1 0.00153542 0.00180347
1 0.00345419 0.00372056
2 0.0417653 0.0420306
1 0.0100775 0.0103397
2 0.0848262 0.0850859
1 0.00985664 0.0101137
0 0 0.000249311
1 0.00641167 0.00665741
2 0.0110253 0.011271
1 0.00344774 0.00369286
1 0.0138403 0.0140834
1 0.00643579 0.00667708
1 0.0104228 0.0106616
1 0.0330075 0.0332435
1 0.00249486 0.0027288
2 0.0518433 0.0520768
1 0.00897746 0.0092109
1 0.0442023 0.0444355
1 0.0824113 0.0826398
2 0.013683 0.0139114
1 0.0451074 0.0453331
1 0.117953 0.118176
1 0.00163103 0.00185321
1 0.0100787 0.0103006
1 0.00362918 0.00385077
1 0.00841282 0.00863423
1 0.00205981 0.00227638
1 0.00631606 0.00652154
2 0.123857 0.124059
1 0.013481 0.0136809
2 0.0167016 0.0168995
0 0 0.000197193
1 0.00975783 0.00995353
1 0.0020312 0.00222406
2 0.0620041 0.0621947
1 0.00965404 0.00984041
1 0.001902 0.00208626
1 0.0098676 0.0100497
1 0.00388678 0.00406408
2 0.0520615 0.0522383
1 0.00377532 0.00394899
1 0.198473 0.198643
2 0.126718 0.126886
2 0.0168189 0.0169831
1 0.0215266 0.0216884
1 0.0709706 0.0711301
1 0.0014424 0.00159962
1 0.00656002 0.0067162
1 0.0128588 0.0130142
2 0.0145094 0.0146639
1 0.0103802 0.0105321
1 0.00877359 0.00892512
1 0.00282628 0.0029778
1 0.00302927 0.00317728
1 0.0143298 0.0144768
1 0.144075 0.144222
2 0.00719516 0.00734104
1 0.00216728 0.00230972
2 0.0139303 0.0140699
1 0.00544629 0.00558565
2 0.018475 0.0186068
1 0.0105034 0.0106338
1 0.0140402 0.0141694
1 0.00793796 0.00806666
2 0.015352 0.0154789
2 0.0245217 0.0246477
1 0.00765483 0.00777907
1 0.0105982 0.0107201
1 0.0112925 0.0114141
2 0.10704 0.10716
1 0.00807417 0.00819243
1 0.000880681 0.000997015
2 0.00996623 0.0100824
1 0.0103939 0.0105093
1 0.00574033 0.00585408
1 0.0636267 0.0637394
1 0.00383596 0.00394764
1 0.0138143 0.0139245
1 0.00419064 0.00429674
1 0.00731285 0.00741758
2 0.00227864 0.00238269
2 0.010754 0.0108556
2 0.0855313 0.0856321
1 0.0268529 0.0269534
1 0.00305529 0.00315504
1 0.0154776 0.0155766
1 0.0121606 0.012259
1 0.0050431 0.00514015
1 0.00393379 0.0040245
1 0.00133468 0.00142444
1 0.0039736 0.00406308
1 0.00733745 0.00742629
2 0.0453366 0.0454253
1 0.00818337 0.0082716
1 0.00842928 0.00851638
2 0.00698398 0.00707012
1 0.0595328 0.0596185
2 0.00627258 0.0063579
1 0.00942644 0.00951056
1 0.00476081 0.00484452
1 0.0642404 0.0643235
2 0.00403908 0.00411771
1 0.00223088 0.00230921
2 0.0488433 0.0489199
1 0.0447258 0.0448008
1 0.00477144 0.00484388
2 0.0190865 0.0191575
1 0.00695442 0.00702527
2 0.0582017 0.0582715
1 0.00216081 0.00223038
1 0.00353451 0.00360331
2 0.00700041 0.00706801
1 0.00874489 0.00881171
2 0.00950297 0.00956896
1 0.0453542 0.045419
1 0.17046 0.170524
2 0.00436432 0.00442644
1 0.00256608 0.00262751
1 0.00819702 0.00825791
2 0.00812059 0.00818087
2 0.00955428 0.00961308
2 0.00796277 0.00802122
1 0.0204562 0.0205135
1 0.00665478 0.00671107
1 0.0181312 0.0181872
2 0.00756246 0.00761837
1 0.0105991 0.0106546
1 0.00209411 0.00214895
1 0.00431917 0.00437307
2 0.166313 0.166366
2 0.00842041 0.00847335
2 0.00722357 0.00727393
1 0.00527145 0.00531955
2 0.00239864 0.00244573
1 0.00303564 0.00308261
2 0.0622452 0.0622918
2 0.0105953 0.0106409
2 0.0111871 0.0112326
1 0.00859679 0.00864011
1 0.00570872 0.00575118
2 0.00364448 0.00368531
1 0.00170419 0.00174492
1 0.0376564 0.0376969
1 0.00950034 0.00954016
2 0.00386909 0.00390447
2 0.00478976 0.00482474
2 0.00335683 0.00339117
2 0.00676681 0.00680106
2 0.00782593 0.0078597
1 0.0034738 0.0035073
1 0.0743936 0.0744265
2 0.0119792 0.0120118
2 0.00366738 0.00369952
1 0.00120332 0.00123441
1 0.00562024 0.00565113
1 0.0155439 0.0155736
2 0.00864929 0.00867761
1 0.00278412 0.00281219
1 0.00602705 0.00605502
2 0.00420198 0.00422974
2 0.0151168 0.0151442
2 0.00757874 0.00760572
1 0.00254985 0.00257632
2 0.059588 0.059614
1 0.00307153 0.00309649
2 0.0242949 0.0243174
1 0.010589 0.0106113
2 0.00514474 0.00516531
1 0.0111058 0.0111251
1 0.00754805 0.00756682
2 0.119053 0.11907
1 0.00370922 0.00372588
2 0.00457554 0.00459167
2 0.0182722 0.0182865
2 0.00450376 0.00451762
1 0.00186952 0.00188257
1 0.00396729 0.00398029
2 0.0144233 0.0144357
1 0.00358927 0.00360096
1 0.00540137 0.00541249
2 0.0629938 0.0630041
1 0.00688994 0.00689981
1 0.0057719 0.00578143
1 0.00606274 0.00607223
2 0.00942738 0.00943665
2 0.0753237 0.0753327
2 0.0458764 0.0458844
1 0.00211444 0.00212191
1 0.0193007 0.0193081
1 0.0057265 0.00573385
1 0.00610295 0.00611022
2 0.0275772 0.0275838
1 0.003206 0.00321239
1 0.00193283 0.00193897
1 0.00418772 0.00419371
1 0.00471226 0.00471794
2 0.00354003 0.00354564
2 0.00429522 0.00430056
1 0.00197079 0.00197588
2 0.00453366 0.00453863
2 0.0225502 0.0225547
1 0.0152914 0.0152956
2 0.0135005 0.0135047
2 0.00574272 0.00574677
1 0.00605173 0.00605578
2 0.00416097 0.00416479
2 0.0105588 0.0105618
1 0.038483 0.038485
2 0.00579148 0.00579329
1 0.00366726 0.00366893
2 0.0153038 0.0153049
2 0.00402019 0.0040212
2 0.0247056 0.0247064
2 0.124893 0.124894
2 0.00718354 0.00718412
1 0.00845925 0.00845951
1 0.00449229 0.00449252
2 0.0059367 0.00593689
1 0.0378901 0.0378902
1 0.00332648 0.00332661
1 0.302098 0.302098
2 0.0109907 0.0109908
1 0.00387986 0.00387991
2 0.123885 0.123885
1 0.175554 0.175554
2 0.0203641 0.0203642
2 0.012955 0.012955
1 0.0663894 0.0663894
1 0.0328371 0.0328371
1 0.00216606 0.00216606
