0 0 inf
0 0 0.199579
0 0 0.102011
0 0 0.0801622
1 0.329615 0.396861
0 0 0.061806
0 0 0.058728
1 0.0625939 0.120778
0 0 0.0542269
0 0 0.0473197
0 0 0.0465403
1 0.0340544 0.0790283
0 0 0.0420638
0 0 0.0390818
0 0 0.0372217
1 0.170312 0.206507
0 0 0.035609
0 0 0.033651
1 0.0778487 0.11115
0 0 0.0330447
2 0.232008 0.264912
0 0 0.0326448
0 0 0.0322514
0 0 0.0317679
0 0 0.031281
0 0 0.0307858
0 0 0.0290687
0 0 0.0289528
1 0.373111 0.401235
0 0 0.0280279
1 0.0229255 0.0499434
0 0 0.0263328
0 0 0.0252616
0 0 0.0250367
1 0.0534425 0.0781449
0 0 0.0231524
1 0.177885 0.200992
1 0.0589181 0.081045
1 0.0905745 0.111905
1 0.03704 0.0582069
0 0 0.0200238
0 0 0.0196379
1 0.0220158 0.0415518
1 0.185115 0.204619
0 0 0.0191143
0 0 0.0188727
0 0 0.0187311
0 0 0.0181733
1 0.0527997 0.0706152
1 0.124962 0.142065
1 0.00597479 0.0224235
1 0.0404954 0.056118
2 0.40296 0.418368
0 0 0.0149696
0 0 0.0147586
0 0 0.014086
1 0.200952 0.214814
1 0.352941 0.366764
1 0.135449 0.149235
0 0 0.0136999
0 0 0.0136058
1 0.0669951 0.0797357
0 0 0.0126615
0 0 0.0125279
1 0.0897103 0.101921
0 0 0.0121501
0 0 0.0118934
0 0 0.0113814
1 0.0580062 0.069346
0 0 0.011263
0 0 0.011214
0 0 0.0111404
1 0.0522117 0.0633485
0 0 0.0109863
2 0.0683282 0.0788248
1 0.00583116 0.0163126
1 0.00484086 0.0152206
0 0 0.01027
1 0.0384757 0.0485063
1 0.00594683 0.0152864
1 0.101818 0.111095
1 0.0393414 0.0484002
0 0 0.00904061
1 0.0356034 0.0444638
1 0.0396107 0.0481565
0 0 0.00852269
1 0.0436579 0.052096
0 0 0.00843628
0 0 0.00839801
1 0.0341504 0.0424884
1 0.0297715 0.0380689
0 0 0.00804891
1 0.00913434 0.0171407
0 0 0.00798041
2 0.081148 0.0889736
0 0 0.00751375
0 0 0.00746896
0 0 0.00742035
0 0 0.00740484
0 0 0.00736521
2 0.404653 0.411967
1 0.015991 0.0232586
1 0.0125387 0.0197625
1 0.0145271 0.0217378
0 0 0.00720661
1 0.00997606 0.0171126
1 0.0574611 0.0643597
0 0 0.00689344
1 0.00674901 0.0136009
0 0 0.00679884
1 0.0682893 0.0750187
1 0.0268542 0.0335378
0 0 0.00666497
0 0 0.00646922
0 0 0.00645128
0 0 0.00635679
0 0 0.00635249
0 0 0.00615284
0 0 0.00613796
0 0 0.00613605
0 0 0.00601414
1 0.0159985 0.0220046
0 0 0.00589001
0 0 0.0058837
0 0 0.00581159
0 0 0.00580204
0 0 0.00579062
1 0.0362695 0.0419372
0 0 0.00565167
0 0 0.00564966
1 0.0112752 0.0169044
1 0.0319654 0.0375745
1 0.0329445 0.0383499
1 0.0414846 0.0468696
1 0.0267566 0.0321337
0 0 0.00530013
0 0 0.00522458
2 0.0859339 0.0910821
0 0 0.005076
0 0 0.00503659
0 0 0.00498048
0 0 0.00496995
1 0.0104596 0.0154107
0 0 0.00486064
1 0.0954555 0.100293
1 0.0577642 0.0625978
1 0.0187598 0.0235717
0 0 0.00474789
0 0 0.00473599
2 0.108615 0.113224
1 0.0862863 0.0908703
2 0.0875328 0.0920551
0 0 0.00451633
0 0 0.00450108
1 0.00729328 0.0117514
0 0 0.00445591
1 0.011359 0.0157418
0 0 0.00435169
0 0 0.00434992
0 0 0.00433172
0 0 0.00431333
1 0.0127597 0.0170613
0 0 0.00428048
1 0.0448919 0.0491691
1 0.00865048 0.0128719
1 0.0625053 0.0666639
0 0 0.00412396
0 0 0.00411199
1 0.00536688 0.00946009
0 0 0.00404397
1 0.0362239 0.0401917
0 0 0.00396606
0 0 0.00387761
1 0.00852264 0.0123324
0 0 0.00380523
1 0.0191765 0.0229748
0 0 0.00375989
0 0 0.003673
0 0 0.0035815
1 0.0607324 0.0643022
2 0.0826626 0.0862191
0 0 0.00355132
0 0 0.00350898
1 0.00942277 0.0129249
1 0.0104237 0.0139115
0 0 0.00343865
0 0 0.00341898
0 0 0.00340913
1 0.0349236 0.0383034
0 0 0.0033735
1 0.0056249 0.00898756
0 0 0.00335195
0 0 0.00335176
2 0.0724429 0.0757821
0 0 0.00330394
0 0 0.00327493
1 0.060966 0.0642293
0 0 0.00325212
1 0.00825125 0.0114372
2 0.0267854 0.0299639
0 0 0.00317472
2 0.0199007 0.0230734
0 0 0.00305141
0 0 0.00304858
2 0.0916878 0.094728
1 0.054894 0.0579316
0 0 0.00302
1 0.0839724 0.0869629
0 0 0.00295778
0 0 0.00295455
0 0 0.00291627
1 0.00518066 0.0080936
1 0.0131971 0.0160541
1 0.0359178 0.038763
2 0.0196683 0.0224603
0 0 0.0027795
0 0 0.00275537
0 0 0.00274163
0 0 0.00272525
1 0.0425847 0.0452668
0 0 0.00267059
0 0 0.00266878
0 0 0.00266473
0 0 0.00260404
1 0.0097336 0.0123079
0 0 0.00255938
0 0 0.00254579
0 0 0.00251567
0 0 0.00249067
0 0 0.00246553
1 0.00937249 0.0118067
1 0.0462622 0.0486658
0 0 0.00238219
1 0.00878154 0.0111598
1 0.385299 0.387624
1 0.0847058 0.0870177
0 0 0.00230558
2 0.0788635 0.0811611
0 0 0.00228947
0 0 0.00228689
0 0 0.00219484
1 0.00555329 0.00766988
0 0 0.00211619
1 0.0103849 0.0124921
2 0.0206989 0.0228024
0 0 0.00208778
0 0 0.00208771
0 0 0.00206444
0 0 0.00205265
0 0 0.0020519
2 0.398347 0.400363
0 0 0.00199589
0 0 0.00197861
0 0 0.00197345
0 0 0.00195786
1 0.00257347 0.00449124
1 0.0204318 0.0223346
2 0.0402478 0.0421448
0 0 0.00186105
1 0.0764917 0.0783521
0 0 0.00184196
1 0.0127242 0.0145587
0 0 0.00182053
1 0.0502233 0.0520023
1 0.0126514 0.0144201
1 0.00699878 0.00872704
1 0.0309235 0.0326419
1 0.151793 0.153477
1 0.00760728 0.0092594
0 0 0.00163638
1 0.0385248 0.040148
0 0 0.00161706
0 0 0.00161704
2 0.133942 0.135558
1 0.0644851 0.0660799
1 0.0199116 0.0214832
0 0 0.001569
1 0.00793749 0.00947491
0 0 0.00152824
1 0.0188488 0.0203441
0 0 0.00149212
1 0.122261 0.123736
0 0 0.00142784
1 0.00388394 0.00530125
0 0 0.00140521
2 0.0248661 0.026243
0 0 0.00135415
0 0 0.00134455
0 0 0.00133046
0 0 0.00131553
1 0.0175817 0.0188783
0 0 0.00128298
1 0.00251078 0.00376622
1 0.00883444 0.0100701
1 0.00470661 0.00593169
2 0.427482 0.428704
0 0 0.00117657
1 0.0102402 0.011405
1 0.0173347 0.0184775
0 0 0.00113799
1 0.0471267 0.0482379
0 0 0.00110467
1 0.0766732 0.0777718
2 0.0273284 0.0284144
1 0.00411185 0.00519276
2 0.0212339 0.0222847
0 0 0.00104668
0 0 0.00103669
1 0.0013844 0.00241901
1 0.00641958 0.00742493
1 0.00466693 0.00566533
0 0 0.00098451
2 0.0200899 0.0210166
1 0.0258012 0.0267233
1 0.00628246 0.00720385
1 0.00972012 0.0106323
0 0 0.000908396
1 0.00340313 0.00430125
0 0 0.000896054
1 0.0127743 0.0136699
0 0 0.000890437
1 0.00402602 0.00491312
2 0.0263456 0.0272266
1 0.0555982 0.0564598
1 0.0809924 0.0818485
2 0.0123506 0.0131997
1 0.0489795 0.0498277
1 0.00638442 0.00723239
1 0.0151156 0.0159607
1 0.00554246 0.00638454
0 0 0.000836755
1 0.00297001 0.00380357
1 0.0906641 0.0914942
0 0 0.000802375
1 0.0120111 0.0127999
0 0 0.00078521
0 0 0.000778895
1 0.0128309 0.0135978
1 0.109768 0.11053
1 0.00657188 0.00733235
1 0.00322524 0.00398084
1 0.00889569 0.00964769
1 0.00768627 0.00842855
1 0.0102463 0.0109825
1 0.0355481 0.0362777
0 0 0.000696495
1 0.00210843 0.00280465
1 0.0171909 0.0178837
1 0.0139304 0.0146113
0 0 0.000679887
1 0.0106542 0.0113008
1 0.00770737 0.00835067
1 0.00893433 0.00956263
0 0 0.000626202
0 0 0.000621653
1 0.00272803 0.00334657
1 0.0754016 0.0760134
2 0.0159222 0.0165306
0 0 0.000603155
2 0.0100085 0.0106098
1 0.0795163 0.0801152
1 0.111136 0.111733
1 0.00860534 0.00920086
1 0.0491647 0.0497563
1 0.0390445 0.0396185
1 0.00544669 0.00601403
0 0 0.000564092
1 0.0482201 0.0487776
1 0.0304208 0.0309675
1 0.00469574 0.00523815
0 0 0.000539267
1 0.009417 0.00994871
1 0.0131378 0.0136497
1 0.0079616 0.00847233
1 0.0120682 0.0125779
1 0.00860823 0.00911669
2 0.046227 0.0467335
2 0.0173843 0.0178891
1 0.0140939 0.0145979
1 0.0177015 0.0182032
1 0.0835151 0.0840158
0 0 0.000489032
1 0.0112695 0.0117582
1 0.00667357 0.00713522
0 0 0.000455479
2 0.0124975 0.0129517
0 0 0.000452556
1 0.00685662 0.00730601
2 0.0294492 0.0298963
1 0.00772794 0.00817349
1 0.0110488 0.0114859
1 0.00625058 0.00668576
1 0.00556648 0.00599833
1 0.00630208 0.00673392
1 0.00356627 0.00399643
2 0.0436234 0.0440453
1 0.00716586 0.00758698
1 0.00681037 0.00722521
1 0.202211 0.202625
1 0.00953164 0.00994422
2 0.153105 0.153513
0 0 0.000405798
1 0.0100389 0.0104404
1 0.00828487 0.00868518
2 0.0528982 0.0532873
1 0.0435676 0.0439561
1 0.00841537 0.00879516
2 0.0103934 0.0107729
1 0.00364118 0.00401833
1 0.00905017 0.00942628
1 0.0157079 0.0160837
1 0.00578078 0.00615632
2 0.0191041 0.0194763
2 0.0334443 0.0338078
2 0.402877 0.403237
1 0.0190134 0.0193711
1 0.00610696 0.00646278
0 0 0.000355588
2 0.0157821 0.0161347
1 0.0103739 0.0107252
1 0.0110732 0.0114218
1 0.0143344 0.0146723
1 0.0026626 0.00297992
1 0.0242023 0.0245148
1 0.0519049 0.0522147
2 0.0199728 0.0202821
1 0.399261 0.39957
1 0.0036579 0.00396362
2 0.0666685 0.0669691
2 0.204536 0.204835
1 0.023454 0.0237472
0 0 0.000290406
2 0.0262018 0.026492
1 0.00312256 0.00341253
1 0.00336207 0.00364862
1 0.017087 0.017369
2 0.0171065 0.0173865
1 0.0159723 0.0162483
1 0.0512208 0.0514959
2 0.0176003 0.017865
1 0.0253071 0.0255631
1 0.00729725 0.00754862
1 0.00996734 0.0102172
1 0.000913258 0.0011585
1 0.00704267 0.00728088
1 0.00306508 0.00330286
1 0.00687384 0.00710832
2 0.0285296 0.028762
1 0.0103813 0.01061
2 0.0232969 0.0235218
2 0.0427952 0.0430198
1 0.0260584 0.0262808
1 0.00266031 0.00288212
1 0.00280713 0.00302869
1 0.00738808 0.00759666
1 0.00781077 0.00800547
1 0.0126816 0.0128736
2 0.00952266 0.00971443
1 0.0142849 0.0144731
1 0.0147013 0.0148881
2 0.00526138 0.00544705
1 0.00935265 0.00953707
1 0.185975 0.186159
1 0.0354353 0.0356193
1 0.00551578 0.00569618
0 0 0.000179294
2 0.0176458 0.0178249
1 0.0181362 0.0183152
1 0.0168706 0.017049
1 0.0381642 0.0383402
1 0.0525909 0.0527643
1 0.00402292 0.00419485
1 0.0584631 0.0586334
2 0.146769 0.146936
1 0.0298205 0.0299803
1 0.00726998 0.00742755
1 0.0550438 0.0552002
2 0.00782918 0.00798377
1 0.0479648 0.048119
2 0.0224906 0.0226386
2 0.0825502 0.0826959
1 0.012256 0.0124013
0 0 0.000144931
1 0.00707048 0.00721511
1 0.0109312 0.0110713
2 0.0220347 0.0221718
1 0.00755964 0.00769645
1 0.0606394 0.0607744
2 0.0596787 0.0598087
1 0.0189423 0.0190702
2 0.0269413 0.0270684
2 0.0225924 0.0227192
2 0.0875825 0.0877083
2 0.0196209 0.0197448
1 0.397602 0.397725
1 0.0120959 0.0122181
1 0.0552745 0.055394
2 0.147393 0.147503
1 0.00285955 0.00296991
2 0.0100084 0.0101165
2 0.0244496 0.0245569
1 0.00508021 0.00518567
2 0.0167933 0.0168987
0 0 0.000104973
0 0 0.000103607
1 0.00341446 0.00351671
1 0.00710399 0.00720356
2 0.00751465 0.00761146
0 0 9.65521e-05
1 0.00673738 0.00683374
1 0.0220204 0.0221158
2 0.0673381 0.0674329
1 0.0435107 0.0436036
2 0.135615 0.135708
2 0.0217558 0.0218465
2 0.0875313 0.0876218
1 0.0150608 0.0151493
1 0.0166813 0.0167647
2 0.0108502 0.0109332
2 0.0799335 0.0800164
1 0.0384762 0.0385578
1 0.00456199 0.00464236
1 0.0118407 0.0119177
1 0.00517666 0.00525306
1 0.00990571 0.00998195
1 0.0736407 0.0737153
2 0.0499852 0.0500595
1 0.0908924 0.0909649
1 0.00368442 0.00375368
0 0 6.89907e-05
2 0.016137 0.0162053
1 0.00692088 0.00698899
1 0.0697937 0.0698601
1 0.00563901 0.00570381
1 0.00934698 0.00940989
1 0.00703951 0.00710177
1 0.0700663 0.0701273
2 0.00529743 0.00535816
1 0.00249414 0.00255425
1 0.00495379 0.00501355
1 0.00469733 0.00475325
2 0.0164162 0.016471
2 0.0110112 0.0110635
2 0.0499616 0.0500129
1 0.00418102 0.00423136
0 0 4.82157e-05
1 0.0175399 0.0175877
2 0.123796 0.123844
1 0.013278 0.0133252
1 0.00660494 0.00665104
0 0 4.58737e-05
2 0.00690921 0.00695411
1 0.0657802 0.065825
2 0.397839 0.397883
1 0.00873313 0.00877696
2 0.0260731 0.0261162
1 0.0192595 0.0193021
2 0.00790367 0.00794571
2 0.0911388 0.091179
1 0.00966697 0.00970678
2 0.0160651 0.0161042
1 0.0101679 0.0102064
1 0.00289212 0.00293004
2 0.055629 0.0556662
1 0.00987759 0.00991452
2 0.0103221 0.0103589
1 0.0972647 0.0972993
1 0.00852893 0.00856247
1 0.0108134 0.0108448
1 0.00785348 0.00788271
2 0.00567905 0.00570713
1 0.0130471 0.0130748
2 0.0178586 0.0178839
2 0.0356053 0.0356305
1 0.0154895 0.0155135
2 0.00981625 0.00983961
2 0.014212 0.0142348
1 0.0143084 0.0143304
1 0.0485621 0.0485839
2 0.0593073 0.0593286
1 0.0163128 0.0163336
1 0.00733015 0.00734956
1 0.00138473 0.00140396
1 0.134489 0.134508
1 0.0175549 0.0175729
2 0.149337 0.149355
1 0.00634967 0.00636743
2 0.0052113 0.0052283
1 0.0105119 0.0105286
2 0.0196999 0.0197162
2 0.0256427 0.025659
2 0.0882056 0.0882212
2 0.0170905 0.0171061
1 0.00816332 0.00817816
2 0.0102715 0.0102851
1 0.0571267 0.0571403
2 0.0196984 0.0197119
1 0.00690539 0.00691829
2 0.0183976 0.0184104
1 0.0137767 0.0137876
1 0.0189514 0.018961
2 0.00546391 0.0054735
2 0.0135825 0.0135915
2 0.0118633 0.0118711
2 0.0053101 0.00531774
1 0.0147418 0.0147493
1 0.000157762 0.00016516
1 0.00929032 0.00929767
1 0.0495517 0.0495589
2 0.00533447 0.0053412
1 0.0116893 0.0116959
1 0.00956892 0.00957508
1 0.0380605 0.0380665
2 0.0845301 0.0845361
2 0.0214486 0.0214545
1 0.0283537 0.0283595
1 0.0283978 0.0284034
1 0.00476189 0.00476745
2 0.0130274 0.0130328
2 0.00908096 0.0090863
1 0.146614 0.14662
1 0.0220214 0.0220263
1 0.0126186 0.0126231
1 0.0331361 0.0331405
1 0.0155274 0.0155318
1 0.0213076 0.0213118
1 0.0214362 0.0214398
2 0.00994539 0.00994869
2 0.0183797 0.0183823
2 0.00669097 0.0066934
1 0.0169757 0.0169779
1 0.00238636 0.00238848
1 0.00923707 0.0092391
2 0.0419872 0.041989
1 0.00278398 0.00278557
1 0.0120806 0.0120821
2 0.0597944 0.0597958
2 0.0403273 0.0403286
2 0.0506386 0.0506397
2 0.00429728 0.00429828
1 0.0199972 0.0199981
1 0.0258611 0.025862
2 0.0105615 0.0105624
1 0.00305383 0.00305441
2 0.0817626 0.0817629
2 0.0255929 0.0255932
1 0.0490587 0.0490589
2 0.0286205 0.0286207
1 0.113544 0.113544
1 0.00201893 0.00201897
2 0.0121 0.0121001
