0 0 inf
0 0 0.0368592
0 0 0.0354596
0 0 0.0329824
0 0 0.0324261
0 0 0.0311796
0 0 0.0295883
0 0 0.0291807
1 0.0445829 0.072509
0 0 0.0276823
1 0.0166283 0.0410777
0 0 0.024108
1 0.14169 0.164485
0 0 0.0226257
0 0 0.021619
0 0 0.0207549
0 0 0.0196638
0 0 0.0194963
1 0.0288044 0.0454473
0 0 0.015117
0 0 0.0150775
0 0 0.0150207
1 0.0699087 0.0848747
0 0 0.0147784
0 0 0.014658
1 0.0384859 0.0515642
0 0 0.0126396
0 0 0.0123421
0 0 0.0122086
0 0 0.0119142
0 0 0.0118863
0 0 0.0117249
1 0.025674 0.0370527
1 0.0477313 0.0590648
0 0 0.0109925
0 0 0.0108457
1 0.0222563 0.0324854
1 0.0106058 0.0204601
0 0 0.00965498
0 0 0.00959967
0 0 0.00939916
0 0 0.00933405
0 0 0.00930965
0 0 0.00923285
1 0.0499053 0.0586226
0 0 0.00862586
1 0.0350401 0.0433612
1 0.025579 0.0338176
0 0 0.00795283
0 0 0.00789819
0 0 0.00774564
0 0 0.00687095
0 0 0.00674021
1 0.00377323 0.0104434
1 0.0291077 0.0357643
0 0 0.006603
1 0.0104814 0.0169359
0 0 0.00622985
0 0 0.00620633
0 0 0.00606759
1 0.028377 0.0342998
0 0 0.00583732
0 0 0.00577084
1 0.030939 0.0367051
0 0 0.00568844
0 0 0.0056076
0 0 0.00551403
0 0 0.00538038
0 0 0.00525425
1 0.0255367 0.0307773
0 0 0.00514666
0 0 0.00501264
0 0 0.00494847
1 0.0247775 0.0296198
1 0.0310482 0.0358871
0 0 0.00474786
0 0 0.00460052
1 0.00448303 0.00890723
0 0 0.00441386
1 0.0183949 0.0227898
1 0.0148915 0.0192569
0 0 0.00433973
1 0.0313596 0.0356553
0 0 0.00428016
0 0 0.00424166
0 0 0.00413303
1 0.0320729 0.036135
0 0 0.00395666
0 0 0.00393616
0 0 0.0037613
0 0 0.00371423
0 0 0.00361494
0 0 0.00340539
1 0.028963 0.0323611
1 0.00815119 0.0115434
0 0 0.00338592
1 0.00686484 0.0102114
1 0.00410606 0.0073968
1 0.00350815 0.00675679
1 0.0225553 0.0256862
0 0 0.00302153
1 0.0237079 0.0267137
0 0 0.00296565
1 0.0402094 0.0431235
2 0.0387962 0.0416275
0 0 0.00277806
0 0 0.00276793
0 0 0.002762
1 0.00463219 0.00733235
0 0 0.0026955
1 0.00726698 0.0099487
1 0.0380888 0.0407513
1 0.0325869 0.0352156
0 0 0.00259301
1 0.0947719 0.0973293
0 0 0.0024737
0 0 0.00247166
0 0 0.00245959
2 0.0618443 0.0642992
0 0 0.00244271
1 0.00509376 0.00753277
0 0 0.00242676
1 0.00992582 0.0123356
0 0 0.00238342
0 0 0.00233974
0 0 0.00232424
0 0 0.00232248
0 0 0.00231727
0 0 0.00230367
0 0 0.00226909
0 0 0.00226816
1 0.0334276 0.0356608
0 0 0.00221337
1 0.0524509 0.054649
2 0.0417577 0.0439128
0 0 0.0021082
0 0 0.00205448
0 0 0.00204343
0 0 0.00201522
0 0 0.00201411
0 0 0.00200684
2 0.0467943 0.048773
0 0 0.00197797
0 0 0.00195519
1 0.0272833 0.0292261
1 0.0149997 0.0169337
0 0 0.00191586
1 0.00971354 0.0116227
1 0.0163979 0.0182653
1 0.0610929 0.0629451
1 0.00759987 0.00943864
0 0 0.00181273
0 0 0.00176912
0 0 0.00176873
1 0.00985306 0.0116193
2 0.0418885 0.0436288
0 0 0.00171505
1 0.0277155 0.0294004
0 0 0.00166719
1 0.0111016 0.0127498
1 0.00606908 0.00771475
1 0.0489947 0.0506277
1 0.0071412 0.00874991
0 0 0.00160308
0 0 0.00158626
0 0 0.00158391
0 0 0.00155281
0 0 0.00154152
0 0 0.00151677
1 0.0100292 0.0115239
0 0 0.00149159
1 0.02444 0.02591
0 0 0.00146746
1 0.0346607 0.0360963
1 0.00987532 0.0113072
1 0.0137389 0.0151555
0 0 0.00141182
1 0.00560336 0.00701407
0 0 0.00139916
2 0.0116718 0.0130408
1 0.00654786 0.00791455
0 0 0.00134978
0 0 0.0013317
0 0 0.00133099
1 0.0198681 0.0211991
0 0 0.00131772
1 0.0260108 0.0273184
0 0 0.00129964
2 0.0221596 0.0234454
1 0.00371354 0.00499121
0 0 0.0012629
0 0 0.00124931
2 0.0361381 0.0373546
0 0 0.00121124
0 0 0.00120893
1 0.00266782 0.00387455
1 0.00372026 0.00490626
0 0 0.00117167
1 0.015174 0.0163143
1 0.00542576 0.00656243
0 0 0.00113561
0 0 0.00112873
1 0.00463935 0.00576451
0 0 0.00111979
2 0.0309812 0.0320647
0 0 0.00107989
0 0 0.00107419
1 0.0301168 0.0311758
0 0 0.00105257
1 0.00714898 0.00817571
0 0 0.00102158
0 0 0.00100626
0 0 0.00100212
1 0.00706984 0.00801945
1 0.0122683 0.0132156
1 0.00458821 0.00552644
0 0 0.000928716
1 0.00101186 0.00192355
0 0 0.000907183
0 0 0.000905946
1 0.036016 0.0369043
0 0 0.000885305
0 0 0.000883901
1 0.0057372 0.00661642
1 0.00204946 0.0029217
1 0.0282412 0.029109
0 0 0.000864588
0 0 0.000860247
1 0.030837 0.0316939
1 0.00162777 0.00247982
0 0 0.000839645
0 0 0.000834735
0 0 0.000828437
0 0 0.000826015
1 0.00343715 0.00425626
0 0 0.000810694
1 0.0310103 0.0318172
1 0.0180627 0.0188397
1 0.00377378 0.00455019
1 0.00545349 0.00622478
1 0.0566526 0.0574227
0 0 0.000763612
1 0.0111845 0.011946
1 0.0388205 0.0395577
0 0 0.000729982
0 0 0.000724873
1 0.0291921 0.0299093
1 0.0250424 0.0257563
1 0.00606 0.00676904
0 0 0.000708655
1 0.00633915 0.00704703
1 0.045245 0.0459373
0 0 0.00069115
1 0.00989016 0.0105729
1 0.00333999 0.00402269
0 0 0.000679676
0 0 0.000679104
1 0.0110033 0.0116804
1 0.00304065 0.00370254
0 0 0.000658299
0 0 0.00064867
2 0.0116767 0.0123239
1 0.0303251 0.0309718
0 0 0.00064015
0 0 0.000635303
1 0.0036496 0.00428062
1 0.0400593 0.0406786
0 0 0.000617941
1 0.00445071 0.00506596
1 0.0705602 0.0711725
1 0.0150427 0.0156447
1 0.0042485 0.00483869
1 0.00333168 0.0039143
1 0.00538805 0.00596711
0 0 0.000567607
1 0.0107901 0.0113522
1 0.00825883 0.00881524
1 0.031915 0.0324685
1 0.0455562 0.0461061
1 0.00317227 0.00372202
1 0.00814053 0.00868888
1 0.00624313 0.0067899
1 0.0121953 0.0127369
2 0.012032 0.0125563
0 0 0.000517528
2 0.0365578 0.0370709
0 0 0.000512693
1 0.00383807 0.00434904
0 0 0.000508501
0 0 0.000504901
0 0 0.000495693
2 0.0454485 0.0459426
0 0 0.00049323
0 0 0.000493194
1 0.0148243 0.0153079
1 0.00333504 0.00380941
0 0 0.000473792
0 0 0.000470815
2 0.0119964 0.012464
0 0 0.000459612
1 0.00545708 0.00590698
1 0.0090711 0.00950736
2 0.0465247 0.0469547
2 0.0578221 0.0582418
0 0 0.00041899
0 0 0.000413137
0 0 0.000408564
0 0 0.000390541
2 0.0117176 0.0121081
0 0 0.000388266
1 0.0154015 0.0157897
1 0.00484679 0.0052345
2 0.00835166 0.00873345
1 0.00817734 0.0085572
2 0.0397482 0.040127
0 0 0.000375376
1 0.00307826 0.00345333
0 0 0.00037039
0 0 0.000367526
1 0.00612465 0.00649182
0 0 0.000352086
0 0 0.000349882
0 0 0.000338382
1 0.0038841 0.00421936
1 0.0010464 0.00138079
0 0 0.000332448
1 0.0369983 0.0373299
2 0.0627904 0.0631143
1 0.00300794 0.0033188
1 0.00925271 0.00956077
1 0.00227606 0.0025792
1 0.00129436 0.00159687
1 0.00169822 0.0019959
1 0.00307032 0.00336591
1 0.00437338 0.00465962
1 0.0348809 0.035166
0 0 0.000284611
0 0 0.000278568
2 0.0216423 0.0219205
1 0.00124223 0.00151886
1 0.00545849 0.00572324
2 0.0414908 0.041755
2 0.0100023 0.0102648
1 0.00213795 0.00239604
1 0.0585293 0.0587753
0 0 0.000237804
1 0.00429948 0.00453502
1 0.0239821 0.024213
1 0.00732998 0.00756031
1 0.0262176 0.0264454
0 0 0.000225751
0 0 0.000223704
1 0.00203756 0.00225837
0 0 0.00022076
1 0.0328127 0.0330315
2 0.00966848 0.00988711
0 0 0.000215383
2 0.00488826 0.00510284
1 0.00177109 0.00197884
2 0.0134251 0.013631
0 0 0.000205116
1 0.00114306 0.00134605
1 0.00115396 0.0013569
1 0.00101855 0.00121847
1 0.00392301 0.00412161
1 0.00448455 0.00467851
1 0.0129985 0.0131923
1 0.0335554 0.0337488
2 0.0391971 0.0393903
0 0 0.000188907
1 0.0111657 0.0113545
1 0.00125686 0.00144477
1 0.00155638 0.00174407
1 0.0075959 0.0077834
1 0.0100763 0.0102623
1 0.00292535 0.00310803
1 0.00205514 0.0022368
1 0.00930901 0.00949039
1 0.0408839 0.0410648
1 0.00345833 0.00363922
0 0 0.000178567
0 0 0.000178088
1 0.00583768 0.00601301
1 0.0420577 0.0422315
1 0.00758251 0.00775418
1 0.0209929 0.0211611
2 0.0399186 0.0400851
1 0.00142651 0.00158969
1 0.00121076 0.0013708
1 0.00480315 0.00496286
0 0 0.000158683
2 0.00240763 0.00256624
2 0.00502271 0.00518128
1 0.00290125 0.00305521
1 0.00277588 0.00292953
1 0.00526249 0.005415
2 0.00478989 0.00494186
1 0.00398168 0.00413146
1 0.00184534 0.0019927
0 0 0.00014449
0 0 0.000139027
1 0.0312465 0.0313854
1 0.00203363 0.00217036
1 0.00662094 0.00675759
1 0.0112284 0.011364
2 0.00226299 0.00239789
1 0.0270706 0.0272032
1 0.00124054 0.00137159
2 0.0578401 0.05797
1 0.021126 0.0212546
2 0.00904847 0.00917627
2 0.00799628 0.00812333
1 0.00112008 0.00124678
2 0.00802416 0.00815063
1 0.00772798 0.00785117
1 0.0129359 0.0130563
1 0.0129591 0.013079
1 0.0013484 0.00146471
0 0 0.000115984
1 0.00518108 0.00529557
1 0.00914755 0.00926193
1 0.00183858 0.00194822
1 0.000669086 0.000777439
2 0.0146314 0.0147395
2 0.0978475 0.0979555
1 0.0316139 0.03172
1 0.00759265 0.00769172
1 0.00920819 0.00930642
1 0.0026936 0.00279135
1 0.0284358 0.0285326
2 0.0120941 0.0121871
0 0 9.2418e-05
0 0 9.1522e-05
1 0.00738341 0.00747444
1 0.00469259 0.00478351
0 0 8.97195e-05
2 0.0232518 0.02334
0 0 8.75513e-05
2 0.0049188 0.00500439
2 0.0151059 0.0151865
1 0.00275816 0.00283746
2 0.16505 0.165127
2 0.00662668 0.00670166
1 0.00292966 0.00300423
1 0.0178296 0.0179015
2 0.0140478 0.0141191
1 0.00475206 0.00482289
1 0.00257645 0.0026453
0 0 6.81899e-05
2 0.00994116 0.0100092
2 0.0129579 0.0130258
1 0.00552419 0.00559006
1 0.00712002 0.00718246
2 0.00340332 0.00346463
1 0.0100588 0.0101182
1 0.00109886 0.00115726
1 0.0025934 0.00265067
2 0.00695571 0.00701292
1 0.0558145 0.0558715
2 0.0187125 0.0187679
1 0.00396052 0.00401512
1 0.00135417 0.00140513
1 0.00103999 0.00108974
1 0.0611465 0.061194
2 0.0115715 0.0116189
2 0.00802196 0.00806934
2 0.0460986 0.0461454
1 0.0026624 0.00270873
2 0.00814412 0.00819
2 0.0383537 0.0383969
2 0.0103683 0.0104076
2 0.00974611 0.00978532
1 0.00218954 0.00222809
1 0.000446504 0.000483958
2 0.0121454 0.0121823
0 0 3.56068e-05
1 0.0016063 0.00164185
2 0.00786419 0.00789952
1 0.00146889 0.00150292
1 0.000207513 0.000240061
1 0.0024558 0.00248777
2 0.00421042 0.00424225
1 0.00250682 0.00253842
1 0.00138028 0.00141152
2 0.00803926 0.00807005
1 0.00117777 0.0012084
1 0.0642849 0.0643148
1 0.0078948 0.00792433
1 0.00675426 0.00678334
1 0.00299136 0.0030201
1 0.00137625 0.00140448
1 0.00986475 0.00989235
2 0.00595889 0.00598637
2 0.0369538 0.0369812
1 0.000390098 0.000417287
1 0.00511818 0.00514414
1 0.0166902 0.0167153
1 0.00242513 0.00244966
2 0.00157912 0.00160317
2 0.0103106 0.0103345
1 0.0096606 0.00968399
1 0.000562939 0.000586274
2 0.0128233 0.0128463
1 0.0104158 0.0104384
1 0.00186111 0.0018832
1 0.00765275 0.00767454
1 0.0378876 0.0379084
1 0.00844006 0.00846012
1 0.000699512 0.000719406
1 0.000699848 0.000718873
1 0.00745182 0.00747058
1 0.0193111 0.0193294
2 0.0436671 0.0436849
2 0.00804214 0.00805915
2 0.0457258 0.0457425
1 0.00233852 0.00235496
2 0.00772439 0.00774056
2 0.00669483 0.00671094
2 0.00601608 0.006032
1 0.00279505 0.00281006
1 0.00675681 0.00677176
1 0.00297798 0.0029926
1 0.000705533 0.000720025
1 0.00133588 0.00134996
2 0.00792806 0.00794154
2 0.00436231 0.00437475
1 0.00443637 0.00444853
1 0.0016787 0.00169068
1 0.00572578 0.00573751
1 0.0369183 0.0369299
2 0.00229505 0.00230662
1 0.00592547 0.00593703
2 0.00155479 0.00156627
2 0.00635483 0.00636609
2 0.0133626 0.0133735
1 0.00567082 0.00568156
1 0.00460874 0.0046187
1 0.0352172 0.035227
2 0.00789049 0.00789981
2 0.00225883 0.00226774
1 0.000741135 0.000749745
2 0.0195922 0.0196001
2 0.00273584 0.00274361
1 0.036536 0.0365435
1 0.00154625 0.0015532
2 0.0293761 0.0293824
1 0.0121603 0.0121663
1 0.0024534 0.00245934
1 0.00497767 0.00498337
1 0.00502862 0.005034
2 0.00416101 0.00416589
1 0.00976385 0.00976835
1 0.0154073 0.0154118
2 0.0347571 0.0347611
1 0.0184785 0.0184825
1 0.002857 0.00286092
2 0.0195279 0.0195317
1 0.0120883 0.0120918
1 0.00792571 0.00792899
1 0.0351019 0.0351046
2 0.00316177 0.00316448
1 0.00309865 0.00310134
2 0.0164429 0.0164455
2 0.00706224 0.00706458
2 0.00143992 0.00144166
2 0.00294697 0.0029487
1 0.00272705 0.00272875
1 0.00417496 0.00417658
2 0.00232878 0.00233033
1 0.00257565 0.00257717
2 0.0731029 0.0731044
1 0.00543045 0.00543187
1 0.0140789 0.0140803
1 0.00402732 0.00402871
2 0.00999555 0.0099969
2 0.00752621 0.00752755
1 0.00556223 0.00556355
2 0.0130668 0.013068
2 0.00649594 0.00649717
1 0.00822665 0.00822777
2 0.00312315 0.00312426
2 0.0369313 0.0369324
1 0.00128819 0.00128927
1 0.00299104 0.00299209
1 0.00221533 0.00221632
2 0.00159268 0.00159365
2 0.0393733 0.0393742
2 0.0144673 0.0144683
1 0.00285149 0.0028524
2 0.0067617 0.00676256
1 0.000614221 0.000615039
2 0.0366573 0.0366581
1 0.00191438 0.00191512
1 0.0182226 0.0182233
1 0.000531361 0.000532046
1 0.0105367 0.0105374
1 0.0102765 0.0102771
1 0.000539672 0.000540222
2 0.0506565 0.0506571
2 0.0116303 0.0116308
2 0.00572034 0.00572076
2 0.0136437 0.0136441
1 0.0049181 0.00491849
1 0.00474495 0.00474532
1 0.00387033 0.00387064
1 0.00946001 0.0094603
2 0.00225063 0.00225091
1 0.0143123 0.0143125
2 0.0234112 0.0234114
1 0.00734122 0.00734142
2 0.00600001 0.00600017
2 0.00438087 0.00438102
2 0.00261026 0.00261041
1 0.00582172 0.00582177
2 0.00164479 0.00164481
2 0.00793443 0.00793445
2 0.00178616 0.00178617
1 0.00375758 0.00375759
1 0.00151304 0.00151304
