0 0 inf
1 0.120589 0.2129
0 0 0.0850238
1 0.0339247 0.113651
0 0 0.0722738
0 0 0.0659282
0 0 0.0625697
1 0.054965 0.108723
0 0 0.04889
1 0.0785371 0.116106
0 0 0.0364345
0 0 0.0345742
0 0 0.0340731
0 0 0.0332345
0 0 0.0327834
0 0 0.0253607
0 0 0.025197
0 0 0.0242326
2 0.13589 0.157922
0 0 0.0218694
0 0 0.021768
1 0.116357 0.1379
0 0 0.0209378
0 0 0.0206723
1 0.121321 0.141296
0 0 0.0187372
1 0.0216289 0.0399065
0 0 0.0174847
0 0 0.0174707
0 0 0.0171246
1 0.0423929 0.0592873
0 0 0.0168535
0 0 0.0160767
1 0.0753044 0.0904201
0 0 0.0149951
0 0 0.0149908
0 0 0.014022
0 0 0.0131547
0 0 0.0131531
1 0.04011 0.0530422
0 0 0.0126265
1 0.0906698 0.102847
0 0 0.0121413
1 0.0963469 0.108408
0 0 0.0118102
0 0 0.0117383
1 0.0122377 0.0239615
1 0.0967914 0.108418
0 0 0.0111959
0 0 0.0108975
0 0 0.0106282
0 0 0.0105875
0 0 0.00993186
1 0.0899069 0.0997932
0 0 0.00974894
0 0 0.00929769
0 0 0.00911011
0 0 0.00898697
0 0 0.00876151
0 0 0.00871618
0 0 0.00853416
0 0 0.00837218
0 0 0.00782898
0 0 0.00775993
0 0 0.00772761
0 0 0.00771835
1 0.00581109 0.0135027
1 0.00500888 0.0126866
0 0 0.00766988
0 0 0.00747996
0 0 0.00745319
1 0.0088967 0.0159719
1 0.0498483 0.056741
0 0 0.00680449
0 0 0.00672626
0 0 0.00655143
0 0 0.00637723
0 0 0.0062641
0 0 0.00620876
0 0 0.0060782
1 0.00524207 0.0111276
0 0 0.0058379
1 0.0751899 0.0810143
0 0 0.00580064
1 0.013745 0.0194474
0 0 0.00566215
0 0 0.00545506
0 0 0.00542128
0 0 0.00540731
1 0.0278701 0.0331045
1 0.105952 0.111165
0 0 0.00518174
1 0.068885 0.0739792
1 0.0111369 0.0162051
0 0 0.00499697
0 0 0.00498881
0 0 0.00494739
0 0 0.00493248
0 0 0.00491539
1 0.0191696 0.0240806
0 0 0.00484076
0 0 0.00481688
1 0.0118358 0.0165845
0 0 0.00458554
0 0 0.00454832
0 0 0.00453488
0 0 0.00445554
0 0 0.00445178
0 0 0.00444514
0 0 0.00443575
0 0 0.00439518
0 0 0.00426244
0 0 0.00423614
0 0 0.00417383
1 0.00861934 0.0127794
0 0 0.00415519
1 0.0157609 0.0198465
1 0.0740469 0.0781313
0 0 0.00404191
0 0 0.00404174
0 0 0.00397706
1 0.0118142 0.0157625
0 0 0.00394819
0 0 0.00393088
2 0.121396 0.125326
1 0.0214437 0.02536
1 0.101497 0.105373
0 0 0.00386609
0 0 0.00386253
1 0.0192404 0.0230886
0 0 0.00383177
1 0.106586 0.110401
0 0 0.00372516
0 0 0.00372232
1 0.0165317 0.020226
1 0.010887 0.0145194
0 0 0.00359356
0 0 0.00358157
1 0.0326173 0.0361897
1 0.0599467 0.0634988
2 0.0254881 0.0290097
0 0 0.00345169
0 0 0.00342516
0 0 0.00341764
0 0 0.00339452
1 0.0132469 0.0166338
0 0 0.00335748
0 0 0.00333403
1 0.178229 0.181549
0 0 0.00325121
0 0 0.00320946
0 0 0.00314708
0 0 0.00312316
2 0.150423 0.153543
0 0 0.00310085
0 0 0.00306251
0 0 0.00298072
1 0.0076978 0.0106725
0 0 0.00290082
0 0 0.00290064
1 0.112547 0.115385
0 0 0.00283591
1 0.0253241 0.0281122
0 0 0.00276443
0 0 0.00276329
1 0.00455523 0.00731249
1 0.00801897 0.010773
0 0 0.00272182
0 0 0.00272103
0 0 0.00268362
1 0.0872307 0.0898607
0 0 0.00262725
0 0 0.00262364
0 0 0.00261651
0 0 0.0026162
1 0.0983954 0.100979
0 0 0.00254732
1 0.00948033 0.0119959
0 0 0.00249055
1 0.0224545 0.0249085
0 0 0.0024359
0 0 0.00243137
0 0 0.00240905
0 0 0.00238231
1 0.00414543 0.0065174
0 0 0.00234662
0 0 0.0023239
1 0.0125324 0.0148347
0 0 0.00228475
1 0.0490239 0.0512872
0 0 0.0022478
1 0.00885247 0.0110867
1 0.0350343 0.0372601
1 0.0986103 0.100787
0 0 0.00211368
1 0.0231364 0.0252496
1 0.0149325 0.0170386
0 0 0.00210257
0 0 0.00209417
1 0.0985178 0.100612
1 0.00907017 0.0111567
1 0.0334475 0.035488
0 0 0.00202911
1 0.00874709 0.0107738
1 0.00812326 0.0101401
1 0.0108692 0.0128594
0 0 0.00198731
0 0 0.00197646
1 0.0288931 0.0308672
0 0 0.0019621
1 0.0143978 0.0163549
2 0.0169953 0.018931
1 0.00848981 0.0104045
0 0 0.00191004
1 0.00506518 0.00696016
0 0 0.00184885
1 0.00993515 0.0117793
0 0 0.00183178
2 0.0914378 0.0932672
0 0 0.00182314
1 0.0361679 0.0379904
0 0 0.00176388
1 0.00588363 0.00756566
1 0.00690308 0.00854259
1 0.0591212 0.0607507
1 0.0118562 0.0134284
2 0.0441626 0.0457287
0 0 0.00153754
0 0 0.00153514
1 0.00211001 0.00362164
0 0 0.00150663
0 0 0.00149508
0 0 0.00149194
1 0.00589003 0.00736621
1 0.0220011 0.0234705
0 0 0.00146151
1 0.0132574 0.014696
0 0 0.0013995
1 0.011775 0.0131626
0 0 0.00136496
0 0 0.00135439
1 0.00966523 0.0110127
1 0.0197393 0.0210836
0 0 0.00134205
2 0.161432 0.162754
0 0 0.00130795
2 0.0196132 0.0209197
0 0 0.00127242
1 0.0110107 0.0122505
1 0.114018 0.115247
1 0.0196267 0.0208475
0 0 0.00121169
1 0.00920191 0.0104108
0 0 0.00120311
1 0.00993731 0.0111372
0 0 0.00119037
1 0.00930038 0.0104886
1 0.00490479 0.00607996
0 0 0.00116716
0 0 0.00116687
1 0.0182818 0.0194223
2 0.0164446 0.0175807
0 0 0.00112507
1 0.00669327 0.00781227
1 0.00437478 0.00546089
1 0.0150925 0.0161755
1 0.020891 0.0219642
0 0 0.00107026
0 0 0.00105892
1 0.0229333 0.0239671
0 0 0.00102364
0 0 0.00101328
1 0.011958 0.0129581
1 0.00849617 0.00949391
2 0.118189 0.119184
1 0.0408053 0.041799
2 0.0121156 0.013098
2 0.0366713 0.0376332
1 0.0351749 0.0361337
0 0 0.000957924
1 0.00589181 0.00684634
0 0 0.000951575
1 0.0108382 0.0117803
1 0.0135179 0.0144561
0 0 0.000937659
1 0.0074875 0.00841929
0 0 0.000922946
0 0 0.000922401
1 0.00625356 0.00717078
1 0.0240467 0.024963
1 0.0175319 0.0184322
1 0.0254896 0.0263822
1 0.00627494 0.00715955
1 0.00991723 0.0107839
1 0.046472 0.0473318
0 0 0.000859039
0 0 0.000855746
1 0.00983083 0.0106759
1 0.00758475 0.00840819
1 0.00443213 0.00524061
1 0.00911031 0.00991568
1 0.0154396 0.0162366
1 0.0184007 0.0191966
0 0 0.000793297
1 0.0152775 0.0160634
0 0 0.000770838
0 0 0.000760649
0 0 0.000753552
1 0.102638 0.103386
2 0.0366592 0.0374055
1 0.116601 0.117345
1 0.00920893 0.00994481
1 0.00364141 0.00436989
0 0 0.000725918
0 0 0.000712183
1 0.00417756 0.00488865
0 0 0.000700359
2 0.0643208 0.0650138
1 0.0941327 0.0948252
1 0.0171614 0.0178461
1 0.0187585 0.0194419
1 0.0103449 0.011026
0 0 0.000660005
1 0.13605 0.136709
1 0.00570899 0.00636691
1 0.0657467 0.0664028
2 0.0134611 0.0141166
2 0.125674 0.126308
0 0 0.000634256
1 0.0126726 0.013283
1 0.00639798 0.00700491
0 0 0.000602804
1 0.00556246 0.00615965
0 0 0.000593894
1 0.0149489 0.0155396
1 0.0105277 0.0111155
1 0.00580543 0.00639147
1 0.00138881 0.0019712
1 0.00979991 0.0103747
0 0 0.000566705
1 0.00913875 0.00969658
0 0 0.000552997
2 0.179098 0.17964
1 0.0617755 0.0623147
1 0.017604 0.0181397
2 0.0269329 0.0274653
1 0.00482861 0.00536094
1 0.00936835 0.00989482
1 0.0070683 0.00759445
1 0.00592372 0.00644041
1 0.00739405 0.0079075
1 0.0197495 0.0202625
1 0.00426394 0.00476304
1 0.0122049 0.0127007
1 0.094366 0.0948578
2 0.124278 0.124759
1 0.0124411 0.0129205
1 0.00150087 0.00197982
1 0.0131093 0.0135459
0 0 0.00042775
2 0.0165151 0.0169422
1 0.00425298 0.00467712
1 0.0129708 0.013394
1 0.0134317 0.0138531
1 0.002123 0.00254083
1 0.00507951 0.00549354
1 0.00458412 0.00499757
1 0.0373052 0.0377146
2 0.137919 0.138325
1 0.00486602 0.00526821
1 0.00993984 0.01034
1 0.0134579 0.0138502
1 0.0224185 0.0228085
0 0 0.000387823
1 0.0141454 0.0145319
1 0.123262 0.123647
1 0.0206878 0.0210727
2 0.0128272 0.0132105
1 0.00437377 0.00475693
2 0.00732327 0.00770148
0 0 0.000364797
1 0.0208466 0.0212067
1 0.0109548 0.0113145
1 0.0165955 0.0169466
1 0.00232895 0.00267977
1 0.00702753 0.00737663
1 0.00437222 0.00471134
1 0.00320321 0.00353944
1 0.00491065 0.00523906
1 0.00485201 0.00516815
0 0 0.000315781
1 0.010162 0.0104758
1 0.0122084 0.0125192
1 0.00343825 0.00374696
1 0.00993634 0.0102438
1 0.00853283 0.00883912
1 0.0180418 0.0183458
2 0.0121247 0.0124231
1 0.039752 0.040042
1 0.015019 0.015297
0 0 0.000266414
1 0.143817 0.144082
2 0.0220101 0.0222651
1 0.0104617 0.010712
1 0.0576634 0.0579132
0 0 0.000243025
1 0.00576905 0.00601078
1 0.0360677 0.0363076
1 0.00208413 0.00232159
1 0.00565777 0.00589395
1 0.00960847 0.00984223
1 0.00817232 0.00840428
2 0.0153736 0.0156026
1 0.00278325 0.00301006
1 0.000915671 0.00114183
2 0.039399 0.0396242
1 0.0030146 0.00323725
2 0.00505484 0.00527736
1 0.0150595 0.0152816
1 0.0771791 0.0773965
0 0 0.000205628
2 0.0248954 0.0250991
2 0.0117367 0.0119381
2 0.0157478 0.015947
1 0.0386481 0.0388434
0 0 0.000195171
2 0.0187934 0.0189858
1 0.000885455 0.0010759
1 0.0268601 0.0270484
2 0.0165296 0.0167115
1 0.0246946 0.024875
1 0.00899756 0.00917744
1 0.00888385 0.00906371
1 0.0167446 0.0169243
1 0.00594173 0.00611589
1 0.115964 0.116138
2 0.0164165 0.0165883
1 0.0017593 0.00192282
1 0.00263081 0.00279414
1 0.0047394 0.0049023
1 0.00980782 0.00996704
1 0.00476739 0.00492607
2 0.0134986 0.0136564
1 0.000713284 0.000867651
1 0.0122651 0.0124166
1 0.00387803 0.00402477
2 0.0234059 0.0235498
2 0.059529 0.0596718
1 0.0065664 0.00670889
1 0.00312805 0.00326948
1 0.0104165 0.0105574
1 0.0186561 0.0187958
1 0.00588098 0.00601878
1 0.00955714 0.00969485
1 0.00433093 0.00446751
2 0.0154969 0.0156325
0 0 0.000135071
1 0.024111 0.0242438
1 0.00341299 0.00354522
2 0.0320716 0.0322013
1 0.011856 0.0119857
1 0.00832246 0.00845182
1 0.00134988 0.0014785
2 0.013513 0.0136379
1 0.00171474 0.00183888
1 0.051335 0.0514588
2 0.00885479 0.00897664
1 0.101615 0.101734
1 0.00224309 0.00235819
1 0.00201192 0.00212585
2 0.00887417 0.00898713
2 0.00503712 0.00514909
2 0.020067 0.0201781
1 0.00694325 0.00705268
2 0.0271508 0.0272601
1 0.0170903 0.0171956
1 0.0799953 0.0800992
1 0.0134397 0.0135432
1 0.113746 0.113849
1 0.00711885 0.00721899
1 0.00954312 0.00964284
1 0.00136007 0.00145976
1 0.000905188 0.00100325
0 0 9.80247e-05
2 0.0247901 0.0248872
0 0 9.68209e-05
2 0.0298007 0.029896
2 0.0225912 0.0226862
1 0.00258713 0.00268003
1 0.00473099 0.00482033
1 0.0120953 0.0121827
2 0.0136488 0.0137347
1 0.0141904 0.0142761
1 0.0130933 0.0131773
2 0.0129745 0.013058
2 0.0171349 0.0172182
1 0.00275948 0.00284238
1 0.00650762 0.00658796
1 0.0171592 0.0172377
1 0.00314189 0.00321964
1 0.00391779 0.00399233
1 0.0140417 0.0141157
2 0.0287146 0.0287882
1 0.00458642 0.0046576
1 0.0034976 0.00356776
1 0.00259463 0.00266386
2 0.0183149 0.0183833
1 0.0154032 0.0154714
1 0.00549494 0.00556203
1 0.0126701 0.0127369
0 0 6.62927e-05
1 0.00322664 0.00329207
2 0.0157333 0.0157971
2 0.0442554 0.0443192
1 0.0498469 0.0499083
1 0.000698244 0.00075754
1 0.00100229 0.00106123
1 0.0079838 0.00804107
2 0.0290398 0.0290966
1 0.020441 0.020495
1 0.012895 0.0129484
2 0.0381535 0.0382067
1 0.0272851 0.0273379
1 0.0510754 0.0511279
2 0.0259195 0.0259716
0 0 4.88398e-05
1 0.0253401 0.0253885
1 0.0039532 0.00400068
2 0.0103022 0.0103496
1 0.0132296 0.0132739
1 0.0155744 0.0156186
1 0.0114001 0.0114435
1 0.00445281 0.00449554
2 0.0658423 0.0658843
2 0.011782 0.0118227
1 0.0160844 0.0161246
1 0.0113942 0.0114306
2 0.023039 0.0230753
1 0.0102564 0.0102911
1 0.0458883 0.0459217
1 0.00964663 0.00967973
1 0.00728796 0.00731874
2 0.007386 0.00741486
1 0.0115735 0.0116023
1 0.00594316 0.00597153
1 0.0170101 0.0170382
2 0.025925 0.0259528
2 0.0207922 0.0208198
2 0.00966661 0.0096938
1 0.0119154 0.0119405
1 0.0378809 0.0379059
1 0.155567 0.155591
1 0.00216403 0.00218605
1 0.00342403 0.00344578
1 0.00911611 0.00913754
2 0.0272761 0.0272971
1 0.0202692 0.0202902
2 0.0249825 0.0250032
1 0.0125588 0.0125788
1 0.0115728 0.0115923
2 0.0138744 0.0138936
2 0.0177589 0.0177775
1 0.00617493 0.00619237
2 0.0141157 0.0141323
2 0.0132334 0.0132497
2 0.0165301 0.0165457
1 0.00726849 0.00728364
1 0.0123206 0.0123345
1 0.00389476 0.00390757
2 0.00407392 0.00408576
1 0.0614299 0.0614415
2 0.00916512 0.00917594
2 0.0188668 0.0188773
1 0.0193373 0.0193475
2 0.0183619 0.0183719
2 0.0203671 0.0203761
2 0.0274547 0.0274636
2 0.0176983 0.0177064
1 0.00578925 0.00579732
1 0.00850819 0.00851623
1 0.00222643 0.00223445
2 0.0100551 0.0100628
2 0.189634 0.189641
1 0.00502067 0.00502804
1 0.000476211 0.00048329
1 0.0182487 0.018255
1 0.00771165 0.00771734
1 0.00940961 0.00941516
1 0.0134545 0.01346
1 0.00544952 0.00545471
1 0.00185246 0.00185744
2 0.00611857 0.00612336
2 0.0121346 0.0121391
2 0.0264058 0.0264096
2 0.00697025 0.00697407
1 0.00396659 0.00397041
1 0.0209754 0.0209788
1 0.0212612 0.0212645
1 0.0114888 0.011492
2 0.0128319 0.012835
1 0.00574369 0.00574672
2 0.0262085 0.0262113
1 0.121454 0.121457
1 0.00385274 0.00385523
2 0.0409616 0.0409641
1 0.00202583 0.00202774
2 0.101047 0.101049
1 0.0290002 0.0290017
2 0.0127404 0.0127418
1 0.000762427 0.000763615
1 0.00418012 0.0041813
1 0.00857282 0.00857397
2 0.0159426 0.0159437
2 0.0158983 0.0158992
2 0.0237662 0.0237671
1 0.0206797 0.0206806
2 0.00651604 0.00651675
2 0.0112717 0.0112722
2 0.0206835 0.0206837
1 0.00728092 0.00728113
2 0.00360764 0.00360773
2 0.00565573 0.00565581
2 0.0625477 0.0625477
2 0.00214436 0.00214436
