0 0 inf
0 0 0.12388
1 0.145474 0.251278
0 0 0.0965556
0 0 0.0885814
0 0 0.0880558
0 0 0.0877189
0 0 0.0727762
0 0 0.0690839
1 0.0250898 0.0858337
0 0 0.0481226
0 0 0.0397507
0 0 0.0396895
1 0.0393248 0.07139
0 0 0.0319808
1 0.0328151 0.063515
1 0.155533 0.186031
0 0 0.0304411
1 0.127799 0.155731
0 0 0.0278154
0 0 0.0270464
0 0 0.0269827
0 0 0.0267024
0 0 0.0260172
0 0 0.0259381
1 0.155025 0.18085
0 0 0.0242372
1 0.0383661 0.0596892
1 0.0879412 0.10914
1 0.0816568 0.102547
0 0 0.0205344
1 0.243249 0.263724
0 0 0.0201362
0 0 0.0200175
1 0.0231115 0.0421875
0 0 0.0184259
0 0 0.0177358
0 0 0.0176851
0 0 0.0157489
0 0 0.0157152
0 0 0.0153536
0 0 0.0144742
0 0 0.0144586
0 0 0.0142449
0 0 0.0139783
0 0 0.013593
0 0 0.0135756
0 0 0.0133614
1 0.0277075 0.0409575
1 0.0576316 0.0705381
0 0 0.0125825
0 0 0.0121728
1 0.166992 0.178619
1 0.0327472 0.0439584
1 0.0257621 0.0363994
0 0 0.0105998
0 0 0.010425
0 0 0.0104133
1 0.0153117 0.0257148
0 0 0.0103797
1 0.0111543 0.0214272
2 0.32674 0.336924
0 0 0.0100986
0 0 0.00994143
0 0 0.00981815
0 0 0.00980748
0 0 0.00955235
0 0 0.00949357
0 0 0.00932535
1 0.00706835 0.0162399
1 0.30839 0.317494
0 0 0.00908393
1 0.0923291 0.101394
0 0 0.00896932
0 0 0.00893195
1 0.19148 0.200271
0 0 0.00876423
1 0.0205428 0.0292481
0 0 0.0086965
0 0 0.00865306
0 0 0.00840718
1 0.0160797 0.0243158
0 0 0.00803299
0 0 0.00800838
1 0.269366 0.277331
0 0 0.00784463
1 0.0486885 0.0562505
0 0 0.00748186
0 0 0.00745853
0 0 0.00740945
1 0.00782016 0.0151979
1 0.0258746 0.0330249
0 0 0.00709271
0 0 0.00698946
0 0 0.00696313
0 0 0.0069332
1 0.0120174 0.0186368
0 0 0.00660971
2 0.101098 0.107625
0 0 0.00652482
0 0 0.00633483
1 0.108534 0.114843
0 0 0.0062064
0 0 0.00615765
1 0.101017 0.107126
0 0 0.0060769
0 0 0.00605925
0 0 0.00601891
0 0 0.00601325
0 0 0.00599284
1 0.0125705 0.0185274
0 0 0.00561417
0 0 0.00556277
1 0.151983 0.157444
0 0 0.00535785
0 0 0.00535168
0 0 0.00534446
0 0 0.00528434
0 0 0.00500112
1 0.00479268 0.00973621
1 0.0232584 0.0281153
1 0.0208804 0.0256987
1 0.0125132 0.0171895
1 0.0068189 0.0114707
2 0.0196489 0.0242565
0 0 0.0043902
0 0 0.00436591
0 0 0.00436121
0 0 0.00435791
1 0.0134196 0.0177563
1 0.0345482 0.0388631
0 0 0.00425885
0 0 0.00421371
0 0 0.00418401
0 0 0.0041731
0 0 0.00410926
0 0 0.00410162
1 0.0310297 0.0351258
0 0 0.00409246
0 0 0.00407914
0 0 0.00406317
1 0.012794 0.0167734
1 0.101921 0.105754
0 0 0.00382712
0 0 0.00371408
0 0 0.00368483
2 0.0167259 0.0204072
0 0 0.0036782
1 0.0225358 0.0261684
0 0 0.0035725
1 0.00677816 0.0103149
2 0.065129 0.0686552
0 0 0.0035131
0 0 0.00351098
0 0 0.00349365
0 0 0.00347534
0 0 0.00341754
0 0 0.00341644
0 0 0.00340295
0 0 0.00337831
0 0 0.00335998
0 0 0.00333261
0 0 0.00329309
0 0 0.00326111
1 0.159158 0.162418
0 0 0.00325261
1 0.0155368 0.0187879
1 0.0350455 0.0382531
1 0.0135264 0.0167093
0 0 0.00318076
0 0 0.00316954
0 0 0.00316039
0 0 0.00315462
1 0.21547 0.218621
1 0.00648547 0.00963085
1 0.0562756 0.059373
0 0 0.00309599
1 0.00745146 0.0105314
1 0.00863097 0.0116723
1 0.00376383 0.00678047
1 0.0177381 0.0207384
0 0 0.00295255
1 0.00608696 0.00900742
1 0.00692076 0.00980175
0 0 0.00287224
0 0 0.00285837
1 0.0147809 0.0176161
0 0 0.00282996
1 0.00500166 0.00782165
0 0 0.0027765
0 0 0.00275036
2 0.111656 0.114395
0 0 0.00273044
0 0 0.00271142
1 0.00716971 0.00987522
0 0 0.00269889
1 0.00730734 0.00999029
0 0 0.00266906
0 0 0.00266725
0 0 0.00259941
0 0 0.00259511
0 0 0.00257966
0 0 0.00257849
0 0 0.00255381
0 0 0.0025382
1 0.00994131 0.0124516
1 0.0164685 0.0189747
0 0 0.00246736
0 0 0.0024413
0 0 0.00240215
1 0.0169866 0.0193885
1 0.0612873 0.0636824
1 0.027231 0.0296095
0 0 0.00237815
1 0.00797332 0.0103344
0 0 0.00233443
1 0.00553445 0.00786529
1 0.00700309 0.00930872
2 0.0587452 0.0610322
0 0 0.00228255
0 0 0.0022823
0 0 0.00227597
2 0.0106791 0.0128734
0 0 0.00217745
0 0 0.00216822
2 0.280507 0.282674
0 0 0.0021559
1 0.00716284 0.00930627
0 0 0.00213193
1 0.0034607 0.00557611
0 0 0.0021097
0 0 0.00209551
0 0 0.00208213
2 0.0721919 0.0742648
1 0.0152323 0.0172956
1 0.00651433 0.00854122
1 0.0054701 0.00748358
0 0 0.00198008
1 0.00569869 0.00765646
1 0.00578559 0.00774335
1 0.00655201 0.0084947
1 0.0170014 0.018922
0 0 0.00191777
1 0.0131651 0.0150538
0 0 0.00187579
0 0 0.00187049
1 0.0497509 0.0516003
1 0.0364971 0.038346
0 0 0.00179543
2 0.037337 0.0391316
0 0 0.00178713
1 0.00455453 0.00633204
1 0.0140301 0.0158072
2 0.0194915 0.0212329
0 0 0.00172769
0 0 0.00172445
0 0 0.00172261
1 0.050423 0.0521444
2 0.268563 0.270268
0 0 0.00169759
1 0.0162594 0.0179541
0 0 0.0016668
1 0.0481552 0.0497967
0 0 0.0016153
0 0 0.00160111
1 0.00365413 0.00523847
2 0.010941 0.0124786
1 0.0115748 0.0131035
2 0.0199096 0.0214166
2 0.0101546 0.0116453
1 0.00495757 0.00644102
2 0.017599 0.0190775
0 0 0.00145155
1 0.0169217 0.0183709
0 0 0.00143503
1 0.00680588 0.00822585
0 0 0.00140868
2 0.0226838 0.0240864
0 0 0.00139023
1 0.00318366 0.00456018
0 0 0.00137649
1 0.00967628 0.0110318
2 0.0180193 0.0193657
0 0 0.00134355
1 0.0148664 0.0162067
1 0.00935764 0.0106951
2 0.0355572 0.0368471
1 0.0405251 0.0418119
1 0.0100668 0.0113514
1 0.0102464 0.011531
2 0.112233 0.113513
1 0.00799798 0.00927636
0 0 0.00127732
1 0.0060157 0.0072656
1 0.0356486 0.0368939
1 0.073557 0.0747983
1 0.00328629 0.00451078
1 0.00617576 0.00739884
1 0.0178286 0.0190497
1 0.00649098 0.00769607
1 0.00783516 0.00904023
1 0.0177814 0.0189821
1 0.0065202 0.00771577
1 0.0107951 0.0119808
0 0 0.0011794
1 0.00521313 0.00636711
0 0 0.00111153
1 0.00718467 0.0082959
1 0.0104342 0.0115428
1 0.00621642 0.00731797
1 0.00988906 0.0109795
1 0.0147054 0.0157932
0 0 0.00108503
2 0.0137347 0.0148056
1 0.00620965 0.00727732
1 0.012632 0.0136969
0 0 0.0010647
1 0.0127003 0.0137632
0 0 0.00105761
1 0.00736692 0.00841577
1 0.0121937 0.0132387
0 0 0.00103855
1 0.00641616 0.00743196
2 0.0592403 0.060246
0 0 0.00100375
1 0.00332958 0.00433083
0 0 0.000992388
1 0.00633436 0.00730128
1 0.00457117 0.00551593
0 0 0.000942258
2 0.0127502 0.0136678
0 0 0.000910782
1 0.00576401 0.00667219
1 0.0345607 0.0354664
0 0 0.000903199
1 0.0121112 0.0130132
1 0.0251411 0.026041
0 0 0.000896668
1 0.00631445 0.00720588
1 0.0544075 0.0552969
1 0.0331455 0.0340333
1 0.0023173 0.00320419
1 0.00790459 0.00878907
1 0.0204309 0.0213057
1 0.00933779 0.0101925
1 0.00831593 0.0091687
1 0.00785682 0.00870473
1 0.00319464 0.00402221
1 0.018442 0.0192655
1 0.0277054 0.0285275
0 0 0.000811795
1 0.00637927 0.00718451
1 0.00802698 0.00883055
1 0.0178003 0.0185873
1 0.00717225 0.00794663
1 0.0186522 0.0194209
1 0.00445719 0.00522512
1 0.0359112 0.0366586
1 0.309775 0.310516
1 0.00275871 0.00349336
1 0.00479708 0.00552096
1 0.0183401 0.0190593
2 0.0781901 0.0789087
0 0 0.000695366
0 0 0.000687649
1 0.0360383 0.0367159
0 0 0.000676251
2 0.0500798 0.0507253
1 0.0106448 0.0112896
1 0.00870089 0.00934398
0 0 0.000641711
1 0.0077124 0.00835241
1 0.0192777 0.0199167
0 0 0.00063895
1 0.0166625 0.017295
1 0.0186024 0.0192323
1 0.00890546 0.00953207
1 0.00442943 0.00505008
2 0.0177276 0.0183277
1 0.0255247 0.0261175
1 0.00701974 0.00760713
1 0.00507311 0.005645
1 0.00831473 0.00887257
0 0 0.000547978
1 0.00875764 0.00929969
1 0.0128333 0.0133747
1 0.0176502 0.0181813
1 0.00346275 0.00398568
1 0.00752305 0.00804523
0 0 0.000512194
2 0.0268233 0.0273335
1 0.0373603 0.0378695
0 0 0.000505685
0 0 0.000493642
2 0.0378104 0.0383005
0 0 0.000488101
1 0.00705203 0.00753797
1 0.00245648 0.00293099
2 0.324937 0.3254
1 0.266547 0.267002
1 0.00791438 0.00836874
1 0.0644321 0.0648832
1 0.00818358 0.00863465
1 0.00924611 0.00969421
1 0.0495426 0.0499831
1 0.0170243 0.017463
1 0.00797089 0.00840945
1 0.00471463 0.00515184
1 0.0263641 0.0267969
2 0.00938927 0.00981846
2 0.00819946 0.0086278
1 0.0069699 0.00739406
1 0.0071122 0.00752836
2 0.012353 0.012769
1 0.00972217 0.0101337
0 0 0.00041032
1 0.0879972 0.0883909
1 0.00643442 0.00682747
1 0.00464113 0.00503032
1 0.0431669 0.0435488
1 0.00785631 0.00822135
1 0.00787801 0.0082366
2 0.0209013 0.0212595
0 0 0.000357221
1 0.00336253 0.00371872
0 0 0.000350964
1 0.00486749 0.00521733
1 0.0257473 0.0260938
1 0.00191429 0.0022547
1 0.00311166 0.00345134
1 0.0288353 0.029174
1 0.0128883 0.013226
1 0.00930253 0.00963811
1 0.00768433 0.00801892
1 0.0170594 0.0173904
2 0.0191639 0.019492
1 0.0048428 0.00516748
1 0.00697834 0.00729971
1 0.0118131 0.0121274
2 0.0164151 0.0167269
1 0.00504467 0.00535501
1 0.0041747 0.00448174
1 0.00926272 0.00956616
2 0.0266663 0.0269689
1 0.00443801 0.00474011
1 0.0373374 0.0376296
2 0.00760636 0.00789252
1 0.0123739 0.0126575
2 0.0176423 0.0179223
2 0.0131248 0.0134041
1 0.0553566 0.0556355
1 0.00942494 0.00970364
2 0.0222749 0.0225521
1 0.0106438 0.010916
1 0.0144433 0.0147121
1 0.00318497 0.00345084
1 0.00290888 0.00317332
1 0.00628765 0.00655054
1 0.00467811 0.004941
1 0.0156911 0.0159484
2 0.31972 0.319975
0 0 0.000253798
1 0.0412844 0.0415372
2 0.0281726 0.0284185
2 0.0260105 0.0262561
1 0.00188054 0.00212524
1 0.0035556 0.00379922
1 0.0108409 0.0110774
2 0.0193357 0.0195704
1 0.00856138 0.00879167
1 0.00417948 0.00440847
1 0.0025962 0.00281946
1 0.027687 0.0279037
1 0.0209963 0.0212115
1 0.23496 0.235169
1 0.00505511 0.00525557
1 0.0198782 0.0200775
1 0.00715368 0.0073529
1 0.0390535 0.0392515
1 0.00548367 0.00568032
1 0.0161327 0.0163275
1 0.00470423 0.00489656
1 0.0618505 0.0620401
1 0.00774292 0.00792911
2 0.00524904 0.00543478
1 0.00657791 0.0067633
1 0.0300726 0.0302552
1 0.024077 0.0242591
1 0.0105308 0.0107107
1 0.023815 0.0239946
1 0.015378 0.0155567
1 0.00817773 0.00835552
1 0.00445461 0.00463064
1 0.00834945 0.00852527
1 0.0252391 0.025411
1 0.0235886 0.0237575
2 0.0116386 0.011807
1 0.00497468 0.00514113
2 0.0111687 0.0113319
2 0.264666 0.264825
2 0.015204 0.0153593
1 0.019832 0.0199869
2 0.179404 0.179556
1 0.0413854 0.041537
1 0.00538183 0.0055308
2 0.0190281 0.0191756
1 0.00365117 0.0037972
2 0.0202001 0.0203441
2 0.00468896 0.00483293
1 0.00911169 0.00925547
1 0.00613437 0.00627789
1 0.00340679 0.00354878
1 0.00571363 0.00585236
2 0.0184497 0.0185854
1 0.0136387 0.0137732
1 0.102578 0.102712
2 0.0239699 0.0241009
1 0.00145773 0.00158555
2 0.0727127 0.0728405
2 0.040391 0.0405182
2 0.021843 0.021969
2 0.0133514 0.0134774
1 0.0900053 0.0901275
1 0.00542068 0.00553841
2 0.0241054 0.0242219
1 0.00839153 0.00849898
1 0.0021915 0.00229886
2 0.0178034 0.0179095
2 0.11427 0.114376
1 0.0183416 0.0184468
2 0.112738 0.112842
1 0.00145575 0.00155689
1 0.0055893 0.0056897
1 0.00574243 0.00584181
1 0.0376093 0.0377085
1 0.00386948 0.00396767
0 0 9.61666e-05
1 0.00311831 0.00321146
2 0.00458199 0.00467478
2 0.0142356 0.0143263
2 0.00783771 0.0079272
1 0.00132941 0.0014179
2 0.0418854 0.0419739
1 0.0105245 0.0106085
1 0.0209955 0.0210768
1 0.0698104 0.0698911
1 0.0183859 0.0184643
1 0.00403029 0.00410824
1 0.00393186 0.00400911
2 0.0189941 0.0190681
1 0.104715 0.104787
1 0.00576311 0.00583298
1 0.0312849 0.0313525
1 0.0190308 0.0190977
2 0.00684166 0.00690852
1 0.0175588 0.0176255
2 0.0115407 0.011605
1 0.0211614 0.0212237
1 0.0645159 0.0645781
1 0.00198173 0.00204322
1 0.0556276 0.0556888
2 0.0176517 0.0177127
2 0.0122112 0.0122719
2 0.0221596 0.0222201
1 0.0102616 0.0103216
2 0.0127032 0.0127626
1 0.0134298 0.0134882
1 0.00907651 0.00913455
1 0.0148813 0.0149391
1 0.0187545 0.0188111
1 0.00102938 0.00108468
2 0.0115407 0.0115955
0 0 5.25805e-05
2 0.0120691 0.0121202
2 0.0205693 0.0206197
1 0.0554638 0.0555133
1 0.0190404 0.0190886
1 0.0263647 0.0264126
1 0.00820106 0.00824876
1 0.0393726 0.03942
2 0.0218544 0.0219013
2 0.0221608 0.0222075
2 0.0213027 0.0213481
1 0.00624442 0.00628627
1 0.10499 0.105032
1 0.00131715 0.0013581
2 0.0215036 0.0215441
1 0.00364739 0.00368764
2 0.0153108 0.0153507
1 0.0212118 0.0212505
2 0.255489 0.255527
1 0.0159519 0.01599
1 0.0141723 0.0142087
1 0.00951511 0.00955076
1 0.00346603 0.00350143
1 0.00620043 0.0062354
1 0.00363271 0.00366543
2 0.0185671 0.0185995
2 0.0397221 0.0397541
1 0.160355 0.160387
2 0.0530639 0.053095
1 0.012996 0.0130253
1 0.0146824 0.0147105
1 0.00801398 0.00804174
1 0.0217609 0.0217885
1 0.0134374 0.0134636
1 0.00909114 0.00911692
1 0.00274675 0.00277252
2 0.0148835 0.0149091
1 0.0155458 0.0155713
1 0.0209961 0.021021
1 0.00464343 0.00466767
1 0.011555 0.0115789
1 0.0151919 0.0152139
1 0.00422966 0.00425115
2 0.00913426 0.00915572
1 0.0409093 0.0409297
1 0.020846 0.020865
2 0.0233732 0.0233898
1 0.0262284 0.0262444
1 0.00697091 0.00698663
1 0.00845235 0.00846592
1 0.0530376 0.0530507
2 0.00956202 0.00957502
1 0.0123398 0.0123527
1 0.020208 0.0202207
2 0.0142876 0.0143002
1 0.00209845 0.00211061
2 0.0173201 0.0173321
2 0.0212002 0.0212121
1 0.0121964 0.0122083
1 0.0142444 0.0142563
1 0.00334158 0.00335115
1 0.00902886 0.00903776
1 0.00819989 0.00820876
1 0.0149465 0.0149552
2 0.0268384 0.0268466
1 0.0420456 0.0420534
2 0.0110892 0.0110964
2 0.0152159 0.0152231
2 0.0572379 0.057245
2 0.0176633 0.0176695
1 0.00857931 0.00858501
1 0.00166247 0.00166802
1 0.0171541 0.0171593
2 0.00526132 0.00526568
2 0.00633031 0.00633426
2 0.0213777 0.0213816
2 0.00933133 0.00933517
1 0.00405335 0.00405714
2 0.0106511 0.0106548
1 0.0110772 0.0110808
2 0.0556949 0.0556984
2 0.0153627 0.0153659
2 0.0112283 0.0112311
1 0.00865012 0.00865286
1 0.0066877 0.00669034
1 0.00275231 0.00275492
1 0.0233667 0.0233687
1 0.0113496 0.0113515
1 0.00544418 0.00544602
2 0.0148033 0.0148051
2 0.00934656 0.00934809
1 0.00557849 0.00557985
1 0.0474877 0.0474888
1 0.0174557 0.0174568
1 0.00574487 0.00574575
1 0.00466687 0.00466764
1 0.00465531 0.00465605
1 0.0103014 0.0103021
2 0.0157355 0.0157361
2 0.015218 0.0152184
2 0.0122629 0.0122632
1 0.0268603 0.0268607
2 0.0184047 0.018405
2 0.00466074 0.00466098
1 0.027262 0.0272622
1 0.0177707 0.0177709
1 0.0031981 0.00319831
1 0.00463634 0.00463651
1 0.00486139 0.00486147
1 0.00854935 0.0085494
1 0.00774324 0.00774327
2 0.0125512 0.0125513
2 0.0177717 0.0177717
2 0.0130091 0.0130091
1 0.00351986 0.00351986
