0 0 inf
0 0 0.169744
0 0 0.128064
0 0 0.0568058
1 0.0260947 0.0802024
1 0.0518173 0.0993493
1 0.170167 0.216355
0 0 0.0448319
1 0.0456434 0.086072
1 0.215678 0.254665
0 0 0.038764
0 0 0.0373545
0 0 0.0372662
1 0.071554 0.107758
0 0 0.0359703
0 0 0.0351951
0 0 0.0335938
0 0 0.0332348
0 0 0.0319569
1 0.0201546 0.0515458
1 0.0537637 0.0849101
0 0 0.0285015
0 0 0.0281938
0 0 0.0274088
0 0 0.0272631
0 0 0.0271973
0 0 0.0270963
0 0 0.0257213
0 0 0.0252073
1 0.0793057 0.103413
0 0 0.0237378
0 0 0.0234915
0 0 0.0229813
0 0 0.0225962
0 0 0.0209053
1 0.2205 0.241264
0 0 0.0204898
0 0 0.018887
0 0 0.0184403
1 0.05845 0.0768493
0 0 0.0182358
0 0 0.0172206
0 0 0.016411
0 0 0.0163474
0 0 0.0160903
2 0.099893 0.115978
1 0.174818 0.189789
0 0 0.0147431
0 0 0.0145155
1 0.104146 0.11866
0 0 0.0139194
2 0.281734 0.294993
0 0 0.0124482
0 0 0.01165
0 0 0.0116157
1 0.01158 0.0227995
1 0.0398897 0.0508583
1 0.00737521 0.0183286
1 0.247785 0.25857
0 0 0.0103186
1 0.135618 0.145903
0 0 0.0100483
0 0 0.00988461
0 0 0.00987027
1 0.0577838 0.0675252
1 0.0397361 0.0493657
1 0.207181 0.216336
0 0 0.00914491
0 0 0.00906994
1 0.0685019 0.0775149
0 0 0.00873084
1 0.00845782 0.0171634
1 0.0627255 0.0713849
0 0 0.00830449
1 0.228204 0.236414
1 0.0646726 0.072669
0 0 0.00785257
0 0 0.0077161
0 0 0.00761535
0 0 0.00753533
0 0 0.00734782
0 0 0.00731406
0 0 0.00727563
1 0.00428686 0.0115127
1 0.0574601 0.0644458
1 0.0929352 0.0997649
1 0.0287974 0.0355386
0 0 0.00666416
1 0.209645 0.216093
1 0.0172926 0.0236457
0 0 0.00626367
1 0.0115938 0.0176476
0 0 0.00603417
1 0.0239712 0.0299144
0 0 0.00589819
0 0 0.00587935
1 0.0975056 0.103261
0 0 0.00559782
2 0.147504 0.153094
0 0 0.00546224
0 0 0.00544022
0 0 0.00540856
1 0.00489126 0.0101854
0 0 0.0052934
0 0 0.00508942
2 0.147899 0.152862
0 0 0.00487215
1 0.00523287 0.0100659
0 0 0.00475711
0 0 0.00473091
0 0 0.00470662
1 0.0105632 0.0152666
0 0 0.00467372
1 0.0037493 0.00838834
0 0 0.00462439
1 0.00438415 0.00897645
0 0 0.00452326
0 0 0.00445
0 0 0.00439259
1 0.0385316 0.0429084
1 0.103373 0.107721
0 0 0.00429028
1 0.043197 0.0474192
1 0.0422825 0.0465016
1 0.00884206 0.0130186
1 0.142125 0.14628
1 0.00470941 0.00884268
1 0.0493906 0.0535051
0 0 0.00411387
0 0 0.00409482
0 0 0.00406437
0 0 0.00401499
0 0 0.0040095
0 0 0.0039862
0 0 0.0039306
0 0 0.00392225
0 0 0.00389236
0 0 0.00385748
0 0 0.00380798
0 0 0.0037904
0 0 0.00374948
0 0 0.00372912
1 0.00370238 0.00742702
0 0 0.00369208
1 0.0213809 0.0249422
0 0 0.00351738
0 0 0.00346997
1 0.00611084 0.00948438
0 0 0.00333401
0 0 0.00329588
0 0 0.00329095
2 0.0200179 0.023306
0 0 0.00328049
0 0 0.00327237
0 0 0.00325519
0 0 0.00324849
0 0 0.00320567
0 0 0.00315474
0 0 0.0031349
0 0 0.00308053
1 0.0605578 0.0636303
1 0.0440711 0.0471072
0 0 0.00302552
0 0 0.00302147
0 0 0.00299622
0 0 0.00299449
0 0 0.00299213
1 0.0238876 0.0268549
1 0.0292741 0.0322406
1 0.00562832 0.00859142
0 0 0.00296067
0 0 0.00295658
0 0 0.00290048
1 0.0820971 0.0849953
0 0 0.00285253
0 0 0.00284659
1 0.0757095 0.0785365
0 0 0.00282367
0 0 0.00278646
1 0.00532027 0.0080845
1 0.00269763 0.00543122
0 0 0.00269643
0 0 0.00266546
1 0.00959563 0.0122333
0 0 0.00256268
0 0 0.00253929
0 0 0.0025373
0 0 0.00253107
0 0 0.00250536
0 0 0.00249898
0 0 0.0024492
0 0 0.00244504
1 0.0723416 0.0747833
0 0 0.00243852
0 0 0.00243689
0 0 0.0024034
1 0.00581698 0.00820164
1 0.0338504 0.0362017
0 0 0.00226449
1 0.0174917 0.0197349
1 0.00542342 0.00766602
1 0.0048678 0.0071061
0 0 0.00220368
0 0 0.0021626
0 0 0.0021572
1 0.0040754 0.00623072
1 0.00507339 0.00722665
0 0 0.00212524
0 0 0.00211853
0 0 0.00205663
2 0.0184632 0.0205164
1 0.0181372 0.0201599
0 0 0.00198346
0 0 0.00197477
1 0.0241056 0.026073
1 0.0109596 0.0129178
1 0.0911568 0.0930627
0 0 0.00190289
2 0.00958811 0.0114885
0 0 0.00186396
1 0.0235263 0.0253881
0 0 0.00185682
1 0.00604194 0.00789825
1 0.138597 0.140446
1 0.0157257 0.0175577
1 0.00617416 0.00798353
0 0 0.00180872
0 0 0.00177879
0 0 0.00176466
0 0 0.00175855
1 0.011426 0.0131842
0 0 0.00173132
2 0.0524725 0.0541718
0 0 0.00167652
1 0.066727 0.0683912
0 0 0.0016307
0 0 0.00161025
0 0 0.00160295
2 0.0242113 0.0258096
0 0 0.00158273
1 0.00466925 0.0062411
1 0.0500684 0.0516219
0 0 0.0015513
1 0.00801266 0.0095556
1 0.0965012 0.0980331
0 0 0.00149415
0 0 0.00148647
1 0.00317281 0.00464897
0 0 0.00147444
1 0.00415863 0.00561715
0 0 0.00144167
0 0 0.00143916
1 0.00409014 0.00549789
1 0.0295904 0.0309964
1 0.0804448 0.0818433
0 0 0.00137402
1 0.0295002 0.030867
0 0 0.00132859
1 0.0193263 0.0206321
0 0 0.00129361
0 0 0.00128698
0 0 0.00127387
1 0.0054915 0.00675895
0 0 0.00125845
0 0 0.0012303
2 0.0294119 0.030636
0 0 0.00121866
1 0.00687989 0.00809767
1 0.0984806 0.0996932
0 0 0.00121254
1 0.00845887 0.00966918
0 0 0.00120875
1 0.0136892 0.0148874
1 0.0423515 0.0435409
0 0 0.00118516
0 0 0.0011815
0 0 0.0011747
1 0.0370796 0.0382412
0 0 0.00114802
1 0.00648225 0.00762641
1 0.0175954 0.0187354
0 0 0.00113996
2 0.0148655 0.0159958
1 0.0113113 0.0124401
0 0 0.00111627
0 0 0.0011141
1 0.00463907 0.00574005
0 0 0.00109373
0 0 0.00109109
1 0.00624605 0.00731759
1 0.00567442 0.00674294
1 0.0100246 0.0110904
0 0 0.00106573
0 0 0.00106172
2 0.111963 0.113021
1 0.00763916 0.00867943
0 0 0.00103975
1 0.00799152 0.00902789
0 0 0.00101998
1 0.0126425 0.0136578
1 0.0116181 0.0125912
1 0.0257515 0.0267197
1 0.00605382 0.00702059
2 0.015375 0.0163395
1 0.0189035 0.0198477
1 0.00301382 0.0039392
0 0 0.000912052
1 0.00538391 0.00627953
0 0 0.00089425
2 0.0321396 0.0330307
0 0 0.0008904
1 0.0069242 0.00781251
2 0.255689 0.256577
1 0.0148196 0.015705
1 0.010532 0.0114022
1 0.0054423 0.00631023
1 0.0431213 0.043988
1 0.135499 0.136365
1 0.0333392 0.0341749
1 0.00659291 0.00742859
0 0 0.000833968
0 0 0.000832091
0 0 0.000829284
1 0.0114548 0.0122835
2 0.00647286 0.00728544
2 0.0124574 0.0132596
1 0.00937827 0.0101716
1 0.00685436 0.00763641
2 0.0181466 0.0189253
2 0.174097 0.174862
1 0.0104011 0.0111602
1 0.00547078 0.00621657
0 0 0.000738794
1 0.00209641 0.00283178
2 0.0115891 0.0123149
0 0 0.000724481
0 0 0.000722988
2 0.0112696 0.0119801
2 0.10804 0.108748
1 0.0224229 0.0231268
2 0.030248 0.0309481
1 0.00488165 0.00556691
0 0 0.000682986
1 0.0174418 0.0180985
1 0.0272718 0.0279181
1 0.0282146 0.0288597
1 0.109174 0.109818
1 0.0059736 0.00661408
0 0 0.000639713
1 0.0257007 0.0263211
1 0.0283777 0.0289972
1 0.00447016 0.00508125
1 0.0182591 0.0188671
1 0.00615131 0.00674274
1 0.00667636 0.00725992
1 0.0152598 0.0158416
1 0.0047102 0.00529182
1 0.0138351 0.014408
1 0.00951597 0.0100872
1 0.00768859 0.00823358
2 0.0174481 0.0179891
1 0.0171246 0.0176649
2 0.261916 0.262455
1 0.00787607 0.00841325
1 0.0188314 0.0193682
1 0.00204553 0.00256212
1 0.00870456 0.00922033
1 0.00182895 0.00234115
1 0.0160847 0.0165942
2 0.113688 0.114191
2 0.00813956 0.00862967
1 0.0543454 0.054832
1 0.00386268 0.00434433
1 0.00257193 0.00304669
2 0.0789666 0.0794355
1 0.0101544 0.0106208
2 0.110846 0.111308
1 0.00730834 0.00775032
2 0.0849658 0.0854066
1 0.00489237 0.00532499
0 0 0.000431762
1 0.0546476 0.0550694
1 0.00277798 0.00319357
1 0.00431327 0.00472621
2 0.133709 0.134118
1 0.00503583 0.00544188
1 0.0241797 0.0245825
1 0.00700134 0.00740302
0 0 0.000400406
1 0.00768565 0.00808228
0 0 0.000393894
1 0.0129818 0.0133569
1 0.00548393 0.00585086
2 0.00972848 0.0100937
2 0.0103788 0.0107305
1 0.0136985 0.0140473
1 0.00693679 0.00728306
1 0.00575696 0.00609953
2 0.0114055 0.0117465
1 0.00180212 0.00214227
2 0.0144339 0.0147687
1 0.00915182 0.00948644
1 0.0161423 0.0164673
1 0.00916492 0.00948332
2 0.216563 0.216878
1 0.0050625 0.00537425
2 0.103618 0.103929
1 0.0148879 0.015198
2 0.0096889 0.00999864
1 0.00628229 0.00659191
1 0.0162763 0.0165854
1 0.140122 0.140426
1 0.0121661 0.0124692
1 0.00551493 0.00581234
1 0.0017996 0.00209389
1 0.0403295 0.0406192
1 0.0303963 0.0306793
1 0.00960303 0.00988065
2 0.0104775 0.0107544
2 0.0145527 0.0148292
2 0.0085775 0.008853
1 0.011563 0.0118374
1 0.00628781 0.00656219
2 0.0106997 0.0109716
1 0.00293325 0.00320238
1 0.00358961 0.00385775
1 0.0110716 0.0113391
1 0.00500257 0.00526385
2 0.0313278 0.0315891
1 0.00491349 0.00517081
1 0.0119141 0.0121698
1 0.0830857 0.083339
1 0.0127346 0.0129841
1 0.00544324 0.00568692
1 0.00514683 0.00539019
1 0.0039341 0.00417495
1 0.00265345 0.00289158
0 0 0.000237574
1 0.00755718 0.00778502
1 0.00573356 0.00595971
1 0.00605375 0.00627426
1 0.0298099 0.0300301
1 0.00334843 0.00356701
1 0.00813094 0.00834607
1 0.0129581 0.013173
1 0.0256727 0.0258871
1 0.00347955 0.00368966
2 0.011015 0.0112216
1 0.00292409 0.00312982
1 0.0070961 0.00730032
2 0.0146752 0.0148779
1 0.00387537 0.00407595
2 0.0839366 0.0841356
0 0 0.00019834
1 0.00421237 0.00440891
2 0.00996293 0.0101581
2 0.0290924 0.0292867
1 0.0236203 0.0238094
1 0.00869661 0.00888042
1 0.132084 0.132266
1 0.00201291 0.00219486
2 0.0679916 0.0681734
1 0.00205377 0.00223524
1 0.00854848 0.00872912
1 0.00202816 0.0022069
1 0.0127144 0.0128922
1 0.00665714 0.00683489
1 0.0228234 0.0230007
1 0.182097 0.182275
1 0.0249462 0.0251225
2 0.0141856 0.0143603
2 0.0088111 0.00898406
1 0.0429865 0.0431487
2 0.00659415 0.00675508
1 0.00420626 0.00436475
1 0.0106473 0.0108057
1 0.00224602 0.00240417
1 0.0193327 0.0194908
1 0.00550914 0.00566408
2 0.0078455 0.00799881
1 0.00728386 0.0074368
1 0.0226678 0.0228199
1 0.255292 0.255438
1 0.00874179 0.00888717
2 0.00668178 0.00682623
1 0.0114185 0.0115588
2 0.0209234 0.0210628
2 0.0337673 0.0339049
2 0.0114421 0.0115767
1 0.00206423 0.00219862
0 0 0.000133065
1 0.0060571 0.00618866
1 0.00723855 0.00736691
2 0.0207416 0.0208691
1 0.0193776 0.0195034
1 0.007176 0.00730158
1 0.0076697 0.00779417
1 0.00969517 0.00981782
1 0.00570993 0.00583217
1 0.00518056 0.00530276
0 0 0.000122176
1 0.0628316 0.0629526
1 0.00900131 0.00911754
1 0.00338438 0.00350036
1 0.0084537 0.00856921
2 0.0296896 0.0298035
2 0.121513 0.121624
2 0.00232778 0.00243668
2 0.0119763 0.0120802
2 0.053115 0.0532188
1 0.0149812 0.0150843
1 0.0772314 0.0773345
2 0.0115546 0.011657
2 0.0440402 0.0441425
1 0.0350063 0.035108
1 0.0976205 0.0977188
2 0.0102961 0.0103927
1 0.00378739 0.00388392
2 0.010006 0.0101007
2 0.00744738 0.0075419
2 0.0249488 0.0250422
2 0.0224907 0.022583
2 0.0311119 0.0312013
1 0.0116089 0.0116936
1 0.011211 0.0112953
1 0.0114948 0.0115788
2 0.0168668 0.0169485
0 0 8.001e-05
1 0.00374558 0.00382297
1 0.0177507 0.0178281
1 0.00635474 0.00642898
2 0.00573842 0.00580896
2 0.0113603 0.0114286
2 0.079761 0.0798284
1 0.00693004 0.00699643
2 0.00478845 0.00485471
2 0.00272527 0.00279017
2 0.0315165 0.0315814
1 0.0310083 0.0310697
1 0.0206593 0.0207202
2 0.0125187 0.0125794
1 0.0109157 0.0109736
2 0.0203735 0.0204306
2 0.0120594 0.0121158
1 0.00864719 0.00870354
1 0.0102613 0.0103175
1 0.00297311 0.00302837
1 0.0170158 0.0170704
2 0.216647 0.2167
1 0.00454311 0.00459587
2 0.233146 0.233198
1 0.00193437 0.00198403
1 0.00164774 0.00169636
1 0.0175272 0.0175757
2 0.0378564 0.0379042
1 0.00259481 0.00264133
1 0.0078812 0.00792694
2 0.00549733 0.00554203
2 0.0207215 0.0207657
2 0.0137029 0.0137467
1 0.00745955 0.00750283
2 0.0190061 0.0190493
1 0.00824171 0.0082845
2 0.0421501 0.0421922
2 0.0125867 0.0126288
1 0.00278263 0.00282383
2 0.0101694 0.0102102
2 0.00292916 0.00296835
2 0.00883533 0.00887358
1 0.0240672 0.0241051
2 0.0123772 0.0124147
1 0.00810412 0.00814144
1 0.0763469 0.0763831
2 0.00976994 0.00980573
1 0.0748473 0.0748826
1 0.00767456 0.00770818
1 0.00880259 0.00883589
2 0.00815472 0.00818754
2 0.0101042 0.0101368
1 0.0292778 0.0293103
2 0.00569734 0.00572921
1 0.0402387 0.0402703
2 0.150575 0.150606
1 0.00501913 0.00504983
1 0.0148083 0.0148375
1 0.00611059 0.00613882
1 0.0108749 0.0109029
1 0.0107091 0.010737
1 0.0114762 0.011504
1 0.00655249 0.0065791
2 0.00653182 0.00655806
1 0.00758234 0.00760808
2 0.00466204 0.00468704
2 0.0195788 0.0196036
1 0.0179166 0.0179411
2 0.00502824 0.00505263
1 0.00753745 0.00756107
1 0.00540377 0.00542666
2 0.0308698 0.0308925
2 0.0119319 0.0119541
1 0.00439663 0.00441863
1 0.00745974 0.0074811
1 0.00728721 0.00730752
1 0.276965 0.276985
0 0 1.95251e-05
1 0.00634285 0.00636237
2 0.00598736 0.00600652
1 0.00589265 0.00591169
2 0.00868419 0.00870264
1 0.00565185 0.00566989
2 0.00607917 0.00609697
1 0.00965184 0.00966913
1 0.00542715 0.00544265
1 0.0314531 0.0314686
1 0.0151088 0.0151231
2 0.00672098 0.00673514
1 0.00597408 0.00598749
2 0.068056 0.0680691
1 0.00567826 0.00569138
2 0.00543129 0.00544401
2 0.00895119 0.0089639
2 0.00598472 0.00599657
1 0.00926716 0.00927837
2 0.00723517 0.00724623
1 0.00512238 0.00513262
2 0.00777934 0.00778956
1 0.00288232 0.00289054
1 0.0058881 0.0058961
1 0.0981763 0.098184
2 0.13653 0.136537
2 0.0177814 0.0177886
1 0.0103748 0.010381
2 0.0122542 0.0122603
1 0.00537846 0.00538337
1 0.00437765 0.00438211
1 0.00228684 0.00229093
2 0.0121408 0.0121449
2 0.00809992 0.00810382
1 0.0144756 0.0144793
1 0.0109194 0.010923
1 0.0064768 0.0064802
1 0.0102232 0.0102265
1 0.00725112 0.00725421
1 0.00640354 0.00640639
2 0.0121882 0.012191
2 0.00743202 0.00743478
1 0.00248797 0.00249065
1 0.0119826 0.0119851
2 0.00638792 0.00639033
1 0.0530747 0.0530771
1 0.00262092 0.00262302
1 0.00509633 0.00509841
1 0.0121054 0.0121073
2 0.00600076 0.0060025
1 0.00409776 0.00409931
1 0.113617 0.113619
2 0.00614087 0.00614166
2 0.00608941 0.00609003
2 0.00899178 0.00899236
2 0.0159907 0.0159909
1 0.0047235 0.00472374
2 0.112073 0.112073
2 0.0353439 0.0353439
1 0.0061922 0.00619228
2 0.018537 0.0185371
2 0.00395197 0.00395198
1 0.00577757 0.00577758
2 0.017927 0.017927
1 0.00940694 0.00940694
2 0.0118855 0.0118855
