0 0 inf
0 0 0.0982422
1 0.172195 0.26838
0 0 0.0882023
0 0 0.0795525
0 0 0.0705383
1 0.0153962 0.0780509
0 0 0.0495489
0 0 0.0462798
0 0 0.0405251
0 0 0.0398729
0 0 0.0396884
0 0 0.038639
1 0.124014 0.160624
0 0 0.0354796
0 0 0.0353604
0 0 0.0343754
0 0 0.0329526
0 0 0.0314787
1 0.0830157 0.1121
1 0.13444 0.162811
0 0 0.0280081
0 0 0.0277049
0 0 0.0274907
1 0.252413 0.278322
0 0 0.024115
1 0.248942 0.272465
0 0 0.0215639
1 0.19148 0.211162
0 0 0.0189767
2 0.28376 0.302598
0 0 0.0179547
1 0.0868776 0.103793
0 0 0.0168446
1 0.0549028 0.0710853
0 0 0.0160797
0 0 0.0160777
0 0 0.0157859
1 0.0139783 0.0294557
0 0 0.0148748
0 0 0.0146019
1 0.0839339 0.0982945
0 0 0.0135308
0 0 0.0135093
0 0 0.0129487
0 0 0.0129457
0 0 0.0123104
0 0 0.0120623
1 0.0916343 0.103609
1 0.244761 0.256705
0 0 0.0109975
0 0 0.0108793
0 0 0.0106141
0 0 0.0103855
0 0 0.0103014
0 0 0.0102935
0 0 0.0101454
1 0.012099 0.0219975
0 0 0.00979721
1 0.00584717 0.0155568
1 0.0404727 0.0499613
0 0 0.00941643
0 0 0.00870212
0 0 0.0086965
0 0 0.00865815
1 0.0428022 0.0514303
0 0 0.00840718
0 0 0.0083858
1 0.0141597 0.0222938
0 0 0.0080908
0 0 0.0080721
0 0 0.00806031
0 0 0.00803299
0 0 0.00800838
0 0 0.00784463
0 0 0.0077851
0 0 0.00745853
1 0.00810519 0.0155261
0 0 0.00740945
1 0.0170243 0.0243158
0 0 0.00723133
0 0 0.00721365
0 0 0.00717145
0 0 0.00716345
0 0 0.00709271
0 0 0.0069974
0 0 0.0069699
1 0.00785631 0.0146859
0 0 0.00670048
1 0.0378812 0.0444277
0 0 0.00643442
1 0.00631445 0.0127117
1 0.00586474 0.0121135
0 0 0.00624406
1 0.0200175 0.0261684
0 0 0.006147
0 0 0.00607946
0 0 0.00607901
0 0 0.00607725
0 0 0.00594536
1 0.041599 0.0474555
1 0.00754579 0.0133802
0 0 0.00572733
1 0.0100633 0.0157168
1 0.0944133 0.100023
1 0.0205428 0.0261175
1 0.0181257 0.0235321
1 0.0296569 0.0350231
0 0 0.00532461
0 0 0.00531319
1 0.0167948 0.0218795
0 0 0.00507789
1 0.00642411 0.0114335
1 0.0198432 0.0248262
2 0.0183261 0.0232953
1 0.0129716 0.0179406
0 0 0.00495757
0 0 0.00494939
1 0.0116292 0.0165307
0 0 0.0048969
1 0.00539794 0.0102863
0 0 0.00486649
0 0 0.00485194
1 0.0597878 0.0646332
1 0.0459586 0.0507879
1 0.152037 0.15686
0 0 0.00473527
0 0 0.00469047
0 0 0.00466737
0 0 0.00464019
1 0.0118138 0.0163653
0 0 0.00442943
0 0 0.00442004
0 0 0.0043902
1 0.039094 0.0434772
0 0 0.00437192
0 0 0.00435889
2 0.0719381 0.0761613
0 0 0.00419303
0 0 0.00417015
0 0 0.00412976
0 0 0.00411055
1 0.0277075 0.0318117
2 0.284153 0.288204
0 0 0.00402286
0 0 0.00394463
0 0 0.00393633
0 0 0.00386948
1 0.0151265 0.0189623
1 0.101921 0.105754
0 0 0.00382712
0 0 0.00375361
0 0 0.00368483
0 0 0.0036348
0 0 0.0035725
0 0 0.00356956
1 0.0225358 0.026041
1 0.0531128 0.0565865
1 0.052144 0.0555011
0 0 0.00334634
0 0 0.00332341
1 0.00553445 0.00883943
0 0 0.0032784
1 0.0155368 0.0187879
1 0.0235563 0.0267751
1 0.00578559 0.00899796
0 0 0.00320511
0 0 0.00319464
1 0.0258746 0.0290684
0 0 0.00311166
1 0.0130861 0.0161831
1 0.0137262 0.0167734
0 0 0.00302986
0 0 0.00302261
1 0.0676404 0.0706597
1 0.0177381 0.0207384
0 0 0.00290637
1 0.00328879 0.00616117
0 0 0.00285757
1 0.0216863 0.0245246
0 0 0.00282637
1 0.152502 0.155305
1 0.192581 0.195345
0 0 0.00275827
0 0 0.00275036
2 0.0402066 0.0429535
0 0 0.00273903
0 0 0.00270975
0 0 0.0026855
0 0 0.00266725
0 0 0.00265144
0 0 0.00263093
2 0.024868 0.027473
0 0 0.00257849
0 0 0.00256381
0 0 0.0025266
1 0.0114074 0.013929
0 0 0.00249951
0 0 0.00248243
0 0 0.00248054
1 0.00543024 0.00788749
0 0 0.00245706
0 0 0.0024454
0 0 0.00243529
2 0.0173638 0.0197961
1 0.00718467 0.00959391
0 0 0.00238334
1 0.0227604 0.0251406
1 0.0177814 0.0201604
2 0.0573214 0.0596926
1 0.00955098 0.0118832
0 0 0.00232135
0 0 0.00228756
0 0 0.00228255
0 0 0.00227977
1 0.0313137 0.0335593
0 0 0.00221311
0 0 0.00219078
0 0 0.00217362
0 0 0.00216822
0 0 0.00215678
0 0 0.00215559
0 0 0.00214688
0 0 0.0021073
1 0.0068189 0.00891637
1 0.148102 0.15015
1 0.00529883 0.00734176
1 0.00587481 0.00790641
0 0 0.00199787
1 0.0056234 0.00760822
1 0.0208804 0.0228358
2 0.164205 0.166159
0 0 0.00194563
2 0.0180193 0.0199476
1 0.0159938 0.017902
0 0 0.00188054
1 0.0396895 0.0415644
0 0 0.00185636
0 0 0.00185194
1 0.0450754 0.0469024
1 0.00656666 0.0083775
1 0.0131651 0.0149569
1 0.00374717 0.00551117
1 0.0154383 0.0171932
1 0.00558776 0.00733079
0 0 0.00170424
0 0 0.00167154
2 0.0196954 0.0213668
2 0.107151 0.108808
1 0.00701997 0.0086751
1 0.0899369 0.0915909
1 0.0111196 0.0127677
2 0.0238028 0.025431
1 0.0246962 0.0262989
1 0.0468978 0.0484805
0 0 0.00157501
0 0 0.00156495
1 0.00977841 0.0113256
1 0.0153397 0.0168437
0 0 0.00149827
1 0.0131681 0.0146599
0 0 0.00145155
0 0 0.00143503
1 0.00644504 0.00787503
1 0.00651433 0.00793166
2 0.10925 0.110649
0 0 0.0013961
0 0 0.00139417
0 0 0.00137871
1 0.00899382 0.0103593
1 0.0213427 0.0226948
1 0.0153163 0.0166681
1 0.0301872 0.0315335
0 0 0.00134449
1 0.0140842 0.0154271
0 0 0.0013376
1 0.150905 0.152242
1 0.0045936 0.00592318
1 0.00728949 0.00858736
1 0.0102898 0.0115644
1 0.00705432 0.00832032
1 0.0633127 0.0645644
1 0.0060157 0.0072656
1 0.00621172 0.00744543
1 0.231458 0.232686
0 0 0.00121089
1 0.00649098 0.00769607
1 0.00968187 0.0108209
0 0 0.00113198
1 0.0211389 0.0222548
1 0.00844568 0.009557
1 0.0112316 0.0123418
0 0 0.00110662
0 0 0.00110217
0 0 0.00109225
1 0.01779 0.0188684
2 0.0287827 0.0298534
1 0.0157022 0.0167549
2 0.0261301 0.0271444
1 0.0188619 0.0198632
1 0.00399858 0.00497801
1 0.0909587 0.0918675
1 0.00576401 0.00667219
0 0 0.000898727
1 0.021676 0.0225465
1 0.0128503 0.0137203
0 0 0.000865972
1 0.00877336 0.00963921
0 0 0.000865287
0 0 0.000864358
0 0 0.000856885
1 0.0170675 0.0179244
1 0.0251411 0.0259957
0 0 0.000836269
1 0.00523169 0.00606666
1 0.00533704 0.00616513
1 0.00647133 0.00729583
0 0 0.000822881
1 0.0135756 0.0143873
1 0.00533876 0.00615039
1 0.0526326 0.0534409
1 0.00558884 0.00639273
0 0 0.000803595
2 0.0165273 0.0173278
0 0 0.000795575
1 0.100065 0.100859
1 0.0266302 0.027423
2 0.0161087 0.0168961
1 0.0178003 0.0185873
1 0.00457117 0.00535069
1 0.00537246 0.00614181
1 0.0366495 0.037389
0 0 0.000737099
1 0.0184012 0.0191379
1 0.00710558 0.00782165
1 0.00318271 0.00388983
0 0 0.000703888
1 0.00494814 0.00564775
1 0.0065333 0.00722791
0 0 0.000693238
1 0.00859306 0.00928414
1 0.00192225 0.00261309
1 0.00969542 0.0103861
0 0 0.000689651
0 0 0.000687649
1 0.00648273 0.00716637
2 0.0100771 0.0107601
1 0.112895 0.113575
1 0.00306638 0.00374496
1 0.0170288 0.0176996
2 0.275178 0.275847
2 0.0187112 0.0193657
1 0.00624403 0.0068963
1 0.0141952 0.0148438
2 0.0266637 0.0273097
0 0 0.000643021
1 0.00727725 0.00792005
0 0 0.000641711
1 0.0192777 0.0199167
1 0.0065202 0.00715757
0 0 0.000636002
1 0.00626321 0.00689595
1 0.0139048 0.0145325
1 0.00417948 0.00480303
1 0.00873474 0.00934396
1 0.0178159 0.0184203
1 0.0116347 0.0122227
1 0.0040027 0.004584
1 0.0358625 0.0364374
1 0.0729637 0.073536
2 0.0128979 0.0134587
1 0.00198574 0.00254454
1 0.0142839 0.0148356
0 0 0.000547978
2 0.0147714 0.0153189
1 0.00405453 0.00460032
0 0 0.000544683
1 0.0073646 0.00790559
2 0.0160781 0.0166189
1 0.0129412 0.013474
1 0.00685842 0.00739097
0 0 0.00052431
1 0.0385928 0.0391164
0 0 0.000512194
0 0 0.000511869
0 0 0.000493642
2 0.212987 0.213481
1 0.00399634 0.00448949
1 0.00824445 0.00873716
2 0.0223364 0.0228269
2 0.00805039 0.00853994
0 0 0.000478323
1 0.0510767 0.0515533
2 0.008221 0.00868956
1 0.00977758 0.010246
1 0.00791438 0.00837466
0 0 0.000458576
1 0.00591149 0.0063647
1 0.0183738 0.0188261
1 0.00324286 0.00368071
2 0.0103625 0.0107977
1 0.0995517 0.0999693
1 0.0052523 0.00566828
1 0.0122967 0.012712
1 0.0215721 0.0219778
2 0.107635 0.108036
1 0.00534051 0.00573318
1 0.112035 0.112428
1 0.0170882 0.0174789
2 0.00970615 0.0100955
1 0.00709539 0.00748459
2 0.0166652 0.0170533
1 0.0282169 0.0286045
2 0.0102 0.0105844
1 0.0148955 0.015272
2 0.0126077 0.0129704
1 0.00333698 0.0036958
1 0.0140681 0.0144251
1 0.00578247 0.00613627
1 0.0141981 0.0145481
1 0.0130192 0.0133665
1 0.0249604 0.0253027
1 0.00677337 0.00711398
0 0 0.000338661
1 0.00768433 0.00801892
1 0.0256711 0.0260041
1 0.00757196 0.0079023
2 0.0290276 0.0293564
2 0.00643792 0.00676368
1 0.00460616 0.00493101
0 0 0.000323071
1 0.0416265 0.041948
2 0.0266064 0.0269267
2 0.0316018 0.0319217
1 0.0255247 0.0258416
1 0.00284739 0.0031582
2 0.0131347 0.0134393
1 0.00830655 0.00860704
1 0.0106533 0.0109512
1 0.00412557 0.00441833
2 0.375211 0.375503
2 0.00694519 0.00723362
1 0.0123739 0.0126575
1 0.014385 0.0146667
1 0.00859319 0.00887186
1 0.00618751 0.00646265
1 0.0246823 0.0249541
1 0.0160219 0.0162929
1 0.00648547 0.00675462
1 0.0157489 0.0160138
1 0.00968512 0.00994314
1 0.00707437 0.00733096
0 0 0.000253798
2 0.0281726 0.0284185
1 0.0035556 0.00379922
1 0.0633747 0.0636117
1 0.0336099 0.033839
1 0.00322094 0.00344722
1 0.0124531 0.0126788
0 0 0.000225077
1 0.0131239 0.0133427
2 0.0190932 0.0193109
2 0.0221358 0.0223507
1 0.0114461 0.0116571
0 0 0.000207498
1 0.0184007 0.0186053
1 0.00936998 0.0095745
1 0.00665796 0.00686016
2 0.0186384 0.0188404
1 0.011033 0.0112335
1 0.0198782 0.0200775
1 0.013593 0.0137914
1 0.0158952 0.0160905
0 0 0.000191272
2 0.0157321 0.0159191
1 0.00321144 0.00339776
0 0 0.000184707
1 0.024077 0.0242591
1 0.105948 0.106127
1 0.023815 0.0239946
1 0.007875 0.00805434
1 0.015378 0.0155567
2 0.0264967 0.0266717
1 0.00529328 0.00546651
1 0.0931715 0.0933436
1 0.00686998 0.00704177
1 0.00533249 0.00549809
1 0.00157769 0.00173953
2 0.0103837 0.0105443
2 0.0190514 0.0192111
1 0.00172261 0.00188124
1 0.0212819 0.0214355
2 0.0274277 0.027574
1 0.0157152 0.0158614
1 0.00613437 0.00627789
1 0.0193221 0.0194646
1 0.00116796 0.00130627
1 0.00743707 0.00757457
2 0.00767051 0.0078066
2 0.0271769 0.0273056
2 0.0209364 0.0210648
1 0.00345443 0.00358205
1 0.0256353 0.0257602
1 0.00466842 0.00479118
2 0.0200405 0.0201628
1 0.00385075 0.00397142
1 0.0109308 0.0110473
2 0.0194133 0.019529
2 0.0109641 0.0110777
1 0.01054 0.0106522
2 0.0104738 0.010585
2 0.00809914 0.00820716
2 0.0193537 0.0194615
1 0.00541175 0.00551882
1 0.00461448 0.0047195
2 0.0191819 0.0192848
1 0.0074887 0.00759154
1 0.0625059 0.0626078
2 0.00980856 0.00990701
1 0.015872 0.0159704
1 0.00925388 0.00935208
1 0.00199902 0.00209594
1 0.0209543 0.0210501
1 0.0348602 0.0349546
1 0.00539237 0.00548619
2 0.0660128 0.0661065
2 0.0108063 0.0108953
1 0.00339171 0.00347818
2 0.0216052 0.0216889
2 0.0119163 0.0119993
2 0.00268401 0.00276498
1 0.00607433 0.00615297
1 0.00641382 0.00649116
1 0.0454577 0.0455312
2 0.0137679 0.0138413
1 0.00360149 0.00367278
1 0.00863097 0.00869892
1 0.00574243 0.00580957
1 0.0108922 0.010956
2 0.00922376 0.00928708
1 0.00942011 0.00948237
1 0.00102938 0.00108468
1 0.0164008 0.0164542
1 0.00616488 0.00621794
2 0.00980175 0.00985318
1 0.00806326 0.00811448
1 0.00145131 0.00150245
2 0.0140712 0.0141212
2 0.00844902 0.00849748
1 0.141303 0.141351
2 0.00694727 0.00699383
2 0.0248485 0.0248948
1 0.0305534 0.0305986
1 0.00716284 0.00720741
1 0.00596985 0.00601288
1 0.00589693 0.00593877
1 0.00910399 0.00914553
1 0.0124887 0.0125298
2 0.0087946 0.00883223
1 0.00091422 0.000951768
2 0.0193583 0.0193953
2 0.0163357 0.0163724
1 0.00257042 0.0026063
1 0.0687962 0.0688314
2 0.0143722 0.0144071
1 0.0142951 0.0143299
1 0.013354 0.0133884
2 0.00613829 0.00617111
2 0.00952601 0.00955566
2 0.00688137 0.00691067
2 0.0736601 0.0736874
1 0.00616261 0.00618952
1 0.00745146 0.00747827
1 0.0196941 0.0197208
1 0.0134374 0.0134636
1 0.0235181 0.0235435
2 0.0104638 0.0104871
1 0.0163728 0.0163959
2 0.0102181 0.0102393
2 0.0286196 0.0286408
2 0.00694892 0.00696972
1 0.00557876 0.00559846
2 0.029817 0.0298364
1 0.03132 0.0313386
1 0.00766702 0.00768514
1 0.00453983 0.00455782
1 0.00467102 0.00468899
1 0.0137141 0.0137318
1 0.0231767 0.0231943
1 0.0212599 0.0212771
1 0.00530419 0.00532074
2 0.00592853 0.00594488
1 0.0297355 0.0297517
1 0.020775 0.0207908
1 0.00980546 0.00982093
2 0.00617088 0.00618558
2 0.0177119 0.0177257
1 0.00455033 0.0045639
2 0.010689 0.0107014
1 0.00167768 0.0016886
1 0.016601 0.0166117
1 0.00674463 0.00675511
2 0.0109091 0.0109183
1 0.00471519 0.00472426
2 0.00890694 0.00891524
1 0.0163814 0.0163893
1 0.0213156 0.0213233
2 0.0192107 0.0192182
1 0.00534265 0.0053497
2 0.00727611 0.00728287
1 0.00128638 0.00129296
2 0.031747 0.0317536
2 0.00134108 0.00134733
1 0.375149 0.375155
2 0.00905582 0.00906099
1 0.0105937 0.0105987
1 0.00123576 0.00124065
1 0.00287014 0.00287498
1 0.00600861 0.00601342
2 0.0219657 0.0219705
2 0.0232187 0.0232233
1 0.0134101 0.0134146
2 0.00542402 0.00542798
2 0.00652662 0.0065305
2 0.0273293 0.027333
2 0.0165506 0.0165537
2 0.148307 0.14831
2 0.00397871 0.00398151
1 0.00902785 0.00903063
2 0.0210292 0.0210316
1 0.0023747 0.00237703
2 0.0124087 0.0124109
1 0.00396836 0.00397004
2 0.0177076 0.0177093
2 0.00770865 0.00770967
1 0.0054206 0.0054215
1 0.0210005 0.0210014
1 0.00522221 0.00522295
1 0.0217074 0.0217079
1 0.0170594 0.0170598
1 0.0238686 0.023869
2 0.0243746 0.0243749
2 0.00756635 0.00756653
1 0.0205487 0.0205489
2 0.018247 0.0182472
2 0.0170693 0.0170694
2 0.0101558 0.0101558
2 0.00904421 0.00904429
2 0.0217092 0.0217092
2 0.00715787 0.00715787
1 0.0187255 0.0187255
