0 0 inf
0 0 0.110838
1 0.028553 0.12292
0 0 0.0805067
0 0 0.0782159
1 0.122506 0.186235
0 0 0.0632314
0 0 0.0599869
1 0.04682 0.0870481
0 0 0.0343859
1 0.115968 0.14954
0 0 0.0305068
0 0 0.030038
0 0 0.0292029
0 0 0.0283784
0 0 0.0280487
0 0 0.0274818
0 0 0.0265799
1 0.118391 0.144826
1 0.0481962 0.0745894
0 0 0.0244916
1 0.0232952 0.0474967
0 0 0.0241403
1 0.0818535 0.105686
0 0 0.0237073
0 0 0.023199
0 0 0.0230913
1 0.0729914 0.0959687
0 0 0.0221712
1 0.0592157 0.0813356
0 0 0.0220495
0 0 0.0213562
0 0 0.0205672
0 0 0.0186208
0 0 0.0183835
0 0 0.0164998
0 0 0.0161504
0 0 0.015901
1 0.0330231 0.0487825
0 0 0.0157291
1 0.16534 0.180832
1 0.0993288 0.114112
0 0 0.0147499
0 0 0.0142418
1 0.0656216 0.0798581
0 0 0.0141546
1 0.0343804 0.0481095
0 0 0.0136135
0 0 0.0132487
0 0 0.0126562
0 0 0.0120871
0 0 0.0118441
0 0 0.0118007
0 0 0.0117575
0 0 0.0114749
0 0 0.011463
0 0 0.0114211
0 0 0.0112978
1 0.00973852 0.0208827
0 0 0.0108283
1 0.010151 0.0208394
0 0 0.0106315
0 0 0.0105481
0 0 0.0103703
1 0.133396 0.143681
0 0 0.00991535
1 0.167069 0.176707
0 0 0.00957508
0 0 0.00955404
1 0.0826257 0.0917259
1 0.0136942 0.0227662
0 0 0.00890297
0 0 0.00857918
1 0.0087559 0.0172192
1 0.0128256 0.0212875
0 0 0.00839221
0 0 0.00838271
0 0 0.00836515
0 0 0.00836039
0 0 0.00819385
0 0 0.00788555
1 0.0723494 0.0801642
0 0 0.00779216
0 0 0.00770923
0 0 0.00764484
0 0 0.00748583
0 0 0.00745788
0 0 0.00741048
1 0.0729778 0.0803686
0 0 0.0073038
1 0.0102835 0.0170247
0 0 0.00669565
1 0.0129606 0.0195801
1 0.0203541 0.0269315
0 0 0.00656305
1 0.020381 0.0269017
1 0.0103675 0.0168499
0 0 0.00621962
0 0 0.00618689
0 0 0.0061385
1 0.0352346 0.0413651
0 0 0.00611642
0 0 0.00609415
0 0 0.00608559
1 0.0757352 0.0815724
0 0 0.00575669
1 0.00756903 0.0132897
0 0 0.00571284
1 0.156197 0.161886
0 0 0.00565969
2 0.0963088 0.101916
1 0.0416727 0.0472709
1 0.211622 0.217168
0 0 0.00553903
0 0 0.00544405
1 0.0285553 0.0339962
0 0 0.00540657
1 0.0318672 0.0372697
0 0 0.00537987
1 0.00483873 0.0102161
0 0 0.00536803
0 0 0.00531453
0 0 0.00519875
1 0.0332362 0.038338
0 0 0.00508678
0 0 0.00501808
1 0.125056 0.130068
0 0 0.00497775
1 0.0392398 0.0441903
0 0 0.00494458
0 0 0.00491245
0 0 0.00486284
0 0 0.00480287
0 0 0.00471924
0 0 0.00468214
0 0 0.00467974
1 0.0191761 0.0238445
0 0 0.00461662
0 0 0.00459339
1 0.0220104 0.026593
1 0.0283918 0.0329333
0 0 0.00453753
0 0 0.00447471
0 0 0.0044441
2 0.151511 0.155862
0 0 0.00433386
1 0.0123709 0.0166185
0 0 0.00423184
0 0 0.00413838
1 0.021819 0.0258956
0 0 0.00403714
0 0 0.00378617
1 0.00639727 0.0101485
0 0 0.00373015
0 0 0.00372813
1 0.0501514 0.0538703
0 0 0.00369003
1 0.0157765 0.0194401
2 0.111428 0.115088
0 0 0.00364916
1 0.0198131 0.0234005
0 0 0.00358281
0 0 0.00351755
0 0 0.00349031
0 0 0.00342004
0 0 0.00340705
0 0 0.00333883
1 0.171826 0.175139
0 0 0.00328195
0 0 0.0032486
0 0 0.003223
1 0.0221915 0.0253986
1 0.00848306 0.0116435
1 0.00677002 0.00992158
0 0 0.00314206
1 0.148044 0.151179
1 0.0184511 0.0214954
2 0.024076 0.0270948
1 0.00735777 0.0103666
1 0.00868991 0.0116945
0 0 0.00299573
0 0 0.00299173
0 0 0.0029797
1 0.0155703 0.0185261
0 0 0.00295523
0 0 0.00295181
0 0 0.00292809
0 0 0.00291189
1 0.0327987 0.0356875
1 0.105566 0.108365
0 0 0.00279219
0 0 0.00279167
0 0 0.00276343
0 0 0.00275826
0 0 0.00275764
2 0.0222406 0.0248768
0 0 0.00253091
1 0.0867177 0.0892384
0 0 0.00247897
1 0.0130377 0.015502
1 0.0132122 0.0156599
0 0 0.00243625
0 0 0.00239393
0 0 0.00235452
1 0.0132763 0.0156201
0 0 0.00233614
0 0 0.00233106
2 0.0274151 0.029741
1 0.00291474 0.00523508
0 0 0.00230604
0 0 0.00230552
0 0 0.00227141
1 0.0411436 0.0434091
0 0 0.00224294
1 0.0705867 0.0728239
0 0 0.00223595
1 0.0111675 0.0133194
1 0.0147005 0.0168517
0 0 0.00213219
0 0 0.0021317
2 0.021553 0.0236649
0 0 0.00210964
1 0.0111911 0.0132447
2 0.0244293 0.0264585
1 0.00416152 0.00617534
0 0 0.00195607
0 0 0.00195374
1 0.0194974 0.0214327
1 0.019242 0.021163
0 0 0.00185352
1 0.0172882 0.0191326
0 0 0.00183612
1 0.00593701 0.00777268
0 0 0.00182847
0 0 0.00179058
0 0 0.00178821
1 0.0188165 0.0205974
1 0.00655957 0.00833278
2 0.0269331 0.0287019
0 0 0.00176137
0 0 0.00172619
0 0 0.00171525
0 0 0.00170646
1 0.0109872 0.0126841
1 0.0189146 0.0206004
1 0.0144148 0.0160971
1 0.0161814 0.0178625
0 0 0.00167821
1 0.0117853 0.0134525
1 0.0158306 0.0174947
1 0.0166216 0.0182327
0 0 0.00157132
2 0.0266171 0.0281819
1 0.0103415 0.0118812
1 0.0397992 0.0413125
1 0.0437635 0.0452535
0 0 0.00148346
1 0.0122896 0.0137657
2 0.0245112 0.0259803
0 0 0.00146037
1 0.00572709 0.00717143
1 0.0130862 0.0145263
0 0 0.00141846
0 0 0.00138929
1 0.00745198 0.00883292
1 0.0200411 0.0214057
2 0.0215675 0.0229259
0 0 0.00134402
0 0 0.00134084
1 0.0142279 0.0155642
0 0 0.00132989
0 0 0.00131833
0 0 0.00129846
1 0.118956 0.120253
1 0.0784305 0.079715
2 0.0807312 0.0819749
1 0.00334192 0.00457023
0 0 0.00122813
1 0.0251354 0.0263608
1 0.00681229 0.00803328
2 0.0819403 0.0831566
2 0.090609 0.0918192
0 0 0.00120659
1 0.0101738 0.0113803
1 0.0112984 0.0124995
2 0.16402 0.165199
1 0.119242 0.1204
0 0 0.00115516
1 0.00374363 0.00489701
0 0 0.00114645
0 0 0.00111525
1 0.0028303 0.0039401
2 0.0189917 0.020093
0 0 0.00109193
0 0 0.00108836
0 0 0.00107148
1 0.0439798 0.0450462
0 0 0.00105671
1 0.0178392 0.018894
1 0.00415223 0.00519679
1 0.00505016 0.00608635
0 0 0.00103136
1 0.00800111 0.00902818
0 0 0.00102683
1 0.0155126 0.0165261
0 0 0.001004
1 0.00508227 0.00608324
0 0 0.000979522
0 0 0.000976565
1 0.0115872 0.0125622
1 0.00397913 0.00493231
1 0.0051242 0.00606951
1 0.00620871 0.007145
0 0 0.000886144
2 0.194123 0.195006
0 0 0.000876814
1 0.00902292 0.00989788
1 0.00529549 0.00616752
0 0 0.000868106
1 0.0195643 0.0204259
1 0.00457799 0.00541707
1 0.00756585 0.00840356
1 0.0207552 0.0215767
1 0.006226 0.0070452
1 0.00323186 0.00403953
1 0.0200504 0.0208537
0 0 0.000801043
2 0.0247245 0.0255171
1 0.00480985 0.00559862
1 0.0118738 0.0126558
2 0.150487 0.151267
1 0.043233 0.0440069
1 0.0126434 0.0134149
1 0.0138447 0.0146088
1 0.039785 0.0405426
2 0.158701 0.159452
1 0.0791178 0.0798607
1 0.00293145 0.00365795
1 0.0763357 0.0770575
0 0 0.000713752
1 0.0109408 0.0116518
1 0.132044 0.132739
1 0.0157916 0.0164852
1 0.0125848 0.0132779
1 0.0174662 0.0181503
1 0.00561499 0.00629359
1 0.0030106 0.00368254
0 0 0.000671778
1 0.0102476 0.0109124
1 0.00306744 0.00372388
1 0.0896773 0.0903313
2 0.134047 0.134693
1 0.00624277 0.00688664
0 0 0.000642662
1 0.12761 0.128248
1 0.0161067 0.016744
2 0.013534 0.0141682
0 0 0.000632609
1 0.0181792 0.018807
0 0 0.000621906
1 0.00463208 0.00525233
1 0.00676751 0.00738307
1 0.0223829 0.0229951
1 0.00800941 0.00861757
1 0.0221332 0.0227412
1 0.158085 0.158686
1 0.0118388 0.0124344
1 0.00676743 0.00736251
2 0.0881899 0.0887837
0 0 0.000589067
2 0.0122388 0.0128253
2 0.017524 0.01811
2 0.128286 0.128869
1 0.0183628 0.0189436
1 0.17898 0.179557
1 0.0121023 0.012674
0 0 0.000569518
1 0.0175413 0.0181096
1 0.0128629 0.0134303
2 0.0125616 0.0131246
1 0.0204546 0.0210106
1 0.201773 0.202318
1 0.0216518 0.0221877
2 0.0227109 0.0232338
1 0.00402151 0.00454399
1 0.023595 0.0241149
1 0.00542128 0.00592789
2 0.0223503 0.0228484
1 0.00318489 0.003681
1 0.0212643 0.021756
1 0.00750283 0.00797798
2 0.0103859 0.0108384
1 0.011418 0.0118614
1 0.0173438 0.0177855
2 0.00699477 0.00743464
1 0.0190316 0.0194663
0 0 0.000434082
1 0.0156266 0.0160509
2 0.0196838 0.0201053
1 0.156846 0.15726
1 0.0142259 0.0146294
1 0.014251 0.014651
2 0.018936 0.0193346
1 0.00356482 0.0039623
2 0.0172771 0.0176654
0 0 0.000387985
1 0.010678 0.0110643
1 0.178914 0.179295
1 0.0106525 0.011027
0 0 0.000369536
1 0.0119608 0.012325
1 0.0155054 0.0158667
1 0.00402649 0.00438346
1 0.0242837 0.0246371
0 0 0.000350154
1 0.0120654 0.0124147
0 0 0.000348421
1 0.0428112 0.0431552
1 0.00915261 0.00949406
2 0.151553 0.151885
2 0.0195134 0.0198435
1 0.0117126 0.0120418
1 0.00390084 0.00421314
1 0.0196974 0.0200095
2 0.00620947 0.00652088
2 0.0116259 0.0119295
1 0.00384812 0.00414279
1 0.0071183 0.00741281
1 0.00306339 0.00335669
0 0 0.00028783
1 0.00643836 0.00671583
2 0.0160885 0.0163653
1 0.0296328 0.0299087
2 0.0307132 0.0309888
1 0.00735172 0.00762358
2 0.024763 0.0250279
1 0.0170474 0.0173074
1 0.14391 0.14417
1 0.00539793 0.00565401
1 0.00178547 0.00204095
1 0.0136423 0.0138964
1 0.00911264 0.00936539
2 0.0179698 0.0182104
1 0.00839579 0.00863347
1 0.002068 0.00230522
2 0.0388048 0.0390397
1 0.0695975 0.0698322
1 0.0012152 0.00144895
1 0.00666731 0.00689857
1 0.00479887 0.00503006
1 0.0068618 0.00709039
1 0.00297994 0.00320837
1 0.00447502 0.00470321
1 0.0185868 0.0188051
1 0.156109 0.156327
1 0.00237883 0.00259296
1 0.00527959 0.00549292
2 0.0254697 0.0256828
1 0.00362029 0.00383285
1 0.0201096 0.0203209
1 0.00529965 0.00550894
1 0.0170948 0.0173038
0 0 0.000208234
1 0.0133567 0.0135593
1 0.0100962 0.0102972
2 0.00717237 0.00737279
0 0 0.000197913
1 0.00212897 0.00232635
1 0.0355776 0.0357744
2 0.0208954 0.0210886
1 0.0135329 0.0137239
1 0.00177092 0.00196166
2 0.0384354 0.038625
2 0.00607972 0.00626677
1 0.00805628 0.0082409
2 0.120994 0.121179
1 0.00576052 0.00594387
1 0.00863507 0.00881154
1 0.00226934 0.00244274
1 0.00886167 0.00903179
1 0.00258917 0.00275486
1 0.00632533 0.00648946
2 0.00846696 0.00862287
1 0.0113815 0.0115364
1 0.00689872 0.00705289
2 0.0117071 0.0118557
1 0.0121216 0.0122677
1 0.00643392 0.00657928
1 0.00459861 0.00474329
2 0.0105071 0.010649
1 0.00130313 0.00144456
1 0.00163847 0.00177979
1 0.193763 0.193901
1 0.00135805 0.00149451
0 0 0.000135597
1 0.00455001 0.00468426
1 0.00330879 0.00344137
1 0.0148587 0.014989
1 0.00608485 0.00621445
2 0.0247522 0.0248816
1 0.00568544 0.00581127
1 0.14296 0.143085
1 0.0303961 0.0305183
2 0.0180915 0.0182124
1 0.00624043 0.00636126
1 0.00576272 0.00588343
1 0.102505 0.102625
2 0.0235991 0.0237194
2 0.0135522 0.0136718
1 0.00463272 0.00475226
2 0.13432 0.134439
1 0.00116304 0.00128167
1 0.0059942 0.00611272
1 0.00549992 0.00561843
1 0.0173028 0.0174185
1 0.00289785 0.0030129
1 0.0086258 0.00873632
1 0.0305888 0.0306988
2 0.027906 0.0280144
1 0.00956784 0.00967081
1 0.0118626 0.0119636
1 0.00417931 0.00427656
1 0.0885253 0.0886207
1 0.0180961 0.0181899
1 0.0216197 0.0217102
1 0.112238 0.112328
2 0.0227072 0.0227968
1 0.0018167 0.00189906
1 0.0208375 0.0209172
2 0.00659395 0.00667317
2 0.00460435 0.0046805
1 0.00625653 0.00633194
1 0.00621362 0.00628871
1 0.00327793 0.00335166
1 0.0371286 0.037202
2 0.0262774 0.0263461
2 0.0198653 0.019933
1 0.00678148 0.00684901
1 0.00155759 0.00162375
1 0.0109344 0.010999
1 0.0217268 0.0217905
1 0.00726276 0.00732621
2 0.106576 0.106638
1 0.04395 0.04401
2 0.0189871 0.0190451
2 0.0195523 0.0196102
2 0.0140998 0.014155
2 0.00529965 0.00535434
1 0.0186275 0.0186814
2 0.0253552 0.0254072
1 0.0157548 0.0158067
2 0.0320946 0.0321457
1 0.00531149 0.00536229
1 0.0107291 0.0107799
2 0.0231369 0.0231869
2 0.0218752 0.0219244
2 0.0113364 0.0113841
2 0.00638529 0.00643188
2 0.00601477 0.00606124
1 0.0172302 0.0172765
1 0.00601455 0.00605961
1 0.00888866 0.00893229
1 0.0381987 0.0382421
2 0.0133462 0.0133882
2 0.0227713 0.022813
1 0.00898701 0.00902821
2 0.0107882 0.0108287
2 0.179885 0.179923
1 0.00135641 0.00139415
1 0.0203708 0.0204081
1 0.00898071 0.00901656
1 0.00312022 0.00315528
2 0.0265402 0.0265752
2 0.0205049 0.0205398
1 0.0156393 0.0156734
2 0.003792 0.00382594
1 0.00577711 0.00581083
2 0.00770512 0.00773828
1 0.0461108 0.0461435
1 0.0438367 0.0438691
2 0.0390752 0.039107
2 0.0143385 0.0143704
2 0.00415657 0.00418753
2 0.0240941 0.0241238
1 0.130195 0.130224
1 0.0092784 0.00930583
1 0.00362369 0.00365077
1 0.0180583 0.0180854
1 0.00970951 0.0097344
1 0.0180077 0.0180323
1 0.00484958 0.00487376
1 0.147578 0.147602
2 0.0229539 0.0229778
1 0.00869801 0.0087213
2 0.0181147 0.0181378
1 0.0176636 0.0176862
1 0.0065662 0.00658777
1 0.0305741 0.0305945
1 0.0101123 0.0101305
1 0.00415455 0.0041728
1 0.0114762 0.0114937
2 0.0118697 0.0118869
1 0.00828238 0.0082985
1 0.00106809 0.00108396
1 0.011237 0.0112526
1 0.0215394 0.0215546
2 0.0126 0.012615
2 0.00904516 0.00905961
1 0.00162234 0.00163653
2 0.0842758 0.0842896
1 0.0191903 0.0192041
1 0.00673142 0.00674419
1 0.00967705 0.00968972
1 0.0129146 0.0129271
1 0.00967442 0.00968662
1 0.0123695 0.0123816
1 0.0386462 0.0386571
2 0.00550104 0.00551047
1 0.0013419 0.0013505
1 0.00969275 0.00970048
2 0.0249804 0.0249881
2 0.0167477 0.0167552
2 0.214114 0.214121
2 0.00553457 0.00554207
1 0.00479781 0.00480514
2 0.00671119 0.00671799
1 0.00685913 0.0068658
2 0.00763792 0.00764453
1 0.0175319 0.0175378
1 0.00193748 0.00194331
1 0.00695259 0.00695786
1 0.0181101 0.0181153
1 0.0103564 0.0103611
1 0.0158564 0.0158612
1 0.00595595 0.00596063
1 0.00985963 0.00986427
2 0.0181623 0.0181669
1 0.140328 0.140332
1 0.0872198 0.0872237
2 0.0218694 0.0218733
2 0.013585 0.0135886
1 0.00763681 0.00764037
2 0.00738445 0.00738758
1 0.00478614 0.0047885
2 0.00593654 0.00593885
1 0.00516039 0.00516268
1 0.0142063 0.0142082
1 0.0133444 0.0133456
2 0.00676159 0.00676276
1 0.00153001 0.00153097
2 0.00963824 0.00963918
1 0.0274061 0.0274069
2 0.0212141 0.0212146
1 0.00508174 0.00508215
2 0.0143219 0.0143223
2 0.0169143 0.0169147
2 0.00674636 0.00674674
2 0.0101473 0.0101476
2 0.0179317 0.0179319
2 0.0218488 0.021849
1 0.00221987 0.00221989
1 0.0102512 0.0102512
2 0.0109054 0.0109054
