0 0 inf
0 0 0.148378
0 0 0.111981
1 0.05845 0.1236
0 0 0.0568058
1 0.153769 0.209971
1 0.0855065 0.137087
0 0 0.0448319
1 0.0659359 0.107758
1 0.0345573 0.0761839
0 0 0.038764
1 0.156312 0.193817
0 0 0.0373545
0 0 0.0344789
1 0.0922178 0.125401
0 0 0.0320797
0 0 0.0319569
0 0 0.0312705
0 0 0.0298099
1 0.221033 0.250512
0 0 0.0293134
0 0 0.0272668
2 0.133006 0.160004
0 0 0.0257213
1 0.082622 0.108074
0 0 0.0252073
0 0 0.0247118
1 0.0537637 0.0782385
1 0.0415422 0.0659461
0 0 0.0230277
0 0 0.0228198
0 0 0.0223004
0 0 0.0209053
0 0 0.020861
0 0 0.0207744
0 0 0.0204898
2 0.272906 0.293326
1 0.0746425 0.0949673
0 0 0.0198897
1 0.0772314 0.0969497
0 0 0.0183926
0 0 0.0183697
0 0 0.0174917
0 0 0.0173936
0 0 0.0168343
1 0.215761 0.232362
0 0 0.0162763
0 0 0.0160903
0 0 0.0159932
1 0.206277 0.222052
0 0 0.0151761
1 0.0640803 0.0792379
0 0 0.0142098
1 0.0432397 0.0570586
0 0 0.013609
0 0 0.0132916
1 0.0559016 0.0687428
0 0 0.0125883
0 0 0.0121927
1 0.167247 0.17915
0 0 0.011538
0 0 0.0114181
0 0 0.011268
0 0 0.0110495
1 0.135618 0.146392
0 0 0.0107465
0 0 0.01059
0 0 0.0104413
1 0.0494863 0.0595655
0 0 0.0100483
1 0.00442481 0.0142832
1 0.0351951 0.0448726
0 0 0.00966287
2 0.164252 0.173846
0 0 0.00942316
0 0 0.00885812
1 0.0266689 0.0354227
0 0 0.00852676
0 0 0.00830449
0 0 0.00820544
1 0.123046 0.13116
1 0.168859 0.176919
0 0 0.0077161
0 0 0.00770109
1 0.00438415 0.0120709
0 0 0.00766798
0 0 0.00720338
0 0 0.00689016
2 0.142453 0.149148
0 0 0.00665714
0 0 0.00665187
0 0 0.00654639
0 0 0.00651128
2 0.203258 0.209721
0 0 0.00640833
0 0 0.00638009
1 0.00691918 0.0132213
0 0 0.00618093
1 0.0240672 0.0302193
0 0 0.00614001
0 0 0.00613456
0 0 0.00604194
0 0 0.00603718
0 0 0.00589819
2 0.219533 0.22541
0 0 0.00584866
1 0.0157257 0.0214927
1 0.116537 0.122185
0 0 0.00559782
0 0 0.00548318
0 0 0.00546224
1 0.0820971 0.0874096
0 0 0.00531064
0 0 0.00523287
1 0.00354504 0.00859262
1 0.00720849 0.0120004
0 0 0.00470941
0 0 0.00466925
0 0 0.00462143
1 0.0170459 0.0214752
1 0.161572 0.165993
0 0 0.00439749
0 0 0.00439259
1 0.0385316 0.0429084
1 0.0397923 0.0440184
1 0.0702366 0.0744229
0 0 0.00417795
0 0 0.00415863
1 0.00995895 0.0141122
0 0 0.00409482
1 0.00551028 0.00960045
0 0 0.00406437
0 0 0.00404497
0 0 0.0039862
0 0 0.00392225
1 0.00901975 0.0128865
1 0.0707058 0.0745471
0 0 0.00380798
0 0 0.0037904
0 0 0.00378129
0 0 0.00378084
1 0.00562832 0.00937635
0 0 0.00373283
0 0 0.00369186
1 0.00452891 0.00820164
0 0 0.003645
0 0 0.00363415
0 0 0.0035709
0 0 0.00340847
0 0 0.00340664
0 0 0.00337331
1 0.0140338 0.0173278
0 0 0.00328049
0 0 0.0032773
1 0.0105611 0.013808
0 0 0.00322061
0 0 0.0031854
0 0 0.00318278
0 0 0.00317492
0 0 0.00317348
1 0.0038701 0.00701243
1 0.0217961 0.0249342
1 0.0181744 0.0213009
0 0 0.00308308
1 0.00990997 0.0129849
0 0 0.0030657
1 0.0440711 0.0471072
0 0 0.00302147
0 0 0.00299622
0 0 0.00298288
1 0.00690912 0.0098518
2 0.149239 0.152093
0 0 0.00282367
1 0.00845887 0.011277
0 0 0.00280769
0 0 0.00278772
0 0 0.002752
1 0.0364295 0.03917
0 0 0.00269643
0 0 0.00268628
1 0.00507339 0.00766351
0 0 0.00256268
1 0.0410827 0.043626
1 0.011211 0.0137533
0 0 0.00253929
0 0 0.0025373
1 0.0137106 0.0162365
2 0.160081 0.1626
0 0 0.00249898
0 0 0.00249289
1 0.0376239 0.0400888
0 0 0.0024492
1 0.142125 0.144572
0 0 0.00244504
0 0 0.00243689
0 0 0.00242371
0 0 0.00239985
0 0 0.00239275
1 0.00516151 0.00750433
1 0.0052934 0.00757588
1 0.0048678 0.0071061
1 0.0117893 0.0140276
2 0.0322414 0.0344685
0 0 0.00222302
0 0 0.00220415
0 0 0.00216417
0 0 0.00214654
1 0.00924373 0.0113817
0 0 0.00207265
2 0.0768119 0.0788682
0 0 0.00204553
1 0.0740607 0.0760963
0 0 0.00202816
0 0 0.00201296
0 0 0.00199542
1 0.0241056 0.026073
2 0.0154083 0.0173681
1 0.0486686 0.0505778
0 0 0.00189754
0 0 0.00189204
0 0 0.00183479
0 0 0.00182023
0 0 0.00181636
1 0.114896 0.116711
1 0.0239712 0.0257717
0 0 0.00179816
1 0.016411 0.0181912
0 0 0.00177888
0 0 0.00176466
0 0 0.00173132
0 0 0.00170141
0 0 0.00167885
0 0 0.00167652
1 0.0201545 0.0218108
1 0.00845892 0.0101099
2 0.128928 0.130573
0 0 0.00163903
0 0 0.0016307
0 0 0.00160295
0 0 0.0015979
1 0.0516015 0.0531845
0 0 0.00158285
1 0.00691678 0.00849581
1 0.01158 0.0131441
1 0.0500684 0.0516219
1 0.0119141 0.0134592
2 0.0275436 0.0290859
2 0.0158019 0.0173411
2 0.174037 0.175525
1 0.0154183 0.0168929
1 0.0105807 0.0120501
1 0.0129966 0.0144592
0 0 0.00145343
0 0 0.00144868
1 0.00687665 0.00832154
0 0 0.00143916
0 0 0.00143905
2 0.0218905 0.0233283
1 0.168423 0.169845
1 0.00731406 0.00872522
1 0.00813239 0.0095295
0 0 0.00139318
0 0 0.00136339
2 0.105837 0.107187
2 0.0351427 0.0364813
0 0 0.00132859
1 0.0136677 0.0149944
2 0.0586754 0.0599998
1 0.00659291 0.00789825
0 0 0.00128078
1 0.0159073 0.017178
0 0 0.00127033
0 0 0.00126421
1 0.00626367 0.00752762
2 0.0768765 0.0781328
1 0.0110487 0.0123012
1 0.0128373 0.0140775
0 0 0.0012303
0 0 0.00122366
1 0.00687989 0.00809767
2 0.0185249 0.0197369
1 0.0225957 0.0238003
0 0 0.00118516
1 0.0531673 0.0543479
0 0 0.0011747
1 0.00532027 0.00647712
0 0 0.00114802
1 0.00227984 0.00342644
0 0 0.00113996
1 0.0700552 0.0711929
2 0.0108649 0.0120005
2 0.0122835 0.0134189
1 0.0434089 0.0445186
0 0 0.00107018
0 0 0.00106172
1 0.134965 0.136022
1 0.00460411 0.0056561
0 0 0.00104187
1 0.00763916 0.00867943
0 0 0.00103975
1 0.0851355 0.0861729
1 0.0170708 0.0180972
1 0.00351962 0.00453683
1 0.00681029 0.00781626
0 0 0.00100235
0 0 0.000998739
0 0 0.000993675
1 0.0842678 0.0852537
1 0.0182591 0.019242
1 0.00308053 0.00405768
1 0.0257515 0.0267197
1 0.00770064 0.00864503
0 0 0.000938584
1 0.0129091 0.0138392
2 0.0144442 0.0153729
2 0.0361611 0.0370725
1 0.0234915 0.0244023
1 0.136042 0.136946
1 0.0127582 0.013654
1 0.00538391 0.00627953
1 0.00542877 0.0063062
1 0.0054423 0.00631023
1 0.0431213 0.043988
2 0.178603 0.179469
1 0.0911378 0.0919942
1 0.00998499 0.0108333
1 0.0830857 0.0839294
0 0 0.000832091
1 0.00495354 0.00578459
1 0.0124932 0.0133234
1 0.0101564 0.0109768
1 0.182566 0.183379
1 0.00727563 0.00804846
1 0.00266107 0.00342399
1 0.00547078 0.00621657
1 0.0701292 0.070872
0 0 0.000741416
1 0.0078101 0.00854831
1 0.0676127 0.0683464
1 0.0114449 0.0121753
1 0.0152598 0.015985
0 0 0.000719911
1 0.0163087 0.0170248
1 0.00764711 0.00835944
1 0.122842 0.123551
1 0.00208784 0.00279269
1 0.0224229 0.0231268
1 0.0121713 0.0128653
0 0 0.000682986
1 0.00576405 0.00642947
1 0.00544324 0.00610255
1 0.00542342 0.00608028
1 0.00523116 0.00588145
1 0.00573012 0.00637839
0 0 0.000639713
1 0.0100246 0.010651
1 0.00801266 0.00863685
1 0.0054583 0.00608001
2 0.0821492 0.0827693
1 0.0300106 0.0306227
1 0.0114548 0.0120668
1 0.0849824 0.085588
1 0.00667636 0.00725992
1 0.0047102 0.00529182
1 0.00767008 0.00824031
1 0.00913712 0.00969998
2 0.0134636 0.014026
2 0.174445 0.175006
1 0.00796748 0.0085231
2 0.0156461 0.016193
1 0.00768859 0.00823358
1 0.0110716 0.0116103
1 0.0188314 0.0193682
2 0.0857703 0.0863057
1 0.0272631 0.0277857
1 0.237289 0.23781
1 0.0240807 0.0245969
1 0.0113201 0.0118224
2 0.00886131 0.00935984
2 0.0087363 0.00923455
1 0.00172646 0.00222001
2 0.00813956 0.00862967
1 0.0059989 0.00648033
1 0.0133356 0.0138163
1 0.142215 0.142696
1 0.00257193 0.00304669
2 0.184395 0.184864
1 0.0198817 0.0203422
2 0.0122179 0.0126705
2 0.0181141 0.0185645
1 0.0149377 0.0153878
0 0 0.000442056
1 0.00489237 0.00532499
0 0 0.000431762
1 0.0546476 0.0550694
0 0 0.000421156
1 0.00277798 0.00319357
1 0.00700134 0.00740302
1 0.03446 0.0348556
0 0 0.000393894
0 0 0.00039359
1 0.00320567 0.00359572
1 0.00484276 0.00522566
1 0.00493239 0.00531372
2 0.0839366 0.084314
1 0.0298947 0.0302671
1 0.00534101 0.00571179
1 0.0109194 0.0112885
2 0.127922 0.12829
1 0.00548393 0.00585086
1 0.00711084 0.00747354
1 0.00466772 0.00503002
1 0.0045743 0.00493631
1 0.0133259 0.0136875
1 0.00394502 0.0042936
1 0.00426142 0.00460577
0 0 0.000343372
1 0.00481722 0.00515535
1 0.00321306 0.00355004
0 0 0.000336506
1 0.00719391 0.00752917
1 0.00531725 0.00565071
1 0.0530747 0.053405
1 0.0859843 0.0863127
1 0.00926716 0.00958811
2 0.0156628 0.0159819
1 0.00162256 0.00194131
0 0 0.000315397
1 0.0050625 0.00537425
1 0.00342553 0.0037309
0 0 0.00029984
0 0 0.000292373
2 0.00835817 0.00862854
2 0.131434 0.131697
1 0.00351465 0.00377655
1 0.0036192 0.00387567
0 0 0.0002539
2 0.00914566 0.00939953
1 0.00680904 0.00706194
1 0.0104011 0.0106538
1 0.00802628 0.00827894
2 0.0110904 0.0113423
1 0.00228042 0.00253165
1 0.00339253 0.00363849
1 0.0039341 0.00417495
2 0.0138255 0.0140658
1 0.0546006 0.0548402
2 0.0098528 0.0100893
1 0.00371802 0.00395299
1 0.00915679 0.00937629
2 0.00713455 0.00735387
2 0.00900318 0.009221
1 0.0256727 0.0258871
1 0.0023316 0.00254558
1 0.00568639 0.0058933
1 0.00374558 0.00395197
2 0.00964332 0.00984498
0 0 0.00019834
2 0.0143688 0.014566
1 0.106548 0.106744
2 0.0290924 0.0292867
1 0.154025 0.154217
1 0.0217848 0.0219698
1 0.011757 0.0119399
0 0 0.000182394
2 0.0884184 0.0885989
1 0.0333043 0.033483
2 0.0186774 0.0188511
2 0.0088111 0.00898406
2 0.109422 0.109595
1 0.00232955 0.0025009
1 0.0623526 0.0625207
2 0.0114857 0.0116477
1 0.0112969 0.0114578
1 0.00420626 0.00436475
2 0.00931749 0.0094749
1 0.00492296 0.00507796
1 0.00704701 0.00719785
1 0.00195433 0.00210341
1 0.00582074 0.0059677
1 0.00227107 0.00241754
1 0.00186801 0.00201229
1 0.0132026 0.0133464
1 0.0109693 0.0111113
1 0.00365359 0.00379478
1 0.0101072 0.010248
1 0.00439663 0.00453729
1 0.00298267 0.00312012
2 0.00625119 0.00638621
0 0 0.000133065
2 0.137557 0.13769
1 0.00611059 0.0062411
1 0.0290337 0.029163
1 0.0155671 0.015695
1 0.0134922 0.0136196
0 0 0.000124451
2 0.0977786 0.0979015
1 0.011397 0.0115086
2 0.0689593 0.0690681
2 0.0232457 0.023354
1 0.0437945 0.0438991
1 0.0310083 0.0311119
2 0.0440402 0.0441425
2 0.0109275 0.0110291
1 0.00311372 0.00321349
1 0.0561667 0.0562657
2 0.0227573 0.0228543
1 0.00553068 0.00562756
2 0.0210511 0.0211465
1 0.0135493 0.0136434
1 0.0746781 0.0747717
1 0.00713334 0.00722495
1 0.0308607 0.0309516
1 0.00401758 0.00410285
1 0.00747613 0.00756026
1 0.0114948 0.0115788
2 0.00943297 0.0095168
2 0.0162076 0.0162903
0 0 8.001e-05
1 0.00783015 0.00790974
1 0.0104388 0.0105171
2 0.162247 0.16232
1 0.00937958 0.0094504
1 0.00291111 0.00298109
1 0.00463798 0.00470681
2 0.0152926 0.0153594
2 0.0102448 0.0103116
1 0.00624605 0.0063114
2 0.125574 0.12564
2 0.0299144 0.0299773
1 0.0158213 0.0158825
1 0.0206593 0.0207202
1 0.0136936 0.0137523
1 0.0109157 0.0109736
1 0.00261333 0.00267106
1 0.0489561 0.0490135
1 0.00279751 0.00285071
2 0.0196277 0.0196794
2 0.00375214 0.00380313
2 0.015486 0.0155348
1 0.00450554 0.00455418
1 0.00587474 0.00592322
2 0.0095556 0.00960384
1 0.0214243 0.0214714
1 0.00425759 0.00430457
1 0.00177879 0.001823
1 0.00428584 0.00433001
2 0.0768493 0.0768915
1 0.106127 0.106168
1 0.00278263 0.00282383
1 0.0049601 0.00500005
1 0.0127144 0.0127541
2 0.0145383 0.0145764
1 0.0106504 0.0106878
2 0.0155452 0.0155807
2 0.00756852 0.00760275
2 0.0132892 0.0133232
2 0.00890158 0.00893489
2 0.0884233 0.0884564
1 0.0854645 0.0854965
1 0.0136892 0.0137201
1 0.00501913 0.00504983
2 0.122228 0.122258
2 0.00727137 0.00730007
2 0.0115911 0.0116196
1 0.00430542 0.00433383
1 0.0108749 0.0109029
2 0.0111254 0.0111524
1 0.00324863 0.00327532
1 0.0077513 0.00777591
2 0.00891313 0.008937
1 0.00849638 0.00852009
1 0.00540377 0.00542666
1 0.00366948 0.00368956
2 0.0240118 0.0240319
1 0.000419779 0.000439485
2 0.013151 0.0131704
1 0.00915809 0.00917749
1 0.00880259 0.00882183
2 0.00877999 0.00879861
2 0.0166586 0.0166769
1 0.07678 0.076798
1 0.00853389 0.00855187
2 0.0122466 0.0122644
2 0.0121882 0.0122057
2 0.00898496 0.00900205
1 0.015595 0.0156117
1 0.01681 0.0168262
1 0.00243496 0.00245109
1 0.0148007 0.0148169
2 0.034964 0.0349802
2 0.012455 0.0124711
1 0.00542715 0.00544265
2 0.0142972 0.014312
2 0.0222003 0.022214
1 0.00626685 0.00628002
1 0.00567826 0.00569138
1 0.000450379 0.000463244
2 0.00543129 0.00544401
2 0.159916 0.159929
1 0.00858067 0.00859321
2 0.0160913 0.0161039
2 0.00811841 0.00813069
1 0.00894939 0.0089614
1 0.00823886 0.00825059
1 0.0107091 0.0107204
2 0.00457479 0.00458607
1 0.0756881 0.0756993
1 0.00640288 0.00641381
1 0.0855845 0.0855943
1 0.00296634 0.00297545
2 0.0107432 0.0107523
2 0.146401 0.14641
1 0.00556142 0.00556998
2 0.0183504 0.018359
1 0.00172588 0.0017343
2 0.00725562 0.00726386
1 0.0230967 0.0231047
1 0.00493218 0.00493974
1 0.0167959 0.0168028
2 0.00859024 0.00859712
2 0.0148874 0.0148941
1 0.0156351 0.0156417
1 0.196533 0.196539
2 0.0215108 0.0215168
2 0.0482103 0.0482163
2 0.0167468 0.0167518
2 0.00609767 0.00610267
1 0.00269763 0.00270236
1 0.00768414 0.0076887
1 0.0105612 0.0105652
1 0.00409104 0.00409492
2 0.0165481 0.0165517
1 0.207181 0.207184
1 0.0064768 0.0064802
1 0.00444008 0.00444343
2 0.0062797 0.00628259
1 0.00248797 0.00249065
1 0.00952225 0.00952458
1 0.00509633 0.00509841
2 0.00286163 0.0028636
1 0.0152818 0.0152837
2 0.0145603 0.0145622
2 0.0716535 0.0716553
2 0.137145 0.137146
1 0.00854848 0.00854998
1 0.016696 0.0166974
2 0.0162719 0.0162732
2 0.00557194 0.00557314
2 0.0172948 0.0172959
1 0.0226463 0.0226473
1 0.0136987 0.0136995
1 0.0388426 0.0388431
2 0.01086 0.0108604
1 0.00619628 0.00619663
1 0.0716496 0.0716499
2 0.0232786 0.0232788
2 0.0340606 0.0340608
1 0.078872 0.0788722
2 0.0103127 0.0103129
1 0.00621388 0.00621401
2 0.007676 0.00767607
2 0.00900493 0.00900497
2 0.0320261 0.0320261
1 0.0427393 0.0427393
2 0.00727373 0.00727374
1 0.00816479 0.00816479
1 0.00940694 0.00940694
2 0.021031 0.021031
