0 0 inf
0 0 0.165431
0 0 0.122506
0 0 0.0993288
0 0 0.0834731
1 0.0237712 0.0877897
0 0 0.0461703
1 0.121533 0.163123
1 0.205177 0.243462
0 0 0.0343859
1 0.0604746 0.0915535
0 0 0.0308549
0 0 0.0302662
0 0 0.0284352
0 0 0.0280487
0 0 0.0274818
0 0 0.0273197
1 0.00953506 0.0358934
1 0.121025 0.145402
1 0.153311 0.177688
1 0.0232952 0.0474967
0 0 0.0236603
0 0 0.023199
0 0 0.0230332
0 0 0.0230183
0 0 0.0227962
0 0 0.0222096
0 0 0.0213562
0 0 0.0206847
1 0.0999905 0.119926
0 0 0.019769
0 0 0.0191761
0 0 0.0182849
1 0.0330231 0.051039
0 0 0.0178762
1 0.011463 0.0284707
0 0 0.0166216
1 0.106994 0.123449
1 0.151773 0.168228
0 0 0.0157509
0 0 0.0157291
0 0 0.0150116
0 0 0.0147499
2 0.12575 0.140054
1 0.122312 0.136136
0 0 0.0133351
1 0.126223 0.139456
0 0 0.0129135
0 0 0.0126562
1 0.207297 0.219744
0 0 0.0120871
0 0 0.0118131
0 0 0.0114211
0 0 0.0113539
0 0 0.0112664
1 0.0383991 0.0495519
1 0.141941 0.153081
0 0 0.0109778
0 0 0.0109474
1 0.00991535 0.0208394
1 0.0136942 0.0244293
1 0.013112 0.0238326
0 0 0.0105588
0 0 0.0105481
1 0.0529744 0.0630479
0 0 0.00997107
0 0 0.00985963
0 0 0.00964688
0 0 0.00955404
1 0.0159609 0.0254146
0 0 0.00939588
1 0.0451387 0.0543517
0 0 0.0091262
0 0 0.00893246
0 0 0.00890297
0 0 0.00886167
0 0 0.00882034
1 0.0141546 0.0226313
0 0 0.00827498
0 0 0.00821984
0 0 0.00819385
0 0 0.00809275
0 0 0.00808257
2 0.146034 0.154021
1 0.0103675 0.0183493
1 0.00848306 0.0163334
0 0 0.00764484
0 0 0.00759322
0 0 0.00741085
0 0 0.00726723
0 0 0.00720641
0 0 0.00710828
0 0 0.00708041
0 0 0.00706666
0 0 0.00706061
1 0.030618 0.0375445
1 0.0485557 0.0554806
0 0 0.0065003
1 0.0254125 0.0318315
0 0 0.0063418
1 0.0128059 0.0191326
0 0 0.00631719
0 0 0.00621962
0 0 0.00620871
1 0.0475392 0.0537472
1 0.0723494 0.0784749
0 0 0.00608559
1 0.0490979 0.0551768
0 0 0.00605253
0 0 0.00601658
1 0.112238 0.11808
0 0 0.00575669
1 0.00502595 0.0107433
1 0.00756903 0.0132779
0 0 0.00565969
1 0.0416727 0.0472709
0 0 0.00539513
0 0 0.00538194
0 0 0.00536803
0 0 0.00529549
1 0.0194381 0.0247245
0 0 0.00519875
0 0 0.0051826
0 0 0.00508678
0 0 0.00505016
0 0 0.0050233
0 0 0.00501808
0 0 0.00501279
0 0 0.00486284
1 0.00726949 0.012122
1 0.0128256 0.017668
1 0.00419071 0.00902818
0 0 0.00480287
0 0 0.00479589
0 0 0.0047466
1 0.250297 0.255033
0 0 0.00471924
0 0 0.00461662
1 0.0374193 0.0420211
0 0 0.00459339
1 0.0220104 0.026593
0 0 0.00453753
0 0 0.00446314
0 0 0.0044441
1 0.0130859 0.0174798
0 0 0.00433386
1 0.00924238 0.0135708
2 0.0656602 0.0699593
0 0 0.00427214
1 0.00426715 0.00845602
0 0 0.00413838
1 0.00898887 0.0130563
0 0 0.00403714
0 0 0.00401644
1 0.013147 0.0171312
0 0 0.00393266
0 0 0.00390574
0 0 0.00390355
0 0 0.00389298
1 0.0389373 0.0428124
1 0.0320298 0.0357423
1 0.120473 0.124147
1 0.0597642 0.0634334
0 0 0.00364916
0 0 0.00362776
0 0 0.00362369
0 0 0.00356482
2 0.0690308 0.0724523
1 0.116555 0.119971
1 0.0148378 0.0182452
1 0.00438142 0.00775762
0 0 0.00334192
0 0 0.00334162
0 0 0.00331917
0 0 0.00329861
0 0 0.00328195
1 0.0126249 0.0158749
0 0 0.00320952
1 0.0221915 0.0253986
1 0.0220985 0.0252739
1 0.00995024 0.0131081
0 0 0.00307865
0 0 0.00306339
1 0.125619 0.128677
0 0 0.00305341
0 0 0.00305205
1 0.0184511 0.0214954
0 0 0.00299173
0 0 0.00297352
0 0 0.00295523
1 0.131932 0.134878
0 0 0.00291474
1 0.0218009 0.0246623
1 0.022763 0.0255852
2 0.124822 0.127643
2 0.0132897 0.0160921
0 0 0.00276079
0 0 0.00275764
1 0.00814051 0.0108907
0 0 0.00273005
1 0.122007 0.124661
0 0 0.00260654
0 0 0.00260531
0 0 0.0025978
0 0 0.0025625
0 0 0.00255315
1 0.0100971 0.0126501
0 0 0.00253152
1 0.0748708 0.0774016
1 0.051061 0.0535705
2 0.0253494 0.0278565
1 0.00480814 0.00728021
1 0.0867177 0.0891696
1 0.0180264 0.0204698
0 0 0.00243625
1 0.121869 0.124292
1 0.084614 0.0870258
0 0 0.00239608
0 0 0.00239393
1 0.0166193 0.0190094
0 0 0.00236171
0 0 0.00235452
0 0 0.00233106
0 0 0.00225669
2 0.123498 0.125718
1 0.0113331 0.0135531
0 0 0.00221166
2 0.103565 0.10576
0 0 0.0021901
0 0 0.00217299
0 0 0.00216317
0 0 0.0021317
1 0.00775544 0.00988333
1 0.014618 0.0167045
1 0.179287 0.181324
1 0.00416152 0.00617534
1 0.129336 0.131279
0 0 0.00182847
1 0.00835112 0.0101495
1 0.0580054 0.0597938
0 0 0.00178821
0 0 0.00177297
1 0.00629448 0.0080548
0 0 0.00170646
1 0.0512232 0.0529052
1 0.0109601 0.0126281
2 0.0367679 0.0383849
0 0 0.00157132
1 0.0222104 0.0237694
1 0.0397992 0.0413125
1 0.0152968 0.0168017
0 0 0.00149066
0 0 0.00148346
1 0.0371164 0.0385936
1 0.0122896 0.0137657
1 0.0872198 0.0886874
1 0.0130862 0.0145263
1 0.0285145 0.029954
0 0 0.00142147
1 0.00652792 0.00794279
1 0.00655583 0.00796824
0 0 0.00138929
2 0.0132793 0.0146674
0 0 0.00138535
1 0.0331423 0.034524
1 0.0294668 0.0308224
1 0.0133737 0.0147072
0 0 0.00132989
0 0 0.0013127
1 0.0219991 0.0233034
0 0 0.00130259
0 0 0.00129846
1 0.0460165 0.0472663
0 0 0.00122469
0 0 0.00120283
1 0.0223588 0.0235553
0 0 0.00119196
1 0.0654142 0.0666029
1 0.010178 0.0113633
1 0.0244807 0.0256587
0 0 0.00116297
1 0.00624857 0.00740489
1 0.0184475 0.0195969
0 0 0.00111423
0 0 0.00109366
0 0 0.00108836
2 0.139979 0.141062
1 0.00415223 0.00523508
0 0 0.00107976
2 0.0228941 0.023953
0 0 0.00105671
1 0.00484958 0.00589862
0 0 0.00103136
0 0 0.00102683
1 0.0206808 0.0216951
0 0 0.00100882
1 0.0051242 0.00612585
1 0.00508227 0.00608324
1 0.053524 0.0545018
1 0.0115872 0.0125622
0 0 0.000974043
0 0 0.000967914
1 0.0142191 0.015177
1 0.0238594 0.0248107
2 0.0163967 0.0173458
1 0.0087559 0.0097016
0 0 0.000942038
1 0.0114347 0.012371
1 0.00669149 0.00762684
1 0.0367534 0.0376821
1 0.0114477 0.0123702
0 0 0.000915557
2 0.0269289 0.0278329
0 0 0.000890028
1 0.0194847 0.0203727
1 0.00497727 0.00585661
0 0 0.000876814
1 0.0894398 0.0903161
0 0 0.000875482
0 0 0.000868106
0 0 0.000860585
0 0 0.000856625
1 0.00457799 0.00541707
1 0.0597849 0.0606151
1 0.00290797 0.00372388
1 0.0292029 0.0300174
1 0.0200504 0.0208537
0 0 0.000801043
1 0.0342215 0.0350183
1 0.0122999 0.0130896
1 0.00480985 0.00559862
1 0.0256404 0.026424
1 0.00145629 0.00223481
1 0.0126434 0.0134149
1 0.0330089 0.0337594
2 0.125433 0.126178
0 0 0.000732361
2 0.0248159 0.0255419
1 0.0119457 0.0126659
1 0.0321327 0.0328519
1 0.0142259 0.0149442
1 0.056096 0.05681
2 0.0773348 0.0780487
0 0 0.000713752
0 0 0.000683546
1 0.00887222 0.00955429
2 0.0248354 0.0255171
1 0.00297994 0.00365795
1 0.00376253 0.00443925
1 0.0230913 0.0237659
1 0.0134891 0.0141471
1 0.00841299 0.00907054
1 0.0118441 0.0124977
1 0.0124512 0.0131035
0 0 0.000632609
1 0.00567605 0.00630758
1 0.0181792 0.018807
0 0 0.000627199
0 0 0.000621906
1 0.00463208 0.00525233
1 0.0101847 0.0108007
1 0.00738748 0.00798754
1 0.138356 0.138955
1 0.135764 0.136361
2 0.0212504 0.0218449
1 0.0173438 0.0179317
1 0.00237883 0.00295592
1 0.0121023 0.012674
1 0.0123709 0.012934
2 0.0079416 0.00850053
0 0 0.000554255
1 0.0243152 0.0248615
0 0 0.000532241
1 0.0174662 0.0179887
1 0.023595 0.0241149
2 0.136257 0.136765
2 0.163144 0.163652
2 0.0127484 0.0132478
2 0.182284 0.182783
1 0.0311346 0.0316126
1 0.0039434 0.0044164
2 0.22229 0.222755
2 0.024157 0.0246173
1 0.0242963 0.0247394
2 0.0307535 0.0311966
1 0.0145277 0.014962
1 0.107633 0.108066
1 0.084791 0.0852232
1 0.00551723 0.00593938
1 0.0183628 0.0187803
0 0 0.000413927
2 0.0776812 0.0780753
1 0.0160419 0.0164325
1 0.00293145 0.00331717
1 0.113912 0.114297
2 0.0431786 0.0435602
1 0.0087539 0.00912921
1 0.0069115 0.007281
2 0.136095 0.136463
2 0.0285919 0.0289595
1 0.0342554 0.034617
1 0.0106525 0.0110136
1 0.0450668 0.0454235
1 0.0242837 0.0246371
0 0 0.000348421
2 0.0225113 0.0228475
0 0 0.000330934
1 0.209574 0.209887
1 0.00390084 0.00421314
1 0.0114762 0.0117869
1 0.00456856 0.00487652
0 0 0.000304836
0 0 0.000300084
2 0.0133725 0.0136718
2 0.0647958 0.0650944
1 0.0193214 0.0196194
1 0.00583738 0.00612764
1 0.0165337 0.0168238
1 0.0125232 0.0128116
0 0 0.00028783
1 0.00698516 0.00727111
1 0.0610468 0.0613309
1 0.00545128 0.00572969
1 0.00756585 0.00784296
1 0.0127592 0.0130333
0 0 0.000260357
1 0.0215881 0.0218475
1 0.0167935 0.0170509
2 0.00736865 0.00761743
1 0.0277691 0.0280099
1 0.0114484 0.0116888
1 0.078318 0.0785547
1 0.0082156 0.00844578
1 0.0124511 0.0126768
1 0.00261116 0.00283405
1 0.00153001 0.0017484
1 0.00397689 0.00419297
1 0.00527959 0.00549292
1 0.0201096 0.0203209
1 0.0170948 0.0173038
0 0 0.000208234
2 0.125116 0.125323
2 0.053212 0.0534054
1 0.00139913 0.00159247
2 0.0208954 0.0210886
1 0.00848706 0.00867924
1 0.0131136 0.0133051
2 0.0384354 0.038625
2 0.00607972 0.00626677
1 0.00805628 0.0082409
1 0.00479168 0.0049752
1 0.0195562 0.0197396
1 0.00576052 0.00594387
1 0.0216666 0.0218489
1 0.0051373 0.00531814
2 0.0234101 0.0235902
1 0.00735172 0.00752667
2 0.0794697 0.0796442
1 0.00226934 0.00244274
1 0.00544405 0.00561559
1 0.0492821 0.0494523
2 0.0362456 0.0364106
1 0.0053832 0.00554692
1 0.00312022 0.0032826
2 0.00635949 0.00652088
1 0.0128019 0.012956
1 0.0763357 0.0764854
0 0 0.000148893
1 0.00668428 0.00683231
1 0.00643392 0.00657928
1 0.0103511 0.0104926
1 0.00163847 0.00177979
1 0.00455001 0.00468426
1 0.0505393 0.0506721
1 0.0148587 0.014989
1 0.02475 0.0248798
1 0.00608485 0.00621445
1 0.0101044 0.0102333
2 0.0369037 0.0370295
1 0.0191903 0.0193154
2 0.0482303 0.0483501
1 0.00463272 0.00475226
2 0.057508 0.0576261
2 0.0366426 0.0367593
2 0.146089 0.146205
1 0.00519075 0.00529965
1 0.0138676 0.0139752
1 0.0726257 0.0727301
2 0.0126514 0.0127556
2 0.139157 0.139259
1 0.0118626 0.0119636
2 0.0133731 0.0134733
2 0.0135021 0.0136017
1 0.0135329 0.0136314
1 0.00306744 0.00316303
2 0.0507037 0.0507981
1 0.0056246 0.00571838
1 0.00895699 0.00904857
2 0.14081 0.1409
2 0.0133489 0.0134352
2 0.00838537 0.00846997
2 0.0366752 0.0367591
1 0.00744525 0.00752855
2 0.0189436 0.0190259
1 0.00705824 0.00714006
2 0.079715 0.0797955
0 0 7.85462e-05
2 0.017196 0.0172733
1 0.0149463 0.015022
1 0.00625653 0.00633194
2 0.0256039 0.0256777
1 0.00327793 0.00335166
1 0.0751181 0.0751913
1 0.00932446 0.00939651
2 0.0124942 0.0125646
2 0.00839751 0.00846764
1 0.0053053 0.00537532
1 0.00427743 0.00434728
1 0.00678148 0.00684901
2 0.0253552 0.0254227
1 0.00155759 0.00162375
2 0.0230309 0.0230965
1 0.0064898 0.00655481
2 0.0277397 0.0278034
1 0.04395 0.04401
1 0.0107291 0.0107882
1 0.00898701 0.00904516
1 0.0112417 0.0112976
1 0.0247804 0.0248313
1 0.0743443 0.0743952
1 0.0722729 0.0723214
1 0.0136135 0.0136602
1 0.0172302 0.0172765
1 0.00491245 0.00495825
2 0.00891108 0.00895678
1 0.0386844 0.0387295
1 0.00601455 0.00605961
1 0.00888866 0.00893229
1 0.0381987 0.0382421
1 0.000261638 0.000304415
1 0.00746197 0.00750422
2 0.00606063 0.00610266
2 0.0892384 0.0892798
2 0.00711327 0.00715312
1 0.0134372 0.0134766
2 0.0135522 0.0135917
1 0.0234758 0.0235151
1 0.00673142 0.00677071
1 0.0203708 0.0204081
1 0.00593511 0.00597199
1 0.00949491 0.0095302
2 0.003792 0.00382594
2 0.024859 0.0248926
2 0.0551225 0.0551552
1 0.0273322 0.0273649
1 0.0461108 0.0461435
1 0.0169624 0.0169944
1 0.0580204 0.0580505
2 0.00348052 0.00350894
1 0.0068618 0.00688957
1 0.0092784 0.00930583
2 0.0361131 0.0361392
1 0.00341616 0.00344218
2 0.0277134 0.0277393
1 0.0358732 0.0358981
1 0.00830583 0.00832901
1 0.171826 0.171848
1 0.00458739 0.00460959
1 0.0065662 0.00658777
2 0.00865586 0.00867742
1 0.013049 0.013069
1 0.0236349 0.0236549
1 0.0101123 0.0101305
1 0.0062659 0.0062836
1 0.00607189 0.00608854
1 0.0834029 0.0834189
1 0.00601916 0.00603486
2 0.0137239 0.0137396
1 0.0698169 0.0698324
2 0.014647 0.0146621
2 0.0280385 0.0280523
2 0.0370444 0.0370576
1 0.0129146 0.0129271
2 0.0227414 0.0227537
1 0.0123695 0.0123816
1 0.00220454 0.00221617
1 0.0386462 0.0386571
2 0.0179577 0.0179684
2 0.00418426 0.00419476
1 0.00297253 0.00298258
2 0.0218654 0.0218745
2 0.0278291 0.0278377
2 0.0141607 0.0141682
2 0.214114 0.214121
1 0.0370216 0.0370289
2 0.0274175 0.0274239
1 0.00733053 0.00733655
2 0.00753169 0.00753707
1 0.0052581 0.00526348
1 0.00695259 0.00695786
1 0.0181101 0.0181153
2 0.0100311 0.0100362
1 0.0103564 0.0103611
1 0.0158564 0.0158612
1 0.00595595 0.00596063
2 0.0181623 0.0181669
1 0.0178988 0.0179029
2 0.00647151 0.00647524
2 0.0203408 0.0203431
2 0.0118247 0.011827
2 0.118244 0.118246
1 0.0231834 0.0231855
2 0.0124645 0.0124665
1 0.100692 0.100694
1 0.0133444 0.0133462
1 0.0245901 0.0245913
2 0.00676159 0.00676276
2 0.0125154 0.0125164
2 0.0083468 0.00834778
1 0.0481962 0.0481971
2 0.0361351 0.0361358
1 0.00274193 0.00274245
2 0.0212141 0.0212146
2 0.00674636 0.00674674
2 0.0224701 0.0224705
1 0.118234 0.118234
1 0.00852314 0.00852328
2 0.00651097 0.0065111
2 0.00324791 0.00324797
1 0.00559444 0.00559449
2 0.0197296 0.0197296
1 0.030038 0.0300381
2 0.013912 0.013912
2 0.0132457 0.0132457
