0 0 inf
1 0.0505499 0.168836
0 0 0.106517
0 0 0.0979378
0 0 0.0947066
0 0 0.0927808
0 0 0.0726381
0 0 0.0687
0 0 0.0620322
1 0.126472 0.18456
1 0.0787162 0.133581
1 0.124101 0.174992
1 0.0235606 0.0723382
0 0 0.0464169
0 0 0.0458949
1 0.0288574 0.068003
0 0 0.0380433
1 0.04045 0.0763161
0 0 0.0352307
0 0 0.0350392
0 0 0.0347404
0 0 0.034687
0 0 0.033699
0 0 0.0327321
0 0 0.0322963
1 0.0808016 0.11202
1 0.125112 0.15602
0 0 0.0299961
0 0 0.0274448
0 0 0.0265321
1 0.218017 0.244298
0 0 0.0259195
1 0.0421155 0.0672847
0 0 0.024646
0 0 0.023827
0 0 0.0224223
1 0.09509 0.117046
0 0 0.0215521
0 0 0.0213427
1 0.153351 0.173785
0 0 0.0194411
1 0.0473544 0.0661293
0 0 0.0182259
0 0 0.0180408
0 0 0.0178154
1 0.019198 0.0369338
0 0 0.0175992
0 0 0.0172735
0 0 0.0167739
1 0.134493 0.151176
0 0 0.0163598
0 0 0.0163413
0 0 0.0163377
1 0.0549564 0.0711582
0 0 0.0159574
0 0 0.0158637
1 0.136063 0.151851
0 0 0.0156745
0 0 0.01562
0 0 0.0154269
0 0 0.0142081
0 0 0.0140959
1 0.0180923 0.031923
0 0 0.013677
0 0 0.0131139
0 0 0.0128643
1 0.153365 0.165617
0 0 0.012129
0 0 0.0118384
1 0.0168858 0.0284511
0 0 0.0114733
0 0 0.011349
0 0 0.0109206
0 0 0.0108025
0 0 0.0102115
0 0 0.0100854
0 0 0.010083
1 0.0497327 0.0586142
0 0 0.00883128
0 0 0.00881032
0 0 0.00880879
0 0 0.00858412
0 0 0.00816364
1 0.103228 0.111258
1 0.0183776 0.0263968
1 0.0312052 0.0391233
0 0 0.00789995
1 0.0745308 0.0824299
0 0 0.00778209
0 0 0.00772802
1 0.0486281 0.0562923
0 0 0.00758243
1 0.0252286 0.0327041
1 0.0113978 0.0188342
0 0 0.00731879
1 0.16838 0.175282
1 0.100793 0.107644
0 0 0.00681363
0 0 0.00677929
1 0.0273785 0.0341334
0 0 0.0065928
1 0.0110239 0.0175626
0 0 0.00650236
0 0 0.0064862
1 0.0383322 0.0445851
1 0.0100113 0.0162288
0 0 0.00613211
0 0 0.00608954
0 0 0.00608297
2 0.217066 0.223138
0 0 0.00595711
0 0 0.00588323
0 0 0.0057665
1 0.0304256 0.0361667
0 0 0.00570475
0 0 0.00563707
1 0.00358709 0.00921274
0 0 0.0054578
0 0 0.00543522
0 0 0.00540288
0 0 0.00523802
0 0 0.0050904
0 0 0.00505351
0 0 0.00493722
1 0.0172825 0.0221983
0 0 0.00489893
0 0 0.00489433
0 0 0.00475008
0 0 0.00467738
1 0.0112244 0.0158711
0 0 0.00460956
0 0 0.00454661
1 0.0117418 0.0162213
0 0 0.00447543
1 0.054677 0.0591014
1 0.0258845 0.0302904
1 0.0956016 0.0999618
0 0 0.00427846
1 0.236587 0.240813
0 0 0.00415031
1 0.193834 0.197975
0 0 0.00403315
1 0.00328117 0.00721265
0 0 0.00390124
1 0.0118575 0.0157573
0 0 0.00389308
1 0.0364858 0.0403577
1 0.0463032 0.0500119
1 0.158163 0.161831
0 0 0.00366228
0 0 0.00364679
0 0 0.00363614
1 0.0116551 0.0152151
0 0 0.0034994
0 0 0.00348801
1 0.0190516 0.0225338
0 0 0.00346404
0 0 0.00344572
0 0 0.00342352
0 0 0.00342104
0 0 0.00340088
0 0 0.00337308
0 0 0.00336217
0 0 0.00325072
0 0 0.00324135
0 0 0.00322542
0 0 0.00315582
0 0 0.00311875
0 0 0.0030494
1 0.00457008 0.00760763
0 0 0.00302676
0 0 0.00298553
1 0.0308888 0.0338635
1 0.0232116 0.0261861
0 0 0.00296752
0 0 0.0029588
0 0 0.00292733
2 0.281588 0.284482
2 0.169812 0.1727
1 0.0984419 0.101292
0 0 0.00284894
2 0.0192218 0.0220475
0 0 0.00279808
0 0 0.00279214
0 0 0.00277007
1 0.0194391 0.0221738
0 0 0.00272155
0 0 0.002705
0 0 0.00269409
0 0 0.00268787
1 0.0452691 0.0478781
0 0 0.00259839
0 0 0.00258426
0 0 0.00254322
2 0.176773 0.179301
1 0.0190899 0.0215577
0 0 0.00243681
1 0.153286 0.155714
0 0 0.00239418
2 0.0789803 0.0813653
0 0 0.00237641
0 0 0.00235276
0 0 0.00228637
1 0.0041437 0.00641741
0 0 0.00227159
1 0.0104169 0.0126645
1 0.0314976 0.0337439
1 0.00334908 0.00556949
1 0.0210871 0.0233048
0 0 0.0021948
0 0 0.00214878
1 0.00690329 0.00899858
0 0 0.0020636
0 0 0.0020514
0 0 0.00203446
0 0 0.00203055
1 0.0111506 0.0131671
2 0.0323326 0.0343264
0 0 0.00196442
1 0.0166613 0.0186243
1 0.154368 0.156313
0 0 0.00192683
1 0.00955166 0.0114766
0 0 0.00191947
1 0.0162753 0.0181926
1 0.0113719 0.0132846
1 0.0025412 0.00445142
1 0.017749 0.0196155
1 0.0348065 0.0366624
1 0.0310981 0.0329357
0 0 0.00182468
1 0.00999084 0.0117848
0 0 0.00176634
2 0.0473971 0.049145
0 0 0.00167002
1 0.00524149 0.00690251
0 0 0.00164721
1 0.0266486 0.0282936
1 0.00909535 0.0107386
0 0 0.00162169
0 0 0.00161931
1 0.0101658 0.0117618
0 0 0.00157478
0 0 0.00154751
1 0.0116018 0.0131362
2 0.0348107 0.036343
0 0 0.00152826
1 0.0769765 0.078503
1 0.0314962 0.0330159
0 0 0.00151843
1 0.00465348 0.0061664
0 0 0.00150341
1 0.01575 0.0172478
1 0.021797 0.0232922
0 0 0.00147905
1 0.0276175 0.0290965
0 0 0.00147828
0 0 0.00146588
2 0.202194 0.203651
0 0 0.00143884
1 0.0136697 0.0151054
1 0.0211551 0.0225699
1 0.00979063 0.011194
1 0.0669138 0.06831
0 0 0.00135426
0 0 0.00134995
1 0.0282312 0.0295685
1 0.0137886 0.0151183
1 0.00595646 0.00727884
1 0.0149343 0.0162524
0 0 0.00130321
1 0.0371983 0.0384991
0 0 0.00129361
0 0 0.00127754
2 0.0390242 0.0402796
1 0.0139046 0.0151472
0 0 0.00124106
0 0 0.00123
0 0 0.00122241
2 0.0801038 0.0813079
1 0.0240057 0.0252074
2 0.00463055 0.0058219
1 0.0027029 0.00389177
0 0 0.00118529
1 0.00274448 0.00392789
1 0.00573261 0.00691156
0 0 0.00115593
2 0.068653 0.0697735
1 0.0137556 0.0148708
1 0.00427809 0.00538762
2 0.0830244 0.0840969
2 0.00815423 0.00922662
0 0 0.00106856
1 0.065806 0.0668713
2 0.176431 0.177494
1 0.00527391 0.00633081
1 0.0128418 0.0138978
1 0.00347654 0.00450923
1 0.00543131 0.00646326
1 0.0341661 0.0351936
0 0 0.00101634
1 0.0263082 0.0273147
1 0.00934619 0.0103449
1 0.165563 0.166557
1 0.0177876 0.0187812
0 0 0.000991882
2 0.262366 0.263355
0 0 0.000983613
0 0 0.000978466
0 0 0.00097624
1 0.00300847 0.00397354
1 0.0119437 0.0129041
0 0 0.000954148
1 0.00312833 0.00408203
1 0.0201658 0.0211111
1 0.0241832 0.025114
1 0.0063616 0.00727209
1 0.003546 0.00444242
1 0.0081688 0.00905304
1 0.00251424 0.00339656
1 0.00658059 0.0074629
1 0.00384933 0.00470693
2 0.0378866 0.0387438
2 0.0357658 0.0366093
0 0 0.000840389
1 0.0123812 0.0132138
1 0.0402852 0.0411068
2 0.187537 0.188358
1 0.00430514 0.00509775
1 0.0160807 0.0168732
1 0.00652391 0.00728672
1 0.00365124 0.00441059
1 0.0593236 0.0600818
0 0 0.000748303
1 0.00308899 0.00382887
2 0.165146 0.165886
2 0.0185152 0.0192473
1 0.00632045 0.00703726
1 0.00554009 0.00625488
1 0.0301314 0.0308418
2 0.0322696 0.0329752
1 0.112252 0.112956
1 0.00302904 0.00373285
1 0.00503455 0.00573027
1 0.0141282 0.0148181
1 0.0389961 0.0396813
0 0 0.000671712
0 0 0.000664559
1 0.00416434 0.0048155
1 0.00588078 0.00653087
0 0 0.000647209
1 0.00330751 0.00395423
1 0.0036538 0.00429994
0 0 0.000636408
1 0.0640185 0.0646444
1 0.254737 0.255362
1 0.0119674 0.0125885
1 0.00666719 0.00727494
1 0.0214936 0.0220977
2 0.0185872 0.01919
2 0.0372231 0.0378252
0 0 0.000594109
1 0.00648549 0.00707694
2 0.019 0.0195744
1 0.0682888 0.068858
1 0.00215417 0.00271602
2 0.0248428 0.0254027
1 0.00571172 0.00627113
1 0.0257193 0.0262669
2 0.0102106 0.0107569
1 0.00397609 0.00451717
0 0 0.000540146
1 0.066729 0.0672468
1 0.0118962 0.0124096
1 0.0124769 0.0129822
0 0 0.000495587
1 0.0221089 0.0226006
1 0.0918582 0.0923464
0 0 0.000484801
0 0 0.000483756
1 0.00470752 0.00518666
2 0.0208029 0.0212673
1 0.0292216 0.0296755
1 0.00870516 0.00915851
1 0.0270743 0.0275181
1 0.0729245 0.0733675
1 0.0575936 0.0580318
1 0.0193844 0.0198174
1 0.00408156 0.00450812
1 0.00447834 0.00489906
1 0.00555107 0.00596898
2 0.0165767 0.0169922
0 0 0.000415244
1 0.00264048 0.00304697
2 0.0225769 0.0229805
1 0.00389632 0.00429619
1 0.0144632 0.0148617
1 0.00265954 0.00305641
1 0.00643338 0.00682809
0 0 0.000394689
2 0.023788 0.0241739
1 0.00892358 0.0093084
1 0.0103908 0.0107683
2 0.00696912 0.00734134
1 0.00707345 0.00744483
0 0 0.000368144
1 0.00347835 0.00384536
1 0.0135591 0.0139242
1 0.00740626 0.00776753
1 0.056095 0.0564521
1 0.00391898 0.00426853
1 0.0778957 0.0782438
1 0.00979662 0.0101429
2 0.0167154 0.0170605
1 0.128932 0.129266
2 0.0209983 0.0213308
1 0.00126697 0.00159797
1 0.0191761 0.0195043
1 0.011919 0.0122367
2 0.00631392 0.00661318
1 0.00464399 0.00494194
1 0.00300375 0.00330143
1 0.00345818 0.00375513
1 0.00656275 0.00685958
0 0 0.000294854
1 0.00907031 0.00936287
1 0.00577938 0.00607142
0 0 0.000290882
1 0.0827093 0.0829988
1 0.0236615 0.0239443
0 0 0.000279505
2 0.00633541 0.00661468
1 0.00207918 0.00235313
1 0.00693409 0.0072077
1 0.00236915 0.00264195
2 0.00516113 0.00542924
1 0.0543201 0.0545822
2 0.00458173 0.00483944
1 0.0099117 0.0101666
0 0 0.00024397
1 0.0867898 0.0870296
1 0.0173742 0.0176128
1 0.00397741 0.00421416
1 0.00565208 0.00588727
2 0.137699 0.137934
1 0.00767895 0.00791176
2 0.0120627 0.0122938
1 0.0356612 0.0358904
1 0.0204423 0.0206688
1 0.0219597 0.022179
1 0.0243559 0.0245713
2 0.00468997 0.00490434
2 0.0813168 0.0815257
2 0.0724623 0.0726707
1 0.0233557 0.0235605
1 0.13918 0.139385
1 0.0300232 0.0302277
1 0.100735 0.100939
1 0.0207166 0.0209178
1 0.0052342 0.00543422
0 0 0.000193335
1 0.00419975 0.00439192
1 0.00638304 0.00657354
1 0.00802378 0.00821376
1 0.00226337 0.00245057
2 0.0213783 0.0215615
1 0.0031206 0.00328352
1 0.157292 0.157454
1 0.0810752 0.0812338
1 0.0313596 0.0315111
1 0.00282509 0.00297565
1 0.0101172 0.0102642
2 0.00460266 0.00474842
2 0.0177743 0.0179198
1 0.0197956 0.0199393
1 0.00589357 0.00603593
1 0.00876384 0.00890585
1 0.0056153 0.00575492
1 0.00442492 0.00455879
2 0.00954662 0.00968024
2 0.173534 0.173667
1 0.0177629 0.017895
1 0.00495791 0.00508831
1 0.00534854 0.00547755
2 0.00724362 0.0073718
1 0.0112242 0.0113524
1 0.00520853 0.00533605
1 0.00412435 0.00425145
1 0.00434162 0.00446856
0 0 0.00012406
1 0.0215864 0.0217073
1 0.0224175 0.0225376
2 0.123295 0.123412
1 0.107531 0.107645
0 0 0.000114419
2 0.0103719 0.0104855
1 0.00233882 0.00244948
1 0.0206802 0.0207896
1 0.00214613 0.00225467
1 0.00857496 0.00868258
1 0.005832 0.00593921
1 0.00617401 0.00628115
1 0.00482599 0.00493208
2 0.0102155 0.0103196
2 0.0194869 0.0195905
2 0.15859 0.158692
1 0.00660972 0.00671101
2 0.0110824 0.0111829
1 0.00541177 0.0055114
1 0.00659142 0.00669062
1 0.00213891 0.00223702
2 0.262253 0.262351
2 0.00586771 0.00596554
1 0.00317226 0.00326955
1 0.117245 0.117342
1 0.0161437 0.016238
1 0.00982008 0.00991173
1 0.00608997 0.00618102
1 0.0153478 0.0154381
1 0.0177709 0.0178609
2 0.00422432 0.00431406
1 0.00281359 0.00290275
1 0.00564465 0.00573288
2 0.0130721 0.0131599
1 0.00943964 0.00952562
1 0.00396955 0.00405542
1 0.00698068 0.00706571
2 0.0706088 0.0706938
2 0.00410233 0.00418591
1 0.0440558 0.0441382
2 0.0271212 0.0272034
1 0.0114485 0.0115294
2 0.0182892 0.0183686
1 0.0102516 0.0103279
1 0.00381793 0.00389244
1 0.079961 0.0800349
2 0.0219733 0.0220458
1 0.0021573 0.00222804
1 0.00716345 0.00723318
2 0.023907 0.0239752
2 0.0167916 0.0168575
1 0.0147877 0.0148535
1 0.00644198 0.00650509
1 0.073706 0.0737687
2 0.0189254 0.0189881
1 0.00397719 0.00403973
2 0.0047755 0.00483785
2 0.0126821 0.0127425
1 0.0194217 0.0194819
2 0.0139753 0.0140349
1 0.00181296 0.00187164
1 0.0167836 0.016839
1 0.00751123 0.00756389
1 0.00231577 0.00236791
2 0.026651 0.026703
1 0.00633523 0.00638612
1 0.0010382 0.00108826
1 0.0174211 0.0174707
1 0.00168165 0.00172942
2 0.0244926 0.02454
1 0.00553698 0.00558261
2 0.0872467 0.0872911
2 0.0268884 0.0269327
1 0.0097404 0.00978366
2 0.0115664 0.0116086
2 0.00679291 0.00683351
1 0.0231995 0.0232399
2 0.141905 0.141946
2 0.0366594 0.0366987
1 0.037784 0.0378214
1 0.0173764 0.0174134
2 0.0208878 0.0209248
1 0.0198492 0.019885
1 0.00688701 0.00692239
2 0.0162956 0.0163309
1 0.0399417 0.0399739
2 0.0226378 0.0226688
1 0.00337961 0.00341048
2 0.00305825 0.0030889
1 0.00293748 0.00296799
1 0.010195 0.0102251
1 0.0196385 0.0196657
1 0.0202216 0.0202462
2 0.0124338 0.0124567
1 0.00380075 0.00382236
1 0.248096 0.248116
1 0.00311518 0.0031353
1 0.011124 0.0111441
1 0.0105353 0.0105549
1 0.00311789 0.0031366
1 0.00332587 0.00334456
1 0.0054921 0.00551032
2 0.0810997 0.0811178
2 0.0168283 0.0168461
2 0.0102428 0.0102589
1 0.124202 0.124218
1 0.00462953 0.00464515
2 0.00437366 0.00438911
1 0.00476081 0.00477601
1 0.0135846 0.0135992
1 0.013681 0.0136952
1 0.00758426 0.00759836
2 0.00351381 0.00352671
1 0.00549598 0.00550835
1 0.016676 0.0166882
2 0.0243634 0.0243752
1 0.0111501 0.0111615
1 0.0118305 0.0118419
1 0.00874213 0.00875251
2 0.00297401 0.00298332
2 0.0362633 0.0362722
1 0.0191397 0.019148
1 0.036772 0.0367796
1 0.00298548 0.00299313
2 0.0149956 0.0150028
2 0.175243 0.17525
2 0.00930535 0.00931218
1 0.0024705 0.00247727
1 0.0199167 0.0199227
2 0.0166088 0.0166147
2 0.0127344 0.0127399
1 0.0119982 0.0120036
1 0.12308 0.123086
1 0.0182618 0.0182669
1 0.0486018 0.0486067
1 0.00474286 0.00474763
2 0.00581649 0.00582102
2 0.0736321 0.0736363
2 0.0175843 0.0175879
1 0.0680254 0.0680288
1 0.00283441 0.00283717
2 0.0202522 0.0202546
1 0.00297208 0.00297423
2 0.00705083 0.0070527
1 0.012631 0.0126329
2 0.0186178 0.0186193
1 0.0166615 0.0166628
1 0.0129953 0.0129964
2 0.0242095 0.0242105
1 0.00927938 0.00928016
2 0.00847062 0.0084713
1 0.052651 0.0526516
2 0.0060759 0.0060764
1 0.0178756 0.017876
1 0.00417314 0.00417348
1 0.00532822 0.00532855
1 0.0167279 0.0167282
2 0.00948031 0.00948059
2 0.0202677 0.0202679
1 0.00749736 0.00749748
2 0.0140081 0.0140082
2 0.00921667 0.00921671
1 0.0126674 0.0126674
1 0.0268289 0.026829
2 0.119163 0.119163
2 0.0291527 0.0291527
1 0.0115542 0.0115542
2 0.0253295 0.0253295
2 0.117214 0.117214
