0 0 inf
0 0 0.0850238
1 0.0356289 0.11756
1 0.166946 0.237417
0 0 0.054965
0 0 0.0537922
0 0 0.0432415
1 0.0693536 0.108723
0 0 0.0365679
0 0 0.0364345
0 0 0.0337793
0 0 0.0332345
0 0 0.0327834
0 0 0.0304624
0 0 0.0303317
0 0 0.0298824
0 0 0.0275922
0 0 0.0268601
0 0 0.0253607
0 0 0.0242366
0 0 0.0242326
1 0.0891898 0.112774
0 0 0.021768
0 0 0.0216289
1 0.116357 0.1379
0 0 0.0215083
0 0 0.0209378
0 0 0.0201315
1 0.121321 0.141296
1 0.0311824 0.0505579
1 0.04011 0.0591328
0 0 0.0187372
0 0 0.0175319
0 0 0.0169572
1 0.0423929 0.0581648
1 0.0753044 0.0904201
0 0 0.0149908
0 0 0.0145875
1 0.0122377 0.0263635
0 0 0.0126607
0 0 0.0126265
1 0.387174 0.399403
0 0 0.012226
0 0 0.0122084
1 0.0655732 0.0777594
1 0.0906698 0.102847
1 0.00946899 0.0210862
1 0.0355901 0.0468628
0 0 0.0110092
0 0 0.0109153
0 0 0.0108975
0 0 0.0106282
0 0 0.0105875
0 0 0.0102768
0 0 0.00990364
0 0 0.00974894
0 0 0.00929769
0 0 0.0090605
1 0.00684005 0.0157478
0 0 0.00876151
0 0 0.00853416
0 0 0.00844096
0 0 0.00837218
1 0.0986103 0.106838
0 0 0.00772761
0 0 0.0075315
0 0 0.00747996
0 0 0.00745319
1 0.00835236 0.0157093
1 0.0123871 0.0194419
1 0.0341668 0.0411847
0 0 0.00680449
0 0 0.00669327
1 0.0617785 0.0684186
0 0 0.00663799
2 0.123906 0.130511
1 0.046472 0.0530422
0 0 0.00639798
1 0.0258459 0.0321699
0 0 0.00631577
0 0 0.00631279
0 0 0.00620876
0 0 0.00614699
0 0 0.00590249
0 0 0.00586947
0 0 0.00581109
0 0 0.00580064
0 0 0.00566215
1 0.0551998 0.0607819
0 0 0.00556411
0 0 0.00554241
0 0 0.0055031
1 0.0121485 0.0175045
1 0.0488138 0.0541406
0 0 0.00524207
0 0 0.00518564
1 0.068885 0.0739792
1 0.0100898 0.0151635
1 0.0111369 0.0162051
0 0 0.00500888
0 0 0.00494739
0 0 0.00493248
0 0 0.00491539
0 0 0.00491503
0 0 0.00484244
0 0 0.00484076
0 0 0.00481688
0 0 0.00475384
0 0 0.00467728
0 0 0.00458412
0 0 0.00448564
0 0 0.00445554
0 0 0.00444514
1 0.00842986 0.0128594
0 0 0.00437478
1 0.00832246 0.0126866
1 0.00709274 0.0114441
0 0 0.00425984
1 0.0187714 0.0230288
0 0 0.00417756
0 0 0.00417383
0 0 0.00416442
0 0 0.00415519
0 0 0.00410061
0 0 0.00404191
0 0 0.00401972
0 0 0.00400129
0 0 0.00397706
2 0.121396 0.125326
1 0.0378809 0.0417727
1 0.0153614 0.019188
1 0.00702284 0.010773
0 0 0.00372516
0 0 0.00372232
0 0 0.00359356
0 0 0.00345942
0 0 0.00342516
0 0 0.00341764
0 0 0.00339452
1 0.00393088 0.00732327
0 0 0.00335748
1 0.0244303 0.0277263
0 0 0.00327613
0 0 0.00324496
1 0.0501284 0.0533689
0 0 0.00323689
1 0.0224545 0.0256662
1 0.00930319 0.0125097
0 0 0.00314189
0 0 0.00312316
2 0.145823 0.148936
0 0 0.00310085
0 0 0.00306251
1 0.00703611 0.0100986
1 0.00430072 0.00731249
0 0 0.00300633
0 0 0.00299195
0 0 0.00298072
0 0 0.00293413
1 0.0369779 0.0399065
0 0 0.00290082
1 0.0168793 0.019716
1 0.0121366 0.0149378
1 0.0253241 0.0281122
0 0 0.00276329
0 0 0.00272182
0 0 0.00272103
0 0 0.00267412
0 0 0.00262725
0 0 0.00262364
1 0.046395 0.0490161
0 0 0.00261651
1 0.0985178 0.101047
1 0.00801897 0.0105209
1 0.0682504 0.0707499
1 0.00655143 0.00904854
0 0 0.00249055
0 0 0.00240905
2 0.0294883 0.0318632
1 0.00443213 0.00678543
0 0 0.00234662
0 0 0.0023239
0 0 0.00230033
0 0 0.00228475
1 0.0490239 0.0512872
0 0 0.0022478
1 0.102638 0.104869
1 0.0350343 0.0372601
1 0.0160558 0.0182673
1 0.0313444 0.0334693
0 0 0.00211368
1 0.011958 0.0140669
1 0.0149325 0.0170386
0 0 0.00210257
0 0 0.00210253
1 0.0436129 0.0456998
0 0 0.00206399
0 0 0.00202763
0 0 0.00202683
1 0.00874709 0.0107738
1 0.00949118 0.0114906
0 0 0.00198731
1 0.0566389 0.0586254
0 0 0.00197646
1 0.0190389 0.0209731
0 0 0.00191004
1 0.0229486 0.024836
1 0.0498483 0.051732
1 0.00742778 0.00930922
0 0 0.00184885
0 0 0.00184158
0 0 0.00182953
0 0 0.00182314
1 0.0164787 0.0182846
0 0 0.00176522
0 0 0.00173669
1 0.0153775 0.0170668
1 0.00828812 0.00996797
1 0.0584685 0.060147
1 0.0591212 0.0607507
1 0.0076978 0.00928818
1 0.0118562 0.0134284
2 0.0441626 0.0457287
0 0 0.00153514
1 0.00211001 0.00362164
2 0.0269549 0.028463
0 0 0.00150663
0 0 0.00149508
0 0 0.00149194
1 0.00589003 0.00736621
2 0.0194474 0.0209197
2 0.0128798 0.0143518
1 0.0211371 0.0226073
0 0 0.00140508
0 0 0.0013995
1 0.00948033 0.0108663
1 0.0263022 0.0276839
1 0.0108337 0.0122151
0 0 0.00136496
0 0 0.00135439
0 0 0.00134664
0 0 0.00134205
0 0 0.0013352
1 0.010995 0.0123299
1 0.00502057 0.00634336
1 0.00482891 0.00612704
0 0 0.00129455
0 0 0.00127242
1 0.00767209 0.0089271
0 0 0.00121169
1 0.0065907 0.00779979
0 0 0.00119037
0 0 0.00116687
0 0 0.00116523
1 0.014022 0.0151729
1 0.00748963 0.00863613
0 0 0.00114574
1 0.0182818 0.0194223
0 0 0.00112507
1 0.00930038 0.0103933
1 0.00809952 0.00917567
0 0 0.00107026
1 0.00679918 0.00786322
1 0.00837673 0.00944077
1 0.164362 0.165424
0 0 0.00105892
1 0.0039102 0.00496678
1 0.0756364 0.0766725
1 0.012838 0.0138523
0 0 0.00101328
2 0.014765 0.0157689
1 0.0174136 0.0184064
1 0.00789273 0.00887285
0 0 0.000957924
1 0.00589181 0.00684634
1 0.010162 0.011116
0 0 0.000951575
1 0.0280783 0.0290275
1 0.00412736 0.00507483
1 0.0135179 0.0144561
0 0 0.000937659
1 0.00870396 0.00963782
0 0 0.000922946
0 0 0.000922401
0 0 0.000907936
1 0.00506254 0.00596977
1 0.00991723 0.0107839
1 0.00577351 0.00663809
0 0 0.000859039
0 0 0.000855746
1 0.0217798 0.022633
1 0.0060782 0.00693034
0 0 0.000813159
2 0.0336598 0.0344716
1 0.00911031 0.00991568
1 0.0184007 0.0191966
0 0 0.000793297
1 0.00758475 0.00837467
0 0 0.000789091
1 0.0152775 0.0160634
2 0.193066 0.193845
1 0.0617755 0.0625477
0 0 0.000770838
1 0.0134579 0.0142261
1 0.00518174 0.00594382
1 0.00473275 0.00549354
0 0 0.000760649
1 0.00665902 0.00741261
0 0 0.000753552
1 0.0038281 0.00456664
0 0 0.000725918
0 0 0.000712183
1 0.0126823 0.0133943
2 0.414522 0.415222
2 0.0124283 0.0131275
1 0.00637432 0.00705927
2 0.0135532 0.0142273
1 0.0699127 0.0705745
1 0.0119462 0.012603
1 0.00455523 0.00520722
0 0 0.000634256
1 0.00428454 0.00491559
1 0.114018 0.114647
1 0.0126726 0.013283
1 0.00852136 0.00911852
0 0 0.000593894
1 0.0149489 0.0155396
0 0 0.000584395
1 0.00138881 0.0019712
1 0.00979991 0.0103747
2 0.0204903 0.021057
1 0.00690308 0.0074503
0 0 0.000541993
1 0.017604 0.0181397
2 0.0176633 0.0181967
1 0.00437222 0.00490266
1 0.0070683 0.00759445
1 0.00592372 0.00644041
1 0.00739405 0.0079075
2 0.109692 0.110179
2 0.00840819 0.00888336
1 0.0452916 0.0457662
1 0.0189117 0.0193849
2 0.114071 0.114529
0 0 0.000452093
1 0.0095811 0.0100301
2 0.0220101 0.0224558
1 0.0131093 0.0135459
0 0 0.00043033
1 0.0116713 0.0120955
1 0.00425298 0.00467712
1 0.0129708 0.013394
1 0.00486602 0.00526821
1 0.144307 0.144707
0 0 0.000397111
1 0.127924 0.128321
1 0.0141454 0.0145319
1 0.123262 0.123647
2 0.0128272 0.0132105
1 0.00437377 0.00475693
1 0.00322664 0.00360764
1 0.0208466 0.0212208
1 0.0493282 0.0496973
0 0 0.000364797
1 0.011766 0.0121286
1 0.0109548 0.0113145
1 0.00320946 0.00356776
0 0 0.000357731
0 0 0.000355093
1 0.0165955 0.0169466
1 0.00232895 0.00267977
1 0.00702753 0.00737663
1 0.0466141 0.0469624
2 0.00774914 0.00809467
1 0.0209754 0.0213201
0 0 0.000344036
1 0.00320321 0.00353944
2 0.0211569 0.0214908
1 0.00565777 0.00598173
1 0.00223448 0.00255623
0 0 0.000317598
1 0.00507951 0.00539662
0 0 0.000315781
1 0.00972775 0.0100434
2 0.0164324 0.0167462
1 0.00951824 0.00982807
1 0.00343825 0.00374696
1 0.00993634 0.0102438
1 0.00853283 0.00883912
2 0.00584556 0.00614743
2 0.0611404 0.0614357
2 0.0110158 0.0113098
0 0 0.000291015
2 0.0686089 0.0688924
1 0.0132469 0.0135173
1 0.00936076 0.00962734
0 0 0.000266414
1 0.0104617 0.010712
1 0.0576634 0.0579132
1 0.0130519 0.0132974
2 0.0151778 0.0154173
0 0 0.000239436
1 0.00208413 0.00232159
1 0.00263081 0.00286796
1 0.00960847 0.00984223
1 0.00817232 0.00840428
1 0.00504522 0.00527487
0 0 0.000227294
1 0.00278325 0.00301006
1 0.000915671 0.00114183
1 0.015821 0.0160463
1 0.00559185 0.00581597
1 0.00112298 0.00134668
1 0.00276667 0.00299032
1 0.0165786 0.0168012
2 0.00517504 0.00539721
2 0.00512145 0.00533506
1 0.00298747 0.00319876
1 0.0148824 0.0150937
1 0.0635454 0.0637501
0 0 0.000195171
1 0.00927243 0.00946392
1 0.00463791 0.00482508
1 0.0197495 0.0199346
1 0.0235625 0.0237437
1 0.0310247 0.031205
1 0.0100119 0.010192
1 0.00888385 0.00906371
1 0.00943413 0.00961168
2 0.0518589 0.0520359
2 0.0243159 0.0244918
1 0.00594173 0.00611589
2 0.0207167 0.0208898
2 0.0164165 0.0165883
2 0.115385 0.115556
1 0.0144131 0.0145798
1 0.0017593 0.00192282
1 0.0047394 0.0049023
1 0.00762647 0.00778811
2 0.0312549 0.0314159
1 0.0132574 0.0134174
1 0.0252878 0.0254463
2 0.0134986 0.0136564
2 0.115247 0.115403
1 0.00161317 0.00176837
2 0.0098146 0.00996845
1 0.170083 0.170236
1 0.0683506 0.0685025
1 0.0065664 0.00670889
1 0.00312805 0.00326948
2 0.00516815 0.00530822
1 0.0186561 0.0187958
1 0.00588098 0.00601878
2 0.0046018 0.00473576
1 0.00963945 0.00977279
1 0.024111 0.0242438
1 0.00341299 0.00354522
2 0.0139077 0.0140389
1 0.011856 0.0119857
1 0.00134988 0.0014785
2 0.0162553 0.0163818
1 0.00171474 0.00183888
1 0.00229411 0.00241556
1 0.00604166 0.00616268
1 0.0059559 0.00607613
1 0.195206 0.195325
2 0.0230053 0.0231227
1 0.00201192 0.00212585
1 0.000566705 0.000678223
1 0.00694325 0.00705268
1 0.0294716 0.0295798
1 0.00926708 0.00937134
1 0.0134397 0.0135432
1 0.113746 0.113849
2 0.00598329 0.00608522
1 0.0545951 0.0546967
2 0.0182822 0.0183833
1 0.00711885 0.00721899
1 0.00954312 0.00964284
1 0.00136007 0.00145976
1 0.0179245 0.0180198
2 0.0107449 0.0108381
1 0.00258713 0.00268003
2 0.0151718 0.015262
1 0.0725928 0.0726785
2 0.0171349 0.0172182
1 0.00275948 0.00284238
1 0.00650762 0.00658796
1 0.014039 0.0141188
1 0.0171592 0.0172377
1 0.00485201 0.00492692
1 0.00458642 0.0046576
1 0.0154032 0.0154714
1 0.013745 0.0138123
1 0.00549494 0.00556203
0 0 6.62927e-05
1 0.00953587 0.0095997
2 0.0157333 0.0157971
1 0.00222235 0.00228528
1 0.000698244 0.00075754
1 0.0043129 0.00437218
1 0.00100229 0.00106123
1 0.00793771 0.00799561
1 0.0079838 0.00804107
2 0.0290398 0.0290966
1 0.0158631 0.0159191
1 0.020441 0.020495
1 0.00963286 0.00968491
2 0.0093253 0.00937425
0 0 4.88398e-05
1 0.0033958 0.00344396
1 0.0039532 0.00400068
2 0.0103022 0.0103496
1 0.00668636 0.00672931
1 0.00423567 0.00427852
1 0.00445281 0.00449554
1 0.00386163 0.00390436
2 0.195448 0.195489
1 0.00471528 0.00475548
1 0.01519 0.0152297
2 0.0287223 0.0287616
1 0.00213378 0.00217197
2 0.0152777 0.0153146
1 0.00575881 0.00579567
1 0.00545506 0.00549135
1 0.00226626 0.00230135
2 0.0264058 0.0264406
1 0.0102564 0.0102911
1 0.0108692 0.0109038
2 0.016876 0.0169089
1 0.0038226 0.00385549
1 0.015219 0.0152501
1 0.00728796 0.00731874
1 0.0196185 0.019649
2 0.007386 0.00741486
1 0.0119077 0.0119364
2 0.0133762 0.0134045
2 0.0207922 0.0208198
2 0.00966661 0.0096938
2 0.0570123 0.057039
1 0.0119154 0.0119405
1 0.00216403 0.00218605
2 0.0139828 0.0140046
1 0.00342403 0.00344578
1 0.00911611 0.00913754
2 0.00235297 0.00237429
1 0.0202692 0.0202902
1 0.0125588 0.0125788
2 0.0284304 0.0284499
1 0.0115728 0.0115923
1 0.0219501 0.0219677
1 0.00617493 0.00619237
2 0.0101924 0.0102095
2 0.0129427 0.0129597
2 0.0141157 0.0141323
2 0.405182 0.405198
2 0.0264324 0.0264486
2 0.00275532 0.00277129
2 0.0165301 0.0165457
1 0.00726849 0.00728364
1 0.0242876 0.0243016
1 0.0594217 0.0594349
2 0.0458891 0.045902
1 0.00389476 0.00390757
1 0.00439518 0.0044067
1 0.0401967 0.0402077
2 0.0141491 0.0141599
2 0.00916512 0.00917594
2 0.0430705 0.0430811
1 0.0193373 0.0193475
2 0.0183619 0.0183719
2 0.0233192 0.023328
2 0.0236516 0.0236605
1 0.000602804 0.00061153
1 0.00155753 0.00156612
2 0.0157577 0.015766
2 0.0100551 0.0100628
2 0.0175509 0.0175585
2 0.0135663 0.0135736
1 0.0906164 0.0906237
2 0.017663 0.0176699
2 0.00308811 0.0030947
1 0.0182487 0.018255
2 0.0209732 0.0209793
2 0.00737207 0.00737814
2 0.0225801 0.0225851
1 0.00185246 0.00185744
1 0.011412 0.0114168
2 0.0159426 0.015947
1 0.00396659 0.00397041
1 0.0149989 0.0150026
2 0.0128319 0.012835
1 0.00574369 0.00574672
1 0.0122115 0.0122136
1 0.00692285 0.00692491
1 0.00202583 0.00202774
1 0.0157401 0.0157419
1 0.0290002 0.0290017
1 0.00263841 0.00263972
2 0.0158983 0.0158992
1 0.0206797 0.0206806
2 0.0180367 0.0180376
2 0.00651604 0.00651675
1 0.0126051 0.0126056
1 0.0180255 0.018026
1 0.00116716 0.0011675
1 0.00728092 0.00728113
1 0.0161085 0.0161087
1 0.00815101 0.00815116
2 0.0731946 0.0731948
2 0.0104886 0.0104887
2 0.00993386 0.00993393
1 0.000552997 0.000553027
1 0.0236167 0.0236167
2 0.00413907 0.00413908
1 0.00980782 0.00980782
2 0.00214436 0.00214436
