0 0 inf
1 0.1109 0.243403
0 0 0.103873
0 0 0.0739264
1 0.0829545 0.147206
0 0 0.0583768
0 0 0.0574618
0 0 0.0571574
0 0 0.0554999
2 0.306222 0.361126
1 0.213857 0.266589
0 0 0.0503531
0 0 0.0488638
0 0 0.0437258
0 0 0.0405764
0 0 0.0405046
0 0 0.0393292
1 0.0150344 0.0518337
1 0.0863117 0.12231
0 0 0.0358514
1 0.136798 0.170907
0 0 0.0335932
0 0 0.0325577
0 0 0.0308548
1 0.0572458 0.0880819
0 0 0.0307784
0 0 0.027167
1 0.123626 0.150451
1 0.0417496 0.0657952
0 0 0.0239572
0 0 0.0237288
0 0 0.0221564
0 0 0.0213532
0 0 0.0211556
0 0 0.0204562
0 0 0.0201922
1 0.197481 0.217543
0 0 0.0199733
1 0.113686 0.133605
0 0 0.0198688
0 0 0.0176482
0 0 0.0174945
1 0.0120506 0.0294903
0 0 0.0159302
0 0 0.0158043
0 0 0.0157554
1 0.102081 0.117666
0 0 0.015473
0 0 0.0153063
1 0.00743756 0.0218949
1 0.0494422 0.0634128
0 0 0.0138117
0 0 0.0136013
0 0 0.0134404
0 0 0.0133917
0 0 0.0129957
0 0 0.0128993
1 0.0192661 0.0319278
0 0 0.0124244
0 0 0.0123906
0 0 0.0120946
0 0 0.0119718
1 0.0516002 0.0635359
1 0.0133798 0.0251304
1 0.0433476 0.0548342
1 0.0641383 0.0756208
1 0.0479599 0.0593926
0 0 0.0112016
2 0.183216 0.194223
1 0.264483 0.275014
0 0 0.0103108
1 0.0443383 0.0545654
0 0 0.00993309
0 0 0.00993053
0 0 0.00981158
0 0 0.00969749
0 0 0.00951131
0 0 0.00950505
1 0.0314838 0.0408082
1 0.0159768 0.0252811
1 0.126768 0.135906
1 0.131312 0.140427
1 0.0203059 0.0294183
1 0.0321766 0.041122
1 0.0182435 0.0271672
1 0.0102259 0.0191298
0 0 0.00843421
0 0 0.00840864
1 0.0473567 0.0556109
0 0 0.00821121
1 0.0403059 0.0484584
0 0 0.00815162
0 0 0.00803256
0 0 0.00801009
1 0.00932232 0.017237
0 0 0.00790041
0 0 0.00782184
0 0 0.00778732
1 0.00886642 0.0165791
0 0 0.00743717
0 0 0.00743246
0 0 0.0073306
0 0 0.00727128
0 0 0.00721433
0 0 0.00718292
0 0 0.00710297
0 0 0.00702107
1 0.00862738 0.0155783
1 0.253235 0.260159
0 0 0.00673358
0 0 0.00669123
0 0 0.00664695
0 0 0.0065452
0 0 0.00653804
0 0 0.00649
0 0 0.00632595
1 0.013941 0.0202632
1 0.0312154 0.0375074
0 0 0.00609455
0 0 0.00602516
0 0 0.00598556
0 0 0.0059518
2 0.029767 0.0355938
0 0 0.00579587
1 0.061998 0.0677639
0 0 0.00575213
1 0.0107242 0.016209
0 0 0.0054678
0 0 0.00541449
1 0.0146177 0.0200309
0 0 0.0053113
0 0 0.00530943
1 0.03242 0.0377201
1 0.0214767 0.0267448
0 0 0.00521088
0 0 0.00515798
1 0.00813726 0.0132672
0 0 0.00510541
0 0 0.0049156
1 0.0100215 0.0148619
2 0.0320115 0.0368441
0 0 0.00478872
0 0 0.00472806
1 0.0249571 0.0296716
0 0 0.00469522
1 0.0470476 0.0517053
1 0.0995951 0.10421
0 0 0.00454839
2 0.0292307 0.0337328
0 0 0.00444509
0 0 0.00444052
1 0.0885004 0.0928792
1 0.0233829 0.0277442
1 0.0072552 0.0116133
1 0.1575 0.161818
1 0.0103127 0.0146202
0 0 0.00426589
1 0.0112405 0.0155027
0 0 0.00419393
0 0 0.00416681
0 0 0.00408901
1 0.00622345 0.0102869
0 0 0.00394287
1 0.00957981 0.013472
0 0 0.00389179
0 0 0.00388115
0 0 0.00388104
0 0 0.00387765
0 0 0.00387103
0 0 0.00386416
1 0.118616 0.12246
0 0 0.00381787
1 0.00739238 0.0111852
0 0 0.00377953
0 0 0.00376902
0 0 0.00368077
1 0.015221 0.0188838
0 0 0.00366255
1 0.00917225 0.0128334
0 0 0.00356835
0 0 0.00353586
1 0.0194124 0.0229457
0 0 0.00346792
0 0 0.00342342
0 0 0.00337767
1 0.00948754 0.0128613
0 0 0.00334006
0 0 0.0033029
0 0 0.00329607
0 0 0.00325174
0 0 0.00322357
0 0 0.00322105
0 0 0.00315694
1 0.00612302 0.00917282
0 0 0.00304
1 0.112582 0.115565
0 0 0.00297166
0 0 0.00293681
0 0 0.00292482
1 0.0808044 0.0836663
1 0.00671743 0.00956256
0 0 0.00283773
0 0 0.00282945
1 0.00972721 0.0125296
0 0 0.00274157
1 0.0215508 0.0242894
0 0 0.00273616
0 0 0.00271508
1 0.048063 0.0507657
0 0 0.00268731
1 0.0818485 0.0844877
2 0.0846128 0.0872242
0 0 0.00258779
0 0 0.00256553
0 0 0.00256438
1 0.0115027 0.0140663
0 0 0.00255359
0 0 0.00251483
1 0.0173108 0.0198163
1 0.00400789 0.00646895
0 0 0.00244323
1 0.0202507 0.0226344
2 0.151052 0.153428
0 0 0.00237513
0 0 0.00237361
0 0 0.002329
1 0.00330893 0.00560779
0 0 0.0022861
0 0 0.00226465
1 0.00506339 0.00730357
0 0 0.00223626
0 0 0.00223216
0 0 0.00219662
2 0.022148 0.0243281
0 0 0.00215779
2 0.0621047 0.0642346
0 0 0.00211007
0 0 0.00209522
0 0 0.0020819
1 0.0134129 0.0154844
1 0.0224898 0.0245599
1 0.0103371 0.0123889
1 0.0843733 0.086425
2 0.0343522 0.0363524
0 0 0.00198876
1 0.0155113 0.0174848
1 0.00555006 0.00751155
1 0.0609378 0.0628885
1 0.0851437 0.0870869
0 0 0.00192122
1 0.0178414 0.0197537
1 0.00444066 0.0063457
0 0 0.00190377
2 0.0222495 0.024148
1 0.0344511 0.0363431
1 0.0112998 0.0131831
0 0 0.00187119
0 0 0.00186816
1 0.0266596 0.028526
0 0 0.00184561
1 0.00763787 0.00947822
1 0.00307858 0.00490414
1 0.0142937 0.0160976
0 0 0.00179103
1 0.0104109 0.0121796
1 0.0196455 0.0214025
2 0.0162789 0.0180216
0 0 0.00173234
1 0.020641 0.0223606
1 0.18573 0.187444
0 0 0.00171148
2 0.0156768 0.0173756
1 0.0512437 0.0529397
1 0.0184739 0.0201691
1 0.00969278 0.0113375
0 0 0.00163728
1 0.0961277 0.0977552
0 0 0.00159969
1 0.0499851 0.0515847
1 0.0333494 0.0349341
1 0.0209407 0.0225224
1 0.0072077 0.00872232
1 0.0237836 0.0252946
1 0.0170862 0.0185925
1 0.0155049 0.0170044
2 0.0225269 0.0240155
1 0.00558505 0.00705598
1 0.022793 0.0242602
0 0 0.00146263
0 0 0.00145035
0 0 0.00141986
0 0 0.00141537
1 0.0143466 0.0157592
1 0.0200312 0.0214306
2 0.147432 0.14883
1 0.00788258 0.00925602
0 0 0.00134646
1 0.00874784 0.0100906
1 0.0473493 0.048681
1 0.00838927 0.00970546
1 0.0150073 0.0163199
0 0 0.00129793
0 0 0.00128374
1 0.00726279 0.00854246
1 0.0046883 0.00596701
1 0.0087257 0.00999953
1 0.16949 0.170763
0 0 0.00127176
0 0 0.00126751
1 0.00462034 0.00587214
0 0 0.00123223
1 0.0601116 0.0613369
0 0 0.00121592
1 0.0131285 0.0143422
1 0.01401 0.0152135
0 0 0.00118198
1 0.0142939 0.0154753
1 0.00834967 0.00952481
1 0.0424092 0.0435792
1 0.0178001 0.0189647
1 0.0539311 0.0550892
0 0 0.00115219
1 0.0123049 0.0134271
0 0 0.00111278
1 0.00528548 0.00639727
1 0.0133504 0.0144508
0 0 0.00109925
0 0 0.00108191
2 0.0922226 0.0933043
1 0.0536437 0.0547144
1 0.00991758 0.0109863
2 0.0849416 0.0860089
2 0.0163624 0.0173752
1 0.010984 0.0119821
2 0.153396 0.154392
0 0 0.000992907
1 0.00990592 0.0108726
2 0.012253 0.0132191
0 0 0.000952319
0 0 0.000946262
0 0 0.00093236
1 0.0133118 0.0142412
0 0 0.000926475
1 0.00757281 0.00848492
1 0.0384932 0.0393844
1 0.0033021 0.00418064
1 0.0286185 0.0294837
2 0.0224987 0.0233502
1 0.0144642 0.0153138
1 0.00487739 0.00571135
1 0.0680666 0.0688892
1 0.00752464 0.00834626
1 0.00494235 0.00575482
1 0.10547 0.106277
1 0.0723032 0.073107
1 0.0215888 0.0223784
1 0.0163537 0.0171416
2 0.0238946 0.0246721
2 0.0202909 0.0210673
0 0 0.000767708
2 0.0854923 0.0862475
2 0.0329947 0.0337227
0 0 0.000727952
1 0.00894811 0.00967091
1 0.00396782 0.00468999
1 0.0222046 0.0229042
0 0 0.000696798
2 0.0144643 0.0151377
0 0 0.000648864
2 0.0237207 0.0243645
1 0.0390789 0.0397131
2 0.0219272 0.0225585
2 0.0283172 0.0289427
1 0.00953238 0.0101463
0 0 0.000606714
1 0.00578836 0.00639148
0 0 0.000582474
1 0.00462599 0.00520406
2 0.192525 0.193103
1 0.00962341 0.0101889
1 0.0274287 0.0279941
0 0 0.000558999
1 0.00456182 0.00511738
1 0.00566156 0.0062147
1 0.00640143 0.00695397
1 0.013212 0.0137631
1 0.0102777 0.0108249
1 0.0265956 0.0271387
1 0.0142927 0.0148329
1 0.00815953 0.00868525
2 0.0543202 0.0548432
1 0.134579 0.135102
1 0.0236624 0.0241749
1 0.0135547 0.0140619
1 0.0252813 0.0257878
1 0.00649263 0.00699759
0 0 0.000499972
1 0.0205474 0.0210464
1 0.00802327 0.0085212
1 0.074538 0.0750357
1 0.00857444 0.00907021
1 0.0194578 0.0199473
1 0.0352153 0.0357025
1 0.0118109 0.0122973
1 0.0531607 0.0536468
1 0.00646869 0.00694996
1 0.12055 0.121023
1 0.00577574 0.00624415
2 0.0822274 0.0826902
2 0.00589791 0.0063604
1 0.00283387 0.00329444
1 0.00644457 0.00690448
2 0.0166858 0.0171455
1 0.0995542 0.100009
1 0.0296823 0.030134
1 0.012636 0.0130678
1 0.0135617 0.0139921
0 0 0.000429466
1 0.00444153 0.00485662
2 0.0200749 0.020489
1 0.0362063 0.0366144
1 0.00648994 0.00689678
2 0.0228484 0.0232525
1 0.00180427 0.00220538
2 0.0165012 0.0168929
1 0.0137303 0.0141219
1 0.015078 0.0154486
1 0.0159647 0.0163342
0 0 0.000359011
1 0.00305575 0.00341476
2 0.00599783 0.00635421
2 0.0359571 0.0363109
1 0.12047 0.120818
1 0.00905482 0.00940107
2 0.00765299 0.00799893
1 0.00423301 0.00457678
1 0.00526464 0.00560657
1 0.0061805 0.00651539
0 0 0.000326729
2 0.0178542 0.0181772
1 0.00857024 0.00889103
1 0.0159728 0.0162853
1 0.00354839 0.00385945
1 0.0116814 0.0119924
1 0.0128403 0.0131495
2 0.0168937 0.0172008
1 0.00278 0.00308596
1 0.0290632 0.0293648
1 0.0764531 0.0767534
1 0.0133027 0.0135983
1 0.00477882 0.00506133
0 0 0.000280238
1 0.00626729 0.00654749
2 0.00876414 0.00904105
2 0.0169364 0.0172107
1 0.00433512 0.00460734
2 0.03066 0.0309307
2 0.0154988 0.0157683
2 0.0700837 0.0703527
2 0.187456 0.187722
1 0.00558399 0.00584657
1 0.00555822 0.00582044
2 0.0749035 0.0751652
0 0 0.000254754
1 0.00486254 0.0051141
1 0.0106414 0.0108907
1 0.00657029 0.00681937
1 0.00722784 0.00747687
1 0.0109897 0.0112362
1 0.0646187 0.0648641
1 0.0774782 0.0777209
1 0.0213323 0.021569
1 0.0157505 0.0159848
2 0.0315331 0.031767
2 0.00729618 0.00752889
1 0.0177111 0.0179319
2 0.0173215 0.0175424
1 0.0156751 0.0158949
2 0.187671 0.187889
1 0.0262772 0.0264943
1 0.0016606 0.00187671
0 0 0.000214575
2 0.0122026 0.0124132
1 0.0376097 0.0378164
1 0.0626559 0.0628621
2 0.0308226 0.031026
1 0.0222322 0.0224304
2 0.0290551 0.0292531
1 0.00345977 0.00365673
2 0.0160176 0.0162134
2 0.0106987 0.0108913
1 0.00858559 0.00877693
2 0.00730814 0.00749947
1 0.00589206 0.00607991
1 0.00352137 0.00370861
1 0.0541059 0.054292
2 0.0319151 0.0320997
1 0.0281974 0.0283816
2 0.0759514 0.076124
1 0.00287374 0.00304601
2 0.00769882 0.00786206
2 0.043821 0.0439818
2 0.00936126 0.00951846
2 0.0323627 0.0325192
1 0.0450717 0.0452266
1 0.00547507 0.00562803
1 0.00606316 0.00621591
1 0.0135425 0.013694
1 0.0746926 0.0748412
1 0.0752862 0.0754348
2 0.0129902 0.0131338
1 0.0014309 0.00157443
2 0.0690199 0.0691627
1 0.0324912 0.0326323
1 0.00255643 0.00269262
1 0.0182556 0.0183918
2 0.243412 0.243548
1 0.00159496 0.00173019
2 0.0137496 0.0138845
2 0.0360971 0.0362315
1 0.0183709 0.0185053
2 0.023507 0.0236392
2 0.0756641 0.0757949
2 0.0380024 0.0381328
2 0.00672129 0.00685043
1 0.0285791 0.0287044
2 0.00362389 0.00374843
1 0.0377787 0.0379017
1 0.00230595 0.00242468
1 0.00773942 0.00785652
2 0.0199069 0.0200217
1 0.027295 0.0274092
1 0.00349561 0.0036083
1 0.00309395 0.00320652
2 0.0166422 0.0167539
1 0.00132936 0.00144092
1 0.012544 0.0126554
2 0.0176127 0.0177228
1 0.00530289 0.00540821
1 0.00399327 0.00409782
2 0.218714 0.218818
2 0.00591107 0.006015
1 0.0119226 0.0120243
1 0.00685386 0.00695473
2 0.0107648 0.0108623
1 0.0204431 0.0205403
1 0.00448142 0.00457761
2 0.0139638 0.0140592
1 0.0363001 0.0363955
2 0.100883 0.100975
1 0.011745 0.0118366
1 0.00419568 0.00428659
1 0.00207423 0.00216485
2 0.122172 0.12226
1 0.0112931 0.0113791
2 0.0872529 0.0873365
1 0.0121096 0.0121928
1 0.0294267 0.0295086
1 0.00827603 0.00835681
1 0.0270696 0.0271491
1 0.122455 0.122531
1 0.00198975 0.00206102
1 0.00385445 0.00392373
1 0.0162224 0.0162916
1 0.00320417 0.00327267
1 0.00989301 0.00996124
1 0.0182674 0.018335
1 0.0156137 0.0156788
1 0.00674056 0.00680525
2 0.00591695 0.00598159
2 0.0768009 0.076865
1 0.00303088 0.00309416
2 0.0283775 0.0284403
1 0.029152 0.0292139
1 0.00519151 0.00524817
1 0.0056705 0.0057235
2 0.0046322 0.00468359
1 0.0210961 0.0211461
2 0.0511584 0.0512049
1 0.017184 0.0172281
2 0.0149066 0.014949
1 0.01959 0.0196321
1 0.00216695 0.00220722
1 0.00907079 0.00911094
2 0.0040396 0.00407925
2 0.00226364 0.0023018
1 0.000968498 0.00100617
1 0.00516251 0.00519883
2 0.0205872 0.0206231
1 0.0156279 0.0156634
1 0.00330574 0.00334038
2 0.0253583 0.0253928
2 0.0105145 0.0105489
2 0.135368 0.1354
1 0.0052467 0.00527863
2 0.0142446 0.0142758
1 0.0245059 0.0245369
2 0.0228661 0.0228958
2 0.0243815 0.024411
2 0.0275535 0.0275825
1 0.0174835 0.0175121
1 0.0227982 0.022826
2 0.00571705 0.00574478
1 0.00988694 0.00991448
1 0.0162652 0.0162921
1 0.00194341 0.00196929
1 0.0113819 0.0114076
1 0.0262493 0.0262747
1 0.00642819 0.00645341
2 0.025267 0.0252913
2 0.00872663 0.00875081
2 0.0203377 0.0203618
1 0.0129082 0.0129312
1 0.0278919 0.0279139
2 0.0130395 0.0130614
1 0.0473545 0.0473764
1 0.0757002 0.0757219
1 0.00328286 0.00330376
1 0.00707867 0.00709916
1 0.0214391 0.0214586
1 0.0130484 0.0130677
1 0.0481656 0.0481842
2 0.0166539 0.0166723
1 0.0169005 0.0169178
2 0.0748726 0.0748897
2 0.00368857 0.0037056
2 0.0333085 0.0333254
2 0.107373 0.107389
1 0.00244993 0.00246534
1 0.0221809 0.0221956
1 0.00348941 0.00350297
1 0.0256882 0.0257017
1 0.00539269 0.00540608
1 0.00978054 0.00979383
2 0.030339 0.0303499
2 0.00247743 0.00248796
1 0.0252082 0.0252178
1 0.00569359 0.00570221
1 0.117138 0.117147
1 0.0202349 0.0202427
1 0.00603572 0.00604327
2 0.0189017 0.0189092
1 0.010461 0.0104682
2 0.0548312 0.0548356
2 0.0845738 0.0845778
1 0.0130756 0.0130796
1 0.0151213 0.0151251
1 0.00777196 0.00777536
2 0.0698445 0.0698479
2 0.0129962 0.0129993
2 0.070811 0.0708134
1 0.101199 0.101201
1 0.0105403 0.0105426
1 0.00479356 0.00479554
2 0.0166083 0.0166102
2 0.0272069 0.0272085
2 0.0121717 0.0121731
2 0.00197129 0.00197249
2 0.014207 0.014208
1 0.00226911 0.00227001
1 0.00832569 0.00832657
2 0.0158263 0.015827
1 0.0868394 0.0868397
0 0 2.31474e-07
2 0.0251888 0.0251891
2 0.0232078 0.023208
2 0.037227 0.0372271
2 0.0362026 0.0362026
