0 0 inf
0 0 0.148378
0 0 0.0988928
1 0.0376239 0.104614
1 0.153769 0.208848
0 0 0.0531673
0 0 0.0520916
1 0.0403668 0.0877652
0 0 0.0472737
0 0 0.0448319
0 0 0.0408395
0 0 0.038764
0 0 0.0373545
0 0 0.0364295
1 0.156312 0.19265
1 0.154496 0.19036
0 0 0.0345573
1 0.0922178 0.125401
0 0 0.0319569
0 0 0.0312705
0 0 0.02965
1 0.221033 0.249749
0 0 0.0281878
0 0 0.0272668
1 0.0810019 0.108074
0 0 0.0268811
0 0 0.0257213
1 0.125088 0.148108
0 0 0.0223004
0 0 0.0213532
0 0 0.0210308
0 0 0.0209053
0 0 0.020861
0 0 0.0204898
2 0.295963 0.31632
1 0.0746425 0.0949673
0 0 0.0188135
2 0.11147 0.130277
1 0.197839 0.216479
0 0 0.0183926
1 0.0589733 0.0768262
0 0 0.0174917
0 0 0.0171617
0 0 0.0168343
0 0 0.016107
0 0 0.0160903
1 0.0949151 0.110977
0 0 0.0159905
0 0 0.0152865
0 0 0.0151761
1 0.0640803 0.0792379
0 0 0.0150752
0 0 0.0150487
0 0 0.0149035
1 0.0403059 0.0548717
0 0 0.0141977
1 0.0786988 0.0928945
1 0.0077161 0.0215108
2 0.193817 0.207125
0 0 0.0125883
0 0 0.0121927
1 0.00469502 0.0166586
1 0.167247 0.17915
2 0.0851322 0.0968613
1 0.0692123 0.0807995
1 0.0185497 0.0301308
0 0 0.011538
0 0 0.0114181
0 0 0.011268
0 0 0.0110495
0 0 0.0110075
1 0.0605015 0.0713995
1 0.039528 0.0503842
1 0.135618 0.146392
0 0 0.0107465
0 0 0.01059
1 0.0494863 0.0595655
0 0 0.0100483
0 0 0.00996555
1 0.0434039 0.0533458
0 0 0.00983939
0 0 0.00966287
2 0.164252 0.173846
1 0.082622 0.0920702
0 0 0.00942316
0 0 0.00885812
1 0.0467344 0.0555481
0 0 0.00830449
0 0 0.00824143
0 0 0.00818061
0 0 0.00770109
0 0 0.00766798
0 0 0.00744208
0 0 0.00743756
0 0 0.00743717
0 0 0.00719391
1 0.00933163 0.016448
0 0 0.00689016
0 0 0.00665714
0 0 0.00665187
1 0.0623526 0.0689593
1 0.00995895 0.0165628
0 0 0.00654639
0 0 0.00654225
0 0 0.00651128
0 0 0.00640833
0 0 0.00626367
0 0 0.00625613
1 0.133016 0.13922
0 0 0.00618093
1 0.0240672 0.0302193
0 0 0.00613456
0 0 0.00611059
0 0 0.00603718
1 0.0328837 0.0387952
0 0 0.00589819
0 0 0.00584866
1 0.226592 0.232362
1 0.0157257 0.0214927
0 0 0.00576506
0 0 0.00559782
1 0.0132314 0.0187581
1 0.0107829 0.0162927
0 0 0.00546224
0 0 0.00545003
0 0 0.00542715
0 0 0.00538391
1 0.00551028 0.0108649
0 0 0.00534586
0 0 0.00533531
0 0 0.00531064
1 0.0568058 0.0620598
1 0.00475141 0.00998099
0 0 0.00519511
1 0.00452891 0.00968813
2 0.132933 0.137943
1 0.00720849 0.0120004
1 0.0128373 0.0176205
0 0 0.00470941
1 0.0321397 0.0368072
0 0 0.00462143
0 0 0.00450305
0 0 0.00445161
1 0.0625675 0.0669978
0 0 0.00442481
1 0.161572 0.165993
0 0 0.00439259
2 0.162247 0.166592
1 0.101273 0.105519
2 0.115936 0.120163
0 0 0.00417795
0 0 0.00412674
0 0 0.00409482
0 0 0.00404497
1 0.0053352 0.00937635
0 0 0.0039862
0 0 0.0039341
2 0.153603 0.157504
0 0 0.00389179
0 0 0.0038701
1 0.00901975 0.0128865
1 0.0898554 0.0936697
0 0 0.00380798
1 0.0410827 0.0448726
1 0.0629832 0.0667725
1 0.213568 0.217331
0 0 0.00373283
0 0 0.00369186
0 0 0.003645
0 0 0.00363415
1 0.00720338 0.0108333
0 0 0.00356175
0 0 0.00354504
1 0.12364 0.127131
2 0.218121 0.221594
1 0.011757 0.0151938
1 0.0211471 0.0245795
0 0 0.00342424
0 0 0.00340847
0 0 0.00340664
0 0 0.00339583
0 0 0.00339253
0 0 0.00337331
0 0 0.0032773
0 0 0.00322061
0 0 0.0031854
0 0 0.00317492
1 0.147783 0.150945
0 0 0.00315946
0 0 0.00308308
1 0.194334 0.197417
0 0 0.0030657
1 0.0440711 0.0471072
1 0.0700552 0.0730858
0 0 0.00296568
1 0.00690912 0.0098518
1 0.0262212 0.0291557
0 0 0.00291049
0 0 0.00285462
0 0 0.00282367
0 0 0.00278263
1 0.0659359 0.0687014
0 0 0.002752
0 0 0.00269643
0 0 0.00268628
0 0 0.002663
1 0.0666502 0.0693041
1 0.10969 0.112334
1 0.0736949 0.0763188
1 0.0245108 0.027119
1 0.00507339 0.00766351
0 0 0.00259001
0 0 0.00257193
0 0 0.0025373
1 0.00705036 0.00957336
2 0.160081 0.1626
2 0.209303 0.211818
0 0 0.00249289
0 0 0.00246969
1 0.019397 0.0218186
0 0 0.00239275
1 0.00681029 0.00909006
1 0.0117893 0.0140276
2 0.0322414 0.0344685
2 0.115124 0.117289
2 0.0219879 0.0241474
1 0.0134922 0.0156442
1 0.0132916 0.0154411
0 0 0.00214654
0 0 0.00207265
2 0.250512 0.252582
1 0.0681936 0.0702438
2 0.0766973 0.0787391
1 0.0245132 0.0265524
0 0 0.00202816
2 0.0185681 0.0205961
0 0 0.00201296
0 0 0.00199542
1 0.0241056 0.026073
1 0.0486686 0.0505778
0 0 0.00189754
0 0 0.00189204
0 0 0.00183479
0 0 0.00183425
0 0 0.00182023
0 0 0.00181636
1 0.0239712 0.0257717
1 0.0185389 0.0203387
0 0 0.00178263
1 0.0054583 0.00723165
0 0 0.00176466
0 0 0.00171003
1 0.00706367 0.00877235
0 0 0.00170141
1 0.149011 0.150696
1 0.112476 0.114158
0 0 0.00167885
0 0 0.00167652
0 0 0.00165239
1 0.00845892 0.0101099
2 0.128928 0.130573
0 0 0.00163903
1 0.010025 0.0116103
1 0.0516015 0.0531845
0 0 0.00158285
1 0.00691678 0.00849581
1 0.00637983 0.00795814
1 0.01158 0.0131441
1 0.00929115 0.0108497
2 0.104458 0.106005
1 0.187731 0.189254
1 0.00900543 0.010516
1 0.0152034 0.0167136
1 0.00655805 0.00805716
1 0.00415863 0.00564096
0 0 0.00147204
1 0.0105807 0.0120501
1 0.0129966 0.0144592
0 0 0.00145343
0 0 0.00144868
1 0.00687665 0.00832154
0 0 0.00143905
2 0.0218905 0.0233283
1 0.00322906 0.004644
1 0.00813239 0.0095295
2 0.0183504 0.0197387
0 0 0.00138101
1 0.0344968 0.0358506
0 0 0.00132859
1 0.0136677 0.0149944
1 0.0156989 0.0170161
1 0.00572246 0.00703329
1 0.00969977 0.0110023
1 0.00837521 0.0096623
0 0 0.00128078
0 0 0.00127033
1 0.0630229 0.0642893
0 0 0.00126421
1 0.0764613 0.0777151
1 0.0110487 0.0123012
0 0 0.0012303
0 0 0.00122366
1 0.0225957 0.0238003
0 0 0.00118516
0 0 0.0011747
0 0 0.00115814
1 0.00227984 0.00342644
0 0 0.00113903
1 0.0171371 0.018267
1 0.0434089 0.0445186
0 0 0.00110922
1 0.0202507 0.0213366
1 0.0105611 0.0116466
0 0 0.00107018
0 0 0.00106172
1 0.011397 0.012455
1 0.00941669 0.0104601
0 0 0.00104187
1 0.0851355 0.0861729
2 0.0891213 0.0901481
1 0.0170708 0.0180972
1 0.00351962 0.00453683
0 0 0.00100235
0 0 0.0010002
0 0 0.000998739
1 0.0195169 0.0205156
0 0 0.000993675
2 0.0133757 0.014361
1 0.034921 0.0358966
1 0.00859313 0.00955887
0 0 0.000960356
2 0.0178929 0.0188511
1 0.0113519 0.0123087
1 0.00770064 0.00864503
0 0 0.000938584
1 0.005358 0.00627346
2 0.0361611 0.0370725
1 0.0234915 0.0244023
2 0.0175269 0.0184334
1 0.0127582 0.013654
1 0.00542877 0.0063062
1 0.0553391 0.0562164
2 0.0111254 0.0120005
1 0.0212767 0.0221509
1 0.0431213 0.043988
1 0.122853 0.123708
1 0.00458767 0.0054307
1 0.0103718 0.0112052
0 0 0.000832091
1 0.0173998 0.0182104
1 0.0427497 0.043559
1 0.00727563 0.00804846
1 0.0344789 0.0352369
1 0.130015 0.130767
0 0 0.000741416
0 0 0.000735882
1 0.0359761 0.0367102
0 0 0.000719911
0 0 0.000716997
1 0.0163087 0.0170248
1 0.00764711 0.00835944
1 0.0842138 0.0849249
1 0.122842 0.123551
1 0.00208784 0.00279269
2 0.209971 0.210675
1 0.0224229 0.0231268
2 0.0230022 0.0237043
2 0.0264505 0.0271395
0 0 0.000682986
2 0.0140014 0.0146827
2 0.109191 0.109867
1 0.00598667 0.0066595
1 0.0116134 0.0122847
1 0.00576405 0.00642947
1 0.0166657 0.0173278
1 0.0822527 0.0829136
2 0.010415 0.0110751
1 0.0540485 0.0547037
1 0.00523116 0.00588145
1 0.0856974 0.0863423
1 0.0165553 0.0171768
2 0.0821492 0.0827693
1 0.0300106 0.0306227
1 0.0114548 0.0120668
1 0.0849824 0.085588
1 0.0132026 0.013808
1 0.0109264 0.011527
0 0 0.000585795
1 0.0047102 0.00529182
1 0.00998499 0.0105567
1 0.00767008 0.00824031
2 0.0170173 0.0175834
1 0.00568639 0.00625119
1 0.0113616 0.0119246
1 0.00913712 0.00969998
2 0.0134636 0.014026
2 0.197471 0.198026
2 0.0214221 0.0219728
1 0.00544614 0.00599451
1 0.0486181 0.0491605
2 0.0173781 0.0179092
1 0.0168006 0.0173266
1 0.0137106 0.0142262
1 0.00486433 0.00537425
2 0.0461137 0.0466222
1 0.0113201 0.0118224
1 0.00685958 0.00735612
1 0.00764584 0.00813235
1 0.0059989 0.00648033
1 0.142215 0.142696
2 0.0190981 0.0195454
0 0 0.000442056
0 0 0.000431762
2 0.0916291 0.0920555
1 0.0187827 0.0192089
1 0.0546476 0.0550694
0 0 0.000421156
1 0.0173936 0.0178145
1 0.0181744 0.0185931
2 0.0221678 0.0225811
1 0.00702785 0.00743081
2 0.0230751 0.0234777
1 0.03446 0.0348556
0 0 0.00039359
1 0.00493239 0.00531372
1 0.00548318 0.00586134
1 0.0142098 0.0145873
1 0.0298947 0.0302671
1 0.0123262 0.0126982
1 0.00534101 0.00571179
1 0.0226483 0.0230167
1 0.0045743 0.00493631
1 0.0057438 0.00610567
2 0.0943686 0.0947304
2 0.218448 0.218804
2 0.0311061 0.0314563
0 0 0.000347461
1 0.0158905 0.0162365
1 0.00426142 0.00460577
2 0.13357 0.133914
0 0 0.000343372
2 0.0258918 0.0262312
2 0.0160991 0.0164371
1 0.00321306 0.00355004
0 0 0.000336506
2 0.0641073 0.0644437
1 0.0166903 0.01701
1 0.00162256 0.00194131
1 0.0093149 0.00962785
0 0 0.000292373
2 0.0334983 0.033785
2 0.00618173 0.00646633
1 0.0315505 0.0318318
2 0.00835817 0.00862854
1 0.0294332 0.0296959
1 0.0467612 0.0470235
2 0.0572397 0.0575004
0 0 0.0002539
1 0.00802628 0.00827894
1 0.0119141 0.0121657
2 0.0138255 0.0140658
1 0.00721834 0.0074532
1 0.00130948 0.00154196
1 0.0110447 0.011277
1 0.00220415 0.00242717
1 0.00915679 0.00937629
2 0.0269982 0.0272125
1 0.0023316 0.00254558
1 0.0797553 0.0799627
2 0.00964332 0.00984498
1 0.0104602 0.0106601
2 0.116074 0.116271
1 0.0115449 0.0117404
1 0.154025 0.154217
2 0.0188356 0.0190257
2 0.0108767 0.0110653
1 0.0644245 0.0646109
1 0.0217848 0.0219698
2 0.0098528 0.0100366
0 0 0.000182394
2 0.0340606 0.0342394
1 0.0333043 0.033483
1 0.0140004 0.0141679
1 0.00647526 0.00664005
1 0.0050625 0.00522494
2 0.0114857 0.0116477
1 0.0112969 0.0114578
2 0.0180114 0.0181723
1 0.00990997 0.0100676
2 0.0169117 0.0170685
1 0.00492296 0.00507796
1 0.0840776 0.0842325
1 0.00704701 0.00719785
1 0.00195433 0.00210341
1 0.00664061 0.0067893
1 0.00227107 0.00241754
1 0.00871094 0.00885614
1 0.00186801 0.00201229
1 0.00365359 0.00379478
1 0.0101072 0.010248
1 0.00439663 0.00453729
1 0.132308 0.132443
1 0.00347902 0.00360912
1 0.0290337 0.029163
1 0.0155671 0.015695
1 0.00974998 0.00987218
1 0.0179123 0.0180337
1 0.00926716 0.0093873
1 0.0132776 0.0133971
1 0.0103832 0.010491
1 0.0092986 0.00940511
1 0.187224 0.187329
2 0.0440402 0.0441425
2 0.00840355 0.00850554
2 0.0181964 0.0182981
1 0.00311372 0.00321349
2 0.134391 0.134491
1 0.0135493 0.0136434
2 0.0862125 0.0863057
1 0.0308607 0.0309516
2 0.125499 0.125589
1 0.0035609 0.00364911
2 0.00943297 0.0095168
2 0.0162076 0.0162903
0 0 8.001e-05
1 0.0104388 0.0105171
1 0.00697629 0.00705435
1 0.0100507 0.0101284
1 0.00470188 0.00477957
2 0.146813 0.14689
2 0.23781 0.237887
1 0.00575755 0.00583255
2 0.0965397 0.0966143
1 0.0137639 0.0138379
1 0.0544968 0.0545654
1 0.106548 0.106616
2 0.0102448 0.0103116
1 0.00624605 0.0063114
2 0.125574 0.12564
1 0.0079543 0.00801886
1 0.0158213 0.0158825
1 0.0206593 0.0207202
2 0.0127923 0.0128514
1 0.00261333 0.00267106
1 0.0489561 0.0490135
2 0.0108862 0.0109422
1 0.0135534 0.0136084
1 0.00621827 0.00627105
1 0.0111623 0.0112149
2 0.0791196 0.079172
2 0.0056382 0.00569036
1 0.00587474 0.00592322
1 0.000905517 0.00095388
2 0.211769 0.211817
1 0.0214243 0.0214714
1 0.00425759 0.00430457
1 0.00428584 0.00433001
2 0.0155452 0.0155886
1 0.00601527 0.00605419
2 0.0142694 0.0143069
2 0.0993194 0.0993562
2 0.0170436 0.0170785
2 0.00890158 0.00893489
1 0.0854645 0.0854965
1 0.0136892 0.0137201
2 0.00913056 0.00916113
2 0.0115911 0.0116196
1 0.0178088 0.0178373
1 0.00430542 0.00433383
1 0.0108749 0.0109029
1 0.00324863 0.00327532
1 0.112192 0.112218
1 0.0077513 0.00777591
1 0.00627998 0.00630267
1 0.0144859 0.0145084
1 0.0250216 0.0250439
1 0.1575 0.157521
1 0.0300951 0.0301156
1 0.000419779 0.000439485
2 0.013151 0.0131704
1 0.00915809 0.00917749
1 0.00880259 0.00882183
2 0.00823333 0.00825196
1 0.07678 0.076798
2 0.111388 0.111406
2 0.00811841 0.00813571
1 0.015595 0.0156117
2 0.010911 0.0109275
2 0.0269542 0.0269707
1 0.01681 0.0168262
1 0.00243496 0.00245109
1 0.0148007 0.0148169
1 0.00929499 0.00931092
1 0.0074052 0.00742056
1 0.237289 0.237303
2 0.0222003 0.022214
1 0.0607081 0.0607216
2 0.0231971 0.0232104
1 0.00858067 0.00859321
1 0.00823886 0.00825059
1 0.0107091 0.0107204
1 0.060124 0.0601354
2 0.00457479 0.00458607
1 0.00640288 0.00641381
1 0.00556142 0.00557194
1 0.00279751 0.00280789
1 0.0102581 0.0102684
2 0.0791404 0.0791504
2 0.00492065 0.00492821
1 0.0167959 0.0168028
2 0.00859024 0.00859712
1 0.00580463 0.00581139
2 0.0148874 0.0148941
1 0.196533 0.196539
2 0.0115275 0.0115337
2 0.0482103 0.0482163
2 0.111354 0.111359
2 0.00742433 0.00742943
2 0.0167468 0.0167518
2 0.00609767 0.00610267
1 0.00269763 0.00270236
2 0.00581799 0.00582267
1 0.0082144 0.00821907
2 0.00285071 0.00285529
1 0.0105612 0.0105652
1 0.105247 0.105251
1 0.00409104 0.00409492
1 0.00444008 0.00444343
1 0.0047702 0.00477355
1 0.095253 0.0952558
1 0.079399 0.0794017
1 0.124595 0.124597
1 0.00509633 0.00509841
2 0.0186774 0.0186794
1 0.0152818 0.0152837
2 0.0716535 0.0716553
1 0.016696 0.0166974
1 0.0388471 0.0388481
1 0.0388426 0.0388431
1 0.0205486 0.020549
2 0.01086 0.0108604
1 0.0716496 0.0716499
2 0.106744 0.106745
1 0.18524 0.185241
2 0.0232786 0.0232788
2 0.019532 0.0195322
2 0.11966 0.11966
2 0.0131353 0.0131354
1 0.0191624 0.0191625
1 0.00621388 0.00621401
1 0.00768369 0.00768379
1 0.0427393 0.0427393
1 0.0118285 0.0118285
1 0.00940694 0.00940694
