0 0 inf
1 0.121865 0.256976
1 0.272939 0.350534
1 0.0248989 0.0978149
0 0 0.0701807
0 0 0.0632323
0 0 0.0485524
0 0 0.0469855
0 0 0.0422265
1 0.0762317 0.118284
0 0 0.0399211
1 0.0483314 0.0879868
0 0 0.0382848
0 0 0.0372529
1 0.0967704 0.133444
0 0 0.0352827
0 0 0.0352565
0 0 0.0341612
0 0 0.0327189
0 0 0.0322491
1 0.0501301 0.0784158
0 0 0.025736
1 0.0777205 0.102902
0 0 0.024898
0 0 0.0246444
0 0 0.0230588
1 0.0365837 0.0587288
0 0 0.0214852
0 0 0.0205171
0 0 0.018859
0 0 0.0187725
1 0.037903 0.0562036
1 0.0221044 0.0400319
0 0 0.0176754
0 0 0.016972
0 0 0.0168329
0 0 0.0167253
0 0 0.0166487
0 0 0.0162951
0 0 0.0160829
0 0 0.0157871
0 0 0.0157015
0 0 0.0155035
0 0 0.0152035
1 0.0260059 0.0407378
0 0 0.0140764
0 0 0.0139072
0 0 0.0138515
0 0 0.0137146
1 0.104711 0.117995
0 0 0.0129943
0 0 0.0128398
2 0.105819 0.118545
0 0 0.0127178
0 0 0.0123269
2 0.202359 0.214411
0 0 0.0117697
0 0 0.0117496
0 0 0.0117056
0 0 0.0107124
0 0 0.010337
0 0 0.0101356
0 0 0.0100726
1 0.0740613 0.0840426
0 0 0.00995678
0 0 0.00987527
1 0.0187419 0.0281383
0 0 0.00935341
1 0.0396303 0.0489397
0 0 0.00921048
2 0.0749973 0.0841827
0 0 0.00915958
0 0 0.00891179
1 0.0252213 0.0341278
1 0.0466397 0.0553822
1 0.0130933 0.0215316
0 0 0.00807475
0 0 0.00803616
0 0 0.0078907
0 0 0.00775055
1 0.061037 0.068591
0 0 0.00745305
1 0.0373857 0.0446845
1 0.0108676 0.0179975
0 0 0.00699771
1 0.074514 0.0814195
0 0 0.00683613
0 0 0.00678579
0 0 0.00662149
1 0.0466394 0.0530286
1 0.047748 0.0540539
1 0.062203 0.0684929
0 0 0.00626893
1 0.00519054 0.0113318
1 0.0400484 0.0461231
0 0 0.00603955
0 0 0.00592926
1 0.0419996 0.0478844
0 0 0.00585646
1 0.0269372 0.0325715
0 0 0.0056092
0 0 0.00557666
1 0.084063 0.0895803
1 0.0552686 0.0607722
0 0 0.00548269
2 0.121796 0.127267
0 0 0.00546924
1 0.0274294 0.0328709
1 0.0038041 0.00921793
0 0 0.00529144
0 0 0.00528775
1 0.04833 0.0536094
0 0 0.00519895
0 0 0.00510354
0 0 0.00508634
0 0 0.00508208
2 0.372784 0.377839
0 0 0.00501106
1 0.0713778 0.0763748
1 0.117094 0.122035
1 0.169116 0.174026
0 0 0.0048143
0 0 0.00478934
1 0.00729116 0.0120782
1 0.0581309 0.0629005
0 0 0.00472963
1 0.00479501 0.009509
0 0 0.0046518
0 0 0.00454573
1 0.00814156 0.0126406
1 0.0485965 0.0530831
1 0.00719992 0.0116447
0 0 0.00441499
0 0 0.0043368
0 0 0.00432767
1 0.0324868 0.0366875
0 0 0.00415341
0 0 0.00411716
1 0.0152238 0.019252
0 0 0.00400601
0 0 0.00398767
0 0 0.00392566
0 0 0.00392263
0 0 0.00375887
0 0 0.00369595
0 0 0.00361917
1 0.00617396 0.00974621
1 0.0290995 0.0326246
0 0 0.0034856
1 0.00660436 0.0100754
1 0.0377993 0.0412691
2 0.0196812 0.023135
0 0 0.00339898
0 0 0.00338202
0 0 0.00331843
0 0 0.00330293
0 0 0.00330199
0 0 0.00329753
0 0 0.00328282
1 0.116165 0.119386
1 0.00580286 0.00900821
1 0.00366143 0.00681037
0 0 0.00312369
0 0 0.00310216
1 0.0113216 0.0144213
1 0.00526909 0.0083651
1 0.0462684 0.0493245
0 0 0.00304387
0 0 0.00301932
1 0.0239252 0.0269407
0 0 0.00293857
1 0.00695046 0.00984536
0 0 0.002867
0 0 0.00282671
0 0 0.00282467
0 0 0.00281448
0 0 0.00280966
0 0 0.00278867
0 0 0.00275173
0 0 0.00275163
1 0.0397579 0.0424754
0 0 0.00271452
1 0.0117465 0.0144373
0 0 0.00263614
0 0 0.00261338
1 0.0256717 0.028279
0 0 0.00258548
0 0 0.00253224
1 0.0639715 0.0665006
0 0 0.00250831
0 0 0.00248934
0 0 0.00240958
1 0.0136341 0.0160423
0 0 0.00235793
0 0 0.00233528
0 0 0.00232597
0 0 0.00229716
0 0 0.00228584
1 0.108719 0.110985
0 0 0.00225445
1 0.00657163 0.00881883
0 0 0.00224278
1 0.0101516 0.01239
1 0.017229 0.0194652
1 0.0377778 0.0400072
1 0.0206005 0.0228283
0 0 0.00216328
1 0.02402 0.0261552
1 0.0095986 0.0117281
0 0 0.00212682
0 0 0.00212534
2 0.350574 0.352652
1 0.00651997 0.00859611
0 0 0.00205503
0 0 0.0020396
2 0.124654 0.126674
1 0.00639179 0.00840797
1 0.0189357 0.0209393
0 0 0.00197489
1 0.0281472 0.0300743
0 0 0.00192088
1 0.0356015 0.0374612
1 0.0110437 0.0129007
0 0 0.00185206
1 0.0141054 0.0159552
1 0.00827859 0.0101075
0 0 0.00181695
1 0.0602143 0.0620311
0 0 0.00180471
0 0 0.00176156
0 0 0.00176088
1 0.0476062 0.0493619
1 0.0346094 0.03631
0 0 0.00170059
0 0 0.00169991
0 0 0.00169858
0 0 0.00169032
1 0.0491776 0.0508628
1 0.0139722 0.0156501
0 0 0.00166289
1 0.0506194 0.0522771
1 0.0290864 0.0306994
1 0.00653785 0.00811732
1 0.0396389 0.0412117
1 0.00661224 0.00818469
0 0 0.0015715
0 0 0.00155599
0 0 0.00154449
1 0.00726662 0.00880892
1 0.036156 0.0376724
0 0 0.00150562
0 0 0.00149628
0 0 0.00149263
0 0 0.00147189
1 0.00373729 0.00517769
1 0.00649606 0.00793517
1 0.0206055 0.022022
0 0 0.00140325
1 0.00768148 0.00908084
0 0 0.00139624
1 0.00423963 0.00563442
0 0 0.00136721
0 0 0.00136031
0 0 0.0013535
1 0.00557285 0.00689291
0 0 0.0012944
0 0 0.00126223
0 0 0.00125552
0 0 0.00125502
0 0 0.00125312
1 0.0264767 0.0277226
0 0 0.00123622
0 0 0.00123282
1 0.032829 0.0340596
1 0.0114362 0.0126512
1 0.361737 0.362951
0 0 0.00120198
0 0 0.00118469
1 0.0383867 0.0395453
0 0 0.0011584
0 0 0.00115595
0 0 0.00113134
1 0.00640057 0.00752985
1 0.0040672 0.00518545
1 0.0625789 0.0636742
1 0.0104724 0.0115459
1 0.00594718 0.00700265
0 0 0.00104436
1 0.0816575 0.0826988
1 0.00400266 0.0050408
0 0 0.00103126
1 0.00764208 0.00865783
1 0.00816581 0.00917787
0 0 0.00100362
2 0.0455891 0.0465903
1 0.00575174 0.00673435
2 0.0421859 0.0431637
0 0 0.000971329
2 0.0630439 0.0640146
1 0.00419655 0.00516381
1 0.0313683 0.0323349
0 0 0.000958766
1 0.0185788 0.0195245
1 0.00504001 0.0059805
1 0.0095112 0.0104291
1 0.0444637 0.0453656
0 0 0.000893543
2 0.0429729 0.0438458
1 0.00792293 0.00879175
2 0.111448 0.112287
2 0.118502 0.119333
1 0.00722391 0.00804979
0 0 0.00081798
0 0 0.000814119
0 0 0.00080766
1 0.0205849 0.0213883
1 0.0374062 0.0382084
0 0 0.000794715
0 0 0.000788708
1 0.00750128 0.00828901
1 0.0780344 0.0788157
1 0.0249067 0.0256785
1 0.0670454 0.0677912
1 0.0123996 0.0131435
2 0.0153321 0.0160722
1 0.0128764 0.0136161
1 0.00829256 0.00902626
1 0.0058673 0.00659184
1 0.00725263 0.00796395
1 0.0452168 0.0459274
2 0.0117695 0.0124616
2 0.0279151 0.028598
1 0.0853787 0.0860576
2 0.0501629 0.0508372
0 0 0.000668325
1 0.010526 0.01119
0 0 0.000660648
1 0.00727176 0.00793052
1 0.00646112 0.0071146
2 0.113167 0.113819
1 0.0329379 0.0335888
1 0.0104071 0.0110516
1 0.0140208 0.0146614
1 0.00703263 0.00766862
1 0.00477476 0.00540854
1 0.0131793 0.0138084
2 0.0168553 0.0174837
0 0 0.000622631
1 0.0101631 0.0107815
0 0 0.000616853
1 0.0115057 0.0121211
1 0.0375716 0.0381856
1 0.0055317 0.006131
2 0.0125253 0.0131078
1 0.00427937 0.00485462
2 0.0205946 0.0211658
1 0.00515349 0.00572375
1 0.00874244 0.00930979
1 0.0268974 0.0274632
1 0.118668 0.119231
1 0.0151016 0.0156626
0 0 0.000559477
1 0.00366111 0.00420686
2 0.0253783 0.025912
2 0.00925937 0.00978972
1 0.0169436 0.0174694
2 0.00977524 0.0102947
0 0 0.000518428
1 0.00291665 0.00343093
1 0.00864175 0.00915267
1 0.026918 0.0274251
1 0.00186471 0.00236867
1 0.117267 0.117761
1 0.00861345 0.00910111
0 0 0.000487145
2 0.121743 0.122223
1 0.00608533 0.00656261
1 0.00749544 0.00796808
1 0.0136357 0.0141064
0 0 0.000466225
1 0.0114911 0.0119382
1 0.00226667 0.00271326
2 0.018332 0.0187745
0 0 0.000437468
1 0.00810009 0.00853376
1 0.0125064 0.0129301
1 0.0090262 0.0094444
2 0.0093919 0.00980993
1 0.00635089 0.00676139
1 0.00284843 0.00325786
1 0.00695251 0.00736186
1 0.00356291 0.00395863
1 0.0156948 0.0160859
2 0.123928 0.124316
1 0.00669293 0.00707679
1 0.00614447 0.00652812
1 0.019249 0.0196253
1 0.00749771 0.00785898
1 0.00715162 0.0075107
2 0.0118981 0.0122571
1 0.0351628 0.035519
2 0.0900039 0.0903561
1 0.0779659 0.078318
1 0.0113138 0.0116592
1 0.015604 0.015936
0 0 0.000331287
1 0.0552978 0.0556175
1 0.00493312 0.00523398
1 0.0451016 0.0454012
1 0.186571 0.186867
1 0.0042565 0.00455152
1 0.0105912 0.0108836
1 0.00857978 0.00887214
1 0.00128216 0.00156619
2 0.0452162 0.0454926
2 0.0711468 0.0714231
1 0.00907637 0.0093506
1 0.0105237 0.0107979
2 0.10028 0.100549
2 0.0113063 0.0115747
2 0.0615862 0.0618538
1 0.00611296 0.00637981
2 0.0135505 0.0138165
2 0.023685 0.0239501
2 0.0343638 0.034627
1 0.0344209 0.0346835
1 0.012355 0.0126163
2 0.0412619 0.0415205
1 0.0734691 0.0737247
2 0.0224417 0.0226955
1 0.00449582 0.00474839
0 0 0.000251722
2 0.0341364 0.034384
2 0.121468 0.12171
1 0.0120588 0.0122952
1 0.00493782 0.00516945
1 0.0162163 0.0164473
1 0.00599969 0.00622696
1 0.00941794 0.00964412
1 0.00430451 0.00452833
1 0.00838935 0.0086124
2 0.0927311 0.0929513
1 0.0161171 0.016336
1 0.00581522 0.00603332
1 0.00611518 0.00633082
2 0.00827473 0.0084864
1 0.00873363 0.00894196
1 0.00579712 0.0060029
1 0.00333665 0.00354157
2 0.0226558 0.0228598
1 0.00495855 0.00516187
0 0 0.000202164
2 0.00949497 0.00969523
2 0.011575 0.0117752
1 0.00707353 0.00727271
1 0.00876123 0.00895991
2 0.027846 0.0280357
2 0.011475 0.0116646
0 0 0.000188035
2 0.0241594 0.0243453
1 0.0554749 0.0556557
1 0.00746557 0.00764271
2 0.0230284 0.0232042
1 0.00511236 0.00528786
1 0.0109713 0.0111411
1 0.00150673 0.00167399
2 0.0109127 0.0110776
1 0.00140571 0.00156918
0 0 0.000162548
1 0.0117337 0.0118896
0 0 0.000154773
1 0.0106094 0.0107611
1 0.0125553 0.0127057
1 0.00104422 0.0011933
1 0.0117609 0.0119092
2 0.0119231 0.0120679
2 0.0166315 0.0167758
0 0 0.000140629
1 0.0130038 0.0131436
1 0.0156853 0.0158197
2 0.0165273 0.0166617
1 0.0217897 0.0219231
1 0.00807238 0.00819979
1 0.00581925 0.00594264
1 0.00500332 0.00512665
0 0 0.000122342
1 0.00289564 0.00301713
1 0.0132969 0.0134183
2 0.0137874 0.0139081
1 0.00733161 0.00744976
1 0.115325 0.115442
1 0.00281817 0.0029343
2 0.00513015 0.00524375
1 0.0111137 0.0112251
1 0.00560076 0.00570846
1 0.00102601 0.00113343
2 0.0121709 0.012277
2 0.00954082 0.00964528
1 0.01234 0.0124424
1 0.00578326 0.00588532
1 0.0985883 0.0986892
2 0.0353327 0.035432
1 0.0996956 0.0997949
1 0.00878255 0.00888071
1 0.00414768 0.00424333
2 0.0462026 0.0462978
1 0.0141912 0.0142858
1 0.00768118 0.00776917
2 0.0183929 0.0184766
1 0.0107739 0.0108574
2 0.0227255 0.022809
2 0.0153301 0.0154056
1 0.0112155 0.0112878
1 0.0228788 0.0229509
1 0.00645767 0.00652957
1 0.00230607 0.00237773
2 0.0150192 0.0150905
1 0.00469189 0.00476261
1 0.0148035 0.0148739
2 0.172273 0.172343
1 0.00485804 0.00492775
1 0.00129266 0.00136122
2 0.00770709 0.00777544
1 0.00262662 0.00269349
1 0.00309399 0.00316062
1 0.0177837 0.0178499
1 0.0121653 0.0122306
1 0.00618933 0.00625447
1 0.0151676 0.0152304
2 0.0554723 0.0555332
2 0.013253 0.0133113
2 0.0210926 0.0211502
2 0.00602142 0.00607865
1 0.00501903 0.00507593
2 0.126437 0.126492
1 0.0148343 0.014889
2 0.0386394 0.0386938
2 0.0223345 0.0223864
1 0.00776584 0.0078167
1 0.0166865 0.0167372
1 0.00601633 0.00606635
1 0.0129319 0.0129807
1 0.0280198 0.0280672
1 0.00842279 0.00846987
2 0.00918096 0.00922803
1 0.00869169 0.00873833
2 0.0558206 0.0558668
1 0.022143 0.022188
1 0.00366392 0.00370742
1 0.00290491 0.0029482
1 0.0123579 0.0124005
2 0.0199224 0.0199645
2 0.00903682 0.00907771
2 0.0048488 0.00488865
1 0.0058266 0.0058664
2 0.0196658 0.0197038
1 0.00496307 0.00500087
1 0.00578592 0.0058217
1 0.00822935 0.00826464
1 0.00469879 0.00473405
2 0.0350027 0.0350377
2 0.0281358 0.0281707
1 0.00417172 0.00420417
1 0.00311049 0.00314201
2 0.0108657 0.0108971
1 0.122133 0.122164
1 0.00174221 0.00177305
2 0.0111253 0.011156
2 0.033427 0.0334575
2 0.0102618 0.0102913
1 0.0144108 0.0144391
1 0.00858874 0.00861512
1 0.0849666 0.0849895
1 0.00360467 0.00362716
1 0.00342302 0.00344547
2 0.372821 0.372842
1 0.0578176 0.0578391
1 0.0146451 0.0146651
2 0.00842208 0.00844108
2 0.0149863 0.0150051
2 0.0326698 0.0326886
2 0.0115564 0.011575
1 0.00919504 0.00921363
2 0.0208231 0.0208414
1 0.00933241 0.00935055
1 0.00739008 0.00740799
1 0.00493357 0.00495141
1 0.0310659 0.0310835
1 0.0127295 0.0127471
1 0.0105434 0.0105607
1 0.00894249 0.008959
2 0.00975836 0.00977466
2 0.01575 0.0157662
2 0.00971285 0.00972863
1 0.0157174 0.015733
2 0.0145878 0.0146028
1 0.0488169 0.0488313
1 0.00868459 0.00869877
1 0.0102353 0.0102491
1 0.0143623 0.0143761
2 0.0275362 0.0275495
1 0.0110529 0.0110658
2 0.0162145 0.0162263
1 0.0146829 0.0146945
2 0.0221718 0.0221831
1 0.00978441 0.00979564
1 0.00175999 0.001771
2 0.017303 0.0173134
2 0.00883855 0.00884871
2 0.0157319 0.015742
2 0.168962 0.168971
2 0.0226971 0.0227069
1 0.088467 0.0884767
1 0.0403391 0.0403485
1 0.0107463 0.0107556
1 0.0186359 0.0186448
2 0.00679427 0.00680284
2 0.0161758 0.0161839
2 0.102991 0.102999
1 0.0315277 0.0315353
2 0.00954987 0.00955726
1 0.000350144 0.000357427
1 0.0191173 0.0191243
2 0.211034 0.21104
1 0.0104898 0.0104961
1 0.00558956 0.00559581
1 0.00351703 0.00352322
2 0.263006 0.263012
2 0.0628859 0.0628905
1 0.0585742 0.0585786
1 0.0161635 0.0161678
2 0.00743474 0.00743906
1 0.0084133 0.00841716
2 0.00650075 0.00650446
2 0.00560836 0.005612
2 0.0108866 0.0108898
2 0.0929438 0.0929468
1 0.0549825 0.0549855
1 0.0170598 0.0170625
2 0.0174368 0.0174393
1 0.102697 0.102699
1 0.0039273 0.00392976
1 0.015041 0.0150432
2 0.00241099 0.00241319
1 0.0449635 0.0449654
1 0.00516311 0.00516496
1 0.00380659 0.00380842
1 0.0193448 0.0193465
2 0.0289963 0.0289976
1 0.00370314 0.0037042
2 0.00898315 0.00898396
2 0.0230902 0.0230909
1 0.0155663 0.0155668
1 0.0055237 0.00552408
1 0.00605234 0.00605263
2 0.00906402 0.00906429
2 0.0277416 0.0277418
2 0.0219259 0.0219261
2 0.0174791 0.0174792
2 0.0155092 0.0155093
1 0.012615 0.0126151
1 0.0121341 0.0121342
2 0.0141491 0.0141491
1 0.00394427 0.00394428
1 0.0268856 0.0268856
