0 0 inf
0 0 0.119105
0 0 0.0463018
0 0 0.0433265
0 0 0.041195
1 0.142057 0.17548
0 0 0.0266207
0 0 0.0256677
0 0 0.024784
0 0 0.0238987
0 0 0.0221873
0 0 0.0220676
0 0 0.0212534
0 0 0.0196946
1 0.139127 0.157586
0 0 0.0174687
0 0 0.0160553
0 0 0.0157768
1 0.0141238 0.029675
1 0.0195417 0.0348864
0 0 0.01488
1 0.0748584 0.0893585
0 0 0.0139322
0 0 0.0132685
0 0 0.0114746
1 0.0459214 0.0571148
0 0 0.0111781
0 0 0.0110581
0 0 0.010711
0 0 0.0107069
0 0 0.0106735
0 0 0.0104044
0 0 0.0103672
0 0 0.010274
1 0.0268611 0.0370524
1 0.0355111 0.0449439
0 0 0.00935713
1 0.00919659 0.0183744
0 0 0.00872459
0 0 0.00871523
1 0.0323362 0.0400529
0 0 0.00768642
0 0 0.00766
0 0 0.00747552
0 0 0.00721786
0 0 0.00702802
0 0 0.00686183
0 0 0.00684212
0 0 0.00678629
0 0 0.0066588
0 0 0.00657918
0 0 0.00645928
0 0 0.00623663
1 0.0348507 0.0409938
1 0.0261464 0.0322796
0 0 0.00599835
1 0.0499799 0.0559535
1 0.0109265 0.0167586
0 0 0.00566939
0 0 0.00563431
1 0.0516312 0.0571907
0 0 0.00542118
0 0 0.00541879
0 0 0.00522445
0 0 0.00510077
1 0.0257544 0.0308247
0 0 0.00506541
2 0.037194 0.0420418
0 0 0.00467058
1 0.00290216 0.00755194
1 0.0218135 0.0263359
0 0 0.00434605
0 0 0.00433627
0 0 0.00419608
0 0 0.00414896
1 0.0282495 0.0323932
0 0 0.00399597
0 0 0.00393228
0 0 0.00392254
0 0 0.00375178
1 0.0527283 0.0563456
1 0.0148139 0.0183365
0 0 0.00347553
1 0.0115883 0.0150192
0 0 0.00322104
0 0 0.00320593
1 0.00956037 0.012705
0 0 0.00308949
0 0 0.00307073
1 0.103079 0.106141
1 0.0250317 0.0280822
1 0.0700652 0.0731108
0 0 0.0030353
0 0 0.00302055
0 0 0.00301562
1 0.033383 0.0363939
1 0.00687229 0.00988236
1 0.00294719 0.00594247
1 0.0174157 0.0203939
0 0 0.00294014
0 0 0.00292732
1 0.0164063 0.0192842
0 0 0.00284495
2 0.0332482 0.0360448
0 0 0.00275603
0 0 0.00272026
0 0 0.00271562
0 0 0.00263432
1 0.012977 0.0155902
0 0 0.00259217
1 0.027937 0.0304948
1 0.0081746 0.0107179
0 0 0.00253585
1 0.00232419 0.00476636
1 0.0283956 0.0308135
1 0.0154177 0.0177851
2 0.0189502 0.0213068
2 0.0324658 0.0348166
0 0 0.00234488
1 0.003371 0.00571567
0 0 0.00234411
1 0.0289589 0.0312915
0 0 0.0023205
0 0 0.00231934
0 0 0.00231382
0 0 0.00230968
0 0 0.00229647
0 0 0.00224933
1 0.0242937 0.0265184
1 0.00856161 0.0107574
0 0 0.00218123
1 0.0149427 0.017119
1 0.0207351 0.0228927
1 0.0120604 0.0142116
1 0.00353505 0.00563506
0 0 0.00209693
0 0 0.00203935
0 0 0.00200359
0 0 0.00200339
0 0 0.00199784
0 0 0.00196787
0 0 0.00195708
0 0 0.00195389
0 0 0.00193682
1 0.0021776 0.00406107
0 0 0.00185957
1 0.0139336 0.0157907
1 0.0043958 0.00623952
1 0.0291958 0.0310392
0 0 0.00184079
0 0 0.00182452
0 0 0.00181921
0 0 0.00178603
0 0 0.0017756
1 0.0968044 0.098557
1 0.00204624 0.00379136
1 0.0268931 0.0286307
0 0 0.0017353
0 0 0.00170002
1 0.00427994 0.00592085
0 0 0.00162422
0 0 0.00162272
0 0 0.00160409
1 0.0111872 0.0127852
0 0 0.0015846
0 0 0.00156978
1 0.00277936 0.00434777
1 0.00221858 0.00376221
1 0.00586939 0.00740742
1 0.0317123 0.0332273
1 0.0548364 0.0563417
0 0 0.00147049
0 0 0.00146585
0 0 0.00146448
0 0 0.00146172
0 0 0.00140461
0 0 0.00140073
1 0.00298229 0.0043762
0 0 0.00138884
1 0.0100284 0.0114161
0 0 0.00137483
1 0.0334762 0.0348494
0 0 0.00136323
0 0 0.00133887
1 0.00346112 0.00479737
0 0 0.00133101
1 0.064269 0.0655965
0 0 0.00132614
0 0 0.00130361
1 0.00469419 0.00594993
0 0 0.00122381
1 0.011301 0.0124951
0 0 0.00118581
1 0.0352514 0.0364328
0 0 0.00117937
1 0.0407334 0.0419
0 0 0.00115006
1 0.00858928 0.00971795
0 0 0.00111034
0 0 0.00110059
0 0 0.00109053
1 0.0131883 0.0142639
0 0 0.00105744
1 0.0032474 0.00430482
0 0 0.00103729
0 0 0.00103709
2 0.031345 0.0323633
1 0.00207905 0.00309391
0 0 0.00100699
0 0 0.000997945
0 0 0.000983482
0 0 0.000971486
0 0 0.000968797
1 0.0116546 0.012614
0 0 0.000953506
1 0.0387961 0.0397284
1 0.0228071 0.0236989
1 0.0308534 0.0317333
0 0 0.000875737
1 0.0411483 0.0420222
1 0.00366472 0.00452891
0 0 0.000862102
0 0 0.000855261
1 0.00324539 0.00409637
0 0 0.000848567
0 0 0.000837509
0 0 0.000836302
0 0 0.000821905
0 0 0.000814517
1 0.0043903 0.00520155
1 0.00320284 0.0039837
1 0.036303 0.0370827
1 0.00533534 0.0061115
1 0.00996959 0.0107424
0 0 0.000769369
2 0.0569937 0.0577462
1 0.00323544 0.00398697
0 0 0.000750207
1 0.00363664 0.00438265
0 0 0.000744928
1 0.00379208 0.00453592
0 0 0.000720016
0 0 0.000717124
0 0 0.000713039
0 0 0.00071274
1 0.00164268 0.002353
1 0.0153864 0.0160966
0 0 0.000709414
0 0 0.000707262
1 0.00679781 0.00750502
1 0.107833 0.108529
0 0 0.000689761
1 0.144892 0.145578
0 0 0.000679852
0 0 0.000675017
0 0 0.000673964
0 0 0.000668049
0 0 0.000665679
0 0 0.000664671
2 0.0156822 0.0163445
0 0 0.000657841
1 0.00470687 0.00536229
0 0 0.000654648
1 0.00582505 0.00647821
1 0.0106569 0.011304
0 0 0.00064497
1 0.00286377 0.0034993
1 0.00846348 0.0090887
1 0.00235569 0.00295316
2 0.109841 0.110425
0 0 0.00058292
2 0.00896391 0.00953408
1 0.000976287 0.00154164
1 0.00335267 0.00391552
0 0 0.000561169
0 0 0.000560487
1 0.0166529 0.0172063
0 0 0.000551886
1 0.0154739 0.0160114
1 0.00361059 0.00414079
0 0 0.000519603
1 0.00916324 0.00968204
1 0.00566708 0.00618254
1 0.00769844 0.00820625
2 0.0206502 0.0211578
1 0.00765746 0.00816447
0 0 0.000504116
1 0.00915521 0.00965298
2 0.0383061 0.0388014
1 0.0143005 0.0147936
0 0 0.000489121
2 0.00958941 0.0100747
1 0.00474104 0.00522145
0 0 0.000479676
1 0.0932113 0.0936904
2 0.00434418 0.00482038
0 0 0.000470084
0 0 0.000466107
1 0.00506575 0.00553027
1 0.0313256 0.0317821
1 0.0227323 0.0231879
1 0.00578648 0.00623081
1 0.00422863 0.00466299
1 0.00910937 0.00954349
0 0 0.000431884
1 0.0416969 0.0421277
1 0.00348242 0.00390732
1 0.0147846 0.0152081
1 0.00992295 0.0103418
2 0.0313096 0.0317233
1 0.00518436 0.00559219
0 0 0.000406585
0 0 0.000402857
1 0.0349767 0.035378
0 0 0.000399064
1 0.0251218 0.0255114
0 0 0.000389201
0 0 0.000386592
1 0.00433037 0.00471285
2 0.0674707 0.0678501
1 0.00276482 0.00313631
0 0 0.000369374
1 0.00544809 0.0058173
1 0.00201469 0.00238201
1 0.00758345 0.00794978
1 0.00329162 0.00365159
0 0 0.000359099
2 0.0662592 0.0666161
1 0.00561166 0.00596711
1 0.00373582 0.00408622
0 0 0.000349826
0 0 0.000341212
1 0.00275962 0.00309756
1 0.00980795 0.0101455
0 0 0.000334826
1 0.0338671 0.0342005
1 0.00253798 0.00286348
1 0.0013979 0.00172092
1 0.0176421 0.0179593
1 0.00224916 0.00255886
2 0.0369364 0.0372447
1 0.00469773 0.0050016
1 0.037169 0.0374713
1 0.00106688 0.00136316
1 0.00146715 0.00176297
1 0.0182812 0.0185619
1 0.0173611 0.0176399
1 0.0112644 0.0115373
1 0.00824772 0.00851979
1 0.00454475 0.00481252
1 0.0114257 0.0116931
1 0.0566589 0.0569261
1 0.00257134 0.00283681
1 0.00267164 0.00293702
1 0.00363693 0.00390079
1 0.00178804 0.00204965
1 0.0015219 0.00178236
1 0.0020083 0.00226857
1 0.0025742 0.00282953
0 0 0.000246812
1 0.00115075 0.00139662
0 0 0.000238985
0 0 0.000237026
1 0.00550583 0.00574271
1 0.00428425 0.00452075
1 0.0122937 0.012529
2 0.0180344 0.0182667
2 0.0256415 0.025872
1 0.000729161 0.000957987
1 0.00214676 0.00237227
1 0.00184246 0.00206605
0 0 0.000222497
1 0.00182217 0.00204444
1 0.00604589 0.00626518
1 0.0011771 0.0013961
1 0.00732489 0.00754075
1 0.00289334 0.0031078
2 0.0164429 0.0166552
1 0.00396583 0.00417731
1 0.0060478 0.00625849
1 0.0421858 0.0423954
2 0.00431628 0.00452518
1 0.000960327 0.00116786
1 0.00248896 0.00269504
2 0.0313319 0.0315371
1 0.00475067 0.00495555
1 0.0170342 0.0172364
2 0.00850245 0.00870326
1 0.00265874 0.0028593
0 0 0.000198066
1 0.0159157 0.0161136
2 0.00422798 0.00442314
1 0.0947068 0.0949
1 0.00534245 0.00553337
1 0.00355148 0.00374047
1 0.0211726 0.0213601
1 0.00286142 0.00304139
2 0.0117689 0.0119452
1 0.00330282 0.00347687
1 0.0278835 0.0280574
1 0.00634688 0.00651928
1 0.0139621 0.0141342
2 0.0322521 0.0324213
1 0.00423605 0.00440453
0 0 0.000167673
1 0.0147545 0.0149202
1 0.0161414 0.016307
2 0.0586484 0.0588129
1 0.00177013 0.00193377
1 0.0818245 0.0819881
2 0.0505925 0.0507561
1 0.00186118 0.00202329
0 0 0.000159149
1 0.00531736 0.00547535
1 0.0022988 0.00245594
1 0.0025191 0.00267617
1 0.00161608 0.00177133
2 0.00207007 0.0022247
1 0.000709751 0.000864172
1 0.0383071 0.0384608
1 0.00141315 0.00155984
1 0.00509178 0.00523793
1 0.0345076 0.0346536
1 0.0108884 0.0110322
2 0.0238821 0.0240258
0 0 0.000142366
1 0.00337626 0.00351806
1 0.00477661 0.00491835
2 0.00611543 0.00625615
1 0.0260692 0.0262093
2 0.058648 0.0587872
2 0.00612317 0.00625899
1 0.0110398 0.0111751
1 0.0112843 0.0114191
1 0.00342841 0.00356141
1 0.0014311 0.00156401
1 0.0101922 0.0103246
1 0.00167203 0.00180227
1 0.00301827 0.00314675
1 0.00431165 0.0044346
1 0.00161671 0.00173607
1 0.0114649 0.0115832
1 0.00310164 0.00321884
0 0 0.000117186
1 0.0374762 0.0375933
0 0 0.000116318
1 0.00302156 0.00313591
1 0.0155438 0.0156577
1 0.00438267 0.00449553
0 0 0.000110907
1 0.00852049 0.00862892
1 0.00301883 0.00312679
1 0.001477 0.0015848
1 0.00390776 0.00401213
1 0.00251045 0.00261374
1 0.017086 0.0171878
2 0.0305521 0.0306528
1 0.00190911 0.00200967
2 0.00866577 0.00876556
1 0.110579 0.110675
1 0.0377268 0.0378229
1 0.000891126 0.000987181
2 0.00514302 0.00523845
1 0.00401935 0.00411432
1 0.00212026 0.00221247
2 0.0380716 0.0381636
2 0.0114053 0.0114969
2 0.0173031 0.0173918
2 0.0179717 0.0180604
1 0.00460341 0.00469208
2 0.0026341 0.00272215
1 0.0139122 0.0139999
1 0.00402174 0.00410872
0 0 8.63661e-05
1 0.0317935 0.0318794
2 0.0173252 0.0174085
1 0.00532031 0.00540343
2 0.00601519 0.00609697
0 0 8.13747e-05
1 0.0108364 0.0109176
1 0.0037431 0.00382294
1 0.00595498 0.00603378
2 0.0014062 0.00148263
1 0.00233153 0.00240724
2 0.0281344 0.0282076
2 0.00606336 0.00613595
2 0.0203669 0.0204379
1 0.00358566 0.00365624
2 0.00589944 0.00596824
2 0.00801065 0.0080794
1 0.00563615 0.00570465
1 0.00583423 0.00590257
1 0.00283127 0.00289876
1 0.0303642 0.0304311
1 0.00138184 0.00144732
2 0.00687381 0.00693927
2 0.0118015 0.0118665
1 0.00118001 0.00124262
1 0.00120972 0.00127119
0 0 6.0557e-05
1 0.00915497 0.00921377
1 0.00371555 0.00377387
1 0.00970636 0.00976411
1 0.0450612 0.0451188
1 0.00333289 0.00338806
1 0.00157061 0.00162486
2 0.00612895 0.00618212
1 0.00658252 0.00663419
1 0.0178256 0.0178767
1 0.00471932 0.00477016
1 0.000765564 0.000814399
2 0.00156874 0.00161726
2 0.0454906 0.0455387
1 0.00519615 0.00524385
1 0.00283897 0.00288596
1 0.0050396 0.00508652
1 0.00370999 0.00375632
1 0.0202142 0.0202603
1 0.020625 0.0206703
2 0.00322453 0.00326899
1 0.00675435 0.00679729
1 0.00850427 0.00854644
1 0.0304445 0.0304862
1 0.00482159 0.0048632
2 0.00393473 0.00397442
2 0.035262 0.0353013
1 0.00121865 0.00125797
2 0.00157776 0.00161627
1 0.00771623 0.00775326
2 0.00643208 0.00646887
2 0.00472001 0.00475677
1 0.00629107 0.00632774
2 0.00312841 0.00316366
1 0.00358673 0.00362145
1 0.00774244 0.00777638
2 0.00627713 0.00631071
2 0.00929048 0.00932393
1 0.00248041 0.00251357
1 0.00265206 0.0026852
1 0.00583448 0.00586703
2 0.00595843 0.00599064
2 0.0319782 0.0320085
1 0.00400648 0.00403656
1 0.00148639 0.00151585
2 0.00425806 0.00428724
1 0.00322857 0.0032577
2 0.161565 0.161594
1 0.00572192 0.00575066
1 0.00151237 0.00154095
2 0.0119698 0.0119979
1 0.00736507 0.00739304
1 0.0137178 0.0137455
1 0.00166877 0.00169638
1 0.0021994 0.00222661
1 0.00811963 0.00814657
1 0.000569482 0.000596135
2 0.00523583 0.00526185
1 0.00249991 0.00252584
1 0.00532392 0.00534982
2 0.0053344 0.0053601
1 0.00184419 0.00186955
2 0.0233657 0.0233908
1 0.00386955 0.00389407
2 0.0113636 0.0113871
2 0.0056097 0.00563278
1 0.0504156 0.0504385
1 0.0240569 0.0240795
1 0.00142376 0.00144596
1 0.00173971 0.00176144
1 0.000947826 0.000969314
1 0.000670238 0.000691689
2 0.0191741 0.0191955
1 0.000734349 0.000755441
2 0.0483415 0.0483626
2 0.00961785 0.0096386
1 0.0378564 0.037877
2 0.00392653 0.00394675
1 0.000919563 0.000938829
1 0.00463315 0.00465237
2 0.00117945 0.00119837
1 0.00484855 0.00486728
1 0.0233238 0.0233416
2 0.0182107 0.0182284
2 0.0352959 0.0353132
1 0.00151837 0.00153566
1 0.00276192 0.00277903
2 0.0335558 0.0335727
2 0.0185738 0.0185907
2 0.0230059 0.0230223
1 0.00323516 0.00325141
1 0.00107974 0.00109566
1 0.0110077 0.0110236
2 0.0194676 0.0194822
2 0.00619767 0.00621212
1 0.000972823 0.000987103
1 0.0317595 0.0317735
1 0.00110485 0.00111889
1 0.00865439 0.00866834
1 0.00699466 0.00700844
1 0.0024711 0.00248467
1 0.0208335 0.0208471
1 0.0038935 0.00390701
1 0.00543667 0.00544973
2 0.00864657 0.00865919
1 0.000242231 0.000254774
1 0.00205285 0.00206537
2 0.00209441 0.00210603
1 0.0120816 0.0120928
1 0.0229558 0.022967
2 0.00491481 0.00492569
2 0.0214539 0.0214643
1 0.00630474 0.00631489
1 0.00528419 0.0052941
1 0.00440488 0.0044145
2 0.00375034 0.00375944
1 0.000916111 0.00092517
1 0.00222463 0.00223347
1 0.00329396 0.00330247
1 0.00339751 0.00340588
1 0.000743701 0.000752051
0 0 8.29467e-06
2 0.00591442 0.00592247
2 0.00251703 0.00252423
1 0.0028286 0.00283547
2 0.00825862 0.00826548
2 0.00207858 0.00208524
2 0.00424113 0.00424773
1 0.00122598 0.00123257
1 0.00839122 0.00839697
2 0.108572 0.108577
1 0.00126822 0.00127351
1 0.00202954 0.00203477
1 0.00111325 0.00111789
1 0.0233358 0.0233399
1 0.00122119 0.00122523
1 0.00334725 0.0033511
2 0.00329593 0.00329941
1 0.0181061 0.0181095
1 0.087653 0.0876564
2 0.00753427 0.00753769
1 0.0296669 0.0296703
2 0.0120121 0.0120154
1 0.00373139 0.00373461
2 0.0319949 0.0319981
2 0.109514 0.109517
2 0.00396805 0.00397089
1 0.000795115 0.000797947
1 0.00205037 0.00205261
2 0.0233789 0.023381
1 0.00889268 0.00889482
2 0.00598161 0.00598347
2 0.00401303 0.00401417
1 0.000680588 0.000681663
2 0.00220197 0.00220285
1 0.00292393 0.00292464
2 0.0395062 0.0395069
2 0.00663112 0.00663171
2 0.00129554 0.00129611
1 0.00542344 0.00542398
2 0.00973839 0.00973879
2 0.0104579 0.0104583
1 0.0025813 0.0025815
2 0.00514464 0.00514479
2 0.000257279 0.000257422
2 0.00926777 0.00926783
2 0.00543261 0.00543266
1 0.0654638 0.0654638
1 0.0569804 0.0569804
2 0.00621728 0.0062173
1 0.00299243 0.00299244
1 0.00255288 0.00255289
2 0.0343243 0.0343243
1 0.0016931 0.00169311
2 0.00868903 0.00868903
1 0.00233218 0.00233218
1 0.00118528 0.00118528
