0 0 inf
1 0.0834967 0.24295
1 0.216005 0.341993
0 0 0.069262
0 0 0.0598347
0 0 0.0589584
0 0 0.0538666
1 0.0601112 0.106836
0 0 0.0466455
1 0.0282927 0.0722425
1 0.0413901 0.0847394
0 0 0.0426498
0 0 0.0424404
0 0 0.0392713
0 0 0.0380877
1 0.0636818 0.100323
0 0 0.0345635
1 0.0731242 0.106956
0 0 0.0327199
0 0 0.0320326
0 0 0.0319376
0 0 0.0291079
1 0.020859 0.0454542
0 0 0.0245165
0 0 0.0238439
0 0 0.0234764
0 0 0.023453
0 0 0.022993
0 0 0.0229848
0 0 0.0225835
0 0 0.0205837
1 0.0940085 0.11405
0 0 0.0189068
0 0 0.0187323
1 0.0320966 0.0502561
0 0 0.0164562
1 0.0416602 0.0580869
0 0 0.0160451
0 0 0.0149752
1 0.0422501 0.0571604
0 0 0.014804
0 0 0.0142059
1 0.0932902 0.107407
0 0 0.0140838
1 0.0863123 0.100247
2 0.123349 0.136586
0 0 0.0131632
0 0 0.0129361
0 0 0.0129276
1 0.258645 0.271272
0 0 0.0124495
1 0.0148085 0.0271235
0 0 0.0119419
1 0.0632565 0.0748467
0 0 0.011469
0 0 0.0114166
0 0 0.0112165
0 0 0.0102407
0 0 0.00990068
0 0 0.0096478
0 0 0.00959358
0 0 0.00950178
0 0 0.00945276
0 0 0.00919629
1 0.053214 0.0623852
0 0 0.00912855
0 0 0.00896388
1 0.092062 0.100957
0 0 0.00866933
0 0 0.00863724
0 0 0.00860295
0 0 0.00826718
0 0 0.00811709
0 0 0.00786328
0 0 0.00777514
0 0 0.00773485
0 0 0.00764725
1 0.0136599 0.0211405
0 0 0.00738553
0 0 0.00730469
0 0 0.00728502
0 0 0.00713127
0 0 0.00709605
0 0 0.00690706
1 0.027541 0.0342306
0 0 0.00664852
1 0.042198 0.0488237
0 0 0.00658631
1 0.00417992 0.0107592
0 0 0.00652187
0 0 0.00645085
0 0 0.00636732
0 0 0.00570872
0 0 0.00570563
0 0 0.00552809
2 0.0467373 0.0522504
0 0 0.00541297
0 0 0.00540581
0 0 0.00532383
1 0.0890118 0.0942105
1 0.017696 0.0228817
1 0.0121553 0.0171587
1 0.00932897 0.0142589
1 0.0495979 0.0543865
0 0 0.00475257
1 0.0398491 0.0445942
1 0.0741705 0.0787588
0 0 0.0045482
0 0 0.00453277
1 0.109564 0.114034
1 0.00409118 0.00855714
2 0.108662 0.113061
0 0 0.00438656
0 0 0.0043708
0 0 0.00435658
0 0 0.00428698
0 0 0.00416085
1 0.0514598 0.0554756
0 0 0.00399133
1 0.00920595 0.0131939
0 0 0.00397315
1 0.00756817 0.0115091
1 0.00689846 0.0107871
0 0 0.00379448
1 0.00626077 0.0100239
0 0 0.00374093
0 0 0.00371235
0 0 0.00363233
0 0 0.00362936
0 0 0.0035932
1 0.0918674 0.0954588
0 0 0.00356236
0 0 0.00352616
0 0 0.00348445
1 0.0454287 0.0488892
0 0 0.0034317
0 0 0.00342364
0 0 0.00330504
1 0.15439 0.157678
1 0.00938956 0.0126418
1 0.0703181 0.0735543
0 0 0.003196
1 0.13978 0.142946
1 0.0221924 0.0253548
0 0 0.00314865
0 0 0.00313574
0 0 0.00313248
0 0 0.00309008
0 0 0.00308405
1 0.0112372 0.0143034
1 0.00440989 0.00746311
1 0.00384212 0.00689228
1 0.00718211 0.0101367
0 0 0.00295424
2 0.243297 0.246223
1 0.0419809 0.0448871
0 0 0.00289133
0 0 0.00287963
0 0 0.00287248
0 0 0.00286224
0 0 0.00280082
2 0.0590451 0.0618188
1 0.234442 0.237185
1 0.00597088 0.00871138
0 0 0.00273752
0 0 0.00271421
1 0.0558464 0.0584703
0 0 0.00261668
0 0 0.00259119
2 0.388875 0.391465
2 0.0125944 0.0151504
0 0 0.00254334
0 0 0.00250426
0 0 0.00245322
0 0 0.00244104
0 0 0.00241378
2 0.161481 0.163878
1 0.124459 0.12685
0 0 0.00238841
0 0 0.00233439
0 0 0.00230394
1 0.00540324 0.00767794
0 0 0.00220397
1 0.0426356 0.0448043
1 0.00763333 0.00976725
0 0 0.00212385
0 0 0.00211607
0 0 0.00208528
1 0.103896 0.105965
0 0 0.00206982
0 0 0.00205981
0 0 0.00203383
1 0.00779063 0.00982392
0 0 0.00203176
0 0 0.00201013
1 0.0223651 0.0243702
0 0 0.00198757
0 0 0.00196221
1 0.0501722 0.0521287
0 0 0.00195471
1 0.00252202 0.00446151
0 0 0.00193268
1 0.00740208 0.00932501
0 0 0.0019054
0 0 0.00189991
0 0 0.0018945
1 0.00343093 0.00531582
0 0 0.00185059
0 0 0.00184451
1 0.00822457 0.0100472
0 0 0.00180535
0 0 0.00180421
1 0.052595 0.0543927
1 0.30183 0.30362
0 0 0.00177379
0 0 0.0017333
0 0 0.00172956
0 0 0.0016991
1 0.0352 0.0368873
0 0 0.00168068
1 0.069421 0.0710994
0 0 0.00166643
0 0 0.00166324
1 0.0100079 0.011658
1 0.00591839 0.0075596
0 0 0.00163103
1 0.117386 0.119015
2 0.360773 0.362399
1 0.00453171 0.00615083
0 0 0.00158989
1 0.01022 0.011797
0 0 0.00156938
1 0.099216 0.100764
1 0.0342326 0.0357775
1 0.163786 0.165326
0 0 0.00152685
0 0 0.00152597
1 0.0041804 0.0056821
1 0.0678824 0.069368
1 0.0344775 0.0359575
0 0 0.0014582
0 0 0.00145138
1 0.00680829 0.00825006
0 0 0.0014411
1 0.0149376 0.0163752
0 0 0.0014323
0 0 0.00139796
1 0.00403107 0.00542461
0 0 0.00137897
1 0.0204835 0.0218552
1 0.00988824 0.0112587
1 0.0863107 0.0876744
1 0.00613417 0.0074841
1 0.0506509 0.051992
0 0 0.00134084
1 0.017098 0.0184306
1 0.00496914 0.00629172
1 0.00489767 0.00621527
2 0.0234532 0.0247617
1 0.0118794 0.01318
0 0 0.00127531
0 0 0.00125844
1 0.00710291 0.00835423
1 0.00778425 0.00903038
1 0.017338 0.0185815
1 0.0401532 0.0413875
1 0.00234493 0.003577
0 0 0.0012231
0 0 0.0012085
1 0.0057013 0.00689253
1 0.10598 0.107167
0 0 0.0011875
2 0.058324 0.0595115
0 0 0.00117189
0 0 0.00116568
1 0.00771127 0.00887588
0 0 0.0011625
1 0.0393754 0.0405351
0 0 0.00115592
0 0 0.00115312
0 0 0.00113503
1 0.00726757 0.00838244
1 0.0166225 0.0177074
0 0 0.00108203
0 0 0.00104764
1 0.00214262 0.00318013
0 0 0.00103418
0 0 0.00103294
0 0 0.00103231
1 0.0292747 0.0302932
1 0.00378963 0.00478552
0 0 0.000978587
0 0 0.000977629
0 0 0.000977187
0 0 0.000965104
1 0.00545856 0.0064226
1 0.00384761 0.00480616
1 0.00665648 0.00760569
0 0 0.000922407
0 0 0.000920402
0 0 0.000903142
0 0 0.000887608
1 0.00416073 0.00504436
1 0.00622708 0.00711058
1 0.0162555 0.0171203
0 0 0.000863995
0 0 0.000861294
1 0.0700947 0.0709526
1 0.00430036 0.00515337
2 0.10388 0.104726
2 0.110588 0.111429
1 0.00961718 0.0104462
1 0.0162681 0.0170902
1 0.049532 0.0503538
0 0 0.000816306
0 0 0.000805467
1 0.00860351 0.00938725
1 0.0289545 0.0297378
1 0.00462333 0.00540451
0 0 0.000769578
1 0.00521829 0.00597604
1 0.00449063 0.00523999
1 0.0132359 0.0139622
2 0.105435 0.106153
1 0.00924211 0.00995924
1 0.0100737 0.0107741
1 0.0576195 0.058315
1 0.0557877 0.0564688
2 0.0112245 0.0119037
1 0.052967 0.0536457
1 0.0129195 0.0135759
1 0.00684099 0.00749492
1 0.00363361 0.00428476
1 0.00466894 0.00531939
1 0.00538916 0.00603689
1 0.084929 0.0855702
1 0.00402362 0.0046493
1 0.00578993 0.00640954
1 0.0100209 0.0106327
0 0 0.000611055
1 0.00237136 0.0029776
0 0 0.000594629
0 0 0.00059253
1 0.0145512 0.0151352
2 0.102945 0.103527
1 0.0452029 0.0457795
0 0 0.000569295
2 0.1678 0.168367
2 0.390138 0.390704
1 0.00200564 0.00256445
1 0.00874372 0.00929111
0 0 0.000544371
0 0 0.000541921
1 0.0576681 0.0582017
1 0.00249486 0.00302623
2 0.014683 0.0152099
2 0.0240936 0.0246078
2 0.0847456 0.0852558
0 0 0.000501479
0 0 0.000500209
1 0.00407739 0.00457539
1 0.061271 0.0617653
1 0.00406443 0.00454436
1 0.00420591 0.00468559
1 0.0109219 0.0113994
1 0.218207 0.218682
2 0.127324 0.127795
1 0.0149015 0.0153557
0 0 0.000447118
1 0.0141086 0.0145538
1 0.00204944 0.00248961
1 0.00469493 0.00513191
1 0.00524041 0.00567165
1 0.0078354 0.00826539
2 0.0155802 0.0160074
1 0.0462374 0.0466617
1 0.00738779 0.00780694
1 0.0444579 0.0448758
2 0.0117175 0.0121354
1 0.0417926 0.0422027
2 0.00700022 0.00741021
1 0.00184475 0.00224227
1 0.0159146 0.0163119
1 0.00646892 0.00685863
1 0.0152482 0.0156348
2 0.0629345 0.0633175
1 0.0617435 0.0621218
2 0.0453014 0.045666
2 0.0359779 0.0363421
2 0.0165504 0.0169114
0 0 0.000355275
1 0.0976761 0.0980248
1 0.0149523 0.0152877
2 0.0173189 0.0176533
1 0.0117948 0.0121209
1 0.00673505 0.00706067
1 0.00131615 0.0016411
2 0.274374 0.274699
1 0.005725 0.0060445
2 0.184419 0.184739
1 0.00540156 0.00571865
1 0.00397842 0.00429522
1 0.15782 0.158125
1 0.00220053 0.00250451
1 0.0952523 0.0955554
1 0.00547493 0.00577796
1 0.00367123 0.00396776
2 0.00859386 0.00887942
1 0.00520222 0.00548427
1 0.0326062 0.0328875
1 0.00153542 0.00180347
1 0.00345419 0.00372056
2 0.0417653 0.0420306
1 0.0100775 0.0103397
1 0.00456445 0.00482459
2 0.0848262 0.0850859
1 0.00718828 0.00744696
1 0.00985664 0.0101137
0 0 0.000249311
1 0.00344774 0.00369286
1 0.00643579 0.00667708
1 0.0104228 0.0106616
1 0.0330075 0.0332435
2 0.014944 0.0151791
2 0.0518433 0.0520768
1 0.00897746 0.0092109
1 0.0442023 0.0444355
1 0.0824113 0.0826398
2 0.013683 0.0139114
1 0.0451074 0.0453331
1 0.117953 0.118176
1 0.0100787 0.0103006
1 0.00362918 0.00385077
1 0.00841282 0.00863423
2 0.00965376 0.0098668
1 0.00656002 0.00676681
1 0.00631606 0.00652154
0 0 0.000203382
2 0.123857 0.124059
1 0.013481 0.0136809
1 0.00334092 0.00353997
1 0.00975783 0.00995353
2 0.00942738 0.00962196
1 0.0020312 0.00222406
2 0.0163821 0.0165744
2 0.0620041 0.0621947
1 0.00965404 0.00984041
1 0.0098676 0.0100497
1 0.00388678 0.00406408
2 0.0520615 0.0522383
2 0.0115865 0.0117616
1 0.00377532 0.00394899
1 0.198473 0.198643
2 0.126718 0.126886
1 0.0136396 0.0138048
2 0.0168189 0.0169831
1 0.0215266 0.0216884
1 0.0709706 0.0711301
1 0.0108298 0.0109892
1 0.0014424 0.00159962
2 0.0113854 0.0115424
1 0.0128588 0.0130142
1 0.0047547 0.00490835
1 0.0103802 0.0105321
1 0.00282628 0.0029778
1 0.0143298 0.0144768
1 0.144075 0.144222
1 0.00303564 0.00317728
1 0.17046 0.170601
2 0.0139303 0.0140699
1 0.00544629 0.00558565
1 0.00594821 0.00608201
2 0.018475 0.0186068
1 0.00338045 0.00351183
1 0.0105034 0.0106338
2 0.00567012 0.00579979
1 0.0140402 0.0141694
1 0.00793796 0.00806666
2 0.015352 0.0154789
2 0.0245217 0.0246477
1 0.00765483 0.00777907
2 0.00468317 0.00480553
1 0.0105982 0.0107201
1 0.0112925 0.0114141
2 0.00860652 0.00872813
2 0.00786389 0.00798517
2 0.10704 0.10716
1 0.00807417 0.00819243
2 0.00722357 0.00734104
1 0.000880681 0.000997015
2 0.00996623 0.0100824
2 0.0103135 0.010429
1 0.0103939 0.0105093
1 0.00574033 0.00585408
1 0.0636267 0.0637394
1 0.0138143 0.0139245
2 0.0112571 0.0113661
1 0.00731285 0.00741758
2 0.390529 0.390632
2 0.010754 0.0108556
2 0.0855313 0.0856321
1 0.0268529 0.0269534
1 0.00305529 0.00315504
1 0.0050431 0.00514015
1 0.00527145 0.00536723
2 0.0139955 0.0140873
1 0.00393379 0.0040245
2 0.00661339 0.00670372
1 0.00133468 0.00142444
1 0.0039736 0.00406308
1 0.00733745 0.00742629
2 0.0453366 0.0454253
1 0.00818337 0.0082716
1 0.00842928 0.00851638
2 0.00698398 0.00707012
1 0.00840215 0.00848786
1 0.0595328 0.0596185
1 0.00942644 0.00951056
1 0.00476081 0.00484452
1 0.0642404 0.0643235
2 0.00633422 0.00641361
1 0.00223088 0.00230921
2 0.0488433 0.0489199
1 0.0447258 0.0448008
1 0.00477144 0.00484388
1 0.00695442 0.00702527
1 0.00216081 0.00223038
2 0.00700041 0.00706801
1 0.00874489 0.00881171
2 0.00950297 0.00956896
1 0.00819702 0.00825791
2 0.00812059 0.00818087
2 0.00955428 0.00961308
2 0.00796277 0.00802122
1 0.0204562 0.0205135
1 0.00665478 0.00671107
2 0.00756246 0.00761837
1 0.0105991 0.0106546
1 0.00209411 0.00214895
1 0.003206 0.0032595
2 0.166313 0.166366
2 0.00239864 0.00244573
2 0.0622452 0.0622918
2 0.0111871 0.0112326
1 0.00774594 0.00779127
2 0.0147317 0.0147754
2 0.00364448 0.00368531
1 0.00170419 0.00174492
1 0.0376564 0.0376969
1 0.00950034 0.00954016
1 0.0034738 0.0035073
2 0.00758118 0.00761411
1 0.0743936 0.0744265
2 0.0119792 0.0120118
2 0.00366738 0.00369952
1 0.00120332 0.00123441
1 0.00562024 0.00565113
1 0.00278412 0.00281219
2 0.0151168 0.0151442
2 0.00757874 0.00760572
2 0.059588 0.059614
1 0.00307153 0.00309649
2 0.0138299 0.0138529
2 0.0242949 0.0243174
1 0.010589 0.0106113
2 0.00514474 0.00516531
1 0.0111058 0.0111251
1 0.00754805 0.00756682
1 0.00321064 0.00322875
2 0.00770657 0.00772332
2 0.119053 0.11907
2 0.0182722 0.0182865
1 0.00186952 0.00188257
1 0.00396729 0.00398029
2 0.00741716 0.00743
2 0.0144233 0.0144357
2 0.00845536 0.00846756
1 0.00358927 0.00360096
1 0.00540137 0.00541249
1 0.00700419 0.00701512
2 0.0133577 0.0133685
2 0.0629938 0.0630041
2 0.0158162 0.0158262
1 0.00688994 0.00689981
1 0.00535374 0.00536332
1 0.0057719 0.00578143
1 0.00606274 0.00607223
2 0.0753237 0.0753327
1 0.00752147 0.00753029
2 0.0458764 0.0458844
1 0.00211444 0.00212191
1 0.0193007 0.0193081
1 0.0057265 0.00573385
1 0.00610295 0.00611022
2 0.0275772 0.0275838
1 0.0050392 0.00504564
1 0.00193283 0.00193897
1 0.00471226 0.00471794
2 0.00354003 0.00354564
1 0.00783978 0.00784521
1 0.00197079 0.00197588
2 0.00453366 0.00453863
1 0.0152914 0.0152956
2 0.0135005 0.0135047
2 0.00574272 0.00574677
2 0.00416097 0.00416479
2 0.0145114 0.0145149
2 0.0105588 0.0105618
1 0.0133176 0.01332
2 0.0136 0.0136021
1 0.038483 0.038485
2 0.00579148 0.00579329
1 0.00366726 0.00366893
2 0.00523603 0.0052371
2 0.0153038 0.0153049
2 0.0247056 0.0247064
2 0.124893 0.124894
1 0.00363795 0.00363871
2 0.00718354 0.00718412
1 0.00505932 0.00505978
1 0.00845925 0.00845951
1 0.00449229 0.00449252
2 0.0059367 0.00593689
1 0.0378901 0.0378902
1 0.00332648 0.00332661
2 0.0109907 0.0109908
1 0.00387986 0.00387991
2 0.123885 0.123885
1 0.175554 0.175554
2 0.0203641 0.0203642
2 0.012955 0.012955
2 0.0164258 0.0164258
1 0.0328371 0.0328371
1 0.00216606 0.00216606
