0 0 inf
0 0 0.168722
1 0.1931 0.266324
0 0 0.0695889
1 0.0260947 0.0953112
0 0 0.0451554
0 0 0.0438624
0 0 0.0435554
0 0 0.0422825
1 0.0465893 0.0885568
0 0 0.0404869
0 0 0.0397254
0 0 0.0353338
0 0 0.0343738
1 0.0235263 0.0578044
1 0.2205 0.254262
0 0 0.0333392
0 0 0.0332348
0 0 0.0302917
1 0.0438763 0.073959
1 0.140122 0.168584
0 0 0.0268793
0 0 0.026186
0 0 0.0245314
0 0 0.024507
0 0 0.0240924
0 0 0.0229813
0 0 0.0224552
1 0.228569 0.248802
0 0 0.0201546
0 0 0.018667
0 0 0.0182568
0 0 0.016862
0 0 0.0150292
0 0 0.0148972
0 0 0.0147837
0 0 0.014573
0 0 0.0144166
1 0.0232975 0.0369843
0 0 0.0135786
0 0 0.0123043
2 0.312707 0.324851
0 0 0.0116988
1 0.0051207 0.0166733
0 0 0.0115334
0 0 0.0115202
2 0.172054 0.183282
1 0.0431959 0.0538577
0 0 0.0092181
1 0.0100342 0.0192052
0 0 0.00904722
1 0.0456434 0.0545479
0 0 0.0087889
1 0.0599301 0.0687008
0 0 0.00876203
0 0 0.00869852
0 0 0.00866277
1 0.158713 0.167258
1 0.00473091 0.0132128
0 0 0.00802007
1 0.00691401 0.0148682
1 0.0564537 0.0642324
0 0 0.00770814
0 0 0.00767484
1 0.0272433 0.0347995
0 0 0.00754021
0 0 0.00753533
0 0 0.00739195
1 0.00826871 0.0156361
0 0 0.00734782
1 0.0381923 0.0454336
1 0.0475169 0.0545775
1 0.038812 0.0453639
0 0 0.00647686
0 0 0.00601183
0 0 0.00597751
1 0.00900131 0.0149169
1 0.0424662 0.0483064
1 0.005212 0.0109728
0 0 0.00573483
1 0.0172926 0.0230007
0 0 0.00567826
0 0 0.00553149
0 0 0.00548053
0 0 0.00544022
0 0 0.0054237
1 0.00346918 0.00887339
1 0.177913 0.183312
1 0.0241384 0.0295291
1 0.0482888 0.0535904
0 0 0.0052451
1 0.0248425 0.0299804
0 0 0.00509437
1 0.00577757 0.0107465
0 0 0.00493785
0 0 0.00487215
0 0 0.00475711
0 0 0.00475476
0 0 0.00474792
0 0 0.00471993
0 0 0.00470662
0 0 0.00469512
0 0 0.00465331
0 0 0.00452524
0 0 0.00452326
1 0.0101544 0.0146752
0 0 0.0044658
0 0 0.00445
0 0 0.00438415
2 0.0971071 0.101457
0 0 0.00432335
0 0 0.00427996
2 0.0605599 0.0648217
1 0.20261 0.206853
1 0.0271973 0.0313278
0 0 0.00409259
0 0 0.00409217
0 0 0.00409079
0 0 0.00409014
0 0 0.00405801
0 0 0.00401499
0 0 0.0040095
1 0.0552919 0.0592583
0 0 0.00389236
0 0 0.00386113
0 0 0.00385748
1 0.00946374 0.0132224
0 0 0.00374948
0 0 0.0037493
0 0 0.00372912
0 0 0.00370238
0 0 0.0036846
0 0 0.00358961
0 0 0.00358842
0 0 0.00356263
1 0.0343278 0.0378712
0 0 0.00351738
0 0 0.00343129
0 0 0.00342522
0 0 0.0033942
0 0 0.00335796
0 0 0.00329095
0 0 0.00327857
0 0 0.00326245
0 0 0.00325519
0 0 0.0032187
1 0.19769 0.200879
0 0 0.00318682
0 0 0.0031824
0 0 0.00315474
1 0.00881177 0.0119649
0 0 0.00313979
1 0.00784783 0.0108689
0 0 0.00299449
1 0.0149181 0.0178849
0 0 0.00294687
0 0 0.00290048
1 0.0275356 0.0304357
0 0 0.00288232
0 0 0.00285253
1 0.0398897 0.0427306
1 0.00615131 0.00895693
0 0 0.00280529
0 0 0.00278646
0 0 0.00277987
2 0.080323 0.0830616
2 0.0542916 0.0570286
0 0 0.00273476
0 0 0.00272399
1 0.0163474 0.0189947
0 0 0.00264648
2 0.21646 0.219031
0 0 0.00256268
0 0 0.00253929
1 0.104146 0.106682
0 0 0.00253107
0 0 0.0025235
0 0 0.00250536
0 0 0.00249107
0 0 0.00248226
1 0.00921217 0.0116706
0 0 0.00245462
1 0.044497 0.0469263
0 0 0.00241678
0 0 0.00241277
0 0 0.0024093
1 0.0284571 0.0308603
0 0 0.00233229
0 0 0.00226449
0 0 0.00223479
1 0.0054423 0.00766602
0 0 0.0021942
0 0 0.00219342
0 0 0.00217949
1 0.0172206 0.0193986
0 0 0.00217295
0 0 0.0021572
0 0 0.00212524
1 0.0241797 0.0262751
0 0 0.0020823
1 0.0243634 0.0264452
0 0 0.00207416
1 0.00372093 0.00578752
0 0 0.00205663
1 0.0026949 0.00473423
0 0 0.00201007
1 0.0238876 0.0258762
0 0 0.00196189
1 0.0911568 0.0930627
0 0 0.00190289
1 0.00707044 0.00896683
2 0.0172804 0.019166
1 0.0161673 0.0180368
0 0 0.00186731
0 0 0.00185208
1 0.00643844 0.00825997
1 0.0204004 0.022206
0 0 0.00177879
0 0 0.00175855
1 0.00623842 0.00799339
1 0.0162345 0.017987
1 0.0359077 0.0376582
0 0 0.00170054
0 0 0.00169782
2 0.0862347 0.0879103
1 0.066727 0.0683912
0 0 0.0016307
0 0 0.00161025
0 0 0.00160295
1 0.00837048 0.00996686
0 0 0.00158344
0 0 0.00154779
1 0.00742229 0.00896406
2 0.014329 0.0158593
1 0.0342069 0.0357352
1 0.013745 0.0152658
0 0 0.00149415
0 0 0.00148647
0 0 0.00147444
2 0.0166148 0.0180848
1 0.0040754 0.00553868
0 0 0.00144167
1 0.00687989 0.00831463
1 0.00988461 0.011313
1 0.0114707 0.0128748
1 0.00792142 0.00932532
1 0.0559349 0.0573269
0 0 0.00136248
1 0.00590207 0.00725329
2 0.0548248 0.0561458
0 0 0.00131288
2 0.0708782 0.072187
0 0 0.00129361
0 0 0.00128698
0 0 0.00128536
0 0 0.00127387
1 0.0509361 0.052187
1 0.191473 0.19272
0 0 0.00123686
1 0.00530281 0.00653064
1 0.00915182 0.0103788
1 0.0656787 0.0669037
1 0.0350063 0.036225
1 0.0107624 0.0119806
0 0 0.00121254
1 0.00728386 0.00847962
1 0.0423515 0.0435409
2 0.0182029 0.0193892
0 0 0.0011815
0 0 0.00117177
1 0.0116157 0.0127858
0 0 0.00116946
1 0.240977 0.242145
1 0.0370796 0.0382412
1 0.0438958 0.0450463
1 0.00644793 0.00758197
0 0 0.00111652
0 0 0.00111627
0 0 0.00109373
0 0 0.00109109
1 0.0195346 0.0206121
1 0.00758272 0.00864238
1 0.0104011 0.0114421
1 0.0526821 0.0537166
0 0 0.00103345
2 0.321823 0.322848
0 0 0.00102493
0 0 0.00101998
2 0.040978 0.0419915
1 0.0534516 0.0544399
1 0.0354099 0.0363849
1 0.289044 0.290003
1 0.01591 0.0168668
1 0.128871 0.129823
2 0.0477965 0.0487477
1 0.104344 0.105287
1 0.0104655 0.0113901
0 0 0.000903036
1 0.0280015 0.0289033
0 0 0.00089708
0 0 0.00089425
0 0 0.0008904
0 0 0.000887646
1 0.00314878 0.0040304
1 0.0524852 0.053356
1 0.0203692 0.0212336
1 0.015508 0.0163678
1 0.0804862 0.0813407
1 0.0103079 0.0111517
1 0.0291799 0.0300194
1 0.238605 0.239442
1 0.00770522 0.00853489
1 0.00554199 0.00636344
1 0.00301382 0.00382297
1 0.0340011 0.0347972
1 0.00391552 0.00470974
1 0.00616814 0.00695835
0 0 0.00078126
1 0.00840248 0.00916837
2 0.174097 0.174862
0 0 0.00074341
0 0 0.000738794
1 0.00799152 0.0087211
0 0 0.000724481
1 0.00909341 0.00981487
1 0.00699578 0.00769874
1 0.02404 0.0247325
1 0.0203109 0.0209974
2 0.0475588 0.0482433
1 0.00753745 0.00821454
1 0.0123145 0.0129913
1 0.0177507 0.0184219
1 0.05738 0.0580504
1 0.0585268 0.0591953
1 0.00659376 0.00724953
1 0.0883706 0.0890251
0 0 0.000651933
1 0.160002 0.160642
1 0.0523339 0.052969
2 0.0223231 0.0229489
0 0 0.000624454
0 0 0.000619712
1 0.0152578 0.0158616
1 0.0138351 0.0144339
2 0.0111578 0.0117508
1 0.0338504 0.0344418
1 0.00382719 0.00441393
0 0 0.000580975
1 0.00435615 0.00491257
1 0.0124362 0.0129904
1 0.00578721 0.00634128
2 0.061026 0.0615798
1 0.00647806 0.00703176
1 0.0043887 0.00494032
2 0.0171927 0.0177388
1 0.00472564 0.00525453
1 0.0101194 0.0106459
2 0.0210602 0.0215846
2 0.0210633 0.0215874
1 0.0323974 0.0329187
0 0 0.000517406
1 0.00309667 0.00361283
1 0.00182895 0.00234115
2 0.0155058 0.016011
1 0.008025 0.00852378
1 0.0105131 0.011006
1 0.00323193 0.00372342
1 0.0543454 0.054832
1 0.0775728 0.0780559
0 0 0.000481293
1 0.0289393 0.0294197
1 0.00295745 0.00343747
1 0.00600991 0.00648905
1 0.00501913 0.00549789
1 0.0151225 0.0156012
0 0 0.000475998
1 0.00324962 0.00372091
1 0.0189479 0.0194189
0 0 0.000468631
1 0.00389381 0.00435859
1 0.00762296 0.0080845
1 0.00813094 0.00859142
2 0.251513 0.251973
1 0.0048678 0.00532499
1 0.00730834 0.00775032
1 0.00672223 0.0071631
2 0.0215058 0.0219351
1 0.00284834 0.00326665
1 0.0284439 0.0288576
1 0.00969517 0.0101042
0 0 0.000400406
2 0.0188887 0.0192869
1 0.0155664 0.0159595
1 0.00761822 0.00800632
1 0.00329802 0.00368216
1 0.00256781 0.00295102
1 0.00939492 0.00977028
2 0.0423534 0.0427267
1 0.00489237 0.00526385
1 0.0162744 0.0166452
0 0 0.000361013
2 0.0192316 0.0195852
1 0.00361106 0.00396458
2 0.0182075 0.0185603
1 0.0622115 0.0625635
2 0.0883171 0.0886691
1 0.00693679 0.00728306
1 0.041835 0.0421804
1 0.0449249 0.0452616
1 0.00335557 0.00368966
1 0.00425457 0.00458296
2 0.010985 0.0113126
1 0.0103581 0.0106804
1 0.0254341 0.0257524
1 0.0303963 0.0307144
1 0.00785257 0.00816708
1 0.00771561 0.00802966
1 0.0148879 0.015198
2 0.0205767 0.0208838
1 0.00423624 0.00454208
1 0.0047235 0.00502824
1 0.00348552 0.00378848
2 0.0174408 0.0177253
1 0.0454491 0.0457253
1 0.00293325 0.00320238
1 0.0163758 0.016643
0 0 0.000255424
1 0.0830857 0.083339
1 0.0163792 0.0166197
1 0.00265345 0.00289158
1 0.0131639 0.0133993
1 0.00350584 0.00374084
1 0.0535756 0.0538089
2 0.0318746 0.0321018
2 0.0553644 0.055591
1 0.00573356 0.00595971
1 0.0101758 0.0103935
2 0.0399519 0.0401674
2 0.0239542 0.0241673
1 0.055856 0.0560659
2 0.0835973 0.0838059
2 0.0139332 0.014138
1 0.0540859 0.054288
1 0.00631072 0.00650308
1 0.0194613 0.0196524
2 0.0171379 0.0173234
1 0.00584603 0.00603148
1 0.00869661 0.00888042
1 0.0126464 0.0128284
1 0.00201291 0.00219486
1 0.00205377 0.00223524
1 0.00520654 0.00538707
1 0.0249462 0.0251225
2 0.0576598 0.057835
1 0.00395255 0.00412522
2 0.0175942 0.0177591
1 0.00647063 0.00663234
1 0.00742573 0.00758473
2 0.0291107 0.0292677
1 0.0160847 0.0162413
2 0.0130666 0.0132201
1 0.0197182 0.0198711
1 0.067425 0.0675758
1 0.0489052 0.0490549
1 0.00761 0.0077565
2 0.0114581 0.0116043
1 0.0712162 0.0713575
2 0.0157626 0.0159038
1 0.00839475 0.00853337
1 0.0143036 0.0144421
2 0.0780787 0.0782167
2 0.0261024 0.0262391
1 0.183612 0.183743
2 0.0134905 0.0136211
1 0.00341403 0.00354426
1 0.0102602 0.010389
2 0.320347 0.320475
1 0.0151496 0.015277
2 0.00844242 0.00856684
2 0.0169152 0.0170388
1 0.0871591 0.0872825
1 0.00190377 0.00202677
1 0.00550914 0.00562965
1 0.0361119 0.0362321
1 0.00588571 0.0060055
1 0.00338438 0.00350036
2 0.0166758 0.0167901
1 0.00215091 0.00226372
1 0.0944501 0.0945613
2 0.0300241 0.0301346
2 0.0192378 0.0193478
2 0.0166886 0.0167974
1 0.00347955 0.00358674
1 0.00174418 0.00184805
1 0.00121866 0.00132008
1 0.00886651 0.00896759
0 0 9.93592e-05
1 0.00681425 0.00691307
1 0.0230397 0.0231362
2 0.0249488 0.0250422
2 0.0133946 0.0134869
2 0.00969916 0.00979016
1 0.0104487 0.0105387
1 0.0245379 0.0246274
1 0.0187446 0.018833
2 0.0138473 0.0139336
1 0.0045758 0.00466204
1 0.00345936 0.00354552
2 0.0204617 0.0205431
2 0.00899326 0.00906967
1 0.00640183 0.00647731
1 0.0417651 0.04184
1 0.00500257 0.00507686
1 0.00374558 0.00381959
2 0.0171569 0.0172304
1 0.0124386 0.0125117
1 0.0158619 0.0159328
1 0.00687071 0.00694102
1 0.00628755 0.00635497
1 0.0154325 0.0154988
2 0.0875402 0.0876064
2 0.0214204 0.0214862
2 0.0175758 0.017641
1 0.0010898 0.00115308
2 0.00517683 0.00523832
2 0.019608 0.0196691
2 0.00938972 0.00944999
2 0.0123374 0.0123938
1 0.0102613 0.0103175
2 0.00960853 0.00966416
1 0.00200601 0.00206108
2 0.047753 0.047808
2 0.0976257 0.0976807
1 0.00282833 0.00288085
1 0.0110384 0.0110899
1 0.00556519 0.00561629
1 0.0147123 0.014763
1 0.00193437 0.00198403
1 0.00164774 0.00169636
2 0.0101268 0.0101751
1 0.00493015 0.00497762
1 0.00486956 0.0049166
1 0.00406413 0.00411104
1 0.0078812 0.00792694
1 0.011264 0.0113093
2 0.00549733 0.00554203
1 0.00506027 0.00510417
2 0.0126509 0.0126948
1 0.0147539 0.0147975
1 0.0600327 0.0600763
2 0.0169323 0.0169758
1 0.016413 0.0164558
1 0.00510339 0.00514598
2 0.0146501 0.0146926
2 0.0421501 0.0421922
1 0.0173461 0.0173861
2 0.00292916 0.00296835
1 0.00596173 0.0060008
2 0.0116035 0.0116419
2 0.00883533 0.00887358
2 0.0105179 0.0105557
1 0.00680687 0.006844
2 0.0110612 0.0110981
1 0.0228234 0.0228571
1 0.00767456 0.00770818
1 0.00468713 0.00471964
1 0.00563462 0.00566546
2 0.0125442 0.0125749
0 0 3.04475e-05
1 0.0202794 0.0203085
1 0.00156019 0.00158794
1 0.00655249 0.0065791
2 0.00523216 0.00525851
1 0.0292741 0.0293003
1 0.0357516 0.0357774
1 0.00758234 0.00760808
1 0.0124114 0.0124369
2 0.00474366 0.00476858
1 0.00886507 0.00888786
2 0.064116 0.0641386
1 0.0149878 0.0150101
2 0.0577655 0.0577865
2 0.0190405 0.0190604
0 0 1.95251e-05
2 0.00454527 0.00456441
1 0.0120261 0.0120447
1 0.0122905 0.012309
2 0.00607917 0.00609697
2 0.0548489 0.0548667
2 0.0150437 0.0150609
2 0.0149048 0.0149219
2 0.00592873 0.00594545
1 0.0158272 0.0158433
1 0.0105632 0.010579
1 0.251915 0.25193
1 0.00831883 0.00833409
2 0.00836712 0.00838164
1 0.0114521 0.0114661
2 0.108619 0.108632
2 0.129838 0.129851
2 0.00895119 0.0089639
1 0.00795467 0.00796719
1 0.0916403 0.0916527
2 0.0213144 0.0213263
1 0.00294205 0.00295384
1 0.00221798 0.00222943
1 0.0091124 0.00912374
2 0.0158543 0.0158655
2 0.00560231 0.00561302
1 0.00569457 0.00570434
2 0.00964894 0.00965838
2 0.00834129 0.00835047
1 0.00564838 0.00565728
1 0.0119523 0.0119611
2 0.016714 0.0167212
1 0.0155703 0.0155774
1 0.00188708 0.00189407
2 0.00579319 0.00580017
2 0.0224679 0.0224747
1 0.00786822 0.00787413
2 0.0134427 0.0134484
1 0.00537846 0.00538337
1 0.0083476 0.00835227
1 0.00360209 0.00360644
1 0.00113285 0.00113718
1 0.00228684 0.00229093
2 0.00809992 0.00810382
1 0.0417535 0.0417574
1 0.0133753 0.0133791
2 0.00794514 0.00794833
2 0.009038 0.00904107
2 0.00561986 0.00562292
1 0.00795691 0.00795982
2 0.186887 0.18689
2 0.0144149 0.0144172
2 0.00496482 0.00496682
1 0.00992776 0.00992956
2 0.00797989 0.00798164
1 0.00409776 0.00409931
1 0.00259481 0.00259597
2 0.032655 0.0326558
2 0.0069135 0.00691418
2 0.00913618 0.0091367
2 0.0188746 0.0188751
1 0.0105256 0.0105259
2 0.0387262 0.0387265
2 0.00960105 0.00960133
1 0.00282373 0.00282398
1 0.00206423 0.00206435
1 0.0829003 0.0829004
2 0.018537 0.0185371
2 0.00809612 0.00809614
1 0.0545619 0.0545619
