0 0 inf
0 0 0.0868516
1 0.191785 0.276815
0 0 0.084763
0 0 0.0606311
0 0 0.0490193
0 0 0.0482653
0 0 0.0470516
1 0.0443893 0.086005
1 0.179641 0.221122
0 0 0.0401025
0 0 0.0396844
1 0.0333093 0.068475
0 0 0.0351334
1 0.0491344 0.0834461
0 0 0.033285
0 0 0.0306047
0 0 0.0299981
0 0 0.0299091
1 0.0474651 0.0753644
2 0.355069 0.381122
0 0 0.0259973
0 0 0.0253476
0 0 0.0244626
0 0 0.0217088
1 0.126072 0.147644
0 0 0.0196725
0 0 0.0184172
1 0.252718 0.27047
1 0.0560619 0.0735636
0 0 0.0171695
1 0.217821 0.234596
1 0.0700486 0.0868189
0 0 0.0164412
0 0 0.0160931
0 0 0.0159924
0 0 0.0159396
0 0 0.0158834
0 0 0.0158283
0 0 0.0155709
0 0 0.0154942
1 0.138167 0.153645
0 0 0.015252
0 0 0.0151956
0 0 0.0143865
0 0 0.0140798
0 0 0.0134484
1 0.0301531 0.0433067
1 0.0385456 0.0512433
0 0 0.0126328
0 0 0.0122827
1 0.00780576 0.0197098
0 0 0.0118569
1 0.110917 0.122596
0 0 0.011633
1 0.0465326 0.0581281
0 0 0.0114591
0 0 0.0114414
1 0.0104136 0.0217014
0 0 0.0112041
1 0.0467244 0.0572087
1 0.0848419 0.0952735
0 0 0.00963948
0 0 0.00959036
0 0 0.00937391
0 0 0.00937373
0 0 0.00925417
0 0 0.0089638
1 0.0205291 0.0294751
0 0 0.00887083
1 0.0883859 0.0971975
1 0.00840482 0.017015
0 0 0.00842544
0 0 0.00835019
1 0.00714529 0.0154847
0 0 0.00825687
0 0 0.00814839
1 0.0997237 0.107844
0 0 0.00807835
0 0 0.00790007
0 0 0.00782009
0 0 0.00780001
1 0.00647055 0.0142213
0 0 0.007518
0 0 0.00750829
0 0 0.00744476
0 0 0.00732511
1 0.0163044 0.0236094
0 0 0.00724699
0 0 0.007203
1 0.0107056 0.0176543
0 0 0.00675143
0 0 0.00668152
0 0 0.00663098
0 0 0.00662693
0 0 0.00655278
0 0 0.00649754
0 0 0.00649552
1 0.319221 0.325661
0 0 0.00630781
0 0 0.00628297
0 0 0.00626894
2 0.0313158 0.0373058
0 0 0.0058767
0 0 0.00576182
1 0.0389411 0.0445434
0 0 0.0054067
0 0 0.00535346
1 0.0105176 0.0158332
1 0.0661638 0.0714776
0 0 0.00526964
0 0 0.0051217
0 0 0.00503547
0 0 0.00496885
0 0 0.00494299
0 0 0.00489374
0 0 0.00480967
0 0 0.00478231
0 0 0.00469036
1 0.0195216 0.0241409
1 0.0104527 0.0149473
0 0 0.00447206
1 0.0619901 0.0663874
2 0.152419 0.156754
0 0 0.00433172
0 0 0.00426504
0 0 0.00419236
0 0 0.0040822
1 0.00989376 0.0139759
0 0 0.0040172
0 0 0.0040139
1 0.0223985 0.0263848
1 0.0187486 0.0227079
1 0.0108023 0.0147486
0 0 0.00394511
0 0 0.00394281
1 0.0114585 0.0153665
1 0.041552 0.0454482
0 0 0.00383906
0 0 0.00378162
1 0.0111026 0.0148205
0 0 0.00366162
1 0.0510002 0.0546136
1 0.0196906 0.0232706
0 0 0.00357675
0 0 0.00356152
0 0 0.00353196
2 0.086455 0.0899217
1 0.0326268 0.036089
0 0 0.00346205
0 0 0.00345993
0 0 0.00334484
1 0.0101798 0.0134978
1 0.0357629 0.0390779
0 0 0.00331127
0 0 0.00330688
0 0 0.00325267
1 0.0191333 0.0223663
0 0 0.00319943
0 0 0.00316901
0 0 0.0031177
1 0.0205323 0.0235588
1 0.0337216 0.0366323
0 0 0.00290047
2 0.0446049 0.0474693
1 0.036301 0.0391636
0 0 0.00278067
1 0.00991907 0.0126935
0 0 0.00273274
1 0.0242888 0.0270203
0 0 0.00271608
0 0 0.00269582
1 0.0209747 0.0236351
0 0 0.00263754
1 0.0491358 0.05176
0 0 0.00259309
1 0.00808127 0.0106732
0 0 0.00257293
0 0 0.00256906
1 0.0209399 0.0235007
1 0.0292922 0.0318096
2 0.0238959 0.026377
1 0.0316249 0.0340969
1 0.0220289 0.0244957
0 0 0.00245376
0 0 0.00237949
1 0.061554 0.0638752
1 0.00669538 0.00899711
1 0.00398769 0.00626737
1 0.0320075 0.0342821
0 0 0.00225137
0 0 0.00224997
0 0 0.00223055
0 0 0.00219063
0 0 0.00216481
0 0 0.00214365
0 0 0.00213552
1 0.00383271 0.00595412
0 0 0.00209975
2 0.0409874 0.0430513
2 0.0451747 0.0472111
0 0 0.00203397
1 0.0369271 0.0389564
0 0 0.00198313
0 0 0.0019695
0 0 0.00195602
1 0.0089015 0.0108197
0 0 0.00191069
0 0 0.0019019
1 0.0248596 0.0267437
0 0 0.00182756
1 0.00473595 0.00655015
1 0.031834 0.0336399
0 0 0.0018006
0 0 0.00179708
0 0 0.0017726
1 0.00948485 0.0112498
1 0.00890828 0.0106215
1 0.00973999 0.0114142
0 0 0.00160461
0 0 0.0015915
0 0 0.00154532
0 0 0.00154202
1 0.00477582 0.00631223
1 0.00461228 0.0061411
0 0 0.00152836
0 0 0.00152693
1 0.01456 0.0160836
1 0.0108068 0.0123232
2 0.040853 0.042367
2 0.0722611 0.0737563
0 0 0.0014894
0 0 0.00148711
0 0 0.00148229
0 0 0.00147634
1 0.0209149 0.0223844
1 0.0425187 0.0439879
1 0.0218921 0.0233608
0 0 0.00146765
1 0.014895 0.0163623
1 0.00909881 0.0105601
0 0 0.00142553
0 0 0.00141002
1 0.0116403 0.0130417
1 0.00531945 0.00671818
1 0.0100744 0.0114619
1 0.0303723 0.0317565
0 0 0.00137252
0 0 0.00136828
1 0.0515555 0.0528936
1 0.0680709 0.0694024
1 0.0134535 0.014782
0 0 0.00132703
0 0 0.00131241
1 0.00856091 0.00985769
2 0.0236339 0.0249089
0 0 0.00127289
0 0 0.00127188
1 0.0208687 0.0221371
1 0.00908178 0.0103417
0 0 0.00122396
2 0.0859024 0.0871089
1 0.0175829 0.0187857
0 0 0.00120178
1 0.0174434 0.0186436
1 0.0281095 0.0293033
2 0.0779764 0.0791698
1 0.0305702 0.0317594
2 0.0362297 0.037414
1 0.0153079 0.016487
1 0.0204058 0.0215767
1 0.0563984 0.0575564
1 0.0200903 0.0212474
0 0 0.00113426
1 0.00751392 0.00864786
0 0 0.0011285
1 0.0316479 0.0327747
2 0.0149595 0.0160841
1 0.0160075 0.0171196
1 0.0254781 0.0265738
1 0.00956745 0.0106388
1 0.0240734 0.0251416
1 0.00703568 0.00810309
1 0.013271 0.0143375
1 0.0165434 0.0176031
1 0.00718855 0.00822507
0 0 0.00103291
1 0.00659742 0.00762042
0 0 0.00102051
0 0 0.00100503
0 0 0.0010031
0 0 0.00099272
0 0 0.000976579
2 0.0260647 0.0270227
1 0.0341918 0.0351459
2 0.0782543 0.0791794
1 0.0292161 0.030129
0 0 0.000907185
1 0.00689404 0.00778694
1 0.00831852 0.00920876
0 0 0.00088048
1 0.00819664 0.00906436
2 0.0871082 0.0879617
1 0.070145 0.0709946
1 0.0128177 0.0136652
1 0.0170726 0.0179181
0 0 0.000844458
1 0.00670745 0.0075475
0 0 0.000834031
1 0.0555155 0.0563161
1 0.00865395 0.00943679
1 0.0485493 0.0493184
1 0.00584937 0.00661097
0 0 0.000738135
1 0.0188788 0.0195993
2 0.0192515 0.0199682
0 0 0.000714545
1 0.0109839 0.0116785
2 0.0581029 0.0587917
0 0 0.000674207
1 0.0733225 0.0739963
1 0.00939153 0.0100566
1 0.0171362 0.0178007
1 0.0158439 0.0165062
1 0.00465993 0.00532112
0 0 0.00065857
0 0 0.000656843
1 0.00439394 0.0050442
2 0.0997369 0.100386
1 0.00809939 0.00871848
1 0.0343293 0.0349379
1 0.00155427 0.00215741
0 0 0.000601577
1 0.0176852 0.0182755
1 0.0104738 0.0110616
1 0.00545611 0.0060407
1 0.00304852 0.00361677
1 0.0532473 0.0538152
2 0.115873 0.11644
1 0.0050215 0.00558796
1 0.0363802 0.0369431
0 0 0.000555417
1 0.00650358 0.00705669
0 0 0.000548001
1 0.0204954 0.021033
1 0.125379 0.125914
0 0 0.000521098
1 0.00212958 0.00264546
2 0.0270625 0.0275738
1 0.0106199 0.0111299
2 0.0165186 0.0170272
1 0.0253001 0.025808
1 0.0611041 0.0616096
2 0.0145714 0.015067
0 0 0.000490956
1 0.0119482 0.0124256
2 0.0687714 0.0692294
0 0 0.000450473
1 0.00184786 0.00228212
1 0.00540062 0.00582276
2 0.0339847 0.0344043
2 0.0179273 0.0183402
1 0.0156527 0.0160625
1 0.004441 0.00484768
1 0.0360293 0.0364238
1 0.00149182 0.00188242
0 0 0.00038547
2 0.0597599 0.0601451
1 0.010157 0.0105376
1 0.0371103 0.0374906
1 0.0206794 0.0210557
1 0.103861 0.104233
1 0.00508652 0.00545073
0 0 0.000361122
1 0.00204727 0.00240311
2 0.0113958 0.0117514
1 0.00288462 0.00323661
2 0.024415 0.0247664
0 0 0.000341033
1 0.0179888 0.0183239
1 0.0121558 0.0124851
1 0.00445442 0.00477961
1 0.00140296 0.00172698
1 0.0113969 0.0117133
1 0.00922112 0.00953226
1 0.00184588 0.00214537
2 0.0210589 0.021358
1 0.0337718 0.0340702
1 0.00781583 0.00811408
0 0 0.000297433
0 0 0.000288199
2 0.00881469 0.00909852
1 0.00356323 0.0038419
1 0.146073 0.146349
1 0.0255951 0.0258686
1 0.00349918 0.00377262
1 0.00177105 0.00204346
1 0.0168167 0.0170826
0 0 0.000263609
1 0.0810384 0.0812893
1 0.00419955 0.00445028
2 0.270599 0.270849
1 0.00411908 0.00436663
1 0.0294295 0.0296735
1 0.0118363 0.0120781
1 0.00302316 0.0032636
2 0.0141292 0.0143691
1 0.00440452 0.00464392
1 0.0530913 0.0533267
1 0.0117206 0.0119557
0 0 0.000234832
1 0.008749 0.00898089
2 0.0167783 0.0170093
1 0.00269463 0.00292193
1 0.0329798 0.0332044
0 0 0.000223398
1 0.0206686 0.0208836
1 0.0246268 0.0248341
2 0.0366344 0.0368384
1 0.0153724 0.0155761
1 0.00411064 0.00431322
1 0.0708794 0.0710771
1 0.00543601 0.00563304
0 0 0.000194308
0 0 0.00019321
1 0.0209304 0.021123
1 0.00418308 0.0043737
0 0 0.000187947
1 0.0287803 0.0289652
1 0.00107112 0.0012551
1 0.0182809 0.0184586
2 0.0214283 0.0216058
1 0.00528317 0.0054599
0 0 0.0001747
1 0.0220687 0.0222379
1 0.0174827 0.0176514
1 0.0130364 0.0132042
1 0.0237915 0.0239584
1 0.0166983 0.0168632
1 0.00244129 0.00260416
2 0.0151829 0.0153447
2 0.0189182 0.0190795
1 0.001672 0.00183147
0 0 0.000154283
1 0.0165069 0.0166594
1 0.0300835 0.0302332
2 0.0455753 0.0457198
2 0.0149788 0.0151216
1 0.00658916 0.00673044
2 0.0799213 0.0800618
1 0.0020803 0.00221956
1 0.026151 0.0262874
1 0.0409546 0.0410901
1 0.00630641 0.006438
1 0.00215242 0.00228152
0 0 0.000126946
1 0.00443977 0.00456347
1 0.00120346 0.00132646
2 0.0132094 0.0133285
2 0.00495944 0.00507803
2 0.0124621 0.0125805
1 0.0725649 0.0726831
1 0.00385778 0.00397508
2 0.015567 0.0156798
2 0.00537205 0.00548177
1 0.0229053 0.0230149
1 0.00466192 0.00477053
1 0.0112657 0.0113732
2 0.0815432 0.08165
1 0.0559366 0.0560428
1 0.00159168 0.00169783
1 0.00154456 0.0016506
0 0 0.000105555
1 0.0129798 0.0130832
2 0.0146394 0.0147417
1 0.00338612 0.00348703
2 0.0269194 0.0270177
1 0.0542117 0.0543092
1 0.0171863 0.0172831
0 0 9.66809e-05
1 0.0088282 0.00892296
1 0.00418625 0.00428064
1 0.0112019 0.011296
2 0.00584146 0.00593543
2 0.0206735 0.0207671
1 0.0185849 0.0186758
1 0.00453223 0.00462104
2 0.0024111 0.00249595
1 0.013621 0.0137037
2 0.0198345 0.0199168
2 0.0273184 0.0273994
1 0.00115286 0.00123319
2 0.0726604 0.0727375
1 0.0770357 0.0771111
2 0.0575259 0.0576009
0 0 7.48246e-05
1 0.0499761 0.0500492
1 0.142557 0.14263
1 0.000417426 0.0004898
1 0.00699597 0.00706633
1 0.112269 0.112339
1 0.0101306 0.0102002
1 0.0448326 0.0449015
2 0.0227507 0.0228191
1 0.00844446 0.00851241
2 0.0177744 0.017838
1 0.00250219 0.00256257
1 0.00482797 0.00488572
2 0.0153752 0.01543
1 0.0106523 0.010707
2 0.0143851 0.0144386
1 0.0362331 0.0362846
2 0.0117129 0.0117639
1 0.00877785 0.00882853
1 0.00482921 0.00487963
1 0.0130219 0.0130715
1 0.00702115 0.00706999
1 0.0259584 0.0260071
2 0.0151939 0.0152416
1 0.00283145 0.00287901
2 0.0214332 0.0214804
1 0.118021 0.118067
1 0.00917092 0.00921589
2 0.00774704 0.00779155
1 0.00446931 0.00451295
1 0.0351643 0.0352079
1 0.0862056 0.086249
0 0 4.28953e-05
1 0.00714299 0.00718542
2 0.0267887 0.0268303
1 0.00823541 0.00827657
1 0.00306287 0.00310395
1 0.014092 0.0141331
1 0.00663531 0.00667613
2 0.0116046 0.0116453
2 0.0104207 0.0104595
1 0.0131459 0.0131835
2 0.0107005 0.0107365
2 0.00899557 0.00903111
2 0.01874 0.0187741
1 0.0143365 0.0143705
1 0.000494759 0.000528422
1 0.0184766 0.0185098
1 0.00573471 0.00576646
1 0.0574421 0.0574727
1 0.0121031 0.0121324
1 0.00479232 0.00482107
2 0.00676724 0.00679538
1 0.0170963 0.0171243
2 0.0118228 0.0118501
2 0.00437647 0.00440225
1 0.0271388 0.0271642
1 0.00761043 0.00763579
1 0.01007 0.0100953
1 0.01404 0.0140648
1 0.000311247 0.000334642
1 0.00431208 0.00433524
1 0.0139909 0.0140135
1 0.0225174 0.0225392
1 0.000499024 0.000520553
1 0.013815 0.0138363
1 0.0185082 0.0185293
1 0.0228495 0.0228694
1 0.00275724 0.00277715
1 0.00397284 0.00399267
1 0.00364558 0.00366514
2 0.0918697 0.0918879
1 0.00652983 0.00654522
1 0.0627312 0.0627463
2 0.0712694 0.0712845
2 0.0246664 0.0246813
2 0.155976 0.15599
1 0.00747344 0.00748676
2 0.0421143 0.0421275
1 0.0101227 0.0101355
1 0.0108766 0.010889
2 0.0757457 0.0757578
1 0.0840095 0.0840216
1 0.0115669 0.0115789
2 0.00694418 0.00695555
2 0.0711577 0.0711685
1 0.0128688 0.0128794
1 0.00373184 0.0037421
2 0.0318041 0.0318133
1 0.00755255 0.00756119
2 0.0232648 0.0232732
2 0.00492694 0.00493504
2 0.0220506 0.0220583
1 0.00487203 0.00487965
2 0.0212495 0.021257
2 0.00676951 0.00677683
1 0.0312273 0.0312341
1 0.00103526 0.00104158
2 0.0574175 0.0574234
1 0.00904554 0.0090512
2 0.00301524 0.00302053
1 0.0148722 0.0148773
2 0.00802223 0.00802727
1 0.00280748 0.00281251
1 0.0225861 0.0225909
1 0.0160541 0.0160584
1 0.00380407 0.00380799
2 0.0267167 0.0267206
2 0.0292285 0.0292322
2 0.0277137 0.0277171
2 0.0341692 0.0341724
2 0.0115705 0.0115736
1 0.0236952 0.0236983
2 0.0809609 0.0809639
1 0.0176034 0.0176064
1 0.027666 0.0276689
1 0.0126235 0.0126262
2 0.0239685 0.0239711
1 0.0114878 0.0114901
1 0.0184568 0.018459
1 0.123725 0.123727
1 0.00969033 0.00969206
1 0.0104846 0.0104862
2 0.00493984 0.00494132
2 0.0927974 0.0927987
1 0.0012741 0.0012752
1 0.00103432 0.00103541
2 0.0870159 0.0870169
2 0.00376831 0.00376864
2 0.0248934 0.0248937
2 0.00172948 0.00172977
1 0.00123291 0.00123318
1 0.00168409 0.00168436
1 0.00293645 0.00293669
1 0.000601367 0.000601454
2 0.00127721 0.00127729
2 0.0291403 0.0291404
1 0.092066 0.092066
2 0.0116627 0.0116627
2 0.00295557 0.00295558
2 0.00495245 0.00495245
1 0.0107967 0.0107967
