0 0 inf
1 0.191785 0.278025
0 0 0.0861272
0 0 0.084763
0 0 0.0532765
0 0 0.0491344
0 0 0.0490193
0 0 0.0482653
1 0.0443893 0.086005
1 0.179641 0.221122
0 0 0.0401025
0 0 0.0396844
1 0.0333093 0.068475
0 0 0.0351334
0 0 0.0321918
0 0 0.0321701
0 0 0.0314051
0 0 0.0299981
0 0 0.0299091
1 0.0343588 0.0628323
1 0.0474651 0.0753644
2 0.355069 0.381122
0 0 0.0253476
0 0 0.0244626
0 0 0.0217088
1 0.126072 0.147644
1 0.063431 0.0834461
1 0.0654318 0.0843778
0 0 0.0184172
1 0.252718 0.27047
1 0.0560619 0.0735636
0 0 0.0170443
1 0.217821 0.234596
1 0.0848419 0.101547
0 0 0.0163972
0 0 0.0159924
0 0 0.0159396
0 0 0.0158834
0 0 0.0155709
0 0 0.0154942
1 0.138167 0.153645
0 0 0.015252
0 0 0.0151956
0 0 0.014933
0 0 0.0144485
0 0 0.0141128
0 0 0.0140798
0 0 0.0134484
1 0.0337216 0.0464269
1 0.0385456 0.0512433
0 0 0.0122827
0 0 0.0118569
1 0.110917 0.122596
0 0 0.011633
1 0.0465326 0.0581281
0 0 0.0114591
0 0 0.0114414
1 0.0104136 0.0217014
1 0.0196725 0.0309007
0 0 0.0112041
0 0 0.0112012
1 0.0467244 0.0572087
0 0 0.0104477
1 0.0223985 0.0327828
0 0 0.0103015
1 0.0101423 0.0204079
1 0.007518 0.017015
0 0 0.00937391
0 0 0.00925417
0 0 0.00924363
1 0.0363802 0.0455753
0 0 0.0089638
0 0 0.00825687
0 0 0.00814839
0 0 0.00807835
0 0 0.00805399
0 0 0.00801518
0 0 0.00791725
0 0 0.00790007
0 0 0.00782009
0 0 0.00770161
0 0 0.00750829
1 0.00755716 0.0150098
0 0 0.00744476
0 0 0.00732511
1 0.00699597 0.0142213
0 0 0.007203
0 0 0.00718272
0 0 0.00714529
1 0.0163044 0.0233608
1 0.0107056 0.0176543
0 0 0.00686078
0 0 0.00663098
0 0 0.00662693
0 0 0.00655278
0 0 0.00649754
0 0 0.00649552
0 0 0.00647055
1 0.319221 0.325661
0 0 0.00630781
0 0 0.00628297
0 0 0.00626894
0 0 0.00622086
0 0 0.0058767
0 0 0.00570003
0 0 0.00565507
0 0 0.00535346
0 0 0.00531945
1 0.0661638 0.0714776
0 0 0.00526964
1 0.0318623 0.0370002
2 0.032932 0.0380462
0 0 0.00496885
0 0 0.00494299
0 0 0.00489374
0 0 0.00480967
0 0 0.00478231
1 0.0105176 0.0152982
1 0.00927861 0.0139759
1 0.0195216 0.0241409
1 0.0104527 0.0149473
0 0 0.00447206
2 0.152419 0.156754
0 0 0.00433172
0 0 0.00426504
0 0 0.0041808
1 0.0300835 0.0341538
1 0.0187486 0.0227079
1 0.0108023 0.0147486
0 0 0.00394511
0 0 0.00394281
1 0.0114585 0.0153665
1 0.041552 0.0454482
0 0 0.00383906
0 0 0.00378162
1 0.0111026 0.0148205
0 0 0.00366419
0 0 0.00366162
0 0 0.00357675
0 0 0.00356152
0 0 0.00353196
1 0.0323074 0.035803
2 0.086455 0.0899217
1 0.0326268 0.036089
0 0 0.00346205
0 0 0.003403
0 0 0.00334484
1 0.0357629 0.0390779
0 0 0.00331127
0 0 0.00330688
0 0 0.00325267
0 0 0.00319943
0 0 0.00316901
0 0 0.0031177
1 0.00752669 0.0106215
1 0.0205323 0.0235588
1 0.0101504 0.0130968
0 0 0.00290047
1 0.036301 0.0391636
0 0 0.00278067
0 0 0.00273274
0 0 0.0027219
0 0 0.00271608
0 0 0.00266411
1 0.0209747 0.0236351
1 0.0137564 0.0163977
1 0.00541806 0.00805803
1 0.00576182 0.00838975
1 0.0491358 0.05176
1 0.00896317 0.0115791
0 0 0.00259309
1 0.00808127 0.0106732
0 0 0.00257293
0 0 0.00256906
1 0.0292922 0.0318096
1 0.0316249 0.0340969
1 0.0220289 0.0244957
0 0 0.00237949
1 0.0271388 0.0294751
1 0.0316479 0.0339753
1 0.00669538 0.00899711
1 0.00398769 0.00626737
1 0.0320075 0.0342821
2 0.103836 0.106091
0 0 0.00224997
0 0 0.00223055
1 0.0117206 0.0139356
0 0 0.00219063
1 0.0961672 0.098354
0 0 0.00214365
0 0 0.00213552
1 0.00383271 0.00595412
0 0 0.00209975
1 0.0171863 0.0192853
0 0 0.00203397
0 0 0.00200976
0 0 0.0019959
0 0 0.00198313
1 0.0510002 0.0529792
0 0 0.00195602
2 0.0859024 0.0878392
0 0 0.00191069
0 0 0.0019019
0 0 0.0018896
1 0.0248596 0.0267437
0 0 0.00182756
1 0.00473595 0.00655015
1 0.031834 0.0336399
0 0 0.00179708
0 0 0.0017726
1 0.00948485 0.0112498
1 0.00856091 0.0103176
1 0.00973999 0.0114142
0 0 0.00165285
0 0 0.00160461
0 0 0.00158049
0 0 0.00154532
0 0 0.00154202
1 0.00461228 0.0061411
0 0 0.00152836
0 0 0.00152693
1 0.01456 0.0160836
1 0.0108068 0.0123232
1 0.0089015 0.0103998
2 0.0722611 0.0737563
0 0 0.0014894
0 0 0.00148711
0 0 0.00148229
0 0 0.00147634
1 0.0209149 0.0223844
0 0 0.00146904
0 0 0.00146765
1 0.014895 0.0163623
1 0.00909881 0.0105601
0 0 0.00142553
1 0.00989376 0.0113116
1 0.0158171 0.0172307
0 0 0.00141002
1 0.0303723 0.0317565
0 0 0.00137252
0 0 0.00136828
1 0.0515555 0.0528936
0 0 0.00132703
0 0 0.00131241
1 0.0174434 0.01874
2 0.0236339 0.0249089
0 0 0.00127289
0 0 0.00127188
1 0.00908178 0.0103417
0 0 0.00122396
0 0 0.00120178
1 0.0281095 0.0293033
2 0.0779764 0.0791698
1 0.0570485 0.0582369
1 0.0134535 0.0146231
0 0 0.0011679
1 0.0734269 0.0745929
1 0.0205291 0.0216876
1 0.0563984 0.0575564
0 0 0.00113426
0 0 0.00113115
2 0.0149595 0.0160841
1 0.070145 0.0712694
1 0.0254781 0.0265738
1 0.00956745 0.0106388
1 0.0240734 0.0251416
1 0.00703568 0.00810309
1 0.013271 0.0143375
0 0 0.00105385
1 0.0564593 0.0575094
1 0.00718855 0.00822507
0 0 0.00103291
0 0 0.0010236
1 0.00659742 0.00762042
0 0 0.00102051
0 0 0.00100503
0 0 0.0010031
2 0.0395799 0.0405673
0 0 0.000976579
1 0.0341918 0.0351459
2 0.0782543 0.0791794
1 0.0292161 0.030129
0 0 0.000907185
1 0.00831852 0.00920876
0 0 0.000887643
0 0 0.00088048
2 0.0350161 0.0358879
1 0.00819664 0.00906436
2 0.0871082 0.0879617
1 0.0170726 0.0179181
0 0 0.000834031
1 0.0555155 0.0563161
2 0.0370446 0.0378306
1 0.00865395 0.00943679
1 0.0485493 0.0493184
1 0.00584937 0.00661097
1 0.0700486 0.0707972
0 0 0.000738135
1 0.00840482 0.0091409
0 0 0.000714545
2 0.0581029 0.0587917
0 0 0.000674207
1 0.0733225 0.0739963
1 0.00939153 0.0100566
1 0.0171362 0.0178007
1 0.00465993 0.00532112
0 0 0.00065857
0 0 0.000656843
1 0.00439394 0.0050442
1 0.0305702 0.0312029
2 0.0323419 0.0329682
1 0.00809939 0.00871848
1 0.0357708 0.0363853
1 0.00155427 0.00215741
0 0 0.000601577
2 0.0264333 0.0270227
1 0.0104738 0.0110616
1 0.0532473 0.0538152
1 0.0050215 0.00558796
2 0.0202738 0.0208327
0 0 0.000555417
1 0.00650358 0.00705669
0 0 0.000548001
1 0.0204954 0.021033
1 0.125379 0.125914
0 0 0.000528264
0 0 0.000521098
1 0.00212958 0.00264546
2 0.0270625 0.0275738
1 0.0106199 0.0111299
2 0.0165186 0.0170272
1 0.0253001 0.025808
1 0.0611041 0.0616096
1 0.0255644 0.0260647
2 0.0145714 0.015067
0 0 0.000490956
1 0.0119482 0.0124256
2 0.0199912 0.0204663
1 0.017715 0.0181864
2 0.0687714 0.0692294
1 0.0145722 0.0150244
0 0 0.000450473
1 0.00184786 0.00228212
2 0.104483 0.104905
1 0.00540062 0.00582276
2 0.0339847 0.0344043
1 0.0343293 0.0347429
1 0.0156527 0.0160625
1 0.004441 0.00484768
2 0.0757707 0.0761755
1 0.0190322 0.0194319
1 0.0360293 0.0364238
1 0.00149182 0.00188242
0 0 0.00038547
2 0.0597599 0.0601451
1 0.010157 0.0105376
1 0.0371103 0.0374906
0 0 0.000378638
1 0.0206794 0.0210557
1 0.0118338 0.0122098
1 0.0054976 0.00587129
1 0.103861 0.104233
0 0 0.000361122
1 0.028099 0.0284572
1 0.00204727 0.00240311
2 0.0113958 0.0117514
2 0.0319261 0.0322787
2 0.024415 0.0247664
1 0.00380407 0.00414962
2 0.0114619 0.0118056
0 0 0.000341033
2 0.0310694 0.0314073
1 0.0179888 0.0183239
1 0.00140296 0.00172698
1 0.0659142 0.0662338
1 0.0113969 0.0117133
1 0.00922112 0.00953226
2 0.0117324 0.0120396
1 0.00184588 0.00214537
1 0.0337718 0.0340702
0 0 0.000297433
2 0.0860913 0.0863856
0 0 0.000288199
2 0.00881469 0.00909852
1 0.00356323 0.0038419
2 0.0858634 0.0861394
1 0.146073 0.146349
1 0.0255951 0.0258686
1 0.00349918 0.00377262
1 0.00177105 0.00204346
1 0.0168167 0.0170826
0 0 0.000263609
1 0.00328635 0.00354737
1 0.0015915 0.00185076
2 0.0616083 0.0618653
2 0.0319788 0.032232
1 0.0810384 0.0812893
1 0.00411908 0.00436663
1 0.0132684 0.0135154
1 0.0294295 0.0296735
1 0.0118363 0.0120781
2 0.0141292 0.0143691
1 0.00440452 0.00464392
1 0.0530913 0.0533267
0 0 0.000234832
1 0.008749 0.00898089
2 0.0167783 0.0170093
1 0.00269463 0.00292193
1 0.00937373 0.00959931
0 0 0.000223398
1 0.0351643 0.035384
2 0.0366344 0.0368384
1 0.0153724 0.0155761
1 0.0164412 0.0166443
1 0.00411064 0.00431322
1 0.0708794 0.0710771
1 0.00543601 0.00563304
0 0 0.000194308
0 0 0.00019321
1 0.00418308 0.0043737
1 0.00385812 0.00404722
0 0 0.000187947
1 0.00890828 0.00909479
1 0.00107112 0.0012551
2 0.0243014 0.0244832
1 0.0143865 0.0145681
2 0.0214283 0.0216058
1 0.00528317 0.0054599
0 0 0.0001747
1 0.0198096 0.0199799
1 0.0220687 0.0222379
1 0.0174827 0.0176514
1 0.0130364 0.0132042
1 0.0166983 0.0168632
1 0.0108035 0.0109673
1 0.00244129 0.00260416
2 0.0151829 0.0153447
1 0.11725 0.117411
0 0 0.000158425
1 0.121666 0.121823
0 0 0.000154283
1 0.0165069 0.0166594
2 0.0329181 0.0330664
1 0.01775 0.0178947
2 0.0149788 0.0151216
1 0.0138129 0.0139544
1 0.00658916 0.00673044
2 0.0799213 0.0800618
2 0.0198345 0.0199748
1 0.0020803 0.00221956
1 0.00780001 0.00793643
1 0.0409546 0.0410901
1 0.00630641 0.006438
1 0.00215242 0.00228152
0 0 0.000126946
1 0.00443977 0.00456347
1 0.00120346 0.00132646
1 0.00269275 0.00281467
2 0.0132094 0.0133285
2 0.00495944 0.00507803
1 0.00385778 0.00397508
1 0.00742415 0.00754064
2 0.0197965 0.0199105
2 0.015567 0.0156798
2 0.00537205 0.00548177
1 0.0229053 0.0230149
1 0.00466192 0.00477053
1 0.0559366 0.0560428
1 0.00154456 0.0016506
0 0 0.000105555
1 0.0129798 0.0130832
2 0.0146394 0.0147417
1 0.00338612 0.00348703
0 0 9.8778e-05
1 0.0213918 0.0214899
1 0.00418625 0.00428064
1 0.0112019 0.011296
2 0.00584146 0.00593543
2 0.0197889 0.0198823
1 0.0185849 0.0186758
1 0.00453223 0.00462104
1 0.0160541 0.0161426
2 0.0024111 0.00249595
2 0.0363006 0.0363838
1 0.00842544 0.00850469
1 0.0991666 0.0992432
1 0.00261311 0.00268959
1 0.0770357 0.0771111
2 0.0575259 0.0576009
0 0 7.48246e-05
1 0.0499761 0.0500492
1 0.142557 0.14263
1 0.000417426 0.0004898
1 0.0101306 0.0102002
1 0.0448326 0.0449015
2 0.0227507 0.0228191
1 0.00250219 0.00256257
1 0.00482797 0.00488572
2 0.0578105 0.0578673
2 0.0153752 0.01543
1 0.000943243 0.000997138
1 0.0362331 0.0362846
1 0.00877785 0.00882853
1 0.00482921 0.00487963
1 0.017431 0.0174794
1 0.00210224 0.00215047
2 0.0318697 0.0319174
1 0.00283145 0.00287901
1 0.00917092 0.00921589
2 0.011362 0.0114064
1 0.00446931 0.00451295
1 0.0862056 0.086249
1 0.00714299 0.00718542
1 0.00823541 0.00827657
1 0.014092 0.0141331
1 0.00663531 0.00667613
2 0.0116046 0.0116453
2 0.0104207 0.0104595
1 0.0131459 0.0131835
2 0.0107005 0.0107365
2 0.00899557 0.00903111
1 0.0143365 0.0143705
1 0.000494759 0.000528422
1 0.0184766 0.0185098
1 0.00573471 0.00576646
1 0.00732452 0.00735605
1 0.0574421 0.0574727
2 0.0141483 0.0141787
1 0.00479232 0.00482107
2 0.00676724 0.00679538
1 0.0170963 0.0171243
2 0.0118228 0.0118501
2 0.0359634 0.0359895
2 0.00437647 0.00440225
1 0.00761043 0.00763579
1 0.01007 0.0100953
1 0.01404 0.0140648
1 0.000311247 0.000334642
1 0.00431208 0.00433524
1 0.0139909 0.0140135
1 0.013815 0.0138363
1 0.0348326 0.0348531
1 0.0150657 0.015086
1 0.0228495 0.0228694
1 0.00275724 0.00277715
1 0.00364558 0.00366514
2 0.0918697 0.0918879
1 0.0136211 0.013637
1 0.00652983 0.00654522
1 0.0627312 0.0627463
2 0.0246664 0.0246813
1 0.00689404 0.00690842
2 0.155976 0.15599
1 0.0996688 0.0996826
1 0.00747344 0.00748676
2 0.0421143 0.0421275
1 0.011099 0.0111119
1 0.0101227 0.0101355
1 0.0108766 0.010889
2 0.271039 0.271052
2 0.0757457 0.0757578
2 0.014908 0.01492
1 0.0115669 0.0115789
2 0.00694418 0.00695555
1 0.0152683 0.0152793
2 0.0711577 0.0711685
2 0.0154518 0.0154624
1 0.0128688 0.0128794
2 0.0219532 0.0219637
1 0.00373184 0.0037421
2 0.0312838 0.0312935
1 0.00755255 0.00756119
2 0.0232648 0.0232732
2 0.00492694 0.00493504
2 0.0220506 0.0220583
1 0.00487203 0.00487965
1 0.0182205 0.0182279
2 0.00676951 0.00677683
1 0.0312273 0.0312341
1 0.0228071 0.0228136
1 0.00103526 0.00104158
2 0.0574175 0.0574234
1 0.00904554 0.0090512
2 0.00301524 0.00302053
1 0.0148722 0.0148773
1 0.00280748 0.00281251
1 0.0225861 0.0225909
1 0.0317696 0.0317738
2 0.0267167 0.0267206
2 0.0292285 0.0292322
2 0.0409874 0.040991
2 0.0341692 0.0341724
2 0.0115705 0.0115736
1 0.0236952 0.0236983
1 0.0145951 0.0145977
2 0.020418 0.0204206
1 0.0114878 0.0114901
1 0.123725 0.123727
2 0.0346012 0.0346032
1 0.00969033 0.00969206
2 0.00493984 0.00494132
1 0.0012741 0.0012752
1 0.00103432 0.00103541
1 0.118021 0.118022
1 0.0104013 0.0104021
1 0.0113 0.0113006
1 0.0346221 0.0346225
2 0.00376831 0.00376864
2 0.0248934 0.0248937
2 0.0114691 0.0114694
2 0.00172948 0.00172977
1 0.00123291 0.00123318
1 0.00168409 0.00168436
1 0.00293645 0.00293669
1 0.000601367 0.000601454
2 0.00127721 0.00127729
2 0.0116627 0.0116627
2 0.0394279 0.0394279
1 0.00751678 0.00751678
2 0.00295557 0.00295558
1 0.0107967 0.0107967
