0 0 inf
0 0 0.127797
0 0 0.106817
0 0 0.0537922
0 0 0.0466141
0 0 0.0461961
0 0 0.0455919
1 0.0572743 0.102502
1 0.325498 0.366993
1 0.0674716 0.104859
0 0 0.0373756
1 0.314017 0.347056
0 0 0.029822
1 0.043555 0.0729252
0 0 0.0264445
0 0 0.0259467
1 0.0488682 0.0735842
0 0 0.0239855
0 0 0.0219899
0 0 0.0216957
0 0 0.021504
0 0 0.0206534
1 0.0167166 0.0336981
0 0 0.016333
0 0 0.0158964
0 0 0.0157791
0 0 0.0154449
0 0 0.0153907
1 0.0293621 0.0447083
0 0 0.014848
0 0 0.0148198
0 0 0.0145183
0 0 0.0143019
1 0.0303317 0.0443701
0 0 0.0140088
0 0 0.0138861
0 0 0.01378
0 0 0.0135346
0 0 0.0132676
0 0 0.0119173
0 0 0.0118934
1 0.00933512 0.0209398
0 0 0.0114005
0 0 0.0111988
0 0 0.0104466
0 0 0.0102768
0 0 0.0102623
1 0.0229277 0.0328704
0 0 0.00975473
1 0.155529 0.165146
0 0 0.00961113
0 0 0.00932694
1 0.0644572 0.0737528
0 0 0.00888794
0 0 0.00887762
0 0 0.00884263
0 0 0.00833272
0 0 0.00813598
1 0.0242876 0.0321793
1 0.0575898 0.0654483
0 0 0.00770295
0 0 0.00762871
0 0 0.00755129
0 0 0.00730882
1 0.0580037 0.0651954
0 0 0.00707408
0 0 0.00700474
0 0 0.00696498
0 0 0.00680075
0 0 0.00674355
1 0.0296991 0.036428
0 0 0.00662485
0 0 0.00660756
1 0.0649295 0.0714073
0 0 0.00631637
0 0 0.00631457
0 0 0.00631279
0 0 0.00619277
0 0 0.00614699
1 0.0298824 0.0358478
1 0.0373699 0.0433057
0 0 0.00592372
1 0.14377 0.149667
0 0 0.00572864
1 0.0152384 0.020919
1 0.0687643 0.074307
0 0 0.00554241
0 0 0.00543746
0 0 0.00530656
1 0.00735065 0.0125478
0 0 0.00515764
0 0 0.00506783
1 0.0869729 0.091999
0 0 0.00501324
1 0.0775636 0.0825484
0 0 0.0049541
1 0.283799 0.288678
1 0.0180537 0.0229221
0 0 0.00474902
0 0 0.00470934
1 0.0225402 0.0271996
1 0.00962469 0.0142521
0 0 0.00461915
0 0 0.00457509
0 0 0.0045598
1 0.0440417 0.0485787
0 0 0.00450145
0 0 0.00445173
0 0 0.00444355
1 0.00638869 0.0108089
1 0.0568371 0.0612499
1 0.00563787 0.0100498
1 0.0142634 0.018587
0 0 0.00429348
0 0 0.00425984
1 0.00262592 0.00682091
0 0 0.00416442
0 0 0.00409976
1 0.00502473 0.00911852
0 0 0.00408653
0 0 0.00408498
0 0 0.00401172
1 0.068788 0.0727225
0 0 0.00389207
2 0.0447721 0.0486422
0 0 0.00384811
0 0 0.00382865
1 0.0429695 0.0467674
1 0.0195719 0.0233159
0 0 0.00373828
0 0 0.00370581
0 0 0.0036986
0 0 0.00367117
1 0.0213295 0.0248782
0 0 0.00354508
1 0.00620876 0.00969157
0 0 0.00346541
1 0.0233145 0.0267583
1 0.158139 0.161529
1 0.0463836 0.049773
0 0 0.00330599
1 0.019611 0.0228866
0 0 0.00315161
0 0 0.00314737
0 0 0.00314539
0 0 0.00312643
0 0 0.00312572
0 0 0.00311046
0 0 0.00310836
0 0 0.00307309
0 0 0.00296269
0 0 0.0029516
0 0 0.00291118
0 0 0.00287588
0 0 0.00287269
0 0 0.00286695
0 0 0.00282502
1 0.0293334 0.0321402
0 0 0.00279468
0 0 0.00274673
0 0 0.0027363
1 0.00821735 0.0109506
1 0.00856663 0.0112701
0 0 0.0026822
0 0 0.00267412
0 0 0.00267218
1 0.0976141 0.100265
0 0 0.00262323
0 0 0.00262227
1 0.284327 0.286948
0 0 0.00260821
0 0 0.00254867
1 0.00509864 0.00760748
0 0 0.00248254
2 0.0970387 0.0994331
0 0 0.00237215
0 0 0.00236836
0 0 0.00234983
0 0 0.00232313
0 0 0.00229833
1 0.0237557 0.0260368
0 0 0.00227018
0 0 0.00226494
1 0.00677454 0.00903765
1 0.0159907 0.0182274
0 0 0.00220898
0 0 0.00219281
2 0.0238367 0.0260185
0 0 0.00217121
0 0 0.00213378
1 0.0355441 0.0376671
1 0.0165958 0.018714
0 0 0.0021154
0 0 0.00210253
1 0.0025006 0.00458681
0 0 0.00208201
0 0 0.00203366
1 0.0345791 0.0365716
0 0 0.00198133
2 0.024892 0.0268724
1 0.145826 0.147795
0 0 0.00195603
1 0.00996304 0.0119143
0 0 0.00195104
0 0 0.00194457
0 0 0.00192236
0 0 0.00189556
1 0.0191192 0.0210108
1 0.0154001 0.0172643
0 0 0.00186073
0 0 0.00184483
1 0.00406575 0.00589805
0 0 0.00182953
1 0.0050332 0.00684466
0 0 0.00181002
0 0 0.00180424
1 0.00256028 0.00435127
1 0.00779689 0.00956637
1 0.0225557 0.0243182
1 0.00403563 0.0057653
0 0 0.00172463
1 0.0116662 0.0133865
2 0.0162129 0.017932
0 0 0.00170584
1 0.101532 0.103232
1 0.0176412 0.0193216
2 0.0296289 0.0313088
1 0.0304391 0.0321152
1 0.0103511 0.0120165
1 0.0388659 0.0404383
0 0 0.00154887
1 0.0109802 0.0125057
0 0 0.00151282
1 0.00634888 0.00784624
0 0 0.00149564
1 0.00830469 0.00978862
1 0.00651203 0.00797288
1 0.0161358 0.0175804
0 0 0.00144274
2 0.0983875 0.0998283
0 0 0.00143536
1 0.0396352 0.0410481
1 0.0171445 0.0185506
0 0 0.00139868
1 0.00649617 0.00788065
1 0.00963286 0.0110084
0 0 0.00136732
0 0 0.00136307
0 0 0.00136283
1 0.00985511 0.0112123
1 0.00412352 0.00545919
0 0 0.0013352
1 0.0166204 0.0179511
1 0.0124793 0.0138026
1 0.0989528 0.10026
0 0 0.00129958
1 0.0118456 0.0131421
0 0 0.00129473
0 0 0.00129455
0 0 0.00128341
0 0 0.00128022
0 0 0.0012722
0 0 0.00126892
1 0.0050037 0.00626233
1 0.00709274 0.0083267
1 0.00420627 0.00543667
0 0 0.0012272
1 0.0347117 0.0359306
0 0 0.00120993
1 0.0251531 0.0262969
2 0.152758 0.153888
1 0.00877042 0.0098956
0 0 0.0011248
2 0.0667323 0.0678456
0 0 0.00110525
1 0.0340496 0.0351458
1 0.00414399 0.00522366
1 0.00805982 0.00913678
1 0.0227523 0.023811
2 0.161959 0.163017
1 0.00424715 0.00530386
1 0.0105266 0.0115828
1 0.00681477 0.00784479
0 0 0.00102816
0 0 0.0010254
0 0 0.00101955
1 0.00650762 0.00752543
0 0 0.00101245
0 0 0.00100621
0 0 0.00100351
2 0.0200068 0.0210071
0 0 0.000992986
0 0 0.000981636
0 0 0.000981474
1 0.00500082 0.00597789
2 0.0125708 0.0135396
1 0.132722 0.133684
1 0.0363626 0.0373127
0 0 0.000945171
1 0.00854651 0.00947002
1 0.00733547 0.00824931
0 0 0.000912839
0 0 0.000907936
1 0.00380596 0.00469312
1 0.0320975 0.0329759
1 0.00726411 0.00814102
1 0.00481066 0.0056779
1 0.00605599 0.00692014
1 0.00709974 0.00796356
1 0.0134539 0.0142999
1 0.0198157 0.0206572
2 0.114199 0.11502
0 0 0.000813159
2 0.0273527 0.0281522
1 0.0104992 0.0112963
1 0.00350361 0.00428878
1 0.00626158 0.00704235
1 0.00404248 0.00482113
1 0.00441133 0.00518908
1 0.0169544 0.0177273
1 0.0587303 0.0594908
1 0.0034854 0.00424502
2 0.0235383 0.0242865
1 0.009162 0.00991013
2 0.0101652 0.0109119
1 0.0242287 0.0249577
1 0.00823133 0.00895658
1 0.0416955 0.0424195
1 0.0123397 0.0130624
1 0.00672813 0.00744875
2 0.0378121 0.0385272
1 0.00282329 0.00353803
0 0 0.000703249
0 0 0.000702425
0 0 0.00069702
2 0.0370534 0.0377444
1 0.00876814 0.00944859
1 0.0056289 0.00630364
1 0.107569 0.108241
1 0.00322664 0.00389146
1 0.00429652 0.00494566
1 0.00423854 0.0048827
1 0.0343877 0.0350294
1 0.00475849 0.00539414
1 0.0578911 0.0584918
1 0.00594707 0.0065475
2 0.019401 0.019998
2 0.0944215 0.0949917
1 0.00250422 0.00306752
2 0.0346269 0.0351802
2 0.109148 0.109701
2 0.0479668 0.0485193
1 0.0181042 0.0186563
0 0 0.000550379
1 0.0235693 0.0241121
0 0 0.000541993
2 0.0114655 0.0120013
1 0.0189232 0.0194567
1 0.00367559 0.0042064
1 0.00852136 0.00904724
0 0 0.000520322
1 0.00724508 0.00775975
1 0.0052458 0.00575942
1 0.00487446 0.00538756
1 0.0220541 0.0225601
1 0.0336771 0.0341796
1 0.00756338 0.00806379
1 0.0209087 0.0214089
1 0.00406601 0.00455998
1 0.00284714 0.00333729
2 0.0178805 0.0183682
2 0.0986294 0.0991158
1 0.0209232 0.0214079
1 0.00519915 0.00568002
1 0.0129313 0.0134111
1 0.0301416 0.0306212
1 0.00407679 0.00455351
0 0 0.00047533
2 0.0281877 0.028663
1 0.00997234 0.0104402
1 0.00507458 0.0055363
1 0.00844222 0.0088994
0 0 0.000452093
1 0.0314959 0.0319429
0 0 0.000443367
2 0.0239616 0.0244032
1 0.00444052 0.00487597
1 0.0481426 0.0485774
1 0.051843 0.0522777
0 0 0.000433587
1 0.0206539 0.0210848
0 0 0.00043033
1 0.00371315 0.00413339
2 0.00935526 0.00977532
1 0.00409287 0.00450428
2 0.00808399 0.00849499
1 0.0186614 0.0190721
1 0.00701889 0.00742572
1 0.00494597 0.00534429
0 0 0.000397111
1 0.00995798 0.0103526
1 0.0267028 0.0270972
1 0.00703611 0.00742727
2 0.0133923 0.0137832
1 0.00221069 0.00259887
2 0.0170996 0.0174873
0 0 0.000385275
1 0.0398081 0.0401926
2 0.0208169 0.0212006
1 0.00389235 0.00427374
1 0.0179245 0.0182905
1 0.0165552 0.0169179
0 0 0.000351519
1 0.0215649 0.0219111
1 0.012907 0.0132517
2 0.0117062 0.0120432
1 0.0226432 0.0229777
1 0.0366571 0.0369861
1 0.00657972 0.00690435
1 0.0175544 0.0178654
1 0.00926792 0.00957717
2 0.0170217 0.0173301
1 0.0236132 0.0239163
1 0.00741078 0.00770953
1 0.0077751 0.00807215
1 0.0960062 0.0963
1 0.00666959 0.00696296
2 0.0481234 0.0484114
1 0.00150244 0.00179014
1 0.00380456 0.00408772
1 0.00736268 0.00764392
1 0.00844635 0.00872747
2 0.0366847 0.0369605
1 0.014881 0.0151492
2 0.0117602 0.012027
1 0.00741698 0.00768141
1 0.0037617 0.00402028
1 0.00718675 0.00743765
2 0.0352559 0.0355026
1 0.0011809 0.00142719
1 0.00112574 0.00137151
1 0.00183699 0.0020798
1 0.00779716 0.00803759
1 0.0056539 0.00589406
2 0.0465889 0.0468284
1 0.0243395 0.0245721
1 0.00742927 0.00766097
1 0.0116239 0.0118534
2 0.00956814 0.00979711
1 0.00320231 0.00343019
1 0.00548553 0.0057127
1 0.0604981 0.0607148
1 0.0601519 0.0603671
2 0.0463208 0.0465355
1 0.00830831 0.00851888
1 0.0153786 0.0155858
2 0.0133312 0.0135373
1 0.0110081 0.011211
1 0.00309342 0.00329595
1 0.00649196 0.00668765
2 0.202559 0.202748
1 0.00179278 0.00198109
2 0.0407579 0.0409427
2 0.00830861 0.00849166
1 0.00790835 0.00809134
1 0.00840677 0.00858916
1 0.0350335 0.0352157
1 0.0162182 0.0163965
1 0.066029 0.0662013
2 0.00788847 0.00805929
2 0.0172987 0.0174672
1 0.00791382 0.00808179
0 0 0.000167498
1 0.00137975 0.00154663
2 0.0421309 0.0422977
1 0.00707604 0.00723969
1 0.0183921 0.0185552
1 0.0134243 0.0135846
1 0.0097998 0.0099567
2 0.00840401 0.00856075
2 0.00758634 0.00774298
2 0.00440959 0.00456302
1 0.00307368 0.00322337
2 0.0384372 0.0385861
1 0.00321342 0.00336217
1 0.00329566 0.00344433
1 0.00875851 0.00890498
2 0.0362395 0.0363822
2 0.01434 0.0144809
1 0.0137492 0.01389
1 0.0439909 0.0441311
1 0.00424699 0.00438585
1 0.00318855 0.00332584
1 0.00524966 0.00538286
1 0.00357435 0.00370262
1 0.0120303 0.0121571
2 0.00830041 0.0084241
1 0.0279827 0.0281016
1 0.0342254 0.0343433
1 0.0543988 0.0545155
1 0.0013898 0.00150531
2 0.0553283 0.0554431
0 0 0.000113386
0 0 0.000112602
1 0.00425481 0.00436737
1 0.00707729 0.00718747
1 0.0424386 0.0425419
1 0.0545951 0.0546967
1 0.00374027 0.00384103
2 0.0120773 0.0121758
2 0.0102751 0.0103735
1 0.036061 0.0361591
1 0.100161 0.100259
1 0.0330882 0.0331861
1 0.0292385 0.0293357
1 0.00860611 0.00870323
1 0.0130726 0.0131691
1 0.00347247 0.00356882
1 0.00673823 0.00683439
1 0.0116519 0.0117476
2 0.00715917 0.00725474
1 0.0113916 0.0114864
2 0.0118333 0.011926
2 0.0352973 0.0353889
1 0.016944 0.0170318
2 0.0344882 0.0345756
1 0.00405963 0.00414296
2 0.0090095 0.00909241
1 0.0183776 0.0184601
2 0.0063662 0.00644827
1 0.00944698 0.00952874
1 0.00112739 0.00120896
2 0.011216 0.0112975
2 0.0149824 0.0150631
1 0.011551 0.0116308
2 0.0048061 0.00488574
1 0.00402313 0.00410271
2 0.00892315 0.00900222
1 0.0327851 0.0328642
2 0.0122126 0.0122909
2 0.0138367 0.0139141
2 0.0608386 0.0609149
2 0.00985582 0.00993087
1 0.0102689 0.0103432
1 0.00676879 0.00684255
2 0.0346699 0.0347405
1 0.00304396 0.00311452
2 0.0557196 0.0557896
2 0.0469859 0.047055
1 0.0106229 0.01069
2 0.00687611 0.00694223
2 0.0431767 0.0432424
2 0.00817262 0.00823833
2 0.072211 0.0722765
2 0.108955 0.10902
1 0.0430077 0.0430725
1 0.00605985 0.00612335
1 0.00911355 0.00917583
1 0.00631911 0.00638122
1 0.0120882 0.0121503
1 0.0047663 0.00482823
2 0.0170407 0.0170991
1 0.00949599 0.00955351
1 0.00977152 0.00982831
2 0.00957715 0.00963376
2 0.00644317 0.0064975
1 0.00846345 0.00851704
2 0.0075896 0.00764087
1 0.042966 0.0430138
2 0.0106804 0.0107281
1 0.00593957 0.00598517
2 0.025973 0.0260178
1 0.0100211 0.0100655
1 0.0136487 0.0136918
1 0.00703754 0.00707872
1 0.00883637 0.00887697
2 0.0198551 0.019895
1 0.00813481 0.00817404
1 0.00338018 0.00341936
1 0.00778713 0.00782593
1 0.00562346 0.00566119
1 0.00500255 0.00503881
1 0.0417165 0.0417522
1 0.0301361 0.0301715
2 0.0532122 0.0532466
2 0.0187866 0.0188204
1 0.00788966 0.00792248
2 0.00971084 0.00974264
1 0.00628255 0.00631406
1 0.0041326 0.00416304
2 0.0159653 0.0159941
1 0.0119077 0.0119364
1 0.010561 0.0105889
2 0.0374424 0.0374701
2 0.00793715 0.00796393
2 0.0239357 0.0239609
1 0.0181593 0.0181842
2 0.0531111 0.0531357
1 0.00451818 0.00454271
1 0.000455807 0.000480138
2 0.00897737 0.0090015
2 0.00688132 0.00690528
1 0.00666375 0.00668722
1 0.0223692 0.0223927
2 0.0069958 0.00701812
1 0.0107513 0.0107734
1 0.0286612 0.0286822
1 0.0100964 0.0101157
1 0.0300222 0.03004
1 0.0138513 0.013868
2 0.0370648 0.0370812
2 0.0101176 0.0101327
2 0.0259906 0.0260054
2 0.0118546 0.0118694
1 0.00494305 0.00495764
2 0.0196911 0.0197048
1 0.00368903 0.00370271
2 0.0102887 0.0103016
2 0.00465207 0.00466456
2 0.0374191 0.0374305
2 0.200695 0.200706
1 0.00475384 0.00476441
1 0.0123204 0.01233
1 0.00860496 0.00861315
2 0.00736682 0.00737501
1 0.0463572 0.0463647
1 0.00559085 0.00559791
1 0.00516727 0.0051743
1 0.0108723 0.0108793
1 0.00381519 0.00382158
2 0.0586653 0.0586716
2 0.00625641 0.00626194
1 0.00623874 0.0062442
1 0.0099859 0.00999111
2 0.128746 0.128751
1 0.00294659 0.00295138
1 0.00230598 0.00231062
2 0.00561216 0.00561618
2 0.0380462 0.0380502
2 0.0225173 0.0225211
2 0.00782325 0.00782697
1 0.0125877 0.0125914
2 0.0244835 0.0244871
2 0.0100979 0.0101013
1 0.00576844 0.00577174
2 0.00990975 0.00991249
1 0.00836132 0.00836348
1 0.0734607 0.0734629
2 0.0338437 0.0338457
2 0.00694167 0.00694364
1 0.0038226 0.00382442
1 0.006417 0.00641869
1 0.008574 0.00857567
2 0.00625588 0.00625712
2 0.00767003 0.00767125
1 0.00358283 0.00358401
1 0.00498594 0.00498712
2 0.0116693 0.0116704
1 0.00186128 0.00186226
1 0.00646651 0.00646739
2 0.0131116 0.0131123
1 0.00288271 0.00288338
2 0.00410055 0.00410121
1 0.00612843 0.00612883
2 0.00409593 0.00409627
2 0.0266143 0.0266146
1 0.00981136 0.00981161
2 0.0134212 0.0134214
1 0.0085399 0.00854008
1 0.00584637 0.00584652
1 0.0103629 0.010363
1 0.00390443 0.00390449
2 0.00641185 0.00641186
2 0.00838176 0.00838177
2 0.0103009 0.0103009
