0 0 inf
0 0 0.11253
0 0 0.0988928
1 0.0558192 0.125836
1 0.148378 0.208848
0 0 0.0574618
0 0 0.0503731
0 0 0.0491763
0 0 0.0480572
0 0 0.0472737
0 0 0.0470985
1 0.0209407 0.0680377
1 0.122853 0.169798
0 0 0.0467344
0 0 0.0446809
0 0 0.0359761
1 0.116683 0.152293
1 0.0291694 0.0626549
1 0.0582914 0.0909972
0 0 0.0312705
0 0 0.0298947
0 0 0.0289903
0 0 0.0281878
0 0 0.0263048
0 0 0.0252813
1 0.311316 0.335982
2 0.11966 0.143317
0 0 0.0213532
0 0 0.0210308
1 0.0949151 0.115936
1 0.154025 0.174338
0 0 0.020262
1 0.139168 0.15911
0 0 0.0188135
2 0.172077 0.190745
0 0 0.0183926
0 0 0.0177267
0 0 0.0175567
0 0 0.0171617
0 0 0.0167172
0 0 0.0165881
0 0 0.0162652
0 0 0.016107
1 0.216766 0.232362
0 0 0.0155671
0 0 0.0152865
0 0 0.0150752
0 0 0.0150182
0 0 0.0149035
1 0.0403059 0.0548717
1 0.0786988 0.0928945
0 0 0.0133004
0 0 0.0128993
0 0 0.0124367
0 0 0.0120506
0 0 0.0115449
0 0 0.0113917
0 0 0.0113365
0 0 0.0110495
1 0.0557239 0.0667725
0 0 0.0110075
1 0.027708 0.0386388
1 0.039528 0.0503842
1 0.111582 0.122374
0 0 0.01059
1 0.0863117 0.0968338
1 0.0898554 0.100096
1 0.0312154 0.0413824
2 0.343789 0.353863
0 0 0.00996555
0 0 0.00994458
1 0.0434039 0.0533458
0 0 0.00983939
0 0 0.00942316
0 0 0.00941643
0 0 0.00935721
0 0 0.00917225
1 0.0119557 0.0209662
1 0.00723638 0.0161553
0 0 0.00885812
0 0 0.00880027
0 0 0.00842204
0 0 0.00838927
0 0 0.00825249
0 0 0.00824143
0 0 0.00818061
0 0 0.00801611
1 0.00977586 0.0177421
1 0.00764711 0.0153564
0 0 0.00770109
0 0 0.00766798
0 0 0.00760434
0 0 0.00743756
0 0 0.00743717
1 0.00929115 0.0165985
1 0.0658383 0.0731362
1 0.0494863 0.0566795
1 0.0640803 0.0711322
0 0 0.00692363
0 0 0.00665187
0 0 0.00652458
0 0 0.00651128
0 0 0.00649
0 0 0.00645641
0 0 0.00625613
1 0.0343754 0.0405949
0 0 0.00618093
0 0 0.00613456
1 0.00989301 0.0159235
2 0.345212 0.351146
1 0.00729185 0.0131911
0 0 0.00588656
0 0 0.00584866
0 0 0.00579441
0 0 0.00576506
0 0 0.00572969
1 0.0084423 0.014053
1 0.023627 0.0291557
1 0.0132314 0.0187581
0 0 0.005511
0 0 0.00551028
1 0.128242 0.133712
0 0 0.00545003
0 0 0.00534586
1 0.0128373 0.0181753
0 0 0.00531064
0 0 0.00529738
0 0 0.00522505
1 0.02748 0.0326847
0 0 0.00519511
0 0 0.00513604
0 0 0.00513511
1 0.0276369 0.0327115
0 0 0.00497993
1 0.063126 0.0678366
0 0 0.00462658
1 0.0223004 0.0269104
0 0 0.00452193
0 0 0.00448186
0 0 0.00447097
0 0 0.00445161
1 0.00630466 0.0107445
1 0.0100215 0.0144508
1 0.161572 0.165993
0 0 0.00439108
0 0 0.00428672
0 0 0.00428584
1 0.00572246 0.00994787
0 0 0.00416985
0 0 0.00416406
0 0 0.00412674
0 0 0.00405656
0 0 0.00404549
1 0.0165553 0.0205866
0 0 0.00389179
0 0 0.00388104
0 0 0.0038701
1 0.00901975 0.0128865
0 0 0.00386416
1 0.0101197 0.0139221
0 0 0.00379889
0 0 0.00377953
0 0 0.00373283
0 0 0.00369186
0 0 0.00356175
0 0 0.00352078
0 0 0.00351962
0 0 0.00343267
1 0.0211471 0.0245795
0 0 0.00342424
1 0.201397 0.204802
0 0 0.00340153
0 0 0.00339253
0 0 0.00336255
0 0 0.00335144
0 0 0.00329607
0 0 0.00327163
0 0 0.00322061
0 0 0.0031854
0 0 0.00317492
0 0 0.00315946
2 0.156649 0.159768
0 0 0.00310415
1 0.00457947 0.00766316
0 0 0.00308308
0 0 0.0030657
2 0.122282 0.125315
1 0.0262834 0.0292858
0 0 0.00295317
0 0 0.00295034
0 0 0.00292482
0 0 0.00291049
0 0 0.00285462
1 0.0174336 0.0202566
0 0 0.00276064
0 0 0.002752
1 0.0215508 0.0242894
0 0 0.00272007
0 0 0.00271915
0 0 0.00268731
1 0.10969 0.112334
1 0.00905482 0.0116797
1 0.0245108 0.027119
1 0.0141977 0.0168029
1 0.00617062 0.00877499
0 0 0.00259001
1 0.00979664 0.0123701
1 0.00480608 0.00736332
1 0.0240672 0.0265743
0 0 0.00249289
0 0 0.00246969
1 0.024205 0.0266471
2 0.0169199 0.0193592
1 0.0116019 0.014037
0 0 0.00243496
0 0 0.00237513
1 0.013775 0.0161448
1 0.00823886 0.0106044
1 0.038764 0.0411114
1 0.0692123 0.0715014
0 0 0.00228676
0 0 0.0022861
1 0.00611299 0.00838988
1 0.00874784 0.0110023
1 0.0108485 0.0130619
2 0.0184484 0.0206231
1 0.00983956 0.0120004
1 0.0489561 0.0511163
1 0.0132916 0.0154411
1 0.020212 0.022355
0 0 0.00211555
2 0.0848801 0.0869541
0 0 0.00207265
0 0 0.00202816
1 0.00419563 0.00620479
0 0 0.00199542
2 0.0170397 0.0190279
1 0.0103127 0.0122851
0 0 0.00191874
1 0.0318809 0.033797
1 0.304192 0.306105
1 0.0225957 0.0244999
0 0 0.00189754
1 0.0152818 0.0171514
1 0.00866799 0.0105297
0 0 0.00185527
0 0 0.00183479
0 0 0.00183425
0 0 0.00182023
1 0.0291456 0.0309387
1 0.0205486 0.0223213
1 0.00632563 0.0080957
1 0.0104109 0.0121796
1 0.0107465 0.0124913
2 0.207067 0.208806
0 0 0.00171003
1 0.112476 0.114158
2 0.0272295 0.0288886
0 0 0.00165239
1 0.0185497 0.0201932
1 0.00316181 0.004801
1 0.00702785 0.0086583
1 0.00637983 0.00795814
1 0.0233975 0.0249724
1 0.02448 0.0260437
2 0.136292 0.137854
1 0.00860607 0.0101681
0 0 0.00155791
1 0.187731 0.189254
2 0.0184607 0.0199685
1 0.0121978 0.0136764
0 0 0.00147204
2 0.104458 0.105917
1 0.0364295 0.0378838
0 0 0.00145343
0 0 0.00143905
1 0.019815 0.021253
1 0.00614149 0.0075748
1 0.00996239 0.0113933
0 0 0.00142532
0 0 0.00141919
1 0.00322906 0.004644
1 0.0109358 0.0123413
1 0.0101247 0.0115212
1 0.00385951 0.00524132
1 0.0341536 0.0355129
2 0.0683792 0.0697363
0 0 0.00135053
1 0.0808943 0.0822307
1 0.0487868 0.0501198
1 0.0156989 0.0170161
1 0.014814 0.01613
0 0 0.00130948
2 0.0191585 0.0204521
0 0 0.00128078
0 0 0.00127033
0 0 0.00126421
1 0.0849824 0.0862125
1 0.00670496 0.00792741
2 0.027134 0.0283525
2 0.0164983 0.0177025
1 0.0329981 0.0341985
1 0.133342 0.134539
1 0.00351546 0.00470945
1 0.010984 0.0121717
1 0.0659359 0.0671059
1 0.0424092 0.0435792
0 0 0.00115814
1 0.0155282 0.0166803
1 0.123626 0.124762
1 0.0156751 0.01681
1 0.00796717 0.00907021
1 0.0202507 0.0213366
0 0 0.00107018
1 0.00348941 0.00455828
1 0.00458767 0.0056382
1 0.00969977 0.0107463
0 0 0.00104187
1 0.0188443 0.0198744
1 0.0170708 0.0180972
0 0 0.0010086
2 0.0124901 0.0134971
0 0 0.00100235
1 0.00356038 0.00455285
0 0 0.000986272
1 0.034921 0.0358966
1 0.0132497 0.0142233
1 0.0167927 0.0177652
2 0.0414828 0.0424455
0 0 0.000952319
0 0 0.000951513
1 0.0127422 0.0136821
1 0.0100608 0.0109734
2 0.0361611 0.0370725
2 0.0415648 0.042468
1 0.0127582 0.013654
0 0 0.000889639
1 0.0129737 0.0138614
1 0.0682585 0.069146
1 0.00975642 0.0106274
1 0.00489695 0.00575204
1 0.0110398 0.0118881
2 0.021277 0.0221181
1 0.0109146 0.0117548
2 0.216317 0.217143
1 0.0128167 0.0136402
2 0.0163737 0.0171912
0 0 0.000805397
2 0.0149833 0.0157868
1 0.0141219 0.0149251
2 0.0178448 0.0186414
1 0.0173998 0.018191
1 0.00673611 0.0075215
1 0.00984499 0.0106185
1 0.00657923 0.0073462
1 0.00827786 0.00903911
1 0.0090671 0.00982079
1 0.00572044 0.00647192
1 0.00442481 0.00517529
2 0.0203138 0.0210535
0 0 0.000719911
0 0 0.000716997
1 0.0163087 0.0170248
1 0.00288536 0.00359994
1 0.014349 0.0150586
2 0.0792821 0.0799914
1 0.0116134 0.0123087
1 0.00598667 0.0066595
1 0.0166657 0.0173278
1 0.213568 0.214229
1 0.0822527 0.0829136
1 0.0883733 0.0890239
0 0 0.000648864
0 0 0.000638526
2 0.0223562 0.0229796
1 0.00163903 0.00226156
1 0.0113503 0.0119411
1 0.012726 0.0133156
0 0 0.000585795
0 0 0.000582474
1 0.0158043 0.016385
1 0.0516015 0.0521805
2 0.0176086 0.0181723
1 0.0174801 0.0180434
1 0.00803132 0.00858995
1 0.0135817 0.0141395
1 0.0403668 0.0409206
1 0.0131455 0.0136862
1 0.00557941 0.00611721
1 0.00479356 0.00532782
1 0.00598279 0.00650941
1 0.134579 0.135102
0 0 0.000513375
1 0.00593141 0.00643963
2 0.0285863 0.0290918
2 0.0121784 0.0126804
1 0.00375239 0.00425095
1 0.0059989 0.00648033
1 0.00978054 0.0102593
2 0.0138851 0.014361
1 0.0100617 0.0105362
0 0 0.000463066
1 0.121323 0.121784
1 0.00779827 0.00825529
1 0.00583014 0.00628122
1 0.0186163 0.0190657
0 0 0.000442056
1 0.00319542 0.00363459
2 0.00548275 0.00591358
0 0 0.000429466
1 0.00659879 0.00702576
1 0.00618519 0.0066092
2 0.0100363 0.0104578
0 0 0.000421156
1 0.0173936 0.0178145
0 0 0.000419779
1 0.0321397 0.0325558
2 0.0230366 0.0234484
1 0.00779924 0.00820736
0 0 0.000404519
2 0.0302193 0.0306202
2 0.0177456 0.018142
1 0.03446 0.0348556
1 0.00697261 0.00736265
1 0.0361138 0.0365016
2 0.00828417 0.00866826
2 0.0478608 0.0482401
1 0.00548318 0.00586134
1 0.00960937 0.00998731
1 0.0142098 0.0145873
1 0.00163316 0.00200801
1 0.0104475 0.0108185
1 0.00534101 0.00571179
1 0.00664713 0.00701757
1 0.00388541 0.00425341
1 0.0134981 0.013864
2 0.0943686 0.0947304
2 0.00878696 0.00914618
1 0.004021 0.00437668
0 0 0.000353504
1 0.00158783 0.00194131
1 0.0753278 0.0756804
1 0.011239 0.0115913
2 0.0216407 0.0219896
2 0.0855839 0.0859321
0 0 0.000347461
1 0.0158905 0.0162365
1 0.0194713 0.0198161
1 0.00493239 0.00527506
1 0.00697629 0.00731367
1 0.00321306 0.00355004
0 0 0.000326729
1 0.0061097 0.00643633
1 0.0151405 0.0154637
2 0.0148619 0.0151797
1 0.0788056 0.0791196
2 0.0128695 0.0131775
1 0.00692377 0.0072299
1 0.0158697 0.0161752
1 0.00227857 0.00258327
2 0.0218222 0.0221241
1 0.00610458 0.00640474
2 0.0220902 0.0223847
2 0.0267691 0.0270625
1 0.00472806 0.00502055
0 0 0.000292373
1 0.00287511 0.0031619
1 0.010025 0.0103115
1 0.00162256 0.00190453
1 0.014696 0.0149743
1 0.0416482 0.041918
1 0.0847556 0.0850116
1 0.00412771 0.00438236
0 0 0.0002539
2 0.0166766 0.0169287
1 0.145591 0.145841
1 0.00417079 0.00442004
1 0.00657029 0.00681937
1 0.00485594 0.00509737
1 0.04854 0.0487806
1 0.00721834 0.0074532
2 0.128074 0.128307
1 0.0104304 0.0106621
1 0.0629832 0.0632125
1 0.00220415 0.00242717
2 0.0517679 0.0519868
1 0.0102486 0.0104635
1 0.0023316 0.00254558
1 0.00764333 0.0078573
1 0.0042084 0.00442059
1 0.0145921 0.0148016
1 0.0145906 0.0147969
1 0.0104602 0.0106601
1 0.00310256 0.00330134
2 0.0129921 0.0131897
1 0.0342153 0.0344094
2 0.0188018 0.0189954
1 0.00744208 0.00763366
1 0.0318008 0.0319913
1 0.012645 0.0128334
1 0.0133504 0.0135332
2 0.0137904 0.013971
1 0.011397 0.0115761
1 0.00439663 0.00457479
1 0.0144794 0.0146548
2 0.0228033 0.0229689
2 0.0202501 0.0204154
1 0.0144835 0.0146475
1 0.00846955 0.00863275
1 0.0102674 0.0104291
2 0.043821 0.0439818
1 0.00767675 0.00783602
1 0.0122354 0.0123945
1 0.0012991 0.00145778
1 0.0840776 0.0842325
2 0.0051141 0.00525961
1 0.0670335 0.0671779
1 0.00186801 0.00201229
1 0.00365359 0.00379478
2 0.0249837 0.0251243
1 0.00492296 0.00505416
1 0.00799167 0.00812155
1 0.0290337 0.029163
1 0.00748883 0.00761782
1 0.0254912 0.0256163
1 0.0179123 0.0180337
1 0.0262212 0.0263401
1 0.0473729 0.0474913
1 0.0496098 0.0497275
1 0.027295 0.0274092
2 0.0116713 0.0117823
1 0.0140004 0.0141082
1 0.0102515 0.0103575
2 0.0172201 0.0173254
1 0.00399327 0.00409782
1 0.00311372 0.00321349
2 0.0299801 0.0300762
1 0.0127471 0.0128418
1 0.00409104 0.00418552
1 0.0137447 0.0138374
2 0.00835817 0.00845079
1 0.0308607 0.0309516
2 0.010636 0.0107267
1 0.00313817 0.00322881
1 0.00392335 0.0040138
2 0.125499 0.125589
1 0.0035609 0.00364911
1 0.000926475 0.00101406
1 0.0112931 0.0113791
2 0.0250439 0.0251298
1 0.0034068 0.0034895
2 0.0531845 0.053267
2 0.00767558 0.00775796
1 0.0113519 0.0114327
1 0.00883728 0.00891762
1 0.00368221 0.00376215
2 0.0834989 0.0835781
1 0.00486254 0.00494113
2 0.0123888 0.0124665
2 0.0222002 0.0222769
1 0.00164922 0.00172552
1 0.00540881 0.00548495
2 0.0027133 0.00278871
2 0.0188165 0.0188865
2 0.0139296 0.013999
2 0.0168326 0.0169019
2 0.0144457 0.014515
1 0.0079543 0.00801886
1 0.0210961 0.0211582
2 0.0123206 0.0123824
2 0.0293909 0.0294519
1 0.0671469 0.0672077
1 0.00373347 0.00379327
2 0.0127923 0.0128514
1 0.00261333 0.00267106
2 0.0166126 0.0166679
1 0.0135534 0.0136084
1 0.00626729 0.00632023
1 0.0136677 0.0137206
1 0.0122365 0.012289
1 0.000985395 0.00103736
1 0.0173108 0.0173618
2 0.0684063 0.0684564
2 0.0191185 0.0191684
2 0.015388 0.0154371
1 0.000905517 0.00095388
1 0.00134283 0.0013911
1 0.0075215 0.00756759
1 0.0114031 0.0114491
1 0.0219608 0.0220063
2 0.0190373 0.0190827
0 0 4.34524e-05
1 0.00857444 0.00861762
1 0.00305022 0.00309311
1 0.00175798 0.00180005
1 0.014331 0.0143719
1 0.00555006 0.00558933
0 0 3.77453e-05
1 0.0343836 0.0344201
1 0.0181982 0.0182347
1 0.0158127 0.0158492
1 0.00579587 0.00583168
1 0.0257232 0.0257587
2 0.0155491 0.015584
2 0.0344697 0.0345037
2 0.0153875 0.0154207
1 0.00932909 0.009361
2 0.0218949 0.0219264
2 0.0133378 0.0133688
2 0.00521681 0.00524778
1 0.0190602 0.0190909
1 0.010288 0.0103162
2 0.0181496 0.0181777
2 0.0122718 0.0122992
2 0.0209562 0.0209832
1 0.112192 0.112218
2 0.0170967 0.0171228
1 0.0092986 0.00932269
1 0.0116123 0.0116345
1 0.1575 0.157521
2 0.00764161 0.00766351
2 0.0108261 0.0108469
1 0.0300951 0.0301156
1 0.0189709 0.0189909
1 0.00724789 0.00726694
2 0.0229295 0.0229483
1 0.00594779 0.00596655
2 0.0197571 0.0197748
1 0.00191332 0.00193046
1 0.015595 0.0156117
2 0.00785857 0.00787503
1 0.0148007 0.0148169
2 0.0133717 0.0133871
1 0.0152404 0.0152552
1 0.0250216 0.0250364
2 0.0204147 0.0204285
1 0.00539269 0.00540608
2 0.00322789 0.00324099
1 0.060124 0.0601354
2 0.0241296 0.0241407
2 0.0123854 0.0123959
1 0.0122028 0.0122133
1 0.00116825 0.00117847
1 0.00436667 0.00437677
1 0.0155396 0.0155487
2 0.00509187 0.00510088
1 0.022679 0.0226877
2 0.0165628 0.0165715
2 0.0166102 0.0166188
1 0.061998 0.0620063
2 0.07168 0.0716879
1 0.0200056 0.0200133
2 0.00492065 0.00492821
1 0.0107432 0.0107506
2 0.0190578 0.0190649
1 0.0183909 0.0183979
2 0.0142507 0.0142576
1 0.196533 0.196539
2 0.008501 0.00850666
2 0.0135983 0.0136037
1 0.00454997 0.00455391
1 0.00140784 0.00141148
1 0.00444008 0.00444343
2 0.00461948 0.00462268
1 0.0084877 0.00849056
1 0.00995895 0.00996173
1 0.095253 0.0952558
2 0.00840378 0.00840654
1 0.0128871 0.0128895
2 0.00481399 0.00481599
2 0.016504 0.0165055
2 0.00507796 0.00507938
1 0.00270322 0.0027046
2 0.0085162 0.00851754
1 0.0168543 0.0168556
1 0.0189896 0.0189905
2 0.0230996 0.0231004
2 0.00713718 0.00713802
2 0.019582 0.0195829
1 0.00869448 0.00869514
2 0.00944844 0.00944892
2 0.0144492 0.0144496
1 0.00509078 0.00509112
1 0.0716496 0.0716499
1 0.0316893 0.0316896
0 0 2.31474e-07
2 0.00535464 0.00535486
1 0.00680773 0.00680788
1 0.00768369 0.00768379
2 0.00849486 0.00849495
2 0.00682069 0.00682076
