0 0 inf
0 0 0.152774
1 0.0842017 0.187028
1 0.1109 0.207098
1 0.239162 0.332396
0 0 0.0726242
1 0.0178001 0.089095
0 0 0.0687233
0 0 0.0627865
0 0 0.0611986
0 0 0.0568553
0 0 0.0554999
0 0 0.0536437
0 0 0.0501823
0 0 0.0478774
1 0.166622 0.212022
0 0 0.0412511
1 0.0539238 0.089426
0 0 0.0346862
0 0 0.0333494
2 0.334258 0.366517
0 0 0.0290048
0 0 0.0272261
0 0 0.0261816
0 0 0.0222512
0 0 0.0216113
0 0 0.0212533
1 0.055477 0.0758977
0 0 0.0201872
0 0 0.0200872
0 0 0.0198252
1 0.115158 0.134361
0 0 0.0182241
0 0 0.0178085
1 0.0875444 0.10523
0 0 0.0168758
0 0 0.0165554
0 0 0.0165046
0 0 0.0163537
0 0 0.0161906
0 0 0.0159432
0 0 0.0155558
0 0 0.015473
0 0 0.0149109
1 0.0996433 0.11413
0 0 0.0144844
0 0 0.0144677
0 0 0.01413
0 0 0.013941
0 0 0.0136013
1 0.0441399 0.0574281
0 0 0.0131285
1 0.0192661 0.0321546
0 0 0.0120601
0 0 0.0119599
0 0 0.0118734
1 0.0203059 0.0319278
0 0 0.0111655
1 0.0233167 0.0343522
0 0 0.010952
0 0 0.010617
1 0.0417284 0.0522839
0 0 0.0104604
0 0 0.0103307
1 0.289648 0.299968
0 0 0.0102931
1 0.0237836 0.0340288
1 0.0141242 0.0243415
0 0 0.0102043
0 0 0.00995435
0 0 0.00968662
1 0.00644457 0.0157592
0 0 0.0089346
0 0 0.00890499
0 0 0.00882176
1 0.0153632 0.0239906
1 0.0428582 0.0513286
0 0 0.00843421
1 0.0307784 0.0391157
0 0 0.00805921
0 0 0.00801268
0 0 0.00801009
0 0 0.00797324
1 0.0999259 0.107626
2 0.115578 0.123234
1 0.0961277 0.103643
0 0 0.00743246
0 0 0.00719928
1 0.142973 0.150065
0 0 0.00703425
1 0.00492878 0.0118739
0 0 0.00677086
1 0.0643749 0.0708064
0 0 0.00639004
0 0 0.00638018
0 0 0.00637503
0 0 0.00637462
0 0 0.00634819
0 0 0.00609455
0 0 0.00608742
0 0 0.00606744
0 0 0.00605988
0 0 0.00602647
1 0.0183069 0.0243067
0 0 0.00598968
1 0.0103381 0.0162824
0 0 0.00593227
1 0.0233829 0.0292465
1 0.0123266 0.0181842
0 0 0.00572801
0 0 0.0054299
0 0 0.00541813
0 0 0.00541654
0 0 0.00539949
0 0 0.00530704
0 0 0.00521263
1 0.0176218 0.0226907
0 0 0.00504264
0 0 0.00503385
0 0 0.00502166
0 0 0.00495672
0 0 0.00491303
1 0.00497007 0.00984476
1 0.0168337 0.0216609
1 0.00907079 0.0138388
1 0.0132437 0.017979
1 0.0147866 0.0194048
0 0 0.00461276
0 0 0.00454839
0 0 0.0044955
0 0 0.00444509
1 0.0305737 0.0349992
2 0.0378371 0.04223
1 0.0828519 0.0872381
0 0 0.00438609
0 0 0.00432785
0 0 0.00422618
2 0.107924 0.112142
1 0.113171 0.117378
2 0.22081 0.22491
1 0.00549044 0.00957802
1 0.00647986 0.0105605
0 0 0.00405672
1 0.00509679 0.00911046
0 0 0.00401254
0 0 0.00399218
0 0 0.0039333
2 0.208514 0.212447
0 0 0.00390266
1 0.0230233 0.0268915
0 0 0.00382407
1 0.0169728 0.0207885
0 0 0.00376358
1 0.00361942 0.00734461
1 0.0046785 0.0083923
0 0 0.00368077
0 0 0.00367328
2 0.0374052 0.0410541
1 0.0108981 0.0145236
0 0 0.00355755
1 0.00735031 0.0108195
2 0.124381 0.127828
0 0 0.0034251
0 0 0.00342429
1 0.0121856 0.0155638
1 0.0400349 0.0434026
1 0.0202011 0.0235687
1 0.00598556 0.00934773
1 0.0274177 0.0307753
1 0.0592725 0.0626241
0 0 0.00334006
2 0.106954 0.110292
0 0 0.00328964
0 0 0.00327947
0 0 0.00327703
1 0.0386503 0.0419215
0 0 0.0032624
1 0.0180179 0.0212797
1 0.00467325 0.00791704
0 0 0.00323804
1 0.0581185 0.0613469
0 0 0.00320986
1 0.0612244 0.0643354
0 0 0.00308568
0 0 0.0030658
0 0 0.00306083
0 0 0.00305949
0 0 0.00304456
0 0 0.00303011
0 0 0.00296782
0 0 0.00296184
2 0.0525415 0.0555007
0 0 0.00295306
0 0 0.00293681
1 0.0297279 0.0326134
1 0.00394287 0.00682517
0 0 0.00287872
1 0.00583813 0.00871275
0 0 0.00287374
0 0 0.0028717
0 0 0.00282587
1 0.0246676 0.0274882
1 0.0300479 0.032832
0 0 0.00277936
0 0 0.00274831
1 0.0263581 0.0290704
0 0 0.00270279
1 0.015341 0.0180229
1 0.00439835 0.00703395
0 0 0.00261983
1 0.0222794 0.0248686
0 0 0.00250115
0 0 0.00249361
0 0 0.0024906
0 0 0.00247377
0 0 0.00244752
1 0.0135098 0.0159361
0 0 0.00242485
0 0 0.00241481
0 0 0.00240867
1 0.00717796 0.00952727
1 0.121153 0.123494
1 0.01665 0.0189811
1 0.0113725 0.0136574
1 0.0469926 0.0492466
0 0 0.00224624
0 0 0.00222117
0 0 0.0022046
0 0 0.00218763
0 0 0.00216695
0 0 0.00215835
0 0 0.00215697
0 0 0.00209522
1 0.0122401 0.0143238
0 0 0.00208343
1 0.00826491 0.0103454
1 0.0127063 0.0147849
1 0.0250435 0.0271021
1 0.0351562 0.0372013
0 0 0.00203565
1 0.0086361 0.0106397
1 0.0077576 0.00972235
0 0 0.00195592
0 0 0.00192122
1 0.0348976 0.036807
0 0 0.00187927
0 0 0.00187119
1 0.0146858 0.0165519
1 0.0483957 0.0502581
1 0.0311571 0.033017
0 0 0.00185532
0 0 0.0018437
0 0 0.0018285
0 0 0.0018266
0 0 0.00180479
1 0.01155 0.0133469
0 0 0.00179224
0 0 0.00179103
1 0.00803835 0.0098246
1 0.0567614 0.0585448
0 0 0.00176146
1 0.0326369 0.0343726
1 0.0323706 0.0340711
0 0 0.00166812
0 0 0.00166545
0 0 0.00165737
1 0.0235285 0.0251774
2 0.0929919 0.0946301
0 0 0.00162525
1 0.0142886 0.0159099
1 0.0117178 0.0133292
1 0.0193591 0.0209544
1 0.00304476 0.00462678
0 0 0.00156099
1 0.00587544 0.0074199
0 0 0.00154271
1 0.00334629 0.00488266
2 0.0375234 0.039003
1 0.20867 0.210145
0 0 0.00146154
0 0 0.00146038
1 0.00617333 0.00762936
1 0.0176482 0.019103
1 0.203234 0.204686
0 0 0.00145035
1 0.00773128 0.00915876
0 0 0.00141965
1 0.0444893 0.0458571
1 0.00666337 0.0080175
1 0.0123291 0.0136771
1 0.0995542 0.100883
0 0 0.00132661
1 0.00711966 0.00844546
1 0.170577 0.171888
1 0.00575714 0.00706692
0 0 0.00128374
1 0.00597826 0.00724532
2 0.0933667 0.0946307
2 0.0134975 0.0147471
0 0 0.00123223
0 0 0.00121908
1 0.0230253 0.024244
1 0.0159186 0.0171321
1 0.0035278 0.00473149
1 0.01401 0.0152135
1 0.0475408 0.0487318
0 0 0.00119021
1 0.0262705 0.0274574
0 0 0.00118198
2 0.0207213 0.0218934
1 0.00598425 0.00713931
2 0.349264 0.350411
0 0 0.00114582
1 0.0496053 0.0507345
1 0.0034963 0.00462197
0 0 0.00110679
1 0.0769699 0.0780553
0 0 0.00107652
1 0.0203561 0.0214116
1 0.217193 0.218236
0 0 0.00103789
1 0.00698144 0.00800025
0 0 0.000992907
1 0.00842477 0.00940543
1 0.013119 0.0140757
1 0.0159728 0.0169069
1 0.0063914 0.00730671
2 0.00871933 0.00963436
0 0 0.000906314
1 0.00992914 0.0108353
0 0 0.00090494
1 0.00407026 0.00497348
1 0.00539532 0.00629658
1 0.00943454 0.0103164
1 0.00626252 0.00714287
1 0.00226911 0.00313794
1 0.00886517 0.00973024
0 0 0.000842052
1 0.0107829 0.0116233
1 0.167691 0.16853
0 0 0.000832532
1 0.0052245 0.00605426
1 0.00344506 0.00427177
1 0.00555822 0.00637575
1 0.0147585 0.0155371
2 0.0173561 0.018133
2 0.0105571 0.0113302
0 0 0.000767708
2 0.0178863 0.0186524
0 0 0.000740737
1 0.0625615 0.0632981
2 0.0233118 0.0240415
2 0.0329947 0.0337227
1 0.0057639 0.00648801
1 0.00674062 0.00746276
1 0.0266978 0.0274159
1 0.00589206 0.00660695
0 0 0.000696798
0 0 0.000690827
1 0.0220113 0.0227001
0 0 0.000683865
1 0.0605283 0.0612088
1 0.00780454 0.00848492
2 0.0293629 0.0300357
1 0.00868098 0.0093482
1 0.0100924 0.0107596
1 0.01301 0.0136744
0 0 0.000658515
2 0.0114566 0.0121073
1 0.00396009 0.00460343
1 0.0120475 0.0126878
1 0.00757281 0.00821027
1 0.0257843 0.0264155
2 0.0627986 0.0634289
1 0.0192326 0.0198521
1 0.00900057 0.00961517
2 0.0143696 0.014981
1 0.0148619 0.0154723
2 0.0182257 0.0188307
1 0.0112405 0.0118314
0 0 0.000575198
0 0 0.00056498
0 0 0.000558999
1 0.0227982 0.0233514
1 0.00305575 0.00359816
1 0.0474892 0.0480311
1 0.00380146 0.00434209
0 0 0.000539363
1 0.00468387 0.00522298
1 0.00367357 0.00420592
1 0.00287501 0.00340696
1 0.0196298 0.0201553
2 0.020929 0.0214414
1 0.010702 0.0112119
1 0.0290632 0.0295683
1 0.012845 0.0133475
1 0.00802327 0.0085212
1 0.00556105 0.00605275
2 0.0196826 0.0201705
2 0.0267476 0.0272316
1 0.00419393 0.00467617
2 0.0197425 0.0202126
1 0.00970377 0.0101733
1 0.00283387 0.00329444
0 0 0.000460249
1 0.00719712 0.00764872
2 0.0164215 0.0168634
1 0.00961344 0.0100417
2 0.00809454 0.00852265
2 0.0120871 0.0125058
1 0.0192183 0.019633
1 0.0316596 0.0320656
2 0.0137057 0.0141117
1 0.0139109 0.014313
1 0.00180427 0.00220538
1 0.020355 0.020756
1 0.0205853 0.0209841
1 0.0265956 0.0269917
1 0.00959043 0.00997384
1 0.00655788 0.00693722
1 0.0291982 0.0295742
1 0.0105578 0.0109276
1 0.0112174 0.0115821
0 0 0.000359011
2 0.0278749 0.0282323
1 0.0120606 0.0124147
1 0.0196547 0.0200087
1 0.00370853 0.00405801
2 0.0247387 0.0250873
1 0.0428986 0.0432469
1 0.0118332 0.0121795
0 0 0.000346122
1 0.00517896 0.00551719
1 0.00803745 0.00837337
2 0.0273898 0.027706
1 0.00571112 0.00602644
1 0.0030066 0.00331653
1 0.00376902 0.00407486
1 0.00865952 0.00896438
1 0.0150512 0.015356
1 0.00606316 0.00636477
1 0.00368425 0.00398567
1 0.0211279 0.0214286
2 0.0137211 0.0140191
1 0.010903 0.0111971
1 0.00791597 0.00820663
2 0.0231915 0.0234804
1 0.201267 0.201553
1 0.031774 0.0320559
1 0.0078574 0.00813416
1 0.0271221 0.0273987
1 0.00747985 0.00774836
1 0.00640772 0.00667113
2 0.0193962 0.0196583
1 0.00865321 0.00891235
1 0.00556301 0.00582044
1 0.0111514 0.0113979
2 0.00964026 0.00988552
1 0.0736848 0.0739269
1 0.0043606 0.0045994
2 0.0113661 0.0116028
1 0.0110231 0.0112565
1 0.0205643 0.0207952
2 0.0193933 0.0196176
1 0.00912239 0.00934073
1 0.0261523 0.0263698
1 0.0016606 0.00187671
1 0.00608165 0.00629678
1 0.0330649 0.0332785
1 0.0652531 0.0654658
2 0.0142291 0.0144392
2 0.00666905 0.00687844
1 0.00826168 0.00846957
2 0.0353075 0.0355138
1 0.00380842 0.00401104
1 0.0481088 0.0483067
2 0.0141992 0.0143946
1 0.0172781 0.0174719
2 0.0274457 0.0276373
1 0.00402209 0.0042133
1 0.00858122 0.0087723
2 0.02484 0.0250274
1 0.0324003 0.0325841
1 0.133415 0.133598
2 0.0256569 0.0258352
1 0.0239222 0.0240978
1 0.00568019 0.00585482
1 0.00287921 0.00305174
1 0.00916776 0.00933879
1 0.00419816 0.00436909
2 0.0209773 0.0211458
1 0.0105628 0.0107312
2 0.0110818 0.0112482
1 0.0109963 0.0111621
1 0.0743218 0.0744849
2 0.00778512 0.00794753
2 0.00547279 0.00563408
2 0.0105014 0.0106617
2 0.0219715 0.0221291
2 0.0114163 0.0115739
1 0.186562 0.186716
1 0.00956214 0.00971281
1 0.00278 0.00292859
1 0.0121488 0.0122956
1 0.00711622 0.00726189
1 0.00888717 0.00903163
2 0.170542 0.170685
1 0.0127508 0.0128941
1 0.00389137 0.00403379
2 0.0109902 0.0111326
1 0.0276182 0.0277598
1 0.0324912 0.0326323
1 0.00847994 0.00861879
2 0.0649974 0.0651361
2 0.0331776 0.0333123
1 0.0301627 0.030297
1 0.0179955 0.0181293
2 0.00697517 0.00710794
1 0.0053113 0.005442
2 0.0341635 0.0342935
1 0.00640568 0.00653519
1 0.0147636 0.0148925
2 0.0337559 0.0338832
1 0.00436942 0.00449637
1 0.0166756 0.0167995
1 0.0105782 0.0107015
1 0.0218261 0.0219473
2 0.0253909 0.0255119
1 0.0884018 0.0885187
1 0.00785238 0.00796791
2 0.0119682 0.0120816
2 0.00994366 0.0100568
1 0.00256903 0.00268077
1 0.00132936 0.00144092
2 0.0117369 0.0118481
2 0.0334145 0.0335252
1 0.00826601 0.00837312
1 0.00266801 0.00277402
1 0.00538631 0.00549198
1 0.00306438 0.00316811
1 0.00647158 0.00657519
1 0.0192053 0.0193069
1 0.0133812 0.0134812
1 0.0172443 0.0173411
1 0.00927509 0.00937171
2 0.0210741 0.0211684
2 0.00343389 0.00352779
1 0.0799594 0.0800524
1 0.0140877 0.0141794
1 0.00484561 0.00493628
1 0.00170059 0.00179084
1 0.00927565 0.00936222
1 0.0197878 0.0198743
1 0.0093192 0.00940203
1 0.017291 0.0173734
1 0.0291965 0.029276
2 0.0110187 0.0110979
1 0.0070873 0.00716629
1 0.00688405 0.00696063
2 0.0324034 0.0324772
2 0.0209798 0.0210529
1 0.00908805 0.00915997
1 0.00597409 0.00604544
1 0.00198975 0.00206102
2 0.0239154 0.0239867
1 0.024149 0.0242194
1 0.00555418 0.00562302
1 0.0102434 0.0103122
1 0.0170431 0.0171098
2 0.0047902 0.00485547
2 0.00490584 0.00497102
2 0.0174853 0.0175484
1 0.00426025 0.0043222
1 0.029152 0.0292139
1 0.00299154 0.00305337
1 0.0171182 0.017179
1 0.0236052 0.0236659
2 0.0143516 0.0144121
1 0.0232891 0.0233487
1 0.0912069 0.0912646
2 0.0221874 0.0222443
2 0.0235564 0.0236095
2 0.0114692 0.0115203
1 0.0216947 0.0217457
2 0.0295988 0.0296469
1 0.00582242 0.00586922
1 0.00571573 0.00576242
1 0.0167534 0.0167953
1 0.0143466 0.0143884
2 0.00800525 0.00804589
1 0.00799845 0.00803736
1 0.0228526 0.022891
2 0.00226364 0.0023018
1 0.02302 0.023058
2 0.0214962 0.0215311
1 0.0324322 0.032467
1 0.00532804 0.00536256
1 0.055942 0.0559753
1 0.0124668 0.0124986
1 0.00838025 0.00841134
2 0.0231401 0.0231709
2 0.011523 0.0115531
2 0.00996746 0.0099974
2 0.0213079 0.021337
1 0.0125513 0.0125794
1 0.0137656 0.0137928
2 0.0129902 0.0130168
2 0.0114414 0.0114679
1 0.0214767 0.021503
1 0.00131154 0.00133763
1 0.0152784 0.0153037
2 0.0201773 0.0202026
2 0.012013 0.0120371
2 0.0667863 0.0668093
2 0.0102027 0.0102257
2 0.0125075 0.0125301
2 0.0204406 0.0204628
2 0.0250064 0.0250282
2 0.0274365 0.0274574
1 0.0343028 0.0343236
2 0.00807297 0.00809278
1 0.00427253 0.00429054
2 0.0144178 0.0144355
2 0.0070823 0.00709946
1 0.0144149 0.0144302
1 0.025391 0.0254052
1 0.00575425 0.00576828
1 0.00905509 0.00906877
2 0.0221909 0.0222042
2 0.0745133 0.0745249
1 0.00697347 0.00698458
1 0.00775753 0.0077676
2 0.00793008 0.00793908
2 0.0155571 0.0155638
2 0.0144524 0.0144592
2 0.0101198 0.0101265
1 0.00631857 0.00632519
1 0.00669148 0.00669749
2 0.0094871 0.00949293
2 0.0144707 0.0144764
1 0.00263397 0.00263917
2 0.0118946 0.0118997
2 0.0145266 0.0145317
2 0.0197962 0.0198003
1 0.0130756 0.0130796
1 0.0138505 0.0138544
2 0.0144212 0.0144248
2 0.0346781 0.0346816
1 0.00340229 0.00340566
2 0.00842989 0.00843311
1 0.016062 0.0160649
2 0.0129962 0.012999
1 0.0160259 0.0160286
1 0.00965779 0.00966043
1 0.00841209 0.00841454
2 0.123586 0.123588
2 0.00811572 0.00811793
1 0.00620583 0.00620778
1 0.0129082 0.0129101
1 0.0262998 0.0263016
2 0.0254403 0.025442
2 0.00932011 0.00932176
1 0.0055667 0.00556833
1 0.00911374 0.00911535
1 0.0128297 0.0128312
1 0.0490099 0.0490113
1 0.0369783 0.0369797
2 0.0782862 0.0782873
2 0.0117467 0.0117478
1 0.0109473 0.0109482
2 0.0168519 0.0168527
1 0.0351741 0.0351749
1 0.00480292 0.00480364
2 0.0169236 0.0169242
2 0.00477019 0.00477077
2 0.00805748 0.00805801
1 0.0325577 0.0325582
2 0.0197922 0.0197927
1 0.0107532 0.0107536
2 0.0117122 0.0117124
2 0.0352264 0.0352266
2 0.0143319 0.0143321
2 0.0210472 0.0210473
1 0.198342 0.198342
2 0.0133722 0.0133722
2 0.00926632 0.00926637
2 0.0273218 0.0273219
1 0.0157505 0.0157505
2 0.0102189 0.0102189
