0 0 inf
0 0 0.0953605
0 0 0.0815019
0 0 0.0697594
0 0 0.0450726
0 0 0.0399813
0 0 0.0331655
0 0 0.0311804
0 0 0.0294635
1 0.0211385 0.0456575
0 0 0.0238385
1 0.130585 0.154252
0 0 0.0228696
0 0 0.0215103
0 0 0.0205436
0 0 0.0203218
0 0 0.020098
0 0 0.019737
0 0 0.0195433
1 0.0787012 0.0957402
0 0 0.0167138
0 0 0.0163784
0 0 0.0161627
0 0 0.0151284
1 0.0573382 0.071867
1 0.109307 0.1238
1 0.110501 0.124522
0 0 0.0137806
0 0 0.0135643
0 0 0.013524
0 0 0.0130777
1 0.0949692 0.107264
0 0 0.0122073
1 0.00552362 0.0176133
0 0 0.0116395
0 0 0.0114282
0 0 0.0109544
1 0.0177268 0.0286627
1 0.0318922 0.0426113
0 0 0.0106102
1 0.00989069 0.0204813
0 0 0.010451
0 0 0.0103567
1 0.24036 0.250542
0 0 0.00962035
0 0 0.00950214
0 0 0.00943522
0 0 0.00927802
1 0.0287716 0.0380098
1 0.0220714 0.0311469
0 0 0.00855201
0 0 0.00838659
0 0 0.00833744
1 0.0347282 0.0428495
0 0 0.00808504
2 0.0565356 0.0642685
0 0 0.00763566
0 0 0.00755336
1 0.0268599 0.0342251
1 0.0230781 0.0303483
0 0 0.00723164
0 0 0.00700032
0 0 0.00672
1 0.0290364 0.0356818
0 0 0.00663321
1 0.0384143 0.0450234
1 0.00702299 0.0135982
0 0 0.00655614
0 0 0.00655165
0 0 0.00648228
0 0 0.00626384
0 0 0.00620007
0 0 0.00602607
0 0 0.00595494
0 0 0.00592334
1 0.050218 0.0560941
0 0 0.00578706
0 0 0.00572571
0 0 0.00562808
1 0.0105216 0.0161062
0 0 0.00539155
0 0 0.00527026
1 0.00356283 0.00851649
0 0 0.0049164
1 0.0432559 0.0481019
0 0 0.00478429
0 0 0.00477126
0 0 0.00461515
0 0 0.00457959
0 0 0.00449516
0 0 0.0044382
1 0.0709738 0.0754096
1 0.0689544 0.0733209
0 0 0.0042152
0 0 0.0041588
1 0.0107006 0.0148554
1 0.0161041 0.0201783
1 0.0201998 0.0242517
0 0 0.00403758
1 0.00358314 0.00755235
1 0.0097676 0.0136942
0 0 0.00391049
1 0.0273408 0.0311799
2 0.251806 0.25555
1 0.0332011 0.0368566
1 0.00465478 0.00828468
1 0.00993287 0.0135432
0 0 0.00359011
1 0.0343241 0.0378924
0 0 0.00355897
1 0.00759129 0.0111303
0 0 0.00353593
0 0 0.00353466
0 0 0.0035314
0 0 0.00351588
0 0 0.00340715
0 0 0.0033844
1 0.00743603 0.0108162
0 0 0.00331917
0 0 0.00324881
0 0 0.00322404
0 0 0.0031983
0 0 0.00319411
0 0 0.00318962
1 0.0197347 0.0229168
0 0 0.00316903
0 0 0.00316385
0 0 0.00314538
1 0.00845329 0.0115929
0 0 0.00310521
2 0.0783486 0.0814309
0 0 0.00306883
0 0 0.00299187
0 0 0.00294845
0 0 0.00294471
0 0 0.00294456
0 0 0.00294277
0 0 0.00293275
0 0 0.00290989
1 0.0179416 0.0207519
1 0.00311902 0.00592162
1 0.0160047 0.0187587
1 0.0170438 0.0197821
1 0.0079856 0.0106585
2 0.00881574 0.0114856
0 0 0.00263447
0 0 0.00263263
1 0.00914048 0.0117607
1 0.00469485 0.00727521
1 0.012242 0.0147375
0 0 0.00249338
1 0.0102045 0.0126563
0 0 0.00242666
1 0.00387979 0.00630413
1 0.0155243 0.0179459
0 0 0.00241954
0 0 0.00241535
1 0.0102086 0.0125897
0 0 0.0023721
1 0.0116795 0.0139472
0 0 0.0022662
0 0 0.00226442
0 0 0.0021891
1 0.118727 0.120884
1 0.00405002 0.00619453
0 0 0.00214064
2 0.0312466 0.0333854
1 0.00216269 0.00428729
1 0.0146702 0.016792
1 0.00503919 0.00715516
0 0 0.0020567
0 0 0.00196366
0 0 0.0019486
1 0.0167748 0.0186869
0 0 0.0018691
0 0 0.00186708
0 0 0.00185903
0 0 0.00185458
1 0.0309991 0.0328522
0 0 0.00185207
0 0 0.00183576
0 0 0.00181171
1 0.00765073 0.00945039
0 0 0.00179131
0 0 0.00178893
1 0.00198092 0.00375111
0 0 0.00175165
0 0 0.0017259
1 0.0187647 0.0204793
0 0 0.00170164
1 0.00826177 0.00995463
0 0 0.00168038
0 0 0.0016709
0 0 0.00165573
1 0.0272282 0.0288705
1 0.0201232 0.0217543
0 0 0.00162721
1 0.0131833 0.0148079
0 0 0.00161247
1 0.010041 0.0116149
0 0 0.00157385
0 0 0.00154458
0 0 0.0015288
1 0.239598 0.241127
0 0 0.00152408
0 0 0.00151902
0 0 0.00151186
1 0.00940324 0.0108974
1 0.0123528 0.0138141
1 0.00245014 0.00390993
1 0.0456104 0.0470472
1 0.00373934 0.00517556
0 0 0.00142668
1 0.00691491 0.00833305
0 0 0.00141746
1 0.00190904 0.00331202
1 0.00562574 0.00702759
0 0 0.00139684
0 0 0.00138963
1 0.00692377 0.00831073
1 0.00601218 0.00739601
2 0.0758613 0.0772328
0 0 0.00135773
1 0.00977291 0.0111285
0 0 0.0013379
0 0 0.00132791
1 0.00380695 0.00512994
1 0.00444933 0.00576234
1 0.0186444 0.0199568
1 0.00206029 0.00337135
1 0.0128507 0.0141589
1 0.00707814 0.00838603
2 0.00739656 0.00869944
0 0 0.0012918
1 0.112487 0.113761
0 0 0.00126661
0 0 0.00126202
1 0.0078755 0.00909956
1 0.0297043 0.0309183
1 0.026915 0.0281267
0 0 0.00120795
0 0 0.00120346
2 0.0511775 0.0523742
0 0 0.00119654
1 0.00325283 0.00443198
0 0 0.00117026
0 0 0.00116459
1 0.0046318 0.0057853
1 0.00600426 0.00715725
0 0 0.00113596
1 0.0136079 0.0147185
0 0 0.00110059
0 0 0.00109995
2 0.0364153 0.0375149
1 0.0175477 0.0186329
1 0.00625886 0.00734344
2 0.0136152 0.0146586
0 0 0.0010271
0 0 0.00102407
1 0.0165627 0.0175711
1 0.0188582 0.019864
0 0 0.00100557
1 0.016569 0.0175499
1 0.030726 0.0317051
2 0.00918276 0.0101587
2 0.0208131 0.0217838
0 0 0.000968018
0 0 0.000967797
1 0.0593568 0.0603178
0 0 0.000951827
0 0 0.000951789
1 0.00970882 0.0106558
0 0 0.000898522
1 0.00700487 0.00789152
1 0.00257389 0.00344759
0 0 0.000867664
0 0 0.000858099
1 0.00361084 0.00446771
1 0.005741 0.00658801
0 0 0.000838228
2 0.0119709 0.0128036
1 0.0437839 0.0446133
0 0 0.000825104
2 0.169483 0.170304
0 0 0.000806774
0 0 0.000779254
0 0 0.000777777
1 0.00721192 0.00798601
2 0.0650594 0.0658273
0 0 0.000755622
0 0 0.000739087
1 0.0116082 0.0123459
1 0.017464 0.0181937
2 0.0159094 0.0166314
1 0.0131378 0.0138591
1 0.0776817 0.0783947
1 0.00230274 0.00301331
1 0.00301263 0.00372202
0 0 0.000706705
1 0.00798838 0.00869419
1 0.00568933 0.00639302
1 0.00979479 0.0104972
0 0 0.000702306
1 0.00389153 0.0045845
2 0.0162086 0.0168919
1 0.00875051 0.00941992
1 0.00824147 0.00890951
0 0 0.000656913
1 0.00521085 0.00585871
2 0.0208078 0.0214537
1 0.00312824 0.00376861
1 0.00479642 0.00543448
0 0 0.000630484
0 0 0.000626843
2 0.00947002 0.0100816
1 0.00771883 0.00832848
2 0.0221977 0.022804
2 0.0202173 0.020809
1 0.0389907 0.0395823
0 0 0.000582738
1 0.0130144 0.0135965
1 0.0266873 0.0272673
1 0.0476033 0.0481823
1 0.00446202 0.00504081
1 0.00735064 0.00791325
1 0.0468621 0.0474243
0 0 0.000549209
2 0.00808345 0.00863079
1 0.0626129 0.0631602
1 0.0122654 0.0128068
1 0.00542144 0.00595998
0 0 0.000528788
1 0.00564082 0.0061663
1 0.00628818 0.00681208
0 0 0.000516989
1 0.0332778 0.0337891
1 0.200789 0.201273
1 0.00671459 0.00719843
0 0 0.000480942
1 0.00623238 0.00670147
0 0 0.000446722
1 0.00194798 0.00239205
0 0 0.000441865
1 0.00422731 0.00466762
1 0.00231959 0.00275878
0 0 0.000439072
0 0 0.000437041
1 0.0122433 0.0126776
1 0.0020386 0.00246722
1 0.0169798 0.0173924
1 0.0108901 0.0113001
1 0.00751023 0.00791778
2 0.0507201 0.0511245
1 0.00679806 0.00719819
1 0.00532554 0.0057254
1 0.0132545 0.0136502
1 0.00449347 0.00488794
1 0.00462177 0.00501333
1 0.0442917 0.0446797
1 0.00464789 0.00503347
1 0.00983894 0.0102188
1 0.00367251 0.004047
2 0.0470823 0.0474503
2 0.00786276 0.00821516
1 0.0106744 0.0110268
1 0.00623885 0.00658943
1 0.00261693 0.00296737
1 0.0074216 0.00776559
1 0.00149011 0.00183289
2 0.0969299 0.0972713
1 0.00652132 0.00686006
1 0.00787558 0.00820441
1 0.00225477 0.00258109
0 0 0.000324057
1 0.0055822 0.00590053
2 0.0292626 0.0295802
1 0.00489237 0.0052059
1 0.00197139 0.0022831
1 0.00635189 0.0066634
1 0.00160141 0.00191257
1 0.00219507 0.0025056
2 0.0217368 0.0220452
1 0.0353113 0.0356189
0 0 0.000305976
1 0.00746199 0.00775647
2 0.0760592 0.0763531
1 0.00276334 0.00305409
0 0 0.000283317
0 0 0.000282941
1 0.00532604 0.00560191
2 0.00827742 0.00855251
1 0.00831454 0.00858577
1 0.0194582 0.019725
1 0.00333472 0.00359914
1 0.00343553 0.00369836
1 0.00296061 0.00322168
1 0.00717946 0.00743756
1 0.014306 0.0145626
1 0.00246607 0.00272142
0 0 0.000250464
1 0.00317239 0.00341653
1 0.00150048 0.00174099
1 0.0121453 0.0123849
1 0.00645391 0.00668931
2 0.0380156 0.038246
1 0.0132079 0.0134382
2 0.00676811 0.00699387
1 0.0149246 0.0151487
1 0.00158453 0.00180815
0 0 0.00022354
1 0.00612166 0.00634437
1 0.0431032 0.0433251
1 0.00471859 0.00493693
1 0.00400541 0.00421982
0 0 0.000209004
1 0.00137075 0.00157506
1 0.166976 0.167177
2 0.0517473 0.0519476
1 0.000953051 0.00115203
2 0.00582754 0.00602418
1 0.0118052 0.0119975
1 0.00696186 0.00715342
1 0.0020739 0.00226291
1 0.00558084 0.00576859
1 0.00842477 0.00861243
1 0.0183104 0.0184959
1 0.00233313 0.00251761
1 0.001573 0.00175743
1 0.0965657 0.0967501
1 0.00553043 0.00571137
1 0.0687638 0.0689381
1 0.00401527 0.00418777
1 0.0102637 0.0104362
0 0 0.000170544
1 0.00118343 0.00135244
2 0.0203807 0.0205466
2 0.0058346 0.00600033
1 0.00925491 0.00941878
1 0.00576103 0.00592212
1 0.00711453 0.0072749
1 0.0010251 0.00118414
2 0.0137488 0.0139077
1 0.00420188 0.00436042
1 0.00761136 0.00776628
1 0.00239263 0.00254743
1 0.00537889 0.00553207
1 0.00506626 0.00521703
1 0.091498 0.0916436
1 0.0779615 0.0781037
1 0.0103771 0.0105158
1 0.000582742 0.000718956
1 0.00535156 0.00548734
1 0.00341157 0.0035461
1 0.00244427 0.00257423
2 0.00703362 0.00716282
1 0.00814538 0.00827311
2 0.0805142 0.0806402
2 0.00939012 0.00951486
1 0.00395245 0.00407618
1 0.00925895 0.00938261
0 0 0.000123209
0 0 0.000122461
1 0.00554231 0.0056635
1 0.0559188 0.0560372
1 0.0059707 0.00608724
1 0.00482168 0.00493764
1 0.00166733 0.00178119
0 0 0.00010996
1 0.00219101 0.00230018
1 0.00363752 0.00374529
1 0.00441292 0.00451996
0 0 0.000106775
0 0 0.000106552
0 0 0.000106094
1 0.00630834 0.00641287
1 0.0154848 0.015589
2 0.00530173 0.00540557
1 0.0042369 0.00433999
2 0.00586552 0.00596717
1 0.00534182 0.00544068
1 0.00130854 0.00140496
2 0.00781896 0.00791412
0 0 9.25512e-05
1 0.00235917 0.00245034
0 0 9.07254e-05
1 0.0136344 0.0137247
2 0.0349583 0.0350481
0 0 8.92656e-05
2 0.0103071 0.0103937
1 0.0126861 0.0127722
1 0.0163947 0.0164801
1 0.0043581 0.00444324
2 0.00530605 0.00539006
2 0.0148869 0.0149692
2 0.021233 0.0213125
2 0.00662587 0.00670471
2 0.00708692 0.00716527
2 0.0560986 0.0561756
1 0.00134809 0.00142281
1 0.00567708 0.0057516
1 0.051145 0.051218
1 0.00128226 0.00135494
2 0.00468651 0.00475826
1 0.00178804 0.00185945
2 0.00796052 0.00803173
1 0.00552784 0.00559792
1 0.000967968 0.00103644
2 0.0148741 0.0149426
1 0.00400911 0.00407731
1 0.00708224 0.00714947
2 0.0440969 0.0441636
1 0.00139894 0.0014656
2 0.00642376 0.00648944
1 0.0166183 0.0166832
1 0.00275506 0.00281958
1 0.00107861 0.00114303
1 0.0010008 0.00106448
1 0.0046051 0.00466827
1 0.00170771 0.00177068
1 0.0935278 0.0935885
1 0.0115721 0.0116324
1 0.00618072 0.00624044
1 0.00378783 0.00384745
2 0.00814252 0.00820034
1 0.00601 0.00606767
1 0.0470522 0.0471088
2 0.0317808 0.0318357
1 0.00238134 0.0024326
2 0.050532 0.050582
2 0.0165505 0.0166004
2 0.0121994 0.012249
2 0.00739934 0.00744654
2 0.00135429 0.00140117
2 0.0144918 0.0145364
2 0.00886112 0.0089054
2 0.00834665 0.00838885
1 0.164158 0.1642
2 0.109639 0.109676
1 0.0296514 0.0296885
1 0.00468545 0.00472167
1 0.0204548 0.0204903
2 0.00169034 0.00172583
2 0.00972188 0.00975661
2 0.0941902 0.0942243
2 0.00476265 0.00479547
1 0.0103612 0.0103939
1 0.00549526 0.00552737
1 0.00649425 0.00652501
2 0.00750945 0.00753861
1 0.00158794 0.00161702
0 0 2.88935e-05
2 0.0113918 0.0114199
1 0.00407193 0.00409844
1 0.00185997 0.00188605
2 0.00627744 0.00630325
1 0.00606285 0.00608736
2 0.0159469 0.015971
1 0.00162845 0.00165247
1 0.00996975 0.00999332
2 0.0081262 0.00814894
1 0.0057465 0.00576905
2 0.00921779 0.00924004
1 0.00431951 0.00434134
2 0.0104304 0.0104518
2 0.00898407 0.0090049
2 0.00682225 0.00684283
1 0.00466243 0.0046825
1 0.0292102 0.0292296
1 0.172903 0.172921
1 0.00723895 0.00725645
1 0.00168119 0.0016986
1 0.0108644 0.0108817
2 0.0116571 0.0116731
2 0.00216313 0.00217902
2 0.0169157 0.0169307
2 0.0608599 0.0608743
2 0.074217 0.074231
2 0.0123953 0.0124091
1 0.013302 0.0133157
1 0.0505177 0.050531
1 0.00171866 0.00173155
1 0.0275999 0.0276126
1 0.0204219 0.0204342
2 0.0193915 0.0194037
1 0.00378382 0.00379582
1 0.0283749 0.0283866
1 0.00559017 0.00560184
2 0.00746974 0.00748114
1 0.00632351 0.00633481
2 0.00190241 0.00191314
2 0.00766424 0.00767479
2 0.00736833 0.00737851
2 0.00487193 0.00488194
1 0.00740969 0.00741967
1 0.02531 0.0253194
1 0.00264214 0.00265133
2 0.0097432 0.00975209
1 0.00404742 0.00405595
1 0.00810063 0.00810905
1 0.0183429 0.0183509
1 0.0376874 0.0376952
1 0.0087856 0.00879291
1 0.0158041 0.0158114
1 0.0161454 0.0161526
1 0.0169108 0.0169178
1 0.00442467 0.00443169
1 0.0046312 0.00463756
1 0.00683167 0.00683801
1 0.0010618 0.00106807
1 0.00283416 0.00284039
2 0.00581982 0.00582576
2 0.188198 0.188204
2 0.0204055 0.020411
1 0.00107262 0.00107813
1 0.00304899 0.0030543
2 0.0169088 0.0169138
2 0.060382 0.0603868
2 0.0107403 0.010745
1 0.0115119 0.0115165
1 0.0766438 0.0766482
1 0.000320014 0.000324172
1 0.00270405 0.0027082
1 0.0472322 0.0472363
1 0.00171797 0.00172204
2 0.0183511 0.0183551
2 0.0123621 0.0123659
2 0.0125847 0.0125883
1 0.00430452 0.00430817
2 0.00714527 0.00714885
1 0.00333901 0.00334228
2 0.0141328 0.0141358
1 0.00194947 0.00195242
2 0.00723322 0.00723616
2 0.00737452 0.0073774
2 0.083618 0.0836207
1 0.0309044 0.030907
1 0.00734069 0.00734306
1 0.00347613 0.00347814
1 0.0113619 0.0113639
1 0.00699757 0.00699931
2 0.0980183 0.09802
2 0.00420257 0.00420418
1 0.0121647 0.0121663
1 0.00783723 0.00783876
1 0.0142639 0.0142654
2 0.0377065 0.0377079
2 0.00813944 0.00814088
1 0.00540483 0.00540614
1 0.00226816 0.00226905
1 0.00134704 0.00134788
1 0.0146083 0.014609
1 0.00716287 0.00716355
2 0.00479054 0.00479106
2 0.0115146 0.0115152
1 0.0115062 0.0115066
2 0.00844871 0.00844918
1 0.00729026 0.00729063
1 0.00535039 0.00535074
1 0.000693179 0.00069353
2 0.0124469 0.0124473
1 0.00309322 0.00309355
2 0.0058616 0.00586189
1 0.0132229 0.0132231
1 0.00485971 0.0048599
2 0.00371638 0.00371652
1 0.0175283 0.0175283
2 0.00618089 0.00618093
1 0.00358095 0.00358099
2 0.00455092 0.00455092
