0 0 inf
0 0 0.199579
1 0.313955 0.391598
1 0.329615 0.396861
0 0 0.0625053
1 0.0340544 0.0935113
0 0 0.058728
0 0 0.0542269
1 0.0625939 0.111905
0 0 0.0473197
0 0 0.0420638
0 0 0.0390818
0 0 0.0372217
1 0.0541098 0.0897523
0 0 0.035609
0 0 0.0341362
0 0 0.033651
0 0 0.0330447
1 0.0341504 0.0671206
0 0 0.0322514
0 0 0.0319654
0 0 0.0317679
0 0 0.0307858
0 0 0.0290687
0 0 0.0280279
1 0.0721019 0.0999064
0 0 0.0273561
1 0.0229255 0.0499434
0 0 0.0263328
0 0 0.0252616
0 0 0.0250367
0 0 0.0233355
0 0 0.0231524
1 0.0503896 0.0706152
0 0 0.0196379
1 0.185115 0.204619
0 0 0.0191143
0 0 0.0188727
0 0 0.0187311
0 0 0.0184718
0 0 0.0181733
0 0 0.0168236
1 0.0404954 0.056118
0 0 0.0154895
2 0.40296 0.418368
0 0 0.0149696
0 0 0.0147586
1 0.03704 0.0517878
0 0 0.0141332
0 0 0.014086
1 0.200952 0.214814
0 0 0.0138537
1 0.352941 0.366764
1 0.135449 0.149235
2 0.0643597 0.077728
1 0.0669951 0.0797357
0 0 0.0126615
0 0 0.0125279
1 0.0897103 0.101921
0 0 0.0121501
0 0 0.0118934
0 0 0.0113814
0 0 0.011214
1 0.00597479 0.0171407
1 0.0522117 0.0633485
0 0 0.0109863
0 0 0.0105793
1 0.00583116 0.0163126
1 0.0384757 0.0485063
1 0.00536192 0.0152206
1 0.0682893 0.0781449
1 0.00594683 0.0152864
1 0.0393414 0.0484002
1 0.0220158 0.0310036
1 0.0356034 0.0444638
0 0 0.0088421
1 0.0396107 0.0481565
1 0.0436579 0.052096
1 0.0975458 0.105983
0 0 0.00826324
0 0 0.00804891
1 0.0580062 0.0659908
1 0.00580204 0.0136009
0 0 0.00746896
0 0 0.00740761
0 0 0.00740484
0 0 0.00736521
1 0.015991 0.0232586
0 0 0.00720661
1 0.00997606 0.0170613
0 0 0.00690604
1 0.0574611 0.0643022
1 0.0268542 0.0335378
0 0 0.00666497
0 0 0.00662479
1 0.0518777 0.0583552
0 0 0.00645128
0 0 0.00635249
0 0 0.00627637
0 0 0.00621151
0 0 0.00620766
0 0 0.00615284
0 0 0.00613796
0 0 0.00613605
0 0 0.00607631
0 0 0.00601414
1 0.0159985 0.0220046
0 0 0.00589001
0 0 0.0058837
0 0 0.0058647
0 0 0.00584575
0 0 0.00581159
0 0 0.00579062
0 0 0.00572245
1 0.0362695 0.0419372
0 0 0.00565167
0 0 0.00564966
1 0.00932161 0.014932
1 0.0111297 0.0166915
1 0.0112752 0.0167347
0 0 0.00542456
1 0.0329445 0.0383499
0 0 0.00539929
1 0.0414846 0.0468696
1 0.0267566 0.0321337
0 0 0.00530013
0 0 0.00522458
0 0 0.00518792
0 0 0.00518066
0 0 0.005076
0 0 0.00503659
0 0 0.00500781
0 0 0.00498048
0 0 0.00496995
0 0 0.00495885
0 0 0.00486064
0 0 0.00484086
1 0.0187598 0.0235717
1 0.055717 0.0605075
0 0 0.00473599
0 0 0.00464368
2 0.108615 0.113224
0 0 0.00451633
0 0 0.00450108
0 0 0.00445591
1 0.141628 0.146064
0 0 0.00431333
0 0 0.00428048
1 0.0448919 0.0491691
0 0 0.00421485
0 0 0.00412396
0 0 0.00411199
0 0 0.00409424
0 0 0.00404397
0 0 0.00402602
1 0.0127597 0.0167576
0 0 0.00396606
0 0 0.00387761
1 0.0972647 0.101133
1 0.0371987 0.0410585
1 0.00742035 0.0112461
1 0.0144934 0.0183073
0 0 0.00380523
1 0.0191765 0.0229748
0 0 0.00375989
1 0.00556648 0.00931264
0 0 0.0035815
1 0.011359 0.0149396
0 0 0.00357169
1 0.0359178 0.0394758
0 0 0.00355132
0 0 0.00350898
1 0.0119037 0.0154107
1 0.0104237 0.0139115
0 0 0.00344501
0 0 0.00343865
1 0.00937249 0.0128092
0 0 0.00341898
0 0 0.00340913
0 0 0.00336207
0 0 0.00335195
0 0 0.00335176
2 0.0724429 0.0757821
2 0.0197625 0.0230734
1 0.0933656 0.0966722
0 0 0.00330394
1 0.0145164 0.0178203
0 0 0.00327493
0 0 0.00322331
1 0.00825125 0.0114372
0 0 0.00317472
1 0.0242618 0.0273653
2 0.0519443 0.0550142
1 0.00942277 0.0124921
0 0 0.00305141
0 0 0.00304858
2 0.0916878 0.094728
1 0.054894 0.0579316
1 0.0839724 0.0869629
0 0 0.00295455
2 0.0908703 0.0937631
1 0.0131971 0.0160541
1 0.0434863 0.0463325
1 0.0847058 0.0875328
2 0.0196683 0.0224603
0 0 0.00276368
1 0.0815902 0.0843158
0 0 0.00272525
2 0.102446 0.105149
1 0.0425847 0.0452668
0 0 0.00267059
0 0 0.00260404
1 0.00644053 0.00900755
0 0 0.00255938
2 0.0993704 0.101924
0 0 0.00254579
0 0 0.00251078
0 0 0.00246553
1 0.0453332 0.0477696
1 0.0462622 0.0486658
0 0 0.00239846
0 0 0.00238219
0 0 0.00230558
0 0 0.00228947
0 0 0.00228689
1 0.00798787 0.0102621
1 0.0656909 0.0679374
0 0 0.00221478
1 0.00878154 0.0109825
1 0.00659636 0.00871519
0 0 0.00211619
0 0 0.00208771
0 0 0.00206444
1 0.00865048 0.010707
0 0 0.00205265
0 0 0.0020519
1 0.0397801 0.0418202
2 0.398347 0.400363
0 0 0.00199589
0 0 0.00197345
0 0 0.00195786
1 0.00729328 0.00924307
1 0.0204318 0.0223346
0 0 0.00190183
2 0.0402478 0.0421448
0 0 0.00186105
1 0.126791 0.128637
0 0 0.00184196
1 0.0106632 0.0124966
1 0.0199116 0.0217378
0 0 0.00182053
1 0.00828609 0.0100701
1 0.0502233 0.0520023
1 0.0126514 0.0144201
1 0.00699878 0.00872704
1 0.0199064 0.0216234
0 0 0.00171284
1 0.0233421 0.025021
2 0.0435625 0.0452215
0 0 0.00165339
1 0.00760728 0.0092594
2 0.0275352 0.0291841
0 0 0.00163638
1 0.00967935 0.0113121
1 0.00913434 0.0107582
1 0.0385248 0.040148
1 0.0103849 0.0119933
1 0.0127183 0.0143177
1 0.0644851 0.0660799
0 0 0.001569
1 0.0127242 0.0142881
1 0.00793749 0.00947491
1 0.0060364 0.00756646
0 0 0.00152824
1 0.0188488 0.0203441
0 0 0.00149212
1 0.122261 0.123736
2 0.00979499 0.0112517
0 0 0.00142784
1 0.00740299 0.0088235
1 0.00388394 0.00530125
0 0 0.00140521
0 0 0.0013844
1 0.00429202 0.00567403
0 0 0.0013774
0 0 0.00135415
1 0.0150473 0.0164
1 0.00772424 0.00907375
0 0 0.00134455
0 0 0.00133046
1 0.00897627 0.0103058
0 0 0.00131553
1 0.00434992 0.00566533
1 0.0175817 0.0188783
2 0.0185207 0.0198068
0 0 0.00127112
1 0.0353615 0.036617
1 0.00470661 0.00593169
2 0.427482 0.428704
1 0.00783742 0.00903477
0 0 0.00119272
1 0.103159 0.104342
1 0.0157079 0.0168738
1 0.0102402 0.011405
1 0.0252385 0.0263952
1 0.0154984 0.0166435
0 0 0.00113799
1 0.0471267 0.0482379
0 0 0.00110467
2 0.0224658 0.0235633
2 0.404653 0.405749
1 0.0930784 0.0941364
0 0 0.00104668
2 0.0612058 0.0622522
0 0 0.00103669
2 0.0671852 0.0682143
1 0.009417 0.010439
1 0.066259 0.06728
1 0.00641958 0.00742493
1 0.00481908 0.00581099
1 0.0600152 0.0609687
2 0.0946561 0.0955862
1 0.0258012 0.0267233
1 0.00628246 0.00720385
1 0.00972012 0.0106323
1 0.0905745 0.0914832
0 0 0.000908396
1 0.0352184 0.0361262
1 0.00340313 0.00430125
0 0 0.000896054
1 0.0127743 0.0136699
0 0 0.000890437
1 0.00996734 0.0108502
2 0.0263456 0.0272266
1 0.00725142 0.00811449
1 0.0555982 0.0564598
0 0 0.00085191
2 0.0676937 0.0685434
1 0.0489795 0.0498277
1 0.00638442 0.00723239
1 0.0151156 0.0159607
1 0.00554246 0.00638454
1 0.00297001 0.00380357
1 0.0036579 0.00449124
1 0.0906641 0.0914942
1 0.0121755 0.0130036
2 0.0969215 0.0977356
0 0 0.000802375
2 0.0104684 0.0112606
1 0.00673602 0.00752125
0 0 0.00078521
0 0 0.000778895
0 0 0.000775516
1 0.0128309 0.0135978
1 0.109768 0.11053
1 0.0872983 0.0880602
1 0.00657188 0.00733235
1 0.00768627 0.00842855
1 0.0128823 0.0136242
1 0.0607324 0.0614715
1 0.0355481 0.0362777
1 0.0125387 0.0132533
1 0.00700293 0.00770158
1 0.0978103 0.0985087
0 0 0.000696495
1 0.00465087 0.00534047
2 0.069346 0.0700348
1 0.0139304 0.0146113
0 0 0.000679887
1 0.0140363 0.0146912
1 0.0106542 0.0113008
2 0.0171126 0.0177499
1 0.0153207 0.0159577
2 0.0312942 0.0319191
0 0 0.000621653
1 0.00272803 0.00334657
2 0.0908499 0.0914592
2 0.0159222 0.0165306
0 0 0.000603155
2 0.0173843 0.0179853
1 0.111136 0.111733
1 0.0243141 0.0249099
1 0.00860534 0.00920086
1 0.00325212 0.00383807
1 0.0390445 0.0396185
1 0.0225933 0.0231587
0 0 0.000564092
1 0.00682038 0.00738083
2 0.411336 0.411896
2 0.0935371 0.094097
1 0.0482201 0.0487776
0 0 0.000554329
1 0.0304208 0.0309675
1 0.00469574 0.00523815
0 0 0.000539267
2 0.0149958 0.0155228
1 0.00474789 0.0052738
1 0.00733015 0.00784864
1 0.0079616 0.00847233
2 0.046227 0.0467335
1 0.0140939 0.0145979
1 0.0835151 0.0840158
0 0 0.000489032
1 0.0112695 0.0117582
2 0.0187462 0.0192342
2 0.0180433 0.0185287
2 0.0294492 0.0299288
2 0.0227072 0.0231822
1 0.00843628 0.00890725
1 0.00693326 0.00739955
1 0.00921633 0.00968257
2 0.0178154 0.0182738
0 0 0.000455479
2 0.0124975 0.0129517
0 0 0.000452556
0 0 0.000447321
1 0.0584631 0.0589063
1 0.00625058 0.00668576
1 0.00630208 0.00673392
1 0.00716586 0.00758698
1 0.00681037 0.00722521
1 0.00953164 0.00994422
2 0.153105 0.153513
0 0 0.000405798
1 0.0100389 0.0104404
1 0.00710787 0.00750547
2 0.0528982 0.0532873
1 0.00841537 0.00879516
2 0.0759576 0.0763371
2 0.0103934 0.0107729
2 0.0130427 0.0134209
2 0.0334443 0.0338078
2 0.402877 0.403237
1 0.0190134 0.0193711
1 0.00610696 0.00646278
0 0 0.000355588
2 0.0157821 0.0161347
1 0.0103739 0.0107252
1 0.0110732 0.0114218
1 0.0143344 0.0146723
2 0.0169044 0.0172417
1 0.00905017 0.00938314
1 0.00438129 0.00471407
2 0.0128719 0.0132025
2 0.0580909 0.0584165
1 0.0026626 0.00297992
1 0.0754037 0.0757191
1 0.0519049 0.0522147
1 0.0331361 0.0334369
1 0.023454 0.0237472
0 0 0.000290406
1 0.0400744 0.0403644
1 0.00312256 0.00341253
1 0.0512208 0.0514959
0 0 0.000270555
1 0.0905148 0.0907787
1 0.00729725 0.00754862
1 0.00791494 0.00816143
1 0.000913258 0.0011585
1 0.0124528 0.0126955
1 0.00704267 0.00728088
1 0.00306508 0.00330286
1 0.00687384 0.00710832
1 0.0102463 0.0104805
2 0.0283119 0.0285457
1 0.0103813 0.01061
2 0.0232969 0.0235218
1 0.00266031 0.00288212
1 0.00280713 0.00302869
2 0.113203 0.113423
1 0.00738808 0.00759666
2 0.00797186 0.00817948
1 0.00420274 0.00440786
2 0.0972076 0.0974123
1 0.0399683 0.0401645
1 0.00781077 0.00800547
1 0.0126816 0.0128736
2 0.00952266 0.00971443
2 0.0286789 0.0288691
0 0 0.000189693
1 0.0147013 0.0148881
1 0.0246629 0.024848
1 0.00935265 0.00953707
0 0 0.000179294
1 0.0181362 0.0183152
1 0.0168706 0.017049
1 0.0115541 0.011732
1 0.0381642 0.0383402
1 0.0660781 0.0662525
1 0.00930264 0.00947483
1 0.00402292 0.00419485
1 0.00429109 0.00445966
2 0.00776898 0.00793559
1 0.0260584 0.0262222
1 0.0865976 0.0867551
1 0.0550438 0.0552002
2 0.0281341 0.0282904
1 0.0479648 0.048119
2 0.0269736 0.0271207
1 0.012256 0.0124013
0 0 0.000144931
1 0.00707048 0.00721511
1 0.00755964 0.00769645
1 0.0606394 0.0607744
1 0.00110282 0.00123453
1 0.00466693 0.00479781
2 0.0596787 0.0598087
1 0.0558147 0.0559437
1 0.0527997 0.0529285
1 0.0189423 0.0190702
2 0.0269413 0.0270684
2 0.0225924 0.0227192
1 0.00772794 0.0078538
2 0.0875825 0.0877083
2 0.0196209 0.0197448
1 0.00777354 0.00789693
1 0.397602 0.397725
1 0.0534394 0.0535618
1 0.0120959 0.0122181
2 0.0162483 0.0163702
1 0.0552745 0.055394
1 0.0255547 0.0256732
2 0.0759907 0.0761089
1 0.0116893 0.0118067
1 0.00828487 0.00840164
2 0.028018 0.0281343
1 0.00646922 0.00658403
1 0.027319 0.0274338
1 0.0159723 0.0160863
1 0.00494455 0.00505818
1 0.00285955 0.00296991
1 0.0097336 0.00984228
2 0.0100084 0.0101165
2 0.0244496 0.0245569
1 0.00508021 0.00518567
2 0.0167933 0.0168987
1 0.0862863 0.0863911
1 0.0163128 0.0164162
1 0.00341446 0.00351671
2 0.00904137 0.00914241
2 0.00847739 0.00857784
1 0.00710399 0.00720356
2 0.00751465 0.00761146
1 0.00673738 0.00683374
1 0.0220204 0.0221158
2 0.0673381 0.0674329
1 0.0169757 0.0170698
2 0.00777788 0.0078711
2 0.00567251 0.00576474
2 0.0217558 0.0218465
1 0.0136999 0.0137888
1 0.0150608 0.0151493
1 0.00701013 0.00709803
2 0.0187587 0.0188451
0 0 8.33767e-05
1 0.0166813 0.0167647
1 0.0384762 0.0385578
2 0.00586992 0.00595085
2 0.0210929 0.0211737
2 0.127602 0.12768
1 0.0118407 0.0119177
1 0.00517666 0.00525306
1 0.00374286 0.00381786
1 0.0736407 0.0737153
2 0.0134497 0.0135223
1 0.0908924 0.0909649
2 0.0180344 0.018104
1 0.00368442 0.00375368
1 0.0079452 0.00801347
2 0.016137 0.0162053
1 0.00692088 0.00698899
1 0.0697937 0.0698601
1 0.00563901 0.00570381
1 0.0276662 0.0277298
1 0.00703951 0.00710177
2 0.00529743 0.00535816
2 0.0171794 0.0172377
2 0.099157 0.0992114
1 0.015774 0.0158282
2 0.0110112 0.0110635
2 0.0499616 0.0500129
0 0 4.82157e-05
1 0.0175399 0.0175877
2 0.123796 0.123844
1 0.013278 0.0133252
1 0.00660494 0.00665104
0 0 4.58737e-05
1 0.0657802 0.065825
2 0.0889078 0.088952
2 0.397839 0.397883
1 0.0167581 0.0168009
2 0.00790367 0.00794571
2 0.0911388 0.091179
2 0.0160651 0.0161042
1 0.0101679 0.0102064
1 0.00289212 0.00293004
2 0.055629 0.0556662
1 0.00987759 0.00991452
2 0.0103221 0.0103589
2 0.00807966 0.00811563
1 0.00516943 0.00520436
1 0.00852893 0.00856247
2 0.102787 0.102821
1 0.0698651 0.0698981
1 0.0373288 0.0373617
1 0.00238636 0.00241901
1 0.0108134 0.0108448
2 0.00946009 0.0094905
1 0.00785348 0.00788271
1 0.0968275 0.0968566
2 0.00567905 0.00570713
1 0.0130471 0.0130748
1 0.00732831 0.00735559
1 0.0158915 0.0159184
2 0.128968 0.128994
2 0.0265574 0.0265833
2 0.0178586 0.0178839
2 0.0145587 0.0145839
2 0.0356053 0.0356305
2 0.0593073 0.0593315
2 0.014212 0.0142348
1 0.0348487 0.0348688
2 0.131175 0.131194
1 0.00138473 0.00140396
2 0.0126022 0.0126213
1 0.00578078 0.00579975
2 0.0606542 0.0606727
1 0.0175549 0.0175729
1 0.00634967 0.00636743
2 0.0672047 0.0672223
1 0.0105119 0.0105286
2 0.0196999 0.0197162
1 0.0420698 0.0420859
1 0.0010064 0.00102188
1 0.0101032 0.0101186
2 0.0171386 0.0171537
1 0.00816332 0.00817816
2 0.0183942 0.0184083
2 0.0196984 0.0197119
1 0.0144391 0.0144523
1 0.00690539 0.00691829
2 0.0443389 0.0443513
1 0.000782313 0.000794035
1 0.00470682 0.0047182
1 0.0137767 0.0137876
2 0.0684551 0.0684659
2 0.0194728 0.0194828
2 0.0677136 0.0677216
2 0.0118633 0.0118711
1 0.000157762 0.00016516
1 0.00161706 0.0016244
2 0.00533447 0.0053412
1 0.00418473 0.00419112
1 0.0380605 0.0380665
2 0.0257381 0.025744
1 0.00476189 0.00476745
2 0.0130274 0.0130328
2 0.0183669 0.0183721
1 0.0220214 0.0220263
1 0.0987091 0.0987136
2 0.0167824 0.0167868
1 0.0155274 0.0155318
2 0.00628104 0.00628485
2 0.0233457 0.0233494
2 0.00994539 0.00994869
2 0.0183797 0.0183823
1 0.00688242 0.00688506
1 0.0093194 0.00932184
2 0.00669097 0.0066934
2 0.0146869 0.0146891
1 0.0167673 0.0167694
1 0.00674901 0.00675098
2 0.0977033 0.0977052
2 0.0277895 0.0277913
2 0.0419872 0.041989
1 0.0120806 0.0120821
2 0.0597944 0.0597958
2 0.0199364 0.0199377
2 0.0403273 0.0403286
1 0.0199972 0.0199981
2 0.0105615 0.0105624
1 0.00594217 0.00594296
1 0.00278398 0.00278459
1 0.00818747 0.00818806
1 0.00305383 0.00305441
1 0.00746905 0.00746959
1 0.0293416 0.029342
2 0.0817626 0.0817629
1 0.0490587 0.0490589
1 0.0207626 0.0207628
2 0.0236483 0.0236485
1 0.00536688 0.00536704
2 0.0100937 0.0100938
1 0.00201893 0.00201897
2 0.0121 0.0121001
