0 0 inf
1 0.034687 0.140413
0 0 0.0952958
0 0 0.0718549
0 0 0.0663336
1 0.0927808 0.15602
0 0 0.0565475
1 0.0312052 0.0811668
0 0 0.0497872
1 0.04045 0.0891246
0 0 0.0446606
0 0 0.0417696
0 0 0.0380433
1 0.0414778 0.078503
1 0.0464169 0.0830258
0 0 0.0350392
0 0 0.033699
0 0 0.0327321
0 0 0.0314682
0 0 0.0303293
0 0 0.0299961
0 0 0.0274448
0 0 0.0265321
0 0 0.0259195
0 0 0.0249316
0 0 0.024646
1 0.106501 0.129662
0 0 0.0229236
0 0 0.0226481
1 0.0327913 0.0549929
0 0 0.0213427
1 0.111221 0.132311
1 0.319899 0.338605
0 0 0.018356
0 0 0.0182259
1 0.0392774 0.0574046
0 0 0.0180408
0 0 0.0179816
0 0 0.0178702
1 0.09509 0.112913
1 0.152197 0.169927
0 0 0.0175992
0 0 0.0172735
0 0 0.0167739
0 0 0.0163598
0 0 0.0160423
1 0.0383322 0.0543736
1 0.192908 0.208707
0 0 0.0156745
1 0.0673885 0.0825861
0 0 0.0143365
1 0.0180923 0.0322696
0 0 0.0141617
0 0 0.0140032
1 0.104648 0.11849
0 0 0.0137564
0 0 0.013677
0 0 0.0133589
0 0 0.0131139
0 0 0.0123671
0 0 0.012129
0 0 0.0119621
0 0 0.0118384
0 0 0.0118338
0 0 0.0117729
1 0.0111047 0.0226872
2 0.159566 0.171121
0 0 0.0114826
1 0.124101 0.135389
0 0 0.0108791
1 0.0168858 0.0274756
0 0 0.0104477
0 0 0.0101423
0 0 0.0100854
0 0 0.010083
0 0 0.00970455
0 0 0.00963637
1 0.0730292 0.082302
0 0 0.00922908
0 0 0.00907031
1 0.011349 0.0203688
0 0 0.00881032
0 0 0.00880879
1 0.0729245 0.081711
1 0.0163496 0.0250798
0 0 0.00858412
0 0 0.00841424
0 0 0.00827438
0 0 0.00816364
1 0.0202202 0.0282709
1 0.100793 0.108771
0 0 0.00797551
0 0 0.00778919
0 0 0.00767895
1 0.0117418 0.0194045
1 0.00999483 0.0175863
0 0 0.00758243
2 0.338894 0.346447
0 0 0.0071631
0 0 0.00702096
1 0.0123812 0.0193326
0 0 0.00686078
1 0.0178497 0.0246602
0 0 0.00677929
0 0 0.0065928
1 0.0452691 0.0518188
0 0 0.00650236
0 0 0.0064862
0 0 0.00638549
0 0 0.00611132
0 0 0.00608297
0 0 0.00595711
1 0.0304256 0.0361667
0 0 0.00548818
0 0 0.00543522
0 0 0.00535346
0 0 0.00531945
1 0.143548 0.14886
0 0 0.00530527
0 0 0.00523802
0 0 0.00521901
1 0.0288574 0.034029
1 0.00948475 0.0145954
0 0 0.0050215
0 0 0.00491669
0 0 0.00489893
0 0 0.00485427
0 0 0.00467738
0 0 0.00460822
0 0 0.00454681
0 0 0.00450307
0 0 0.00447543
0 0 0.00440835
1 0.0956016 0.0999618
0 0 0.00432953
0 0 0.00430514
1 0.0694468 0.0737397
0 0 0.00428964
1 0.0163044 0.0205845
0 0 0.00415031
1 0.0505499 0.0546926
1 0.0057665 0.00983713
0 0 0.00403315
1 0.00425255 0.00817329
0 0 0.00389308
1 0.0223246 0.0261826
0 0 0.00373854
2 0.0891188 0.092798
1 0.0114733 0.0151054
1 0.0364858 0.040081
0 0 0.00346404
0 0 0.00346205
0 0 0.00342352
0 0 0.00342104
0 0 0.00340088
1 0.0218932 0.0252758
0 0 0.00328635
0 0 0.00325249
0 0 0.00325072
0 0 0.00324135
0 0 0.00318954
1 0.0291617 0.032344
0 0 0.00315432
0 0 0.00314338
0 0 0.00311875
1 0.330886 0.333986
1 0.0114585 0.0145525
0 0 0.00308899
1 0.0168909 0.0199506
1 0.0233331 0.0263384
0 0 0.00289862
0 0 0.00282509
1 0.00863912 0.0114242
1 0.0384487 0.0412333
0 0 0.00277007
0 0 0.00272575
0 0 0.00265709
0 0 0.00259839
1 0.0302642 0.0328335
1 0.0751909 0.0777414
0 0 0.00253842
0 0 0.0024705
1 0.00791725 0.0103604
0 0 0.00243681
1 0.0135416 0.0159607
0 0 0.00239293
2 0.188297 0.190688
0 0 0.00237641
1 0.0356584 0.0380347
0 0 0.00224979
0 0 0.00223408
0 0 0.00222748
0 0 0.00220327
2 0.0205611 0.0227619
1 0.00488641 0.00707762
0 0 0.00216145
1 0.0109024 0.0130609
2 0.0296134 0.0317069
0 0 0.00208052
1 0.0734722 0.0755264
1 0.107533 0.109586
0 0 0.0020514
0 0 0.00203352
0 0 0.00200976
1 0.0904613 0.0924641
0 0 0.0019959
1 0.0139217 0.0159158
1 0.13918 0.141156
0 0 0.00196442
1 0.00531863 0.0072581
1 0.00661553 0.00855449
0 0 0.00188982
0 0 0.0018896
1 0.00491581 0.00673879
1 0.0216496 0.0234705
0 0 0.00180484
1 0.0137227 0.0155036
0 0 0.00177143
0 0 0.0017527
1 0.013681 0.0153621
1 0.0145992 0.0162787
0 0 0.00162169
0 0 0.00161931
0 0 0.00158049
1 0.00565975 0.00719716
1 0.0116018 0.0131362
0 0 0.00150341
0 0 0.00148915
0 0 0.00147913
0 0 0.00147828
1 0.00886335 0.0103286
1 0.00148103 0.00294601
1 0.00858442 0.0100421
0 0 0.00141023
1 0.0115514 0.0129265
1 0.0329096 0.0342778
1 0.00565208 0.0070121
0 0 0.00135426
1 0.00979662 0.0111496
0 0 0.00134995
2 0.0264781 0.0278096
1 0.0137886 0.0151183
0 0 0.00132682
1 0.0149343 0.0162524
1 0.01562 0.0169286
0 0 0.00130321
1 0.00893403 0.010231
1 0.00482599 0.00609145
1 0.01575 0.0170077
0 0 0.00125067
2 0.0263968 0.0276373
0 0 0.00123291
0 0 0.00122241
0 0 0.00118529
1 0.00430975 0.0054916
1 0.0322963 0.0334729
0 0 0.0011679
1 0.0245585 0.0257191
0 0 0.00115593
1 0.0136697 0.0148181
0 0 0.0011263
1 0.037784 0.0389057
0 0 0.00111114
2 0.00781817 0.00892493
1 0.01062 0.0117218
1 0.0187844 0.0198856
1 0.0147877 0.0158527
1 0.0346156 0.0356636
2 0.0150124 0.016057
1 0.00517889 0.00621188
1 0.00347654 0.00450923
1 0.0341661 0.0351936
0 0 0.00101634
1 0.0263082 0.0273147
1 0.0182205 0.0192254
2 0.0311058 0.0321095
0 0 0.00100276
0 0 0.00100176
1 0.00189972 0.00288586
0 0 0.000985675
0 0 0.000983613
0 0 0.000978466
1 0.0436307 0.0446084
1 0.00516543 0.00613711
1 0.0119437 0.0129041
0 0 0.000954148
1 0.0126202 0.0135682
1 0.00594668 0.00688944
1 0.0083528 0.00929511
1 0.00632045 0.00725874
1 0.0402958 0.0412283
1 0.0063616 0.00727209
0 0 0.000897589
0 0 0.000896373
1 0.00841531 0.00930252
1 0.0067841 0.00767108
0 0 0.000872591
1 0.0539735 0.0548061
2 0.0228668 0.0236966
1 0.0442934 0.0451192
1 0.00702011 0.00783817
1 0.00358709 0.00439192
0 0 0.000801101
1 0.0246874 0.0254829
1 0.00926913 0.0100646
1 0.0160807 0.0168732
2 0.127048 0.127824
1 0.0769765 0.0777446
1 0.00636982 0.0071322
0 0 0.000759051
1 0.00418645 0.00493684
1 0.00334908 0.00409676
1 0.00533667 0.00607437
2 0.0148731 0.0155973
1 0.00191947 0.00262429
1 0.112252 0.112956
1 0.0389961 0.0396813
1 0.0040381 0.00470498
1 0.0241832 0.0248496
0 0 0.000664559
1 0.0141282 0.0147918
2 0.170145 0.170798
1 0.00416434 0.0048155
0 0 0.000636408
1 0.0086288 0.00926111
0 0 0.000632294
1 0.0232116 0.023842
1 0.100723 0.101349
1 0.0119674 0.0125885
2 0.0562006 0.0568042
1 0.00465348 0.005254
2 0.0102227 0.0108171
0 0 0.000594109
0 0 0.000572802
1 0.0264021 0.0269739
1 0.00516166 0.00573288
1 0.0718964 0.0724625
1 0.0487026 0.0492362
1 0.0124618 0.0129925
0 0 0.000528264
1 0.0154942 0.0160152
0 0 0.000517186
1 0.0268289 0.0273404
1 0.0243002 0.0248042
1 0.00125167 0.00175214
2 0.170246 0.170741
2 0.0265109 0.0270033
0 0 0.000488426
0 0 0.000484801
0 0 0.000483756
1 0.00269548 0.00317629
2 0.0122542 0.0127321
1 0.00535529 0.00582332
1 0.0132948 0.0137549
2 0.0301659 0.0306233
1 0.0143526 0.014799
1 0.00381283 0.00425734
1 0.0191761 0.0196107
1 0.00981628 0.0102445
1 0.00408156 0.00450812
1 0.00724453 0.00766845
0 0 0.000423408
1 0.00848052 0.00889884
1 0.00511788 0.00553189
1 0.00184641 0.00224561
1 0.0199917 0.0203891
2 0.0208878 0.0212798
1 0.0194411 0.0198302
1 0.00177105 0.00215741
1 0.0047571 0.00514289
1 0.00892358 0.0093084
1 0.0135846 0.0139642
1 0.0491358 0.0495075
0 0 0.000368144
1 0.0135591 0.0139242
1 0.0244402 0.0247916
1 0.00388509 0.0042336
1 0.00724516 0.00759077
1 0.128932 0.129266
1 0.00126697 0.00159797
1 0.0111726 0.011498
2 0.0161468 0.016468
1 0.011919 0.0122367
1 0.0210807 0.0213826
2 0.0149862 0.0152864
1 0.0101377 0.0104367
2 0.0317301 0.032029
0 0 0.000294854
1 0.00645811 0.00675064
1 0.00321424 0.00350613
0 0 0.000290882
1 0.0254765 0.0257669
2 0.0105776 0.0108659
1 0.00641793 0.00670607
2 0.0890688 0.0893556
1 0.00152836 0.00180965
1 0.00147905 0.00175859
0 0 0.000279505
1 0.00152826 0.00180348
2 0.0263742 0.0266398
1 0.0162957 0.0165612
1 0.00546089 0.00572601
2 0.0594463 0.0597108
1 0.00540288 0.00566723
0 0 0.000263459
1 0.0078334 0.00809416
0 0 0.000259658
1 0.0182618 0.0185152
1 0.0212369 0.0214871
1 0.00139441 0.00164081
2 0.0205127 0.0207591
0 0 0.00024397
1 0.00884362 0.00908664
1 0.005471 0.00571168
0 0 0.000240551
1 0.0125884 0.0128274
1 0.0204423 0.0206688
0 0 0.000223398
2 0.031287 0.0315074
2 0.0108213 0.01104
1 0.0178945 0.0181121
2 0.0175472 0.0177627
1 0.0105685 0.0107793
2 0.0286778 0.0288807
1 0.0020803 0.00228282
1 0.0207166 0.0209178
1 0.0107959 0.0109958
0 0 0.000193335
0 0 0.000187947
1 0.00646579 0.00664583
1 0.0349068 0.0350862
1 0.0123757 0.0125548
1 0.00670828 0.00688474
2 0.144153 0.144327
1 0.00382672 0.00399785
2 0.00223113 0.00240154
1 0.00263712 0.00280703
1 0.0147213 0.0148893
2 0.170531 0.170695
1 0.000902146 0.00106599
1 0.0029983 0.00315391
2 0.137864 0.13801
1 0.0154415 0.0155851
1 0.0015597 0.00169912
2 0.0175899 0.0177241
1 0.0111026 0.011236
1 0.00158437 0.00171645
1 0.0170982 0.0172273
1 0.00534854 0.00547755
1 0.00520853 0.00533605
0 0 0.000126946
1 0.0415672 0.0416938
1 0.00477022 0.00489406
1 0.0215864 0.0217073
1 0.0089015 0.00901747
1 0.107531 0.107645
0 0 0.000114562
0 0 0.000114419
1 0.00815864 0.00827151
1 0.00160187 0.00171121
1 0.0167993 0.0169081
2 0.0259872 0.0260951
1 0.00780728 0.00791176
2 0.00656687 0.00667067
2 0.15859 0.158692
1 0.00660972 0.00671101
2 0.026381 0.0264809
2 0.00273658 0.00283553
2 0.00617033 0.00626868
1 0.00785197 0.00794665
2 0.0403577 0.0404523
1 0.00622684 0.00631723
1 0.0153478 0.0154381
2 0.0130721 0.0131599
2 0.0346982 0.034785
1 0.00541806 0.00550403
1 0.00622086 0.00630612
1 0.026125 0.0262098
1 0.0440558 0.0441382
1 0.00253623 0.00261473
1 0.0593281 0.0594054
2 0.00923151 0.00930878
2 0.021162 0.0212385
1 0.011099 0.0111737
2 0.0365262 0.0366
2 0.0702043 0.0702777
2 0.00818571 0.00825608
1 0.0126969 0.0127672
2 0.0283285 0.0283986
2 0.318821 0.318888
1 0.0212714 0.0213346
1 0.00171685 0.00177759
2 0.0139753 0.0140349
2 0.0951057 0.0951653
1 0.00181296 0.00187164
2 0.0190987 0.0191559
1 0.00406878 0.00412489
1 0.111343 0.111399
2 0.00425215 0.00430762
1 0.00564465 0.0056984
2 0.00812232 0.00817446
1 0.00371377 0.00376464
1 0.0010382 0.00108826
1 0.0174211 0.0174707
1 0.0185492 0.0185979
1 0.00168165 0.00172942
1 0.00191175 0.00195811
1 0.0530401 0.053086
1 0.0219597 0.0220047
2 0.0262202 0.026265
2 0.0268884 0.0269327
2 0.00425789 0.00430186
1 0.0542346 0.0542762
2 0.141905 0.141946
1 0.0517321 0.0517721
2 0.00575161 0.00579152
2 0.00702234 0.00706187
1 0.00135274 0.0013893
1 0.00688701 0.00692239
1 0.00559735 0.00563245
2 0.00586271 0.00589727
1 0.0189898 0.0190234
1 0.00896269 0.00899499
1 0.00268623 0.00271851
2 0.00194901 0.00198096
1 0.0133612 0.0133928
2 0.00318318 0.00321428
2 0.00705083 0.00708181
1 0.00337961 0.00341048
2 0.010849 0.0108793
1 0.0227361 0.022766
2 0.010897 0.0109269
1 0.00154202 0.00157183
2 0.00819481 0.00822419
1 0.0247666 0.0247959
1 0.00626189 0.00629044
2 0.0169542 0.0169824
1 0.0167195 0.0167464
1 0.0020799 0.00210667
1 0.0288678 0.0288944
1 0.0015312 0.00155776
1 0.0490193 0.0490449
1 0.00707652 0.0071017
2 0.013531 0.0135558
1 0.00627898 0.00630372
2 0.0124338 0.0124567
1 0.00263679 0.00265942
1 0.0244692 0.0244909
1 0.011124 0.0111441
1 0.00644198 0.00646184
1 0.0303723 0.0303917
2 0.0479889 0.048008
1 0.00102119 0.00104011
2 0.00707857 0.00709746
1 0.0113322 0.0113507
1 0.00138285 0.00140117
1 0.00308938 0.00310693
1 0.095026 0.0950433
2 0.0395121 0.0395277
2 0.0195428 0.0195578
1 0.00547577 0.00549051
1 0.026442 0.0264553
1 0.00813519 0.00814823
1 0.0555155 0.055528
1 0.00215716 0.00216958
2 0.010901 0.0109129
1 0.00476081 0.00477234
1 0.00184339 0.0018535
2 0.021019 0.021029
1 0.00279214 0.00280194
1 0.00116245 0.00117212
2 0.00785895 0.00786859
1 0.00419975 0.00420929
1 0.0108671 0.0108766
2 0.0115909 0.0115996
1 0.00290707 0.00291559
1 0.137828 0.137836
2 0.00650509 0.00651294
1 0.010479 0.0104867
1 0.0175848 0.0175922
1 0.0151452 0.0151524
2 0.00610776 0.00611472
2 0.012425 0.0124317
2 0.0121808 0.0121873
1 0.0228071 0.0228136
2 0.00477601 0.00478223
1 0.00656275 0.0065689
2 0.0166088 0.0166147
2 0.0176629 0.0176687
2 0.0142963 0.014302
1 0.0119982 0.0120036
2 0.0108726 0.0108778
1 0.00758426 0.00758921
1 0.00474286 0.00474763
2 0.00303503 0.00303973
2 0.0127754 0.0127799
1 0.00309106 0.00309547
1 0.00132976 0.0013338
1 0.0975717 0.0975752
1 0.000947032 0.00095048
1 0.0680254 0.0680288
1 0.00688392 0.00688721
1 0.0115669 0.01157
1 0.0811292 0.0811322
1 0.0142917 0.0142943
2 0.00639049 0.00639297
2 0.00349138 0.00349365
2 0.0139736 0.0139757
2 0.00815223 0.00815425
2 0.00318774 0.0031897
2 0.0063224 0.00632422
1 0.00637076 0.00637256
1 0.0152911 0.0152927
2 0.0020308 0.00203236
1 0.00950682 0.00950836
1 0.0251005 0.0251019
2 0.0261861 0.0261873
1 0.00169826 0.0016994
1 0.00759325 0.00759426
1 0.0129953 0.0129964
2 0.0247812 0.0247821
1 0.00430924 0.0043101
1 0.00782926 0.00783004
1 0.00893702 0.00893771
2 0.00847062 0.0084713
1 0.052651 0.0526516
1 0.0113 0.0113006
2 0.0143248 0.0143252
2 0.00885004 0.00885048
1 0.00591925 0.00591969
1 0.00144591 0.00144616
1 0.00413219 0.00413242
2 0.100821 0.100821
2 0.0129919 0.012992
1 0.0156527 0.0156527
1 0.0115542 0.0115542
1 0.0135557 0.0135557
2 0.00759836 0.00759837
2 0.0103029 0.0103029
1 0.00416785 0.00416785
