0 0 inf
0 0 0.099823
0 0 0.0834731
1 0.165431 0.243462
0 0 0.0680064
0 0 0.0588491
1 0.0237712 0.0785547
0 0 0.0461703
1 0.0604746 0.0983585
1 0.0999905 0.136095
0 0 0.0327415
0 0 0.0308549
0 0 0.0302662
0 0 0.0274818
0 0 0.025656
0 0 0.0255986
1 0.121025 0.145402
1 0.153311 0.177688
1 0.00939588 0.033571
0 0 0.0230332
0 0 0.0230183
0 0 0.0227962
0 0 0.0222096
0 0 0.0213562
0 0 0.0206847
0 0 0.0206668
0 0 0.0203896
0 0 0.019769
0 0 0.0186264
0 0 0.0184475
0 0 0.0182849
0 0 0.0180264
1 0.0145941 0.0325819
0 0 0.0178762
1 0.0221915 0.0388592
1 0.151773 0.168228
0 0 0.0157509
0 0 0.0157291
0 0 0.0150116
0 0 0.0147499
0 0 0.0147475
1 0.0371164 0.0513661
1 0.122312 0.136136
0 0 0.0133737
1 0.121533 0.134878
1 0.126223 0.139456
0 0 0.0130859
0 0 0.0129135
0 0 0.0126562
0 0 0.0126249
1 0.0394819 0.0517756
0 0 0.0119457
2 0.0422512 0.0540052
1 0.011586 0.0230309
0 0 0.0114211
0 0 0.0113539
0 0 0.0112664
1 0.141941 0.153081
0 0 0.0109778
1 0.013112 0.0238326
0 0 0.0105481
0 0 0.0103511
0 0 0.0101946
1 0.0529744 0.0630479
0 0 0.00997107
0 0 0.00995024
0 0 0.00955404
1 0.0448388 0.0543517
1 0.0159609 0.0254146
0 0 0.009156
0 0 0.0091262
0 0 0.00908842
0 0 0.00898887
0 0 0.00893246
0 0 0.00890297
0 0 0.00886167
0 0 0.00882034
0 0 0.00862596
0 0 0.00821984
0 0 0.00819385
1 0.0236603 0.0318315
0 0 0.00809275
0 0 0.00808257
2 0.146034 0.154021
1 0.00848306 0.0163334
0 0 0.00759322
0 0 0.00741085
0 0 0.00726723
0 0 0.00720641
1 0.0723494 0.0794697
0 0 0.00710828
0 0 0.00706666
1 0.030618 0.0375445
1 0.116555 0.123449
0 0 0.0065003
1 0.0128059 0.0191326
0 0 0.00631719
0 0 0.00621962
1 0.0102612 0.0164453
0 0 0.00608559
0 0 0.00601658
1 0.0475392 0.05335
0 0 0.00579682
1 0.00502595 0.0107433
0 0 0.00565969
1 0.0399963 0.0456405
0 0 0.00564411
0 0 0.00539918
0 0 0.00539513
0 0 0.00538194
1 0.0194381 0.0247245
0 0 0.00519875
0 0 0.0051826
0 0 0.00505016
0 0 0.0050233
0 0 0.00501808
0 0 0.00501279
1 0.0383991 0.0433225
0 0 0.00485431
1 0.00726949 0.012122
1 0.0128256 0.017668
1 0.00419071 0.00902818
0 0 0.00480287
0 0 0.0047466
1 0.250297 0.255033
0 0 0.00471924
0 0 0.00462845
0 0 0.00459339
0 0 0.00453753
0 0 0.00453627
0 0 0.00446314
0 0 0.00433386
1 0.00924238 0.0135708
1 0.00426715 0.00845602
0 0 0.00415223
1 0.0120467 0.0161726
1 0.0451387 0.0492207
1 0.0867091 0.0907687
0 0 0.00403714
0 0 0.00401644
1 0.0223333 0.0263392
1 0.0134891 0.0174798
1 0.013147 0.0171312
0 0 0.00393266
0 0 0.00390891
0 0 0.00390355
0 0 0.00390084
0 0 0.00389298
2 0.0354023 0.0392442
0 0 0.00383411
0 0 0.00379391
1 0.0320298 0.0357423
1 0.120473 0.124147
1 0.0597642 0.0634334
0 0 0.00366845
0 0 0.00364916
0 0 0.00363279
0 0 0.00362776
0 0 0.00362369
0 0 0.00361699
0 0 0.00356482
0 0 0.00349043
0 0 0.00334162
0 0 0.00331917
0 0 0.00329861
0 0 0.00328195
1 0.0283053 0.0315806
0 0 0.00320952
1 0.00413838 0.00728021
0 0 0.00307865
0 0 0.00306339
1 0.125619 0.128677
0 0 0.00305341
0 0 0.00305205
0 0 0.00299173
0 0 0.00297352
1 0.0158564 0.0188263
0 0 0.00295523
1 0.00483596 0.00777423
0 0 0.00292984
1 0.00618587 0.00908924
1 0.0218009 0.0246623
1 0.022763 0.0255852
2 0.124822 0.127643
0 0 0.00275764
1 0.00814051 0.0108907
0 0 0.00273005
1 0.0416727 0.0443992
1 0.0477065 0.0503651
1 0.122007 0.124661
1 0.0051373 0.00775762
0 0 0.00260654
0 0 0.00260531
0 0 0.0025978
0 0 0.0025625
0 0 0.00255315
1 0.0100971 0.0126501
0 0 0.00253152
1 0.0748708 0.0774016
1 0.051061 0.0535705
0 0 0.00243625
1 0.121869 0.124292
1 0.0726846 0.0751071
1 0.084614 0.0870258
0 0 0.00239608
0 0 0.00239393
1 0.0166193 0.0190094
0 0 0.00236171
0 0 0.00235452
2 0.0636338 0.0659686
0 0 0.00233106
1 0.0259935 0.0283041
0 0 0.00226286
0 0 0.00225669
1 0.0113331 0.0135531
0 0 0.00221166
2 0.103565 0.10576
0 0 0.0021901
1 0.0320278 0.0342156
0 0 0.00217299
0 0 0.00216317
0 0 0.0021317
1 0.014618 0.0167045
1 0.179287 0.181324
1 0.00416152 0.00617534
0 0 0.00200267
1 0.129336 0.131279
2 0.0141607 0.0160921
0 0 0.00182847
1 0.00835112 0.0101495
1 0.0580054 0.0597938
0 0 0.00177297
0 0 0.00170646
0 0 0.00167919
1 0.0109601 0.0126281
0 0 0.00163847
2 0.0223751 0.023953
0 0 0.00157132
1 0.0222104 0.0237694
1 0.0397992 0.0413125
1 0.0152968 0.0168017
0 0 0.00149066
0 0 0.00148346
1 0.0146396 0.0161161
1 0.0122896 0.0137657
0 0 0.00147196
1 0.0872198 0.0886874
0 0 0.00145629
1 0.00536803 0.00682109
1 0.0130862 0.0145263
1 0.0285145 0.029954
0 0 0.00142147
1 0.00652792 0.00794279
1 0.00655583 0.00796824
2 0.0132793 0.0146674
0 0 0.00138535
2 0.0492433 0.0506228
0 0 0.00132989
0 0 0.0013127
1 0.0219991 0.0233034
0 0 0.00130259
0 0 0.00129846
2 0.0504016 0.0516665
1 0.0170948 0.0183493
2 0.0796535 0.0809025
0 0 0.00122469
1 0.101292 0.102515
1 0.0502799 0.0514933
0 0 0.00120283
1 0.00528837 0.00648674
1 0.0223588 0.0235553
1 0.0654142 0.0666029
1 0.010178 0.0113633
1 0.0244807 0.0256587
0 0 0.00116297
1 0.00624857 0.00740489
1 0.0039434 0.00508773
2 0.136962 0.138092
0 0 0.00111423
1 0.0490979 0.0501925
0 0 0.00109366
0 0 0.00108836
0 0 0.00107976
0 0 0.00107511
2 0.139979 0.141047
2 0.0225113 0.0235716
0 0 0.00105671
1 0.0054504 0.00650096
1 0.00484958 0.00589862
2 0.0786025 0.0796408
0 0 0.00102683
1 0.0206808 0.0216951
0 0 0.00100882
1 0.0051242 0.00612585
0 0 0.000977179
0 0 0.000974043
1 0.00529549 0.00626404
0 0 0.000967914
1 0.0238594 0.0248107
2 0.0163967 0.0173458
0 0 0.000942038
1 0.0114347 0.012371
1 0.00669149 0.00762684
1 0.0610468 0.061982
1 0.0367534 0.0376821
1 0.0114477 0.0123702
1 0.0110782 0.0119967
0 0 0.000890028
1 0.0194847 0.0203727
1 0.00497727 0.00585661
0 0 0.000876814
0 0 0.000875482
0 0 0.000860585
0 0 0.000856625
1 0.00457799 0.00541707
1 0.0597849 0.0606151
1 0.00290797 0.00372388
1 0.0260909 0.0269066
1 0.004586 0.0053912
1 0.0200504 0.0208537
0 0 0.000801043
1 0.0342215 0.0350183
1 0.0210578 0.0218475
1 0.00480985 0.00559862
1 0.0551472 0.0559322
1 0.0256404 0.026424
2 0.0944241 0.095188
2 0.125433 0.126178
0 0 0.000743104
0 0 0.000732361
2 0.0248159 0.0255419
1 0.0188144 0.0195349
1 0.0321327 0.0328519
1 0.0109632 0.0116802
0 0 0.000713752
1 0.0368885 0.0375707
2 0.0248354 0.0255171
1 0.00297994 0.00365795
1 0.00376253 0.00443925
1 0.0230913 0.0237659
1 0.0710926 0.0717584
1 0.0124512 0.0131035
0 0 0.000649745
1 0.00567605 0.00630758
0 0 0.000627199
1 0.0339984 0.0346225
0 0 0.000621906
1 0.00463208 0.00525233
1 0.0101847 0.0108007
0 0 0.000608785
1 0.00738748 0.00798754
1 0.138356 0.138955
2 0.0212504 0.0218449
2 0.0541868 0.0547793
1 0.00237883 0.00295592
1 0.0121023 0.012674
2 0.0867736 0.0873434
1 0.0123709 0.012934
1 0.0316832 0.0322394
0 0 0.000554255
1 0.0243152 0.0248615
1 0.00287731 0.00341611
0 0 0.000532241
1 0.0174662 0.0179887
1 0.0107406 0.0112546
1 0.0191761 0.019687
1 0.0386462 0.0391555
2 0.136257 0.136765
2 0.0127484 0.0132478
2 0.182284 0.182783
1 0.00887222 0.00935534
1 0.0311346 0.0316126
2 0.137135 0.137606
2 0.024157 0.0246173
1 0.0129146 0.0133725
2 0.137054 0.13751
1 0.0242963 0.0247394
1 0.0145277 0.014962
1 0.0063418 0.00677601
1 0.00620871 0.00664144
1 0.107633 0.108066
1 0.084791 0.0852232
1 0.0142191 0.0146475
1 0.00551723 0.00593938
0 0 0.000413927
1 0.052325 0.0527237
1 0.00581583 0.0062124
1 0.0244352 0.0248297
1 0.00270189 0.00309386
1 0.0160419 0.0164325
2 0.0379717 0.0383622
2 0.0628932 0.0632796
1 0.00293145 0.00331717
1 0.113912 0.114297
1 0.131932 0.132309
1 0.0087539 0.00912921
1 0.0342554 0.034617
2 0.0168579 0.0172159
1 0.0173438 0.0176939
1 0.0441577 0.0444898
0 0 0.000330934
1 0.00249707 0.00282546
2 0.0421122 0.042439
2 0.016154 0.0164743
1 0.027416 0.0277322
1 0.00390084 0.00421314
1 0.00456856 0.00487652
0 0 0.000304836
0 0 0.000300084
2 0.0647958 0.0650944
1 0.0193214 0.0196194
1 0.00583738 0.00612764
1 0.0165337 0.0168238
2 0.0375909 0.0378793
1 0.0125232 0.0128116
0 0 0.00028783
1 0.00698516 0.00727111
1 0.00545128 0.00572969
1 0.00756585 0.00784296
1 0.0127592 0.0130333
0 0 0.000260357
2 0.00346878 0.00372304
2 0.00736865 0.00761743
1 0.0114484 0.0116888
1 0.0082156 0.00844578
1 0.00132878 0.00155381
1 0.0565874 0.0568102
1 0.00153001 0.0017484
1 0.00162927 0.00184371
1 0.00527959 0.00549292
2 0.0102487 0.0104615
1 0.0201096 0.0203209
1 0.078318 0.0785273
1 0.016597 0.0168054
0 0 0.000208234
1 0.00139913 0.00159247
1 0.00848706 0.00867924
1 0.0131136 0.0133051
2 0.0249048 0.025096
2 0.00607972 0.00626677
1 0.0224258 0.0226111
1 0.00805628 0.0082409
1 0.00479168 0.0049752
1 0.0195562 0.0197396
2 0.0234101 0.0235902
1 0.00370166 0.00388103
2 0.0597037 0.0598812
1 0.00735172 0.00752667
1 0.00226934 0.00244274
1 0.00544405 0.00561559
1 0.0492821 0.0494523
1 0.0053832 0.00554692
1 0.00312022 0.0032826
2 0.00635949 0.00652088
2 0.00955429 0.00971477
1 0.0128019 0.012956
2 0.0280272 0.0281781
1 0.0763357 0.0764854
1 0.00153123 0.00168072
0 0 0.000148893
1 0.00668428 0.00683231
1 0.0074705 0.00761507
2 0.0339257 0.0340673
1 0.0505393 0.0506721
1 0.0148587 0.014989
1 0.00608485 0.00621445
1 0.0191903 0.0193154
1 0.0215881 0.0217118
1 0.00296999 0.00309049
2 0.0869673 0.0870872
1 0.0157248 0.0158428
2 0.146089 0.146205
1 0.0826175 0.0827284
1 0.0161582 0.0162672
1 0.00519075 0.00529965
1 0.0138676 0.0139752
1 0.0044441 0.00455102
2 0.0126514 0.0127556
1 0.00333541 0.00343799
2 0.139157 0.139259
2 0.0135021 0.0136017
1 0.0135329 0.0136314
1 0.00306744 0.00316303
1 0.0136172 0.0137117
2 0.0507037 0.0507981
1 0.0056246 0.00571838
2 0.0802269 0.0803191
1 0.0325921 0.0326827
1 0.0158029 0.0158929
2 0.14081 0.1409
2 0.0360325 0.0361196
2 0.0133489 0.0134352
1 0.039079 0.0391649
2 0.00838537 0.00846997
1 0.0154961 0.0155805
1 0.00744525 0.00752855
1 0.00322555 0.00330744
1 0.00705824 0.00714006
1 0.0649596 0.0650394
1 0.00479589 0.00487345
2 0.017196 0.0172733
1 0.0149463 0.015022
1 0.00625653 0.00633194
1 0.0145285 0.0146038
2 0.0256039 0.0256777
1 0.00327793 0.00335166
1 0.00503443 0.00510628
2 0.0163616 0.0164334
2 0.0124942 0.0125646
2 0.00839751 0.00846764
1 0.00427743 0.00434728
2 0.0634113 0.0634793
2 0.0253552 0.0254227
1 0.00155759 0.00162375
1 0.0064898 0.00655481
2 0.0753472 0.0754113
2 0.0142684 0.0143314
1 0.04395 0.04401
1 0.0107291 0.0107882
1 0.00898701 0.00904516
1 0.00205674 0.00211459
1 0.0209899 0.0210462
1 0.0112417 0.0112976
1 0.0181101 0.0181623
2 0.0173193 0.0173713
1 0.0218036 0.0218553
1 0.0247804 0.0248313
1 0.0743443 0.0743952
1 0.00709195 0.0071421
1 0.0136135 0.0136602
2 0.0527803 0.0528268
2 0.00891108 0.00895678
1 0.0386844 0.0387295
1 0.00601455 0.00605961
1 0.00888866 0.00893229
1 0.0381987 0.0382421
1 0.049279 0.0493222
1 0.0307794 0.0308223
1 0.000261638 0.000304415
2 0.00545453 0.0054973
1 0.00746197 0.00750422
2 0.00711327 0.00715312
1 0.00240879 0.00244833
1 0.0134372 0.0134766
2 0.0135522 0.0135917
1 0.00673142 0.00677071
1 0.0203708 0.0204081
1 0.00593511 0.00597199
1 0.00758061 0.00761633
2 0.003792 0.00382594
2 0.024859 0.0248926
2 0.0232978 0.0233306
1 0.0273322 0.0273649
1 0.0294668 0.0294992
1 0.0580204 0.0580505
2 0.00348052 0.00350894
1 0.0140857 0.0141136
1 0.0092784 0.00930583
1 0.0563759 0.0564021
1 0.00341616 0.00344218
2 0.0277134 0.0277393
1 0.0794397 0.0794649
1 0.00830583 0.00832901
2 0.0582396 0.0582626
1 0.0211645 0.0211874
1 0.171826 0.171848
2 0.00865586 0.00867742
2 0.00698388 0.00700462
2 0.0383138 0.0383345
1 0.013049 0.013069
1 0.0236349 0.0236549
1 0.0390271 0.0390464
2 0.0228941 0.0229131
1 0.0101123 0.0101305
1 0.0062659 0.0062836
2 0.0169738 0.0169895
2 0.0280385 0.0280523
2 0.0370444 0.0370576
1 0.0123695 0.0123816
2 0.00418426 0.00419476
1 0.00297253 0.00298258
1 0.00766493 0.00767449
1 0.0139643 0.0139734
2 0.009923 0.00993202
2 0.00861952 0.00862695
1 0.0370216 0.0370289
2 0.0274175 0.0274239
1 0.00530642 0.00531256
1 0.00733053 0.00733655
2 0.0250165 0.0250224
2 0.00753169 0.00753707
1 0.00695259 0.00695786
2 0.0100311 0.0100362
2 0.196938 0.196943
1 0.00595595 0.00596063
1 0.00340617 0.00341074
1 0.0178988 0.0179029
2 0.00647151 0.00647524
2 0.00709659 0.00710011
2 0.038333 0.038336
2 0.0537472 0.05375
1 0.00629448 0.00629691
2 0.0203408 0.0203431
2 0.0118247 0.011827
1 0.0231834 0.0231855
2 0.0124645 0.0124665
1 0.100692 0.100694
1 0.0245901 0.0245913
2 0.00676159 0.00676276
2 0.0125154 0.0125164
1 0.0481962 0.0481971
2 0.015177 0.0151778
1 0.00274193 0.00274245
2 0.0212141 0.0212146
2 0.00674636 0.00674674
2 0.0224701 0.0224705
1 0.00852314 0.00852328
2 0.00651097 0.0065111
2 0.00324791 0.00324797
1 0.00793522 0.00793527
1 0.00559444 0.00559449
1 0.00738381 0.00738384
2 0.0197296 0.0197296
1 0.0657972 0.0657972
2 0.013912 0.013912
2 0.00774321 0.00774321
2 0.0132457 0.0132457
