0 0 inf
1 0.0927808 0.188297
0 0 0.0675141
1 0.0729403 0.140413
0 0 0.0623907
0 0 0.0524289
1 0.18858 0.238933
0 0 0.0497872
0 0 0.0479245
0 0 0.0417696
1 0.192908 0.234596
0 0 0.0414778
0 0 0.0380433
0 0 0.0350392
0 0 0.034687
1 0.04045 0.0749654
0 0 0.0321701
1 0.0744666 0.106391
0 0 0.0314682
0 0 0.0312052
0 0 0.0292922
0 0 0.0290271
0 0 0.027819
0 0 0.0274448
0 0 0.0259195
1 0.0267393 0.0518188
0 0 0.0249316
0 0 0.024646
1 0.0565475 0.0777414
1 0.060009 0.0811668
0 0 0.0209747
0 0 0.0206873
0 0 0.020469
0 0 0.018356
0 0 0.0182259
1 0.0392774 0.0574046
0 0 0.0179816
1 0.152197 0.170145
0 0 0.0178702
1 0.09509 0.112913
0 0 0.0172735
0 0 0.0163598
0 0 0.0160423
1 0.0383322 0.0543736
0 0 0.0156745
0 0 0.0154911
0 0 0.0154186
0 0 0.0143365
0 0 0.0140032
1 0.0951124 0.109024
0 0 0.0137564
0 0 0.013677
0 0 0.0133589
1 0.0225397 0.0357133
1 0.0694468 0.0825861
0 0 0.0131139
1 0.0663336 0.079132
0 0 0.01253
1 0.00856091 0.0207972
0 0 0.0119621
0 0 0.0118384
0 0 0.0118338
0 0 0.0117729
1 0.191785 0.203545
0 0 0.0114826
1 0.124101 0.135389
0 0 0.0108791
0 0 0.0104477
0 0 0.0104013
1 0.00963364 0.0199591
1 0.0144244 0.0246509
0 0 0.0101423
0 0 0.0100854
0 0 0.00963637
1 0.217821 0.227332
1 0.0730292 0.082302
0 0 0.00922908
0 0 0.00907031
0 0 0.00880879
1 0.0163496 0.0250798
0 0 0.00841424
0 0 0.00827438
0 0 0.00825687
0 0 0.00816364
1 0.0202202 0.0282709
0 0 0.00797551
1 0.0705781 0.078503
1 0.0243945 0.0322721
0 0 0.00758243
1 0.0272157 0.0344889
0 0 0.00726476
0 0 0.00726044
1 0.0215864 0.0288177
1 0.011349 0.0185344
0 0 0.0071631
1 0.0117418 0.0188752
0 0 0.00712968
0 0 0.0070936
0 0 0.0068775
0 0 0.00686078
1 0.0178497 0.0246602
0 0 0.00677929
1 0.0131915 0.0198178
0 0 0.0065928
2 0.301871 0.308384
0 0 0.00650236
0 0 0.0064862
0 0 0.00611132
0 0 0.00595711
1 0.0304256 0.0361667
0 0 0.00562101
1 0.0952958 0.100814
1 0.0334491 0.0389423
0 0 0.00543522
0 0 0.00531945
0 0 0.00523802
0 0 0.00521901
1 0.0288574 0.034029
1 0.00948475 0.0145954
0 0 0.0051034
0 0 0.00491669
0 0 0.00485427
0 0 0.00469697
0 0 0.00465233
0 0 0.00460822
0 0 0.00454681
1 0.0036555 0.00818571
0 0 0.00450307
0 0 0.00445715
0 0 0.00440835
2 0.193841 0.198213
0 0 0.00432953
0 0 0.00428964
1 0.0163044 0.0205845
0 0 0.00421372
0 0 0.00415031
1 0.0505499 0.0546926
1 0.0200279 0.0241481
1 0.0158834 0.0199319
0 0 0.00403315
0 0 0.00390154
0 0 0.00389308
1 0.0223246 0.0261826
0 0 0.00373854
1 0.0114733 0.0151054
1 0.073246 0.0767715
0 0 0.00346205
0 0 0.00342352
0 0 0.00342104
0 0 0.00340088
2 0.115325 0.118683
0 0 0.00328635
0 0 0.00326838
0 0 0.00325249
0 0 0.00325072
1 0.0261269 0.0293694
0 0 0.00318954
1 0.0866083 0.089797
0 0 0.00315936
0 0 0.00314338
0 0 0.00311875
1 0.0429259 0.0460373
1 0.0114585 0.0145525
1 0.0168909 0.0199506
1 0.0233331 0.0263384
1 0.0187486 0.0217189
1 0.00535346 0.00830931
1 0.0111047 0.014011
0 0 0.00289862
2 0.0352345 0.0381224
1 0.0452691 0.0481081
2 0.0250244 0.027829
0 0 0.00277007
0 0 0.00272575
0 0 0.0027219
0 0 0.00271608
0 0 0.00260195
0 0 0.00259839
0 0 0.00253842
0 0 0.00243681
1 0.0154415 0.0178385
0 0 0.00237949
1 0.0175848 0.0199618
0 0 0.00237641
1 0.0356584 0.0380347
1 0.00791725 0.010231
1 0.0047653 0.00707857
1 0.00477022 0.00707762
0 0 0.00230271
2 0.0228361 0.025103
0 0 0.00224979
0 0 0.00223408
0 0 0.00222748
0 0 0.00220327
0 0 0.00216995
1 0.0109024 0.0130609
1 0.00778919 0.0099233
0 0 0.00208052
1 0.0734722 0.0755264
1 0.107533 0.109586
0 0 0.0020514
0 0 0.00200976
1 0.0173406 0.0193408
0 0 0.0019959
2 0.0930038 0.0949848
2 0.0227079 0.0246745
0 0 0.00196442
0 0 0.00195893
1 0.00530527 0.00725874
1 0.00531863 0.0072581
1 0.00661553 0.00855449
1 0.0755625 0.0774647
1 0.00388509 0.00578343
1 0.0332245 0.0351221
0 0 0.00188982
0 0 0.0018896
2 0.0208403 0.0227048
1 0.0216496 0.0234705
0 0 0.00180484
0 0 0.0017726
0 0 0.00177143
0 0 0.00170556
1 0.013681 0.0153621
1 0.0145992 0.0162787
0 0 0.00166304
0 0 0.00162169
0 0 0.00161931
0 0 0.00158049
0 0 0.00157015
1 0.0147878 0.016344
1 0.0185449 0.0201001
1 0.00767895 0.00922905
1 0.00565975 0.00719716
1 0.0116018 0.0131362
2 0.0249458 0.0264786
0 0 0.00150341
0 0 0.00148915
2 0.0210677 0.022547
0 0 0.00147828
2 0.0248496 0.0263154
0 0 0.00145831
0 0 0.00143577
0 0 0.00141023
1 0.00548818 0.00688474
1 0.00565208 0.0070121
0 0 0.00135426
0 0 0.00134995
1 0.0137886 0.0151183
0 0 0.00132682
1 0.0149343 0.0162524
1 0.0436307 0.0449457
0 0 0.00130321
1 0.0162957 0.0175899
2 0.0202125 0.0215031
1 0.00482599 0.00609145
1 0.00597827 0.00724274
1 0.01575 0.0170077
1 0.0182137 0.0194543
0 0 0.00123321
0 0 0.00123291
0 0 0.00122241
0 0 0.00121287
1 0.00535529 0.00656687
2 0.0286785 0.0298884
1 0.00430975 0.0054916
0 0 0.0011679
0 0 0.00115593
1 0.0136697 0.0148181
0 0 0.0011263
0 0 0.00111114
1 0.01062 0.0117218
1 0.0187844 0.0198856
1 0.0147877 0.0158527
2 0.0150124 0.016057
1 0.0905981 0.0916271
0 0 0.00101634
1 0.0263082 0.0273147
0 0 0.00100503
1 0.0182205 0.0192254
0 0 0.00100276
0 0 0.00100176
1 0.00999483 0.0109958
1 0.00189972 0.00288586
0 0 0.000983613
0 0 0.000978466
1 0.0126202 0.0135682
1 0.00594668 0.00688944
1 0.0083528 0.00929511
0 0 0.000904752
0 0 0.000902146
0 0 0.000897589
0 0 0.000896373
0 0 0.000887643
1 0.00841531 0.00930252
1 0.0180457 0.0188948
1 0.00702011 0.00783817
1 0.0178569 0.0186736
1 0.0219431 0.0227586
0 0 0.000810052
0 0 0.000801101
1 0.0160807 0.0168732
1 0.110905 0.111675
1 0.0769765 0.0777446
1 0.00636982 0.0071322
1 0.00418645 0.00493684
1 0.00491581 0.0056622
2 0.0148731 0.0155973
2 0.174094 0.174813
1 0.00191947 0.00262429
1 0.112252 0.112956
1 0.0389961 0.0396813
1 0.0164223 0.0171041
2 0.108875 0.109543
1 0.0040381 0.00470498
0 0 0.000664559
1 0.0141282 0.0147918
1 0.00202963 0.00268831
1 0.0702909 0.0709434
0 0 0.000651781
1 0.00416434 0.0048155
1 0.000954148 0.00159797
1 0.0329782 0.033617
0 0 0.000636408
1 0.00469866 0.00533196
0 0 0.000632294
1 0.0232116 0.023842
1 0.100723 0.101349
2 0.0562006 0.0568042
2 0.0102227 0.0108171
2 0.00923151 0.009825
2 0.0290385 0.0296285
0 0 0.000572802
1 0.0225861 0.0231587
1 0.0050215 0.00558796
1 0.0111876 0.0117509
0 0 0.000555417
2 0.0220992 0.0226372
1 0.0487026 0.0492362
0 0 0.000528264
1 0.0154942 0.0160152
1 0.0268289 0.0273404
1 0.0187104 0.0192145
1 0.0243002 0.0248042
2 0.170246 0.170741
1 0.0532765 0.0537709
0 0 0.000488426
0 0 0.000484801
0 0 0.000483756
1 0.0341661 0.0346473
2 0.0122542 0.0127321
2 0.0212338 0.0216985
1 0.0132948 0.0137549
1 0.00580733 0.00626388
1 0.0143526 0.014799
2 0.023272 0.0237155
1 0.0264021 0.0268409
1 0.0191761 0.0196107
2 0.191354 0.191786
1 0.143996 0.144425
1 0.00981628 0.0102445
1 0.00408156 0.00450812
1 0.00848052 0.00889884
1 0.00511788 0.00553189
1 0.0199917 0.0203891
1 0.0194411 0.0198302
1 0.00177105 0.00215741
1 0.0047571 0.00514289
1 0.00892358 0.0093084
1 0.0491358 0.0495075
0 0 0.000368144
1 0.00382672 0.00418886
1 0.0244402 0.0247916
1 0.0135302 0.01386
1 0.0171413 0.0174639
1 0.00923645 0.00955245
1 0.0315678 0.031878
1 0.00473595 0.00504123
2 0.0216606 0.0219658
1 0.0161786 0.016483
1 0.0167066 0.0170086
1 0.0101377 0.0104367
0 0 0.000297433
0 0 0.000294854
1 0.00467738 0.00497204
1 0.00321424 0.00350613
1 0.0086288 0.00891625
2 0.0890688 0.0893556
1 0.0616628 0.0619459
1 0.00152836 0.00180965
2 0.0411746 0.041455
1 0.00147905 0.00175859
0 0 0.000279505
2 0.00688578 0.00716364
1 0.00152826 0.00180348
1 0.0902134 0.0904884
2 0.0263742 0.0266398
1 0.00546089 0.00572601
1 0.0147213 0.0149862
2 0.0594463 0.0597108
0 0 0.000263609
1 0.0078334 0.00809416
0 0 0.000259658
1 0.0171863 0.0174431
1 0.0182618 0.0185152
1 0.0212369 0.0214871
1 0.00139441 0.00164081
0 0 0.00024397
1 0.005471 0.00571168
0 0 0.000240551
1 0.0125884 0.0128274
1 0.00295612 0.00319311
1 0.0204423 0.0206688
0 0 0.000223398
2 0.031287 0.0315074
1 0.0241832 0.0244015
1 0.0178945 0.0181121
1 0.0105685 0.0107793
1 0.00489954 0.00510749
1 0.0718549 0.0720592
2 0.0286778 0.0288807
1 0.0020803 0.00228282
1 0.0123671 0.0125652
0 0 0.000193335
1 0.0184393 0.0186307
0 0 0.000187947
1 0.00890204 0.00908601
1 0.190781 0.190964
1 0.00646579 0.00664583
1 0.0349068 0.0350862
1 0.0123757 0.0125548
2 0.0197943 0.0199722
2 0.144153 0.144327
1 0.00903411 0.00920551
2 0.00223113 0.00240154
1 0.00263712 0.00280703
2 0.170531 0.170695
1 0.00499861 0.00516121
1 0.0117527 0.0119148
1 0.080991 0.0811499
0 0 0.000158425
1 0.0029983 0.00315391
0 0 0.000154283
1 0.00347221 0.00362038
1 0.00247951 0.00262569
1 0.0193754 0.0195209
2 0.0172657 0.0174057
1 0.0015597 0.00169912
1 0.0111026 0.011236
1 0.00158437 0.00171645
2 0.00768398 0.00781327
1 0.0170982 0.0172273
0 0 0.000126946
1 0.00688701 0.00701239
1 0.0089015 0.00901747
1 0.0254767 0.0255922
0 0 0.000114562
0 0 0.000114419
2 0.00568993 0.00580414
2 0.00932931 0.00944277
1 0.00233394 0.00244678
1 0.00160187 0.00171121
2 0.0753819 0.0754909
1 0.0167993 0.0169081
1 0.00780728 0.00791176
1 0.00660972 0.00671101
1 0.000985675 0.00108677
2 0.026381 0.0264809
2 0.00273658 0.00283553
2 0.0205671 0.0206653
1 0.00773948 0.00783755
2 0.0260606 0.0261554
1 0.00785197 0.00794665
1 0.00126697 0.00136001
1 0.00165285 0.00174437
1 0.00839715 0.00848837
1 0.00622684 0.00631723
2 0.132481 0.132572
1 0.00847887 0.00856851
1 0.0201156 0.0202042
2 0.0346982 0.034785
1 0.00541806 0.00550403
1 0.0354904 0.0355762
1 0.00262744 0.00271285
2 0.00425215 0.00433745
1 0.00622086 0.00630612
1 0.0196879 0.0197716
1 0.00379036 0.0038712
2 0.020601 0.0206808
1 0.00253623 0.00261473
1 0.0593281 0.0594054
1 0.00545492 0.00553157
1 0.011099 0.0111737
2 0.0702043 0.0702777
1 0.00736947 0.0074403
2 0.0283285 0.0283986
2 0.00751038 0.00757955
1 0.00670828 0.00677452
2 0.0271297 0.0271959
2 0.0357182 0.0357834
2 0.00877529 0.00883498
1 0.0246874 0.0247471
2 0.0951057 0.0951653
2 0.0190987 0.0191559
2 0.00926111 0.00931806
2 0.0546315 0.0546877
1 0.00788613 0.00794108
1 0.00147913 0.00153271
2 0.0245488 0.0246011
1 0.0744825 0.0745347
1 0.00371377 0.00376464
1 0.0010382 0.00108826
1 0.00157244 0.00162115
1 0.00168165 0.00172942
1 0.0530401 0.053086
1 0.0152551 0.015299
2 0.0256016 0.0256443
2 0.0100421 0.0100844
1 0.0542346 0.0542762
1 0.0181828 0.0182231
1 0.00520853 0.0052487
1 0.0517321 0.0517721
2 0.00702234 0.00706187
2 0.00866131 0.00870082
1 0.00135274 0.0013893
1 0.00658177 0.00661783
1 0.00559735 0.00563245
1 0.0189898 0.0190234
1 0.02764 0.0276736
1 0.00896269 0.00899499
1 0.00268623 0.00271851
2 0.00194901 0.00198096
1 0.0442934 0.0443249
2 0.00318318 0.00321428
2 0.00705083 0.00708181
1 0.00337961 0.00341048
1 0.00893403 0.00896473
2 0.010849 0.0108793
1 0.0227361 0.022766
1 0.00154202 0.00157183
2 0.00979307 0.00982253
1 0.0247666 0.0247959
1 0.00479232 0.00482107
2 0.00810933 0.00813756
2 0.0169542 0.0169824
1 0.0167195 0.0167464
1 0.0020799 0.00210667
1 0.0517996 0.0518262
1 0.0490193 0.0490449
1 0.00707652 0.0071017
1 0.00627898 0.00630372
1 0.000311247 0.000334642
1 0.00263679 0.00265942
1 0.00782009 0.00784268
1 0.0244692 0.0244909
1 0.00358709 0.00360792
1 0.01007 0.0100905
1 0.00644198 0.00646184
1 0.0303723 0.0303917
1 0.00102119 0.00104011
1 0.0113322 0.0113507
1 0.00308938 0.00310693
2 0.019115 0.0191325
1 0.095026 0.0950433
2 0.0296134 0.0296305
1 0.0287287 0.0287455
2 0.0199263 0.0199429
2 0.0204414 0.0204576
2 0.0395121 0.0395277
1 0.00547577 0.00549051
1 0.00689404 0.00690842
1 0.0676106 0.0676247
1 0.0555155 0.055528
1 0.00215716 0.00216958
1 0.0115669 0.0115789
1 0.00184339 0.0018535
1 0.0253929 0.0254009
2 0.00650509 0.00651294
1 0.010479 0.0104867
1 0.0151452 0.0151524
1 0.001677 0.00168426
1 0.0189677 0.0189749
2 0.00610776 0.00611472
1 0.00210198 0.00210887
2 0.0121808 0.0121873
1 0.0228071 0.0228136
1 0.00656275 0.0065689
2 0.0166088 0.0166147
2 0.0176629 0.0176687
2 0.0153456 0.0153513
2 0.0234755 0.023481
2 0.0108726 0.0108778
1 0.00637589 0.006381
1 0.00758426 0.00758921
2 0.00212423 0.00212865
1 0.00309106 0.00309547
2 0.012793 0.0127974
2 0.0112277 0.0112319
2 0.0229805 0.0229845
2 0.00786942 0.00787329
1 0.0975717 0.0975752
1 0.000947032 0.00095048
1 0.0680254 0.0680288
2 0.0211982 0.0212015
2 0.0205611 0.0205644
1 0.00688392 0.00688721
1 0.0811292 0.0811322
2 0.00639049 0.00639297
2 0.00857277 0.0085751
2 0.00349138 0.00349365
2 0.00930067 0.00930259
2 0.0169974 0.0169992
2 0.0063224 0.00632422
1 0.00637076 0.00637256
2 0.0020308 0.00203236
1 0.00393906 0.00394029
2 0.0261861 0.0261873
1 0.00169826 0.0016994
1 0.00759325 0.00759426
2 0.0357219 0.0357229
1 0.148635 0.148636
1 0.00430924 0.0043101
1 0.0238317 0.0238325
1 0.00809604 0.00809675
1 0.00893702 0.00893771
1 0.0113 0.0113006
1 0.0107959 0.0107965
1 0.00591925 0.00591969
1 0.00801424 0.00801466
1 0.124424 0.124424
1 0.00413219 0.00413242
1 0.000601367 0.000601454
2 0.011897 0.0118971
2 0.174643 0.174643
1 0.0038482 0.00384823
2 0.113345 0.113345
1 0.0156527 0.0156527
2 0.0162371 0.0162371
1 0.0115542 0.0115542
2 0.0103029 0.0103029
1 0.0200192 0.0200192
