0 0 inf
1 0.117209 0.247927
1 0.0548553 0.13432
0 0 0.0770817
1 0.0235038 0.0978533
0 0 0.0656216
0 0 0.0639872
0 0 0.0571371
0 0 0.0566104
1 0.0730901 0.116688
1 0.0473944 0.0869855
1 0.20839 0.247741
0 0 0.0376368
0 0 0.0343804
0 0 0.0336949
0 0 0.0323558
0 0 0.0319379
0 0 0.0305341
0 0 0.0298115
0 0 0.0283784
0 0 0.0278297
0 0 0.0269525
1 0.0859808 0.112148
0 0 0.0247184
0 0 0.0246001
1 0.0581817 0.0826679
0 0 0.0230571
2 0.253047 0.275806
0 0 0.0222471
1 0.0896897 0.111916
0 0 0.0204532
0 0 0.0197237
0 0 0.018859
0 0 0.0188265
1 0.103388 0.12188
0 0 0.0184343
0 0 0.0182205
0 0 0.0175235
0 0 0.01742
0 0 0.0173152
0 0 0.0168329
0 0 0.0164792
0 0 0.01624
1 0.108719 0.124536
1 0.0723533 0.0878722
1 0.0112604 0.0263169
0 0 0.0148633
1 0.0221044 0.036916
0 0 0.0146956
1 0.0125369 0.0270469
0 0 0.014251
0 0 0.0140764
0 0 0.013816
0 0 0.0138011
0 0 0.0132487
1 0.0322491 0.0444013
0 0 0.011992
2 0.127423 0.138884
1 0.00714189 0.0185028
0 0 0.0111668
0 0 0.0110437
1 0.10342 0.114319
0 0 0.0106457
0 0 0.0103582
1 0.0117331 0.0220371
0 0 0.0102835
1 0.0363614 0.0462559
0 0 0.00987527
1 0.106069 0.115738
0 0 0.00966258
0 0 0.00964955
1 0.0536857 0.0633098
1 0.0242246 0.0337706
1 0.0147798 0.0242692
0 0 0.00929604
0 0 0.00920564
0 0 0.00887606
0 0 0.00868817
0 0 0.00862738
1 0.0192328 0.0278187
0 0 0.00849675
1 0.110965 0.11932
1 0.0709995 0.0793317
1 0.0209517 0.0289888
0 0 0.00803616
0 0 0.00796434
0 0 0.00788266
0 0 0.00770211
0 0 0.0076707
0 0 0.00756122
0 0 0.00747749
1 0.0122038 0.0196165
0 0 0.00718105
0 0 0.00711502
0 0 0.00709272
0 0 0.0070099
0 0 0.00698366
0 0 0.00692863
0 0 0.00678579
1 0.12761 0.134047
1 0.0481944 0.0545861
1 0.0155043 0.0217437
0 0 0.00621737
0 0 0.00612393
0 0 0.00612208
1 0.00760299 0.0137248
0 0 0.00607203
1 0.00624689 0.0123087
1 0.121865 0.127846
1 0.0327708 0.0387206
1 0.0117975 0.0177321
0 0 0.00593438
0 0 0.00583412
0 0 0.00583236
0 0 0.0057819
2 0.134597 0.140345
0 0 0.00574751
0 0 0.00567185
0 0 0.00563894
1 0.0166477 0.0222823
0 0 0.00562425
0 0 0.00560815
0 0 0.00560627
1 0.0383898 0.0438529
0 0 0.0054296
0 0 0.00537725
1 0.0348284 0.0400896
0 0 0.00514057
0 0 0.00507172
2 0.146074 0.151105
0 0 0.00500225
0 0 0.00494402
0 0 0.00491899
0 0 0.00485357
1 0.00739574 0.0122189
1 0.0205145 0.0251698
1 0.0173057 0.0219282
1 0.0159189 0.0205202
0 0 0.00458149
2 0.0256281 0.0301328
0 0 0.00450039
0 0 0.00448199
0 0 0.00447471
0 0 0.00444979
0 0 0.00432342
1 0.00648944 0.0108045
2 0.122203 0.126518
1 0.00913096 0.0133975
1 0.0667469 0.070965
1 0.0065231 0.0106039
0 0 0.00406258
2 0.0279837 0.0320246
0 0 0.00399753
1 0.0274456 0.0314426
0 0 0.00398779
0 0 0.00392022
1 0.211622 0.215509
2 0.0864905 0.0903724
0 0 0.00374363
1 0.0326279 0.0362846
0 0 0.00355582
0 0 0.00351755
0 0 0.00346481
0 0 0.00342748
1 0.00910028 0.0124497
0 0 0.00332843
0 0 0.00331028
0 0 0.00330199
0 0 0.00329753
0 0 0.00326953
0 0 0.00326321
1 0.00869783 0.0119423
1 0.115325 0.118519
0 0 0.00318489
1 0.0180961 0.021279
0 0 0.00315815
0 0 0.00314944
0 0 0.00314796
0 0 0.00311177
1 0.0884008 0.0915049
2 0.0133046 0.0163823
0 0 0.00307709
0 0 0.00307
0 0 0.00306788
0 0 0.00301932
1 0.0165953 0.0195894
1 0.00758153 0.0105507
2 0.0307785 0.0337224
1 0.0556721 0.05855
0 0 0.00285817
0 0 0.00284988
0 0 0.00281448
1 0.031282 0.0340419
1 0.0189357 0.0216764
0 0 0.00271452
0 0 0.00270018
0 0 0.00268589
0 0 0.00264753
0 0 0.00263614
0 0 0.00255467
0 0 0.00255185
1 0.00931309 0.0118392
0 0 0.00251302
0 0 0.00247897
1 0.227715 0.230159
0 0 0.00243314
1 0.0356116 0.0380446
0 0 0.00241881
1 0.0713855 0.0738
0 0 0.0023705
0 0 0.00236896
0 0 0.00236764
0 0 0.00232597
0 0 0.00223281
0 0 0.00221987
0 0 0.00220171
0 0 0.00217296
1 0.00876002 0.0108356
0 0 0.00205612
1 0.0136423 0.0156939
0 0 0.00203667
1 0.0117496 0.0137799
2 0.0297785 0.031751
1 0.01494 0.0169117
1 0.0112401 0.0131954
1 0.00792293 0.00984561
0 0 0.00190919
2 0.144884 0.14678
0 0 0.00186589
0 0 0.00186471
0 0 0.00185006
2 0.0216479 0.023476
2 0.0583546 0.0601802
1 0.0104898 0.0123083
0 0 0.00181695
1 0.00373729 0.00555296
1 0.0155147 0.0173058
1 0.0107405 0.0125138
1 0.0377733 0.0395465
0 0 0.00177305
0 0 0.00177209
0 0 0.00177092
0 0 0.00174555
0 0 0.00173578
1 0.0151237 0.0168153
1 0.00919718 0.0108739
1 0.0250651 0.0267387
0 0 0.00163633
1 0.00635089 0.00796532
1 0.011588 0.0131967
0 0 0.00155599
1 0.0444718 0.0460218
0 0 0.00154162
1 0.0215557 0.0230933
0 0 0.00151245
1 0.00388519 0.00538696
1 0.0817351 0.0832174
0 0 0.00147555
1 0.0189158 0.0203822
1 0.0918572 0.0933192
0 0 0.00145903
2 0.138935 0.140386
1 0.031253 0.0327011
0 0 0.00144496
1 0.00963232 0.0110635
0 0 0.00142564
2 0.105577 0.106995
1 0.00851483 0.00993123
0 0 0.00140065
1 0.073907 0.0753041
0 0 0.00139624
0 0 0.00139355
1 0.124817 0.126207
0 0 0.00137869
1 0.0105277 0.0119046
0 0 0.00132179
2 0.0261475 0.0274501
0 0 0.00128973
1 0.00609092 0.00736574
0 0 0.00125358
0 0 0.00125312
0 0 0.00123727
0 0 0.00123622
0 0 0.00123282
1 0.111123 0.112348
1 0.00406622 0.00528029
0 0 0.00119043
1 0.0253069 0.0264924
1 0.105384 0.106566
1 0.295518 0.29667
0 0 0.00114645
2 0.146956 0.1481
1 0.0196974 0.0208166
1 0.0101501 0.0112583
0 0 0.00109813
1 0.00559103 0.0066854
1 0.0147015 0.0157883
0 0 0.00104545
1 0.00650975 0.00755058
1 0.00594779 0.00695775
0 0 0.000999824
1 0.00683654 0.00780567
0 0 0.000958766
1 0.107414 0.108343
2 0.0110712 0.0119887
0 0 0.000911022
2 0.0222094 0.0231167
1 0.00998821 0.0108871
1 0.016411 0.017306
0 0 0.000893292
0 0 0.000886661
1 0.00851295 0.00936466
1 0.00787502 0.00871875
0 0 0.00083874
1 0.00845422 0.00929185
1 0.0191606 0.0199964
1 0.0252902 0.0261255
0 0 0.000819111
1 0.00637968 0.00719422
1 0.236037 0.236847
0 0 0.00080766
1 0.0220044 0.0228014
2 0.108801 0.109596
0 0 0.000795188
1 0.0129606 0.0137529
0 0 0.000775189
1 0.0162708 0.0170456
0 0 0.000768008
1 0.0103354 0.0111024
1 0.0191769 0.0199373
1 0.105968 0.106719
1 0.068889 0.0696349
1 0.00615859 0.00690386
1 0.0221817 0.022922
2 0.0133999 0.0141301
1 0.0120395 0.0127599
0 0 0.000707256
1 0.00241044 0.00311263
1 0.00226667 0.00296767
2 0.021809 0.0224813
1 0.0891496 0.0898196
1 0.00763014 0.00829683
1 0.159604 0.160267
2 0.127139 0.127797
1 0.00658987 0.00724542
1 0.0158418 0.0164962
0 0 0.000645646
2 0.0296639 0.0303
1 0.0124921 0.0131242
0 0 0.000616853
1 0.0049112 0.005524
1 0.0447825 0.0453913
1 0.00303967 0.003648
1 0.0124306 0.0130348
1 0.0130599 0.013657
2 0.297153 0.297737
1 0.00869657 0.00927549
1 0.0157106 0.0162855
1 0.00515349 0.00572375
1 0.006285 0.0068481
0 0 0.000559477
1 0.0100912 0.0106459
0 0 0.000553014
1 0.00190643 0.00245773
1 0.0015437 0.00209127
1 0.00812284 0.00866991
2 0.0196162 0.0201543
0 0 0.000537529
2 0.0523785 0.0529148
2 0.122942 0.123476
0 0 0.000528016
1 0.00615259 0.00667719
1 0.0217897 0.0223118
1 0.0155398 0.0160496
1 0.00339269 0.00389174
1 0.00367421 0.00416895
2 0.149782 0.150271
1 0.00214603 0.00263289
1 0.0041793 0.00465818
1 0.125373 0.125851
2 0.00688888 0.00735264
1 0.0168676 0.0173239
1 0.0126534 0.0131084
1 0.0159274 0.0163801
1 0.00471522 0.00516763
1 0.00578166 0.00623218
1 0.00385139 0.00429098
0 0 0.000437468
1 0.0295992 0.0300348
2 0.0143004 0.0147348
1 0.00569376 0.00612742
2 0.0285439 0.0289716
1 0.00646212 0.0068885
2 0.0216905 0.0221108
1 0.0250318 0.0254491
2 0.0131852 0.0136
1 0.0384569 0.0388583
1 0.0057951 0.00619089
1 0.00307464 0.00346125
1 0.114965 0.11535
1 0.0399499 0.0403244
0 0 0.000369536
1 0.00276343 0.00312329
1 0.00778362 0.008132
2 0.0184254 0.0187662
2 0.29737 0.297707
2 0.00573976 0.00607697
2 0.0146874 0.0150235
1 0.0374111 0.0377471
1 0.00624043 0.00656985
1 0.00431348 0.00463969
1 0.0472444 0.0475665
0 0 0.000314837
2 0.237226 0.23754
2 0.0123721 0.012679
1 0.0126168 0.0129226
1 0.0116489 0.0119531
1 0.0101059 0.01041
2 0.0163586 0.0166573
2 0.0271111 0.0274085
1 0.0300212 0.0303171
2 0.0178058 0.0181
1 0.0154602 0.0157538
1 0.0237534 0.0240463
1 0.00914978 0.00944021
1 0.00830108 0.00859019
1 0.147701 0.147989
1 0.0306867 0.0309684
1 0.0205181 0.0207948
1 0.0024423 0.00271713
1 0.00758912 0.00785307
1 0.0048033 0.00506573
2 0.0112677 0.0115292
1 0.0175428 0.0178027
1 0.00715706 0.00741163
2 0.0217899 0.0220428
1 0.091494 0.0917428
1 0.0491776 0.0494246
1 0.0217954 0.0220414
2 0.0301925 0.0304342
1 0.00511403 0.0053538
1 0.00796989 0.00820273
2 0.0167521 0.016976
1 0.0140516 0.0142687
1 0.0191966 0.0194064
1 0.00354237 0.0037503
1 0.00333665 0.00354157
2 0.0232397 0.0234441
2 0.0413775 0.0415796
1 0.0105232 0.0107185
2 0.00986015 0.010054
1 0.00365451 0.00384723
1 0.0747981 0.0749882
1 0.0241685 0.0243561
2 0.0381236 0.0383106
1 0.0259629 0.0261498
2 0.174218 0.174404
1 0.00431258 0.00449649
2 0.021716 0.0218996
2 0.160496 0.160674
2 0.01255 0.0127216
1 0.00150673 0.00167399
1 0.0151052 0.0152722
1 0.0036747 0.00384027
2 0.0403748 0.0405287
1 0.122981 0.123131
2 0.0163739 0.0165241
1 0.0156701 0.0158162
2 0.0150377 0.0151822
1 0.00772484 0.0078686
1 0.0412142 0.0413578
1 0.00381802 0.00396093
1 0.0199908 0.0201326
1 0.0165733 0.0167142
0 0 0.000140629
1 0.0332735 0.0334138
1 0.00676751 0.00690674
1 0.103488 0.103621
1 0.0113476 0.0114797
1 0.00532009 0.00544994
1 0.0194793 0.0196085
2 0.00589328 0.0060184
1 0.0121463 0.0122667
1 0.00484166 0.00496124
2 0.00719953 0.00731909
2 0.00591896 0.00603438
1 0.00269658 0.00281094
2 0.0297379 0.0298464
1 0.0151114 0.0152189
1 0.00745198 0.00755639
1 0.006226 0.00632923
1 0.0050124 0.00511322
1 0.0607947 0.0608933
2 0.0330122 0.03311
1 0.0201584 0.020251
2 0.00339298 0.00348389
1 0.00288508 0.00297463
1 0.00168736 0.00177363
1 0.0690003 0.0690863
1 0.00540657 0.00549182
1 0.0237214 0.0238064
1 0.0100266 0.0101108
1 0.0219247 0.0220071
1 0.0196558 0.0197371
1 0.0194003 0.0194815
2 0.0443664 0.0444474
2 0.0211859 0.0212633
1 0.00262468 0.00270204
2 0.0578797 0.057954
1 0.0556514 0.0557247
1 0.0202772 0.0203505
1 0.00469189 0.00476261
1 0.118956 0.119025
1 0.0440083 0.0440738
2 0.0230203 0.0230842
1 0.0117337 0.0117964
1 0.0312179 0.0312804
1 0.00728114 0.00734245
2 0.0110739 0.0111346
1 0.0128517 0.0129121
1 0.0238944 0.0239536
1 0.0164741 0.0165318
2 0.00602142 0.00607865
2 0.118529 0.118585
2 0.002746 0.00280172
1 0.0131668 0.013222
2 0.0134 0.0134538
1 0.00582743 0.0058806
2 0.00743066 0.00748348
1 0.0154262 0.015478
1 0.0033193 0.00337095
1 0.0708601 0.0709117
1 0.00737565 0.00742484
2 0.0241532 0.0242004
1 0.00332739 0.00337422
1 0.00644777 0.00649022
2 0.0127394 0.0127805
1 0.0103216 0.0103626
1 0.00350345 0.00354399
1 0.0129289 0.0129681
2 0.0244004 0.0244393
2 0.0150612 0.0150995
2 0.0168968 0.016935
2 0.0239884 0.0240262
2 0.0204612 0.0204985
1 0.00358651 0.00362303
1 0.0175433 0.0175792
1 0.00408868 0.00412464
1 0.0166029 0.0166387
1 0.00469879 0.00473405
1 0.12586 0.125895
1 0.00645767 0.00649169
2 0.0135149 0.0135486
2 0.0889126 0.088945
1 0.0134826 0.0135131
2 0.00363474 0.00366505
2 0.0196343 0.019663
1 0.0717139 0.0717423
2 0.0219982 0.0220264
0 0 2.78005e-05
1 0.0145173 0.0145433
1 0.122637 0.122663
2 0.0233616 0.023386
1 0.00542322 0.00544737
2 0.0145178 0.0145419
2 0.03235 0.032374
1 0.0187436 0.0187676
1 0.00188719 0.00190928
2 0.0051384 0.00516043
2 0.0231902 0.0232102
2 0.1223 0.12232
2 0.014568 0.014587
2 0.0317684 0.0317863
1 0.0112555 0.0112732
2 0.00566086 0.00567705
2 0.00466297 0.00467909
2 0.00829497 0.00831101
2 0.1475 0.147516
1 0.125309 0.125325
1 0.0122529 0.0122674
1 0.0201157 0.0201301
2 0.00816539 0.00817941
1 0.00495619 0.00496977
1 0.00972727 0.00973899
2 0.040335 0.0403464
1 0.00133083 0.00134221
1 0.0144696 0.0144807
2 0.0166346 0.0166448
2 0.028629 0.028639
1 0.00993696 0.00994677
1 0.005096 0.00510546
1 0.0403391 0.0403485
2 0.0230435 0.0230527
2 0.108238 0.108247
2 0.0149375 0.0149465
1 0.00350421 0.00351299
2 0.0289488 0.0289574
1 0.00353811 0.00354635
1 0.0226733 0.0226813
2 0.0183323 0.01834
1 0.0299966 0.0300043
1 0.00558956 0.00559581
1 0.0175319 0.0175378
2 0.263006 0.263012
1 0.0200145 0.0200199
2 0.00903948 0.0090448
2 0.16266 0.162665
1 0.00978441 0.00978969
2 0.0135597 0.013565
1 0.0107447 0.0107495
1 0.00962216 0.00962685
1 0.0130405 0.013045
2 0.136412 0.136416
1 0.0190316 0.0190357
2 0.0331023 0.0331058
1 0.010678 0.0106812
1 0.00393624 0.00393905
2 0.256976 0.256979
2 0.0134021 0.0134048
1 0.0096209 0.00962352
2 0.140119 0.140122
1 0.0106707 0.010673
2 0.0231101 0.0231119
1 0.00576601 0.0057678
2 0.0139406 0.0139423
1 0.0046247 0.00462587
1 0.00199889 0.00199997
1 0.00616435 0.00616525
2 0.00466422 0.00466512
1 0.0723255 0.0723263
2 0.0591163 0.059117
2 0.0135738 0.0135743
1 0.006795 0.00679555
2 0.0163578 0.0163583
1 0.0250835 0.0250839
1 0.0150496 0.0150499
1 0.00407034 0.00407064
2 0.00872711 0.0087273
2 0.249677 0.249677
1 0.00721982 0.00721992
2 0.150316 0.150316
2 0.12896 0.12896
