0 0 inf
0 0 0.127046
1 0.1109 0.220981
0 0 0.0627865
1 0.0829545 0.144455
0 0 0.0614386
0 0 0.0554999
1 0.0256882 0.0772841
1 0.136798 0.187948
0 0 0.0503531
0 0 0.0501823
0 0 0.0488638
0 0 0.0473567
0 0 0.0437258
0 0 0.0346862
0 0 0.0325577
0 0 0.0312864
0 0 0.0307784
2 0.283134 0.313487
1 0.0687233 0.0990694
1 0.213857 0.244094
1 0.0443383 0.0698445
1 0.0417496 0.0657952
0 0 0.0239572
0 0 0.0216113
0 0 0.0212533
0 0 0.0211556
0 0 0.0201872
0 0 0.0198252
1 0.115158 0.134361
1 0.0441399 0.062729
1 0.0723032 0.0906072
0 0 0.0178085
0 0 0.0172576
0 0 0.0165046
0 0 0.0159768
0 0 0.0159647
0 0 0.0157554
0 0 0.015482
0 0 0.015473
0 0 0.0153063
0 0 0.0144162
1 0.0133798 0.0275934
0 0 0.013941
0 0 0.0136013
1 0.00552907 0.019067
0 0 0.0134404
0 0 0.0129957
0 0 0.0128639
1 0.0192661 0.0320115
0 0 0.0120946
0 0 0.0119941
0 0 0.0119599
1 0.0516002 0.0635359
1 0.0203059 0.0319278
1 0.0479599 0.0593926
1 0.265036 0.276316
0 0 0.0112016
0 0 0.0111655
0 0 0.0110697
1 0.0135425 0.0244581
2 0.09352 0.104259
1 0.264483 0.275014
0 0 0.0103381
0 0 0.0103108
0 0 0.0102931
0 0 0.0101576
0 0 0.00993309
0 0 0.00969749
1 0.0235285 0.0330635
1 0.0249571 0.0343522
0 0 0.00895107
0 0 0.00890499
1 0.0278919 0.0365506
0 0 0.00862738
0 0 0.00843421
0 0 0.00840864
0 0 0.00827603
0 0 0.00803256
0 0 0.00801009
0 0 0.00797324
0 0 0.00778732
0 0 0.00777993
1 0.0146177 0.0223606
0 0 0.00743246
1 0.0800979 0.0874297
0 0 0.0073306
1 0.0843733 0.0916151
0 0 0.00721433
0 0 0.00718292
0 0 0.00710297
1 0.00879212 0.0158693
1 0.0153632 0.0224145
0 0 0.00702107
0 0 0.00688638
0 0 0.00673358
0 0 0.0065452
1 0.00346792 0.00996906
0 0 0.00647851
0 0 0.00644457
0 0 0.00640568
1 0.00932232 0.0154844
0 0 0.00609455
0 0 0.00602647
0 0 0.00598556
1 0.204512 0.210477
0 0 0.0059518
0 0 0.00593227
1 0.0233829 0.0292465
1 0.0123266 0.0181842
1 0.069826 0.0756208
1 0.0236624 0.0292046
0 0 0.0054678
0 0 0.00541813
0 0 0.00539949
0 0 0.00537641
0 0 0.0053113
0 0 0.00530943
0 0 0.00530704
1 0.03242 0.0377201
1 0.0949274 0.100164
0 0 0.00521088
1 0.00813726 0.0132672
0 0 0.00510541
0 0 0.00503048
0 0 0.00502166
1 0.015221 0.0200309
0 0 0.00469522
1 0.0199733 0.0245599
1 0.00782184 0.0123888
0 0 0.00454839
0 0 0.00448142
0 0 0.00444509
0 0 0.00444052
0 0 0.00432785
0 0 0.00426589
0 0 0.00425942
1 0.113171 0.117378
0 0 0.00419393
0 0 0.00405672
0 0 0.00400789
0 0 0.00394287
1 0.0216794 0.025603
1 0.0646187 0.0685372
0 0 0.00387765
1 0.118616 0.12246
0 0 0.00376902
0 0 0.00376358
1 0.0184033 0.022148
0 0 0.00368077
0 0 0.00366255
1 0.00671743 0.0102869
0 0 0.00356835
0 0 0.00342388
0 0 0.00342342
1 0.0262493 0.0296716
0 0 0.00337767
0 0 0.00334006
0 0 0.0033029
0 0 0.00325174
0 0 0.00324664
1 0.0581185 0.0613469
0 0 0.00322105
1 0.0568553 0.0600466
0 0 0.00305803
1 0.00612302 0.00917282
0 0 0.00304
0 0 0.00293681
0 0 0.00292482
1 0.0483871 0.0513074
0 0 0.00283773
0 0 0.00282587
1 0.238637 0.241453
1 0.00957981 0.0123889
0 0 0.00277936
0 0 0.00275034
1 0.00575213 0.0084902
0 0 0.00273747
0 0 0.00271508
0 0 0.00261983
1 0.0446657 0.047285
1 0.0064065 0.0090004
1 0.0222794 0.0248686
0 0 0.00256438
0 0 0.00251483
0 0 0.00250115
0 0 0.00249361
0 0 0.0024906
1 0.0561176 0.0586044
0 0 0.00248266
2 0.0257037 0.0281762
0 0 0.00244323
1 0.00977197 0.0122063
0 0 0.00242485
0 0 0.00238668
1 0.01705 0.0194258
0 0 0.00237513
0 0 0.00237361
0 0 0.002329
1 0.00330893 0.00560779
0 0 0.00223216
0 0 0.00219662
2 0.0229257 0.0251221
1 0.0592643 0.0614522
1 0.0781665 0.0803513
1 0.00241481 0.0045976
0 0 0.00215779
2 0.0621047 0.0642346
1 0.0929903 0.0950929
0 0 0.00209522
1 0.0252503 0.0273362
0 0 0.00208343
0 0 0.0020819
1 0.00647986 0.00848492
1 0.00993053 0.0119119
1 0.0155113 0.0174848
1 0.0851437 0.0870869
2 0.0364695 0.0384
0 0 0.00192122
1 0.0539311 0.0558435
0 0 0.00190377
0 0 0.00187119
0 0 0.00186816
1 0.0194578 0.0213076
0 0 0.00184561
1 0.12047 0.12231
0 0 0.00183588
0 0 0.00183474
0 0 0.00182437
1 0.0142937 0.0160976
1 0.00805921 0.00986231
2 0.016209 0.018002
0 0 0.00179103
0 0 0.00178452
0 0 0.00173234
0 0 0.00171148
1 0.00250147 0.00421068
1 0.0512437 0.0529397
1 0.00951131 0.0111764
0 0 0.00165737
1 0.00969278 0.0113375
0 0 0.00163728
1 0.164358 0.165988
1 0.0961277 0.0977552
0 0 0.00159969
1 0.0333494 0.0349341
1 0.00304476 0.00462678
2 0.178409 0.179984
1 0.00773128 0.00925602
1 0.0237836 0.0252946
1 0.0155049 0.0170044
1 0.0247637 0.0262584
0 0 0.00146263
0 0 0.00146154
1 0.0691652 0.0706249
1 0.0176482 0.019103
0 0 0.00145035
1 0.0030192 0.00446689
1 0.00990138 0.0113482
1 0.0277891 0.0292307
0 0 0.00141537
1 0.0143466 0.0157592
1 0.00558505 0.00698458
1 0.0200312 0.0214306
1 0.0444893 0.0458571
0 0 0.00134646
0 0 0.00132388
1 0.00838927 0.00970546
0 0 0.00131154
1 0.0155971 0.0169009
1 0.0142927 0.0155783
2 0.0752318 0.0765156
0 0 0.00128374
1 0.00519151 0.00646895
1 0.0087257 0.00999953
0 0 0.00127176
0 0 0.00126751
1 0.00597826 0.00724532
1 0.0640743 0.0653379
0 0 0.00126249
1 0.20867 0.209914
1 0.0224898 0.0237264
0 0 0.00123223
1 0.0601116 0.0613369
0 0 0.00121592
1 0.0131285 0.0143422
1 0.01401 0.0152135
0 0 0.00119387
0 0 0.00119021
0 0 0.00118198
1 0.00637462 0.00754606
1 0.0178001 0.0189647
0 0 0.00115219
2 0.0191753 0.020292
0 0 0.00111278
0 0 0.00109925
0 0 0.00108191
1 0.0498674 0.0509471
1 0.0536437 0.0547144
2 0.163573 0.16464
1 0.0494422 0.050475
2 0.0163624 0.0173752
1 0.00749317 0.00848685
0 0 0.000992907
0 0 0.000946262
0 0 0.00093236
1 0.0133118 0.0142412
2 0.132105 0.133033
1 0.00515798 0.00607167
1 0.127837 0.128744
0 0 0.00090494
1 0.00815162 0.00904972
1 0.0699234 0.070811
2 0.113434 0.114316
1 0.00821121 0.00909061
1 0.0120475 0.0129237
1 0.0250435 0.0259169
0 0 0.000873101
1 0.0177111 0.0185762
1 0.00886517 0.00973024
1 0.00367357 0.00453802
1 0.00393684 0.00478478
2 0.023772 0.024618
2 0.212044 0.212886
2 0.0360189 0.0368441
1 0.0326506 0.0334749
1 0.0102416 0.0110464
1 0.0281974 0.029002
0 0 0.000802531
1 0.0215888 0.0223784
1 0.0163537 0.0171416
2 0.0225269 0.0233067
0 0 0.000767708
1 0.00444066 0.00520406
0 0 0.000746832
1 0.0347657 0.0354986
2 0.0329947 0.0337227
0 0 0.000727952
1 0.00894811 0.00967091
1 0.00396782 0.00468999
1 0.044777 0.0454804
1 0.0222046 0.0229042
0 0 0.000696798
2 0.021225 0.0219137
1 0.0120285 0.0127149
0 0 0.000674591
1 0.0231993 0.0238575
1 0.0028717 0.0035295
0 0 0.000648864
1 0.0227982 0.0234379
1 0.00757281 0.00821027
2 0.0283172 0.0289427
1 0.0148619 0.0154723
0 0 0.000606714
1 0.0112405 0.0118314
0 0 0.000584597
1 0.0113819 0.0119653
0 0 0.000558999
1 0.0328276 0.0333822
1 0.00640143 0.00695397
1 0.0995278 0.10008
1 0.013212 0.0137631
2 0.0343671 0.0349155
1 0.0265956 0.0271387
1 0.00380146 0.00434209
0 0 0.000539363
1 0.00468387 0.00522298
2 0.0526254 0.0531586
1 0.0196298 0.0201553
2 0.0543202 0.0548432
1 0.0135547 0.0140619
1 0.0104696 0.0109762
1 0.0252813 0.0257878
0 0 0.000499972
1 0.0205474 0.0210464
1 0.00802327 0.0085212
1 0.0118131 0.0123005
1 0.0531607 0.0536468
1 0.00472066 0.00520073
2 0.0237207 0.02419
1 0.0185543 0.0190211
2 0.0822274 0.0826902
1 0.165226 0.165687
1 0.00283387 0.00329444
0 0 0.000460249
2 0.0166858 0.0171455
1 0.0995542 0.100009
1 0.0296823 0.030134
1 0.00578695 0.00623607
1 0.00431001 0.00475349
1 0.0021829 0.00262628
1 0.046964 0.0473993
2 0.0999613 0.100393
2 0.212345 0.212777
2 0.0333085 0.0337328
1 0.00826646 0.00867072
2 0.0228484 0.0232525
1 0.0179045 0.0183066
1 0.00180427 0.00220538
2 0.212732 0.213129
2 0.0165012 0.0168929
2 0.0362026 0.0365887
1 0.015078 0.0154486
0 0 0.000359011
1 0.00305575 0.00341476
2 0.252738 0.253092
1 0.00423301 0.00457678
1 0.00526464 0.00560657
2 0.0184438 0.0187836
1 0.0137303 0.0140669
1 0.00558399 0.00591695
0 0 0.000326729
1 0.0159728 0.0162853
1 0.00354839 0.00385945
1 0.0116814 0.0119924
1 0.0128403 0.0131495
1 0.0405764 0.0408848
2 0.0126449 0.0129526
1 0.00278 0.00308596
1 0.0290632 0.0293648
1 0.00660862 0.00689673
1 0.00477882 0.00506133
1 0.0322182 0.0324997
0 0 0.000280238
1 0.0119226 0.0122026
1 0.00141986 0.00169753
2 0.0169364 0.0172107
1 0.00788258 0.0081565
1 0.00433512 0.00460734
2 0.0700837 0.0703527
1 0.0271018 0.0273707
1 0.0107242 0.0109896
1 0.00555822 0.00582044
1 0.027295 0.0275535
1 0.056412 0.056668
0 0 0.000254754
2 0.0271021 0.027356
1 0.0109897 0.0112362
1 0.00790041 0.00814307
1 0.028781 0.0290158
1 0.0157505 0.0159848
2 0.0315331 0.031767
1 0.0110231 0.0112565
1 0.0147585 0.0149899
2 0.0129902 0.0132191
2 0.0367305 0.036958
2 0.0193933 0.0196176
2 0.0628969 0.0631204
2 0.0173215 0.0175424
2 0.00728448 0.00750459
1 0.0156751 0.0158949
1 0.0583768 0.0585948
1 0.0016606 0.00187671
0 0 0.000214575
1 0.00132661 0.00153513
1 0.048063 0.048268
1 0.0134129 0.0136177
2 0.0308226 0.031026
1 0.00380842 0.00401104
2 0.0497328 0.0499354
1 0.0222322 0.0224304
1 0.00402209 0.0042133
1 0.00589206 0.00607991
1 0.00352137 0.00370861
1 0.0796609 0.0798391
0 0 0.000175518
2 0.0123235 0.012498
1 0.0104109 0.0105845
2 0.0759514 0.076124
1 0.00287374 0.00304601
2 0.00359816 0.00376691
1 0.020641 0.0208082
1 0.00878337 0.00894688
1 0.00345977 0.00361483
1 0.0450717 0.0452266
2 0.0141219 0.0142758
1 0.00962341 0.00977646
1 0.00547507 0.00562803
1 0.00606316 0.00621591
2 0.0575885 0.0577391
1 0.251259 0.251406
2 0.0218109 0.0219558
1 0.0144642 0.0146084
1 0.0014309 0.00157443
1 0.0194371 0.0195796
1 0.00389137 0.00403379
1 0.0069208 0.00706297
1 0.0324912 0.0326323
2 0.0155371 0.0156769
1 0.00847994 0.00861879
1 0.00159496 0.00173019
2 0.0360971 0.0362315
1 0.0301627 0.030297
2 0.00672129 0.00685043
1 0.0109473 0.0110761
2 0.00362389 0.00374843
2 0.0345999 0.0347236
1 0.0182241 0.018345
1 0.00230595 0.00242468
1 0.0884018 0.0885187
1 0.00293158 0.00304774
1 0.00349561 0.0036083
1 0.00309395 0.00320652
2 0.0290864 0.0291983
1 0.00132936 0.00144092
1 0.012544 0.0126554
2 0.0979543 0.0980621
1 0.00266801 0.00277402
1 0.00530289 0.00540821
1 0.0146858 0.0147906
2 0.00591107 0.006015
2 0.0153138 0.0154167
2 0.0139638 0.0140592
1 0.0363001 0.0363955
2 0.100883 0.100975
1 0.00419568 0.00428659
1 0.00484561 0.00493628
1 0.00207423 0.00216485
2 0.025267 0.0253565
2 0.0101145 0.0102008
2 0.0872529 0.0873365
1 0.0121096 0.0121928
1 0.00517896 0.00525936
1 0.0070873 0.00716629
1 0.074538 0.074616
2 0.019215 0.0192912
1 0.00198975 0.00206102
1 0.0162224 0.0162916
2 0.00574157 0.00581067
1 0.00320417 0.00327267
1 0.00538631 0.00545416
1 0.00674056 0.00680525
1 0.00303088 0.00309416
2 0.0283775 0.0284403
1 0.029152 0.0292139
1 0.0196318 0.0196911
2 0.0181996 0.0182542
1 0.0056705 0.0057235
2 0.0046322 0.00468359
1 0.00226465 0.0023153
2 0.0365231 0.0365735
1 0.00353586 0.00358506
2 0.0511584 0.0512049
2 0.0218355 0.0218803
1 0.00953238 0.00957687
1 0.0339145 0.0339581
2 0.0229023 0.0229452
2 0.0475087 0.0475503
1 0.00216695 0.00220722
1 0.00907079 0.00911094
2 0.0040396 0.00407925
1 0.00799845 0.00803736
2 0.00226364 0.0023018
1 0.00516251 0.00519883
1 0.0156279 0.0156634
1 0.00330574 0.00334038
2 0.0163665 0.016396
1 0.00552438 0.00555353
2 0.00527863 0.00530691
2 0.00571705 0.00574478
1 0.00988694 0.00991448
2 0.0299918 0.0300189
2 0.0373331 0.0373601
1 0.0974032 0.09743
1 0.0214767 0.021503
2 0.0169069 0.0169319
1 0.00556105 0.00558566
1 0.0252082 0.0252321
1 0.0102434 0.0102672
1 0.0129082 0.0129312
1 0.0030066 0.00302869
1 0.0757002 0.0757219
2 0.0261144 0.026136
1 0.0212767 0.0212977
1 0.0324057 0.0324253
1 0.00918016 0.00919961
1 0.0164133 0.0164313
1 0.0159104 0.0159282
2 0.00598133 0.00599889
2 0.00368857 0.0037056
1 0.0052467 0.00526352
2 0.0678469 0.0678636
1 0.00244993 0.00246534
2 0.0773125 0.0773268
2 0.0173898 0.0174031
1 0.0400349 0.040048
1 0.0189932 0.0190039
2 0.00247743 0.00248796
2 0.0241783 0.0241886
2 0.028062 0.0280712
1 0.00569359 0.00570221
1 0.00871239 0.0087203
1 0.00603572 0.00604327
1 0.00387103 0.00387837
2 0.0776347 0.077641
2 0.0158832 0.0158892
1 0.0143101 0.0143158
2 0.0548312 0.0548356
1 0.0130756 0.0130796
2 0.0222248 0.0222287
1 0.0138505 0.0138544
2 0.00480364 0.00480735
2 0.00872591 0.00872935
2 0.0129962 0.0129993
1 0.016062 0.0160649
2 0.029134 0.0291365
1 0.0105403 0.0105426
1 0.00479356 0.00479554
2 0.0166083 0.0166102
1 0.0177225 0.0177242
2 0.00932011 0.00932176
1 0.0490099 0.0490113
1 0.0163197 0.0163208
1 0.00226911 0.00227001
2 0.0228666 0.0228672
2 0.00477019 0.00477077
1 0.00480292 0.00480348
2 0.0232078 0.023208
2 0.0217847 0.0217849
2 0.037227 0.0372271
1 0.0174299 0.0174299
2 0.0177254 0.0177254
