0 0 inf
0 0 0.168722
0 0 0.126188
0 0 0.0848893
1 0.0260947 0.090319
1 0.0933993 0.147899
0 0 0.0518173
0 0 0.0500684
0 0 0.0440711
0 0 0.0438624
0 0 0.0404869
1 0.215678 0.255689
0 0 0.0385316
0 0 0.0359077
1 0.0235263 0.0578044
1 0.2205 0.254262
0 0 0.0333392
0 0 0.0332348
0 0 0.0302917
1 0.0438763 0.073959
1 0.116543 0.146014
0 0 0.0291799
0 0 0.0290565
1 0.140122 0.168584
0 0 0.0274999
0 0 0.0274088
0 0 0.0267779
0 0 0.0245314
0 0 0.024507
1 0.0793057 0.103413
0 0 0.0229813
0 0 0.0224552
1 0.271203 0.292525
1 0.216434 0.237701
0 0 0.0201546
0 0 0.0186534
0 0 0.016862
0 0 0.0163474
1 0.0424662 0.0588114
0 0 0.0150292
0 0 0.0148972
0 0 0.0144166
0 0 0.0135786
2 0.281734 0.294993
0 0 0.0132095
0 0 0.013105
0 0 0.0124482
0 0 0.0124455
0 0 0.0123043
1 0.0418001 0.0536513
0 0 0.0116157
0 0 0.0114168
2 0.172054 0.183282
1 0.01158 0.0227995
1 0.0431959 0.0538577
1 0.00691401 0.0169141
2 0.149017 0.15889
0 0 0.00951597
1 0.0232975 0.0325911
1 0.043197 0.0524725
0 0 0.00906994
1 0.0456434 0.0545479
0 0 0.00873084
0 0 0.00869852
0 0 0.00864719
0 0 0.00860386
1 0.158713 0.167258
0 0 0.00839475
1 0.228204 0.236414
1 0.0044658 0.0125867
0 0 0.008025
0 0 0.00796906
0 0 0.00785257
0 0 0.00779802
0 0 0.00770814
0 0 0.00754021
0 0 0.00753533
0 0 0.00742229
0 0 0.00734782
0 0 0.00731406
0 0 0.00727563
1 0.0381923 0.0454336
1 0.0574601 0.0644458
1 0.0054317 0.0123182
1 0.0287974 0.0355386
1 0.038812 0.0453639
0 0 0.00647686
0 0 0.00644793
0 0 0.00641462
1 0.0172926 0.0236457
1 0.005212 0.0115127
0 0 0.00597751
1 0.0239712 0.0299144
0 0 0.00589819
0 0 0.00587935
1 0.00547078 0.0112696
1 0.00904722 0.0146468
0 0 0.00548053
0 0 0.00544022
1 0.177913 0.183312
1 0.0241384 0.0295291
1 0.121135 0.12628
0 0 0.00509437
0 0 0.00508942
1 0.0239681 0.0289818
1 0.00937827 0.0143829
0 0 0.00493785
0 0 0.00489126
0 0 0.00487215
0 0 0.0048678
1 0.00438415 0.00915247
0 0 0.00475711
0 0 0.00473091
0 0 0.00470662
0 0 0.00469512
0 0 0.00467372
0 0 0.00452326
0 0 0.00445
1 0.216576 0.220975
0 0 0.00439259
1 0.00881177 0.0131842
0 0 0.00429028
0 0 0.00428686
0 0 0.00427996
1 0.0422825 0.0465016
0 0 0.00420626
2 0.0404914 0.0446334
0 0 0.00409482
0 0 0.00409217
1 0.00487253 0.00893154
0 0 0.00405801
0 0 0.00401531
0 0 0.00401499
0 0 0.0040095
0 0 0.0039862
0 0 0.00389236
0 0 0.00385748
1 0.00635474 0.0101854
0 0 0.00381509
0 0 0.0037904
0 0 0.00374948
0 0 0.0037493
0 0 0.00372912
0 0 0.00372093
0 0 0.00370238
0 0 0.00369208
0 0 0.00351738
1 0.0271973 0.0307144
1 0.0458274 0.049312
0 0 0.00346997
0 0 0.00341887
1 0.0690066 0.0723589
0 0 0.00333401
0 0 0.00329588
2 0.0733814 0.0766746
0 0 0.00329095
0 0 0.00328049
0 0 0.00327857
1 0.0184403 0.0217025
0 0 0.00325519
0 0 0.00324962
1 0.19769 0.200879
0 0 0.00317281
0 0 0.00315474
1 0.0285015 0.0316257
0 0 0.00309985
1 0.0359703 0.0390633
1 0.0417474 0.0448229
0 0 0.00299622
0 0 0.00299449
1 0.0238876 0.0268549
0 0 0.00296067
0 0 0.00294687
0 0 0.00290048
0 0 0.00288232
0 0 0.00285253
2 0.291588 0.294437
1 0.0398897 0.0427306
0 0 0.00282373
0 0 0.00282367
1 0.00785078 0.0105872
0 0 0.00273476
0 0 0.00269763
1 0.0148196 0.0175087
0 0 0.00266546
0 0 0.00264648
1 0.00278646 0.00543122
1 0.0491234 0.0517405
0 0 0.00256781
0 0 0.00256268
1 0.257768 0.26032
0 0 0.00253929
0 0 0.00253817
1 0.104146 0.106682
0 0 0.00253107
0 0 0.00250536
0 0 0.00249107
0 0 0.00248797
0 0 0.00244504
1 0.044497 0.0469263
1 0.0122506 0.0146781
1 0.00948535 0.0119034
1 0.00656381 0.00897645
1 0.00562832 0.00802966
0 0 0.00239633
1 0.00581698 0.00820164
1 0.0338504 0.0362017
0 0 0.00233229
0 0 0.00226449
1 0.0054423 0.00766602
0 0 0.00221798
0 0 0.00220368
0 0 0.00219342
1 0.0172206 0.0193986
0 0 0.00217295
1 0.228569 0.230732
0 0 0.0021572
0 0 0.00215091
1 0.0100483 0.0121926
1 0.00374798 0.00588768
0 0 0.00212524
0 0 0.00209415
1 0.00988461 0.0119649
1 0.219455 0.221517
0 0 0.00205663
1 0.0181372 0.0201599
1 0.0083937 0.0104142
1 0.00900131 0.011006
0 0 0.0019866
0 0 0.00198346
0 0 0.00197477
1 0.0911568 0.0930627
0 0 0.00190289
2 0.00958811 0.0114885
1 0.00939492 0.0112739
0 0 0.00186731
1 0.0524009 0.054258
1 0.00821198 0.0100659
1 0.00603417 0.00787643
1 0.00617416 0.00798353
1 0.0204004 0.022206
1 0.0284571 0.0302441
0 0 0.00177879
0 0 0.00175855
1 0.00721426 0.00896683
0 0 0.00169782
1 0.135337 0.137007
1 0.066727 0.0683912
0 0 0.0016307
1 0.0040754 0.00568692
0 0 0.00161025
0 0 0.00160295
1 0.0234915 0.0250529
1 0.0145798 0.0161172
0 0 0.00149415
0 0 0.00148647
1 0.0193776 0.0208541
0 0 0.00147444
2 0.0209234 0.0223855
0 0 0.00144167
0 0 0.00143916
1 0.0193263 0.0207416
1 0.00471993 0.00613181
1 0.00409014 0.00549789
1 0.0804862 0.0818607
0 0 0.00137402
2 0.0273192 0.0286711
1 0.0256727 0.0270008
2 0.0978797 0.0991998
0 0 0.00131288
0 0 0.00129361
0 0 0.00128698
1 0.00615131 0.00743084
0 0 0.00127387
1 0.00386268 0.00513078
1 0.00687989 0.00813956
0 0 0.00125845
2 0.0146752 0.015919
0 0 0.00123686
0 0 0.0012303
2 0.294949 0.296167
0 0 0.00121254
1 0.00845887 0.00966918
1 0.00728386 0.00847962
1 0.0423515 0.0435409
2 0.182261 0.183445
0 0 0.0011815
1 0.00605375 0.00722665
1 0.0370796 0.0382412
0 0 0.00114802
1 0.00648225 0.00762641
1 0.00801266 0.00915311
1 0.0113113 0.0124401
1 0.00707044 0.00819019
0 0 0.00111652
0 0 0.00111627
0 0 0.0011141
2 0.0308603 0.0319656
0 0 0.00109373
0 0 0.00109109
1 0.0195346 0.0206121
1 0.0100246 0.0110904
1 0.00358961 0.00464897
1 0.0104011 0.0114421
1 0.0495119 0.0505456
1 0.135499 0.13653
0 0 0.00101998
1 0.0787774 0.0797749
2 0.0738808 0.0748512
1 0.128871 0.129838
1 0.00756913 0.00851672
1 0.00301382 0.0039392
1 0.00881954 0.00974152
0 0 0.000903036
0 0 0.00089708
2 0.014171 0.0150669
0 0 0.00089425
0 0 0.0008904
1 0.0069242 0.00781251
2 0.128726 0.129609
2 0.0152662 0.0161456
1 0.0126464 0.0135229
1 0.0103079 0.0111517
1 0.00659291 0.00742859
1 0.0121661 0.0130014
0 0 0.000833968
1 0.0103322 0.0111656
2 0.0207713 0.0216022
0 0 0.000829284
1 0.00917846 0.00999857
1 0.0733598 0.074149
0 0 0.00078126
1 0.00700134 0.00777934
1 0.0343738 0.0351475
1 0.0091441 0.00991754
2 0.174097 0.174862
1 0.0106473 0.0114022
0 0 0.000738794
1 0.00799152 0.0087211
2 0.0115891 0.0123149
0 0 0.000724481
0 0 0.000722988
1 0.0956591 0.0963814
1 0.00694309 0.00764286
2 0.036225 0.0369096
2 0.0373461 0.0380253
1 0.0177507 0.0184219
1 0.0254341 0.0261024
1 0.0179641 0.0186289
1 0.0883706 0.0890251
1 0.0272718 0.0279181
1 0.0059736 0.00661408
1 0.160002 0.160642
2 0.0132795 0.0139196
0 0 0.000639713
1 0.0119364 0.0125759
1 0.00264796 0.00328387
2 0.0223231 0.0229489
1 0.0257007 0.0263211
0 0 0.000619712
1 0.0147431 0.015362
1 0.010641 0.011245
1 0.0138351 0.0144339
1 0.00574625 0.00634128
1 0.0152598 0.0158416
2 0.0552102 0.0557916
0 0 0.000580975
1 0.14232 0.142898
1 0.0361119 0.0366847
1 0.126293 0.126863
1 0.00497187 0.00553868
1 0.088118 0.0886719
1 0.0455561 0.0461044
1 0.0101544 0.0106997
2 0.017621 0.0181614
2 0.0108927 0.0114283
1 0.00578721 0.00630941
2 0.261493 0.262012
0 0 0.000517406
1 0.00182895 0.00234115
1 0.00278331 0.00327587
1 0.0543454 0.054832
1 0.00269441 0.0031796
1 0.072593 0.073077
1 0.0775728 0.0780559
0 0 0.000481293
1 0.00295745 0.00343747
1 0.00158273 0.00206186
1 0.0049745 0.00544648
1 0.00762296 0.0080845
1 0.00813094 0.00859142
2 0.0168668 0.0173234
1 0.00407965 0.00452957
1 0.00730834 0.00775032
2 0.239442 0.239884
1 0.00672223 0.0071631
1 0.00489237 0.00532499
0 0 0.000431762
2 0.187688 0.188119
1 0.0447402 0.0451571
1 0.0115188 0.0119351
1 0.00277798 0.00319357
1 0.124245 0.124657
1 0.00969517 0.0101042
1 0.00503583 0.00544188
1 0.0241797 0.0245825
0 0 0.000400406
1 0.0284439 0.028842
1 0.00768565 0.00808228
1 0.0607043 0.0610994
1 0.00628781 0.00668178
0 0 0.000393894
1 0.0052451 0.00563022
1 0.00329802 0.00367915
2 0.00972848 0.0100937
1 0.00411387 0.00447749
2 0.0103788 0.0107305
1 0.00782597 0.00817232
1 0.00693679 0.00728306
1 0.041835 0.0421804
1 0.0175185 0.0178638
1 0.00575696 0.00609953
1 0.00668869 0.0070272
1 0.0350063 0.0353439
1 0.0263389 0.0266741
1 0.00915182 0.00948644
1 0.02404 0.0243706
1 0.00295658 0.00328109
2 0.00651984 0.00683782
2 0.00916837 0.00948151
1 0.0050625 0.00537425
2 0.103618 0.103929
1 0.0148879 0.015198
2 0.0096889 0.00999864
1 0.012743 0.0130472
1 0.00551493 0.00581234
1 0.0303963 0.0306793
1 0.181667 0.181945
2 0.0145527 0.0148292
1 0.0454491 0.0457253
2 0.0085775 0.008853
1 0.0114073 0.0116815
1 0.00306907 0.0033397
1 0.00293325 0.00320238
2 0.0552597 0.0555278
1 0.0163758 0.016643
1 0.0100342 0.0102956
1 0.00500257 0.00526385
2 0.0313278 0.0315891
1 0.0830857 0.083339
1 0.213 0.213253
1 0.104326 0.104576
2 0.0851941 0.0854422
1 0.238605 0.238849
1 0.00514683 0.00539019
1 0.00265345 0.00289158
2 0.0171394 0.0173658
1 0.00573356 0.00595971
1 0.0298099 0.0300301
1 0.0101758 0.0103935
1 0.00347955 0.00368966
1 0.00292409 0.00312982
1 0.00840248 0.00860675
1 0.037777 0.0379812
2 0.0839366 0.0841356
1 0.00421237 0.00440891
1 0.0116088 0.0118051
2 0.0127079 0.0128997
2 0.0129701 0.013159
1 0.00628755 0.00647565
1 0.00584603 0.00603148
2 0.00710079 0.00728544
1 0.00869661 0.00888042
2 0.0431275 0.0433113
1 0.00201291 0.00219486
1 0.016827 0.0170087
1 0.00205377 0.00223524
1 0.00520654 0.00538707
1 0.0127144 0.0128922
1 0.0228234 0.0230007
0 0 0.000176843
1 0.0249462 0.0251225
1 0.00395255 0.00412522
1 0.0116259 0.0117981
2 0.0273861 0.0275569
1 0.03844 0.0386103
1 0.00439689 0.00456323
2 0.00592873 0.00609003
1 0.0193327 0.0194908
1 0.00393026 0.00408731
1 0.0160847 0.0162413
1 0.00550914 0.00566408
2 0.0078455 0.00799881
1 0.067425 0.0675758
1 0.00957656 0.00972239
1 0.00874179 0.00888717
2 0.0329239 0.0330647
2 0.0247066 0.0248466
2 0.0780787 0.0782167
0 0 0.000133065
2 0.152326 0.152458
1 0.0060571 0.00618866
1 0.0039341 0.00406562
1 0.0035037 0.00363409
1 0.00965365 0.00978356
2 0.00617116 0.00630015
1 0.0151496 0.015277
1 0.00886651 0.00899326
1 0.0076697 0.00779417
1 0.123832 0.123955
1 0.00190377 0.00202677
1 0.00588571 0.0060055
1 0.00338438 0.00350036
1 0.0084537 0.00856921
2 0.0128013 0.0129161
2 0.169037 0.169149
2 0.0108161 0.0109177
1 0.00121866 0.00132008
2 0.125043 0.125142
2 0.152679 0.152776
1 0.0105131 0.0106075
1 0.00689636 0.00699046
2 0.0249488 0.0250422
2 0.00665462 0.00674645
1 0.0115404 0.0116292
2 0.0138473 0.0139336
1 0.00345936 0.00354552
2 0.0178246 0.0179095
2 0.0204617 0.0205431
2 0.0136822 0.013763
2 0.0263618 0.0264416
1 0.134982 0.13506
1 0.00374558 0.00382297
2 0.0101869 0.0102631
1 0.124791 0.124864
1 0.0159383 0.016009
1 0.00944873 0.00951928
2 0.00573842 0.00580896
2 0.0113603 0.0114286
2 0.024986 0.0250511
2 0.0315165 0.0315814
2 0.00547609 0.00554025
2 0.0116784 0.0117421
1 0.0010898 0.00115308
1 0.0102613 0.0103175
1 0.00200601 0.00206108
2 0.00417495 0.00422842
1 0.00454311 0.00459587
1 0.00282833 0.00288085
1 0.0225232 0.022574
1 0.00193437 0.00198403
2 0.0132947 0.0133442
1 0.00164774 0.00169636
2 0.0378564 0.0379042
1 0.00771561 0.00776308
2 0.0153644 0.0154115
1 0.00406413 0.00411104
1 0.0078812 0.00792694
2 0.00549733 0.00554203
1 0.00745955 0.00750283
2 0.0095556 0.00959872
2 0.0138763 0.0139191
1 0.00510339 0.00514598
2 0.0421501 0.0421922
1 0.00278263 0.00282383
2 0.0106999 0.0107395
2 0.00292916 0.00296835
2 0.0156752 0.0157141
2 0.00883533 0.00887358
2 0.00209389 0.00213151
1 0.00810412 0.00814144
2 0.00976994 0.00980573
1 0.00454249 0.00457768
1 0.00767456 0.00770818
1 0.00880259 0.00883589
1 0.00876472 0.00879798
2 0.00815472 0.00818754
1 0.0292778 0.0293103
1 0.00468713 0.00471964
2 0.0229643 0.0229961
2 0.00550133 0.00553211
1 0.00501913 0.00504983
1 0.0148083 0.0148375
1 0.0202794 0.0203085
1 0.0114762 0.011504
1 0.00156019 0.00158794
1 0.00655249 0.0065791
1 0.0292741 0.0293003
2 0.0518084 0.0518344
1 0.00758234 0.00760808
2 0.00466204 0.00468704
2 0.00474366 0.00476858
2 0.00502824 0.00505263
1 0.00753745 0.00756107
1 0.00540377 0.00542666
1 0.00886507 0.00888786
1 0.0689078 0.0689302
1 0.0036846 0.00370615
1 0.00745974 0.0074811
1 0.0017996 0.00181932
0 0 1.95251e-05
1 0.00634285 0.00636237
2 0.00598736 0.00600652
2 0.251513 0.251532
1 0.00589265 0.00591169
1 0.00149496 0.00151347
2 0.00868419 0.00870264
1 0.00565185 0.00566989
2 0.00607917 0.00609697
2 0.15857 0.158588
1 0.00965184 0.00966913
2 0.0115603 0.0115766
1 0.0105632 0.010579
1 0.010118 0.0101335
1 0.251915 0.25193
1 0.00831883 0.00833409
1 0.232463 0.232477
2 0.00672098 0.00673514
1 0.0114521 0.0114661
1 0.00567826 0.00569138
2 0.00543129 0.00544401
2 0.00895119 0.0089639
2 0.0289033 0.028916
1 0.00795467 0.00796719
2 0.00598472 0.00599657
2 0.00723064 0.00724218
1 0.00926716 0.00927837
1 0.00647806 0.00648918
2 0.00723517 0.00724623
2 0.00560231 0.00561302
1 0.00884206 0.00885128
2 0.00872912 0.00873806
2 0.00789825 0.00790712
2 0.0173092 0.0173172
1 0.0058881 0.0058961
2 0.00219862 0.00220629
1 0.0162406 0.0162478
1 0.0155703 0.0155774
1 0.0165984 0.0166053
2 0.0107967 0.0108035
2 0.00581267 0.00581893
2 0.0122542 0.0122603
1 0.00554199 0.00554812
2 0.011876 0.011881
1 0.00537846 0.00538337
1 0.00113285 0.00113718
1 0.00228684 0.00229093
2 0.00809992 0.00810382
1 0.0417535 0.0417574
1 0.0109194 0.010923
2 0.0192316 0.0192352
2 0.216602 0.216605
1 0.00725112 0.00725421
1 0.0157257 0.0157287
2 0.00743202 0.00743478
1 0.0121054 0.0121073
2 0.00797989 0.00798164
1 0.00409776 0.00409931
1 0.0106894 0.0106909
1 0.0659119 0.0659134
1 0.00259481 0.00259597
1 0.00544324 0.00544436
1 0.144833 0.144835
2 0.0250201 0.0250212
2 0.032655 0.0326558
1 0.00598149 0.00598202
1 0.0047235 0.00472374
2 0.017377 0.0173772
2 0.00636344 0.00636358
1 0.00206423 0.00206435
2 0.018537 0.0185371
1 0.00538002 0.00538005
2 0.0660243 0.0660244
2 0.00395197 0.00395198
1 0.123442 0.123442
1 0.00577757 0.00577758
1 0.00977438 0.00977438
1 0.0509992 0.0509992
1 0.00530598 0.00530598
