0 0 inf
1 0.121865 0.256976
0 0 0.0701807
0 0 0.0632323
1 0.264852 0.322327
1 0.0717139 0.1274
1 0.049709 0.103333
1 0.0483314 0.0975596
0 0 0.0485524
0 0 0.0469855
0 0 0.0466397
0 0 0.0466394
0 0 0.0450845
0 0 0.0422265
1 0.0762317 0.118284
1 0.0400516 0.0820221
0 0 0.0399211
0 0 0.0382848
0 0 0.0365837
0 0 0.0356015
0 0 0.0352827
0 0 0.0341612
1 0.052591 0.0860576
0 0 0.0327189
0 0 0.0322491
0 0 0.0311241
2 0.139311 0.168915
1 0.0501301 0.0784158
1 0.061037 0.0872026
0 0 0.025736
1 0.0777205 0.102902
0 0 0.0229316
1 0.0192634 0.0400319
0 0 0.0204673
0 0 0.018859
0 0 0.01742
1 0.0734691 0.0903028
0 0 0.0168329
0 0 0.0167253
0 0 0.0166487
0 0 0.0163692
0 0 0.0160829
0 0 0.0157871
0 0 0.0157015
1 0.0221044 0.0377997
0 0 0.0152035
1 0.0260059 0.0407378
2 0.121796 0.135943
0 0 0.0140764
1 0.0740613 0.0879868
0 0 0.0139072
0 0 0.0138515
0 0 0.0137146
2 0.323387 0.337049
1 0.104711 0.117995
0 0 0.0129943
2 0.105819 0.118545
0 0 0.0127178
0 0 0.0123269
0 0 0.0117496
0 0 0.0117056
1 0.0642377 0.0756388
1 0.101456 0.112781
0 0 0.0107557
0 0 0.0107124
1 0.124384 0.134916
0 0 0.010337
0 0 0.00995678
0 0 0.00987527
1 0.0187419 0.0281383
0 0 0.00935341
0 0 0.00933241
0 0 0.00921048
0 0 0.00915958
0 0 0.00891179
1 0.0740914 0.0825871
1 0.00614671 0.0142364
0 0 0.00803616
0 0 0.00797134
0 0 0.00795515
0 0 0.0078907
0 0 0.00775055
0 0 0.00761143
1 0.0108676 0.0179975
1 0.0179655 0.024897
0 0 0.00692863
0 0 0.00683613
0 0 0.00678579
2 0.088177 0.0948039
0 0 0.0066001
0 0 0.00653785
1 0.0191606 0.0255574
1 0.047748 0.0540539
1 0.062203 0.0684929
1 0.31313 0.319312
1 0.0400484 0.0461231
0 0 0.00603955
0 0 0.00594718
1 0.0647352 0.0706742
0 0 0.00592926
0 0 0.00585646
0 0 0.0057819
0 0 0.00576112
0 0 0.00574751
1 0.0607947 0.0664789
1 0.0269372 0.0325715
0 0 0.0056092
1 0.00580286 0.0113318
1 0.0552686 0.0607722
1 0.0214852 0.0269407
0 0 0.00529144
1 0.04833 0.0536094
1 0.00660436 0.0118473
1 0.00729116 0.0125253
0 0 0.00519895
0 0 0.00519054
1 0.0552392 0.0603624
0 0 0.00510354
1 0.063171 0.0682678
0 0 0.00508634
0 0 0.00508208
0 0 0.00501106
1 0.0713778 0.0763748
0 0 0.00498841
0 0 0.00494226
1 0.00427616 0.00921793
1 0.117094 0.122035
0 0 0.00491494
1 0.0548824 0.059728
1 0.0506194 0.0553822
0 0 0.00472963
1 0.00479501 0.009509
0 0 0.0046518
1 0.010043 0.0146874
1 0.0190055 0.0235545
0 0 0.00441499
0 0 0.0043368
0 0 0.00432767
1 0.0324868 0.0366875
0 0 0.00415341
1 0.0670454 0.0711468
0 0 0.00400601
0 0 0.0039409
0 0 0.00392263
0 0 0.00391684
0 0 0.00389154
1 0.00785271 0.0117042
0 0 0.0038041
0 0 0.00375887
0 0 0.00369595
0 0 0.00366143
0 0 0.00363762
0 0 0.00361917
0 0 0.00355582
2 0.0163243 0.0198556
0 0 0.0034856
2 0.13073 0.134173
0 0 0.00340374
0 0 0.00331843
1 0.0193613 0.0226686
0 0 0.00330293
0 0 0.00330199
0 0 0.00329753
0 0 0.00328282
2 0.041054 0.0443357
0 0 0.00315815
1 0.00695046 0.0100754
0 0 0.00312369
0 0 0.00310216
1 0.0113216 0.0144213
0 0 0.00307023
1 0.0462684 0.0493245
0 0 0.00304387
0 0 0.00301932
1 0.0213677 0.0243835
1 0.00679827 0.00977524
0 0 0.00293857
0 0 0.002867
0 0 0.00282585
0 0 0.00282467
0 0 0.00281448
0 0 0.00280966
0 0 0.00278867
0 0 0.00278088
1 0.031282 0.0340419
0 0 0.00275173
0 0 0.00275163
0 0 0.00273766
0 0 0.00271452
1 0.0117465 0.0144373
0 0 0.0026403
0 0 0.00263614
0 0 0.00261338
1 0.0117697 0.0143624
0 0 0.00258548
0 0 0.00253224
1 0.0639715 0.0665006
1 0.00649606 0.00900821
0 0 0.00250831
0 0 0.00248934
1 0.00890072 0.0113233
1 0.0119703 0.0143812
0 0 0.00240958
2 0.0149924 0.017378
0 0 0.00235793
0 0 0.00232597
0 0 0.00229716
0 0 0.00228584
1 0.0999881 0.102264
1 0.108719 0.110985
0 0 0.00225445
1 0.00657163 0.00881883
0 0 0.00224278
1 0.017229 0.0194652
1 0.0377778 0.0400072
1 0.0100912 0.0122999
1 0.00662149 0.00880892
0 0 0.00216328
1 0.0770307 0.079185
1 0.00749544 0.00964863
0 0 0.00212682
0 0 0.00212534
1 0.00651997 0.00859611
0 0 0.00205503
1 0.101805 0.103858
1 0.12379 0.125839
1 0.00639179 0.00840797
1 0.0189357 0.0209393
0 0 0.00197489
2 0.00987631 0.0118446
2 0.0940882 0.0960416
0 0 0.00192088
1 0.00772484 0.00959019
0 0 0.00186471
1 0.0110437 0.0129007
2 0.0144731 0.016313
1 0.00827859 0.0101075
0 0 0.00181695
2 0.0978149 0.0996317
0 0 0.00181103
0 0 0.00180471
1 0.00699771 0.00876095
0 0 0.00176156
1 0.0476062 0.0493619
0 0 0.00174221
0 0 0.00173578
1 0.0346094 0.03631
0 0 0.00170059
0 0 0.00169858
1 0.0491776 0.0508628
0 0 0.00166289
1 0.0396389 0.0412117
0 0 0.00155599
0 0 0.00154449
2 0.111448 0.112972
0 0 0.00150562
1 0.0537758 0.0552732
0 0 0.00149263
1 0.068885 0.0703589
0 0 0.00147189
1 0.00373729 0.00517769
1 0.00478934 0.00622353
0 0 0.00142564
2 0.0145294 0.0159404
2 0.158572 0.159978
0 0 0.00140325
0 0 0.00139624
1 0.00423963 0.00563442
1 0.00469725 0.00606659
0 0 0.00136721
0 0 0.0013535
1 0.0124921 0.0137799
0 0 0.00126223
0 0 0.00125552
0 0 0.00125502
0 0 0.00125312
0 0 0.00123622
0 0 0.00123282
1 0.0114362 0.0126512
0 0 0.00120198
1 0.00307 0.00427149
0 0 0.00118469
1 0.00846041 0.00962155
0 0 0.0011584
0 0 0.00115595
1 0.115325 0.116459
0 0 0.00113134
2 0.0917109 0.092841
1 0.00640057 0.00752985
1 0.0444637 0.0455891
1 0.0040672 0.00518545
0 0 0.00107384
1 0.0104724 0.0115459
1 0.00869783 0.00974621
0 0 0.00104436
1 0.0816575 0.0826988
1 0.00400266 0.0050408
1 0.00548269 0.00652059
0 0 0.00103126
1 0.00764208 0.00865783
1 0.00816581 0.00917787
0 0 0.00100362
2 0.0299338 0.0309297
1 0.00575174 0.00673435
0 0 0.000971329
1 0.0125822 0.0135524
0 0 0.000958766
1 0.0185788 0.0195245
1 0.00504001 0.0059805
1 0.00411716 0.00505073
1 0.0723255 0.0732547
1 0.0095112 0.0104291
1 0.0578176 0.0587288
2 0.0387206 0.0396216
2 0.0102048 0.0110781
2 0.0429729 0.0438458
1 0.00792293 0.00879175
1 0.0110529 0.0118912
1 0.00722391 0.00804979
0 0 0.000814119
0 0 0.000812818
0 0 0.00080766
1 0.0205849 0.0213883
0 0 0.000794715
0 0 0.000788708
1 0.095464 0.0962523
1 0.0780344 0.0788157
1 0.12308 0.123826
1 0.0123996 0.0131435
1 0.0128764 0.0136161
1 0.00829256 0.00902626
2 0.01514 0.0158695
0 0 0.000719289
2 0.0216764 0.0223903
1 0.00725263 0.00796395
1 0.00745305 0.00815013
2 0.0117695 0.0124616
1 0.0363522 0.0370371
2 0.0279151 0.028598
1 0.00529038 0.00597018
1 0.00675796 0.00743474
1 0.125561 0.12623
1 0.010526 0.01119
1 0.0173057 0.0179681
1 0.00727176 0.00793052
1 0.00646112 0.0071146
2 0.113167 0.113819
1 0.0329379 0.0335888
1 0.00558334 0.00623001
1 0.0104071 0.0110516
1 0.0140208 0.0146614
1 0.00703263 0.00766862
1 0.011595 0.0122303
1 0.00742612 0.00805511
0 0 0.000622631
2 0.0722558 0.0728776
1 0.0101631 0.0107815
0 0 0.000616853
1 0.0375716 0.0381856
1 0.0055317 0.006131
1 0.00515349 0.00572375
1 0.00874244 0.00930979
1 0.0268974 0.0274632
1 0.118668 0.119231
0 0 0.000559477
1 0.0169436 0.0174694
0 0 0.000518428
1 0.00291665 0.00343093
1 0.00864175 0.00915267
1 0.026918 0.0274251
1 0.00500332 0.00550456
1 0.0132844 0.0137789
1 0.117267 0.117761
1 0.00758912 0.00808252
0 0 0.000487145
2 0.0150541 0.0155264
1 0.0136357 0.0141064
2 0.0938843 0.0943512
1 0.00851351 0.00897677
1 0.00739043 0.00785
1 0.00226667 0.00271326
2 0.018332 0.0187745
0 0 0.000437468
1 0.00810009 0.00853376
1 0.0125064 0.0129301
2 0.010004 0.0104226
1 0.00635089 0.00676139
1 0.00284843 0.00325786
1 0.0667562 0.067164
2 0.03347 0.0338757
1 0.00835274 0.00875758
1 0.0226597 0.0230631
2 0.0919212 0.0923234
1 0.00356291 0.00395863
1 0.0156948 0.0160859
1 0.00669293 0.00707679
1 0.00614447 0.00652812
1 0.00494402 0.00531892
1 0.0399499 0.0403244
1 0.00749771 0.00785898
1 0.0351628 0.035519
2 0.0235631 0.0239154
2 0.0900039 0.0903561
1 0.0779659 0.078318
1 0.00850835 0.00885707
1 0.015604 0.015936
0 0 0.000331287
1 0.00796794 0.00828901
1 0.00493312 0.00523398
1 0.0451016 0.0454012
2 0.030605 0.0309039
1 0.0042565 0.00455152
1 0.00857978 0.00887214
1 0.00914978 0.00944021
1 0.00128216 0.00156619
1 0.0517733 0.052051
1 0.0105237 0.0107979
1 0.0239252 0.0241947
2 0.0615862 0.0618538
1 0.00611296 0.00637981
2 0.0135505 0.0138165
1 0.0344209 0.0346835
2 0.0412619 0.0415205
2 0.0224417 0.0226955
1 0.00449582 0.00474839
0 0 0.000251722
1 0.0122923 0.0125359
2 0.121468 0.12171
2 0.0149191 0.0151604
1 0.00511403 0.0053538
1 0.00851522 0.00874896
2 0.030281 0.0305134
1 0.0162163 0.0164473
1 0.0080918 0.00832048
1 0.00695251 0.00718023
1 0.00599969 0.00622696
0 0 0.000226287
1 0.00430451 0.00452833
2 0.0889414 0.0891648
1 0.00838935 0.0086124
2 0.0927311 0.0929513
1 0.0161171 0.016336
1 0.00581522 0.00603332
1 0.00873363 0.00894196
1 0.009517 0.00972346
1 0.00579712 0.0060029
1 0.00480117 0.0050065
1 0.00333665 0.00354157
0 0 0.000202164
1 0.00876123 0.00895991
1 0.0113138 0.0115099
2 0.0432926 0.043487
1 0.00855532 0.00874766
2 0.027846 0.0280357
2 0.011475 0.0116646
0 0 0.000188035
2 0.00956963 0.00975073
1 0.0327708 0.0329472
1 0.00511236 0.00528786
2 0.133117 0.133287
1 0.0109713 0.0111411
2 0.00627103 0.00643915
2 0.0140959 0.014264
1 0.00150673 0.00167399
2 0.0151577 0.015324
1 0.00140571 0.00156918
0 0 0.000162548
2 0.168107 0.168269
1 0.00732262 0.00748201
1 0.0125553 0.0127057
1 0.00511033 0.00525941
1 0.00104422 0.0011933
1 0.0117609 0.0119092
2 0.0118592 0.0120061
2 0.0249126 0.0250591
1 0.0608389 0.0609822
1 0.0295936 0.0297358
0 0 0.000140629
2 0.0124063 0.0125468
2 0.0208347 0.0209749
2 0.0372911 0.0374308
1 0.0306187 0.030756
1 0.00822935 0.0083651
0 0 0.000134502
1 0.0156853 0.0158197
2 0.0165273 0.0166617
1 0.0217897 0.0219231
1 0.00807238 0.00819979
1 0.0189158 0.0190427
1 0.00581925 0.00594264
0 0 0.000122342
1 0.00289564 0.00301713
1 0.0132969 0.0134183
1 0.0229902 0.0231111
2 0.0137874 0.0139081
1 0.00733161 0.00744976
1 0.00281817 0.0029343
2 0.00513015 0.00524375
2 0.013784 0.0138963
1 0.0111137 0.0112251
1 0.00936901 0.00947915
1 0.00230607 0.00241099
2 0.00736186 0.00746667
2 0.00954082 0.00964528
2 0.0253783 0.0254813
1 0.01234 0.0124424
1 0.00578326 0.00588532
1 0.00878255 0.00888071
1 0.00414768 0.00424333
2 0.0462026 0.0462978
2 0.0254405 0.0255356
1 0.0055237 0.00561391
1 0.00768118 0.00776917
1 0.0526325 0.0527202
2 0.0117418 0.0118275
1 0.0107739 0.0108574
2 0.0227255 0.022809
2 0.125984 0.126061
2 0.0153301 0.0154056
1 0.00365229 0.0037263
1 0.0230776 0.0231508
1 0.00645767 0.00652957
1 0.00469189 0.00476261
1 0.00485804 0.00492775
1 0.00410514 0.00417362
1 0.0177837 0.0178499
1 0.0121653 0.0122306
1 0.0151676 0.0152304
1 0.0117337 0.0117964
2 0.0885811 0.0886438
2 0.127423 0.127485
1 0.00985789 0.00991926
2 0.0554723 0.0555332
2 0.0210926 0.0211502
2 0.00602142 0.00607865
2 0.0109688 0.0110255
1 0.0148343 0.014889
2 0.0386394 0.0386938
2 0.0180176 0.0180713
2 0.0149164 0.014969
1 0.0853787 0.0854303
1 0.00776584 0.0078167
1 0.0166865 0.0167372
1 0.00601633 0.00606635
2 0.00918096 0.00922803
2 0.00699856 0.00704422
1 0.022143 0.022188
1 0.00366392 0.00370742
1 0.00290491 0.0029482
1 0.0123579 0.0124005
2 0.00872072 0.00876209
2 0.00903682 0.00907771
2 0.0048488 0.00488865
1 0.0058266 0.0058664
1 0.00234923 0.00238759
1 0.0121709 0.0122091
2 0.0127164 0.0127543
1 0.00496307 0.00500087
1 0.0186289 0.0186662
1 0.0103572 0.0103934
1 0.00792189 0.00795784
1 0.00578592 0.0058217
1 0.00469879 0.00473405
2 0.0281358 0.0281707
1 0.00417172 0.00420417
2 0.106082 0.106115
1 0.00311049 0.00314201
2 0.0108657 0.0108971
2 0.329334 0.329365
2 0.0111253 0.011156
2 0.126741 0.126769
1 0.0110448 0.0110731
1 0.0144108 0.0144391
2 0.00979564 0.00982368
1 0.0235335 0.0235608
1 0.00858874 0.00861512
1 0.0145962 0.0146204
2 0.0153671 0.0153909
1 0.00360467 0.00362716
1 0.00342302 0.00344547
1 0.0639973 0.0640192
1 0.0628069 0.0628261
2 0.0149863 0.0150051
2 0.0326698 0.0326886
1 0.0887627 0.0887813
2 0.0115564 0.011575
1 0.00919504 0.00921363
2 0.0208231 0.0208414
2 0.107545 0.107563
1 0.00493357 0.00495141
2 0.0242137 0.0242314
1 0.0105434 0.0105607
2 0.010215 0.0102322
2 0.0153644 0.0153815
1 0.00894249 0.008959
1 0.0100266 0.0100424
1 0.0488169 0.0488313
1 0.024339 0.0243531
2 0.0275362 0.0275495
2 0.0158886 0.0159012
1 0.00971834 0.00973017
2 0.00815549 0.0081671
1 0.0146829 0.0146945
2 0.040335 0.0403464
1 0.00175999 0.001771
2 0.0772035 0.0772145
2 0.017303 0.0173134
2 0.0692151 0.0692246
1 0.0114252 0.0114347
1 0.0403391 0.0403485
1 0.0186359 0.0186448
2 0.00679427 0.00680284
2 0.0209034 0.0209117
2 0.00954987 0.00955726
2 0.0115012 0.0115084
1 0.0191173 0.0191243
1 0.0104898 0.0104961
1 0.00558956 0.00559581
1 0.00351703 0.00352322
1 0.0336949 0.0337008
1 0.0269165 0.0269223
2 0.263006 0.263012
1 0.00978441 0.00978969
1 0.0134826 0.0134874
1 0.0585742 0.0585786
1 0.0161635 0.0161678
2 0.00650075 0.00650446
2 0.0233628 0.0233665
2 0.00560836 0.005612
1 0.0206055 0.020609
2 0.0108866 0.0108898
1 0.0207409 0.0207441
2 0.0929438 0.0929468
1 0.00739008 0.007393
2 0.0174368 0.0174393
1 0.0039273 0.00392976
1 0.015041 0.0150432
2 0.0138091 0.0138112
1 0.00380659 0.00380842
1 0.0193448 0.0193465
1 0.0173152 0.0173167
2 0.0232423 0.0232438
2 0.0289963 0.0289976
2 0.0066343 0.0066356
1 0.00370314 0.0037042
1 0.0169894 0.0169903
1 0.0121615 0.0121623
2 0.0253548 0.0253554
2 0.0151899 0.0151904
1 0.00102601 0.00102625
2 0.0277416 0.0277418
2 0.0219259 0.0219261
2 0.0104413 0.0104414
2 0.0174791 0.0174792
2 0.0155092 0.0155093
1 0.012615 0.0126151
1 0.0121341 0.0121342
2 0.0141491 0.0141491
1 0.0268856 0.0268856
