0 0 inf
1 0.175578 0.310644
1 0.206897 0.302567
0 0 0.0940085
0 0 0.0664758
0 0 0.0538666
0 0 0.0524432
0 0 0.049532
1 0.0282927 0.0722425
1 0.0487648 0.0925863
1 0.0786757 0.122227
0 0 0.0424404
0 0 0.042198
0 0 0.0380877
1 0.0328154 0.0698757
0 0 0.0354489
0 0 0.0330075
0 0 0.0328774
0 0 0.0320326
0 0 0.0319376
0 0 0.0312184
0 0 0.0291079
1 0.0726903 0.100098
0 0 0.0265877
0 0 0.0263614
0 0 0.026104
0 0 0.0246485
0 0 0.0245165
0 0 0.0235349
0 0 0.0234764
0 0 0.023453
1 0.0294293 0.0521998
0 0 0.0219726
1 0.027541 0.0485228
0 0 0.0202793
0 0 0.0189068
0 0 0.0187323
1 0.0466455 0.0647319
1 0.04402 0.0619998
1 0.0416602 0.0580869
0 0 0.0160451
0 0 0.0155744
1 0.0422501 0.0571604
1 0.0731242 0.0875469
0 0 0.0143298
0 0 0.0142059
0 0 0.0140838
1 0.0413878 0.0553219
0 0 0.0136658
0 0 0.0129361
0 0 0.0119419
0 0 0.0118946
0 0 0.0118794
1 0.0632565 0.0748467
0 0 0.011469
0 0 0.0114166
1 0.0261265 0.0374258
1 0.0973417 0.108542
0 0 0.0106494
0 0 0.0103066
0 0 0.0102407
1 0.04976 0.0596875
1 0.00690706 0.0166073
0 0 0.009664
0 0 0.00955279
0 0 0.00950178
0 0 0.00941903
0 0 0.00932897
1 0.108503 0.117719
0 0 0.00919629
1 0.053214 0.0623852
0 0 0.00896388
0 0 0.00866933
0 0 0.00863724
0 0 0.00860295
1 0.0576195 0.0661413
1 0.0378901 0.0462381
2 0.118292 0.126622
2 0.123885 0.132162
0 0 0.00826718
0 0 0.00811709
1 0.0586994 0.066756
1 0.00871342 0.0166465
0 0 0.00782093
0 0 0.00778425
0 0 0.00777514
1 0.0856145 0.0933789
0 0 0.00773485
1 0.0622263 0.0699361
0 0 0.00764725
1 0.0359035 0.0433965
0 0 0.00738553
0 0 0.00730469
0 0 0.00728502
0 0 0.00709605
1 0.0136599 0.0207525
2 0.320694 0.32774
0 0 0.00703371
1 0.046786 0.0538144
0 0 0.00689198
1 0.0038698 0.0107592
0 0 0.0066972
0 0 0.00664852
0 0 0.00658631
1 0.0114134 0.0179931
0 0 0.00652187
1 0.00616629 0.0125944
0 0 0.00622708
2 0.0554756 0.0616563
0 0 0.00570563
0 0 0.00560525
0 0 0.00558547
0 0 0.00552809
1 0.0542838 0.0598052
0 0 0.00532383
1 0.0890118 0.0942105
0 0 0.00509403
2 0.109868 0.114944
1 0.00637647 0.0113914
1 0.0869091 0.0918482
1 0.0398491 0.0445942
0 0 0.00474276
2 0.15898 0.163708
1 0.0741705 0.0787588
0 0 0.0045482
0 0 0.0043708
0 0 0.00435658
0 0 0.00427864
0 0 0.00421207
0 0 0.00409118
2 0.0700426 0.0740572
0 0 0.00399133
1 0.00920595 0.0131939
0 0 0.00397315
1 0.00756817 0.0115091
1 0.0542615 0.0580644
0 0 0.00379448
0 0 0.00378963
0 0 0.00374804
0 0 0.00371235
0 0 0.00363233
0 0 0.00362936
0 0 0.00361228
0 0 0.0035932
0 0 0.00356236
0 0 0.00352616
0 0 0.0034897
1 0.00791424 0.0113854
1 0.0128586 0.016327
1 0.0454287 0.0488892
0 0 0.00334092
0 0 0.00330504
0 0 0.00325743
1 0.0703181 0.0735543
1 0.044325 0.0475401
1 0.00535374 0.00855714
0 0 0.003196
2 0.0141447 0.0173036
1 0.109564 0.112678
0 0 0.00309008
0 0 0.00308405
0 0 0.00308201
1 0.0112372 0.0143034
1 0.103896 0.106956
0 0 0.00305529
1 0.0121553 0.0151718
0 0 0.00295424
1 0.0641009 0.0669989
0 0 0.00289133
0 0 0.00287963
0 0 0.00287248
1 0.0112722 0.0140351
0 0 0.00274769
1 0.0471816 0.0499243
0 0 0.00271421
1 0.00480174 0.00748102
1 0.0589584 0.061637
0 0 0.00261668
0 0 0.00259119
1 0.00666421 0.00923233
1 0.0122762 0.0148325
0 0 0.00254334
1 0.0220811 0.0246215
1 0.00763333 0.0101367
0 0 0.00248341
2 0.0676454 0.0701237
2 0.316028 0.318505
0 0 0.00244104
0 0 0.00241378
1 0.124459 0.12685
0 0 0.00238841
0 0 0.00237865
0 0 0.00233439
0 0 0.00230394
1 0.0257698 0.0280478
1 0.0616633 0.0638991
0 0 0.00220397
1 0.0426356 0.0448043
1 0.0595328 0.0616626
0 0 0.00212385
0 0 0.00211607
0 0 0.00206982
0 0 0.00203383
0 0 0.00201013
1 0.0223651 0.0243702
1 0.279142 0.281139
0 0 0.00198757
0 0 0.00197079
0 0 0.00196221
1 0.0501722 0.0521287
0 0 0.00195471
0 0 0.00194849
0 0 0.00193268
0 0 0.0019054
0 0 0.0018945
1 0.0106576 0.0125314
0 0 0.00184677
1 0.00822457 0.0100472
0 0 0.00180535
0 0 0.00180421
1 0.052595 0.0543927
1 0.00230253 0.00407927
0 0 0.00177379
0 0 0.00174351
0 0 0.0017333
0 0 0.00172956
0 0 0.00172924
1 0.0034317 0.00513191
0 0 0.0016991
0 0 0.00169319
1 0.069421 0.0710994
0 0 0.00166643
0 0 0.00166324
1 0.0100079 0.011658
2 0.0284396 0.0300753
1 0.269327 0.270955
0 0 0.00162054
1 0.00453171 0.00614428
1 0.0401532 0.0417653
0 0 0.00158989
2 0.0518433 0.0534053
1 0.0174354 0.0189842
1 0.099216 0.100764
1 0.0342326 0.0357775
0 0 0.00152685
0 0 0.00152597
1 0.00449111 0.0060108
1 0.00290613 0.00441136
2 0.0234532 0.0249553
1 0.0041804 0.0056821
0 0 0.00150007
0 0 0.0014582
0 0 0.0014411
0 0 0.0014323
2 0.0948026 0.096213
1 0.00252202 0.00392714
0 0 0.00139796
1 0.00403107 0.00542461
1 0.0028164 0.00419371
2 0.0953666 0.0967351
1 0.0108111 0.0121672
0 0 0.00134084
1 0.017098 0.0184306
0 0 0.00132235
1 0.0103578 0.0116625
1 0.0137829 0.0150855
2 0.11085 0.112149
1 0.155181 0.156459
0 0 0.00127531
1 0.0572133 0.0584654
0 0 0.00125038
2 0.0609287 0.0621753
0 0 0.00124451
1 0.017338 0.0185815
0 0 0.0012231
1 0.00665648 0.00786389
0 0 0.00120332
0 0 0.0011875
0 0 0.00117189
0 0 0.00116568
1 0.117187 0.118352
1 0.00771127 0.00887588
0 0 0.0011625
1 0.0393754 0.0405351
1 0.0129914 0.014149
1 0.0327199 0.0338632
0 0 0.00113503
1 0.0136796 0.0148017
1 0.0678041 0.068926
1 0.006397 0.00751156
1 0.00578993 0.00689228
1 0.0166225 0.0177074
0 0 0.00108203
0 0 0.0010819
1 0.0462569 0.0473326
0 0 0.00104764
0 0 0.00104054
0 0 0.00103418
0 0 0.00103294
1 0.00304378 0.00407614
1 0.00406443 0.00509655
0 0 0.0010123
0 0 0.00100743
2 0.0237648 0.0247617
1 0.00517219 0.0061647
1 0.00220053 0.00318013
0 0 0.000977187
0 0 0.000967364
1 0.00545856 0.0064226
0 0 0.000920402
1 0.0149015 0.0158207
1 0.0932902 0.094197
0 0 0.000895898
1 0.00314865 0.00403951
0 0 0.000887608
1 0.00416073 0.00504436
0 0 0.000872987
0 0 0.000863995
0 0 0.000861294
1 0.0700947 0.0709526
1 0.00430036 0.00515337
1 0.0589407 0.0597831
0 0 0.000816306
1 0.0321913 0.0330028
0 0 0.000805467
1 0.0250549 0.0258532
1 0.00425087 0.00504743
0 0 0.000786874
2 0.0163295 0.0171163
1 0.0289545 0.0297378
0 0 0.000769578
0 0 0.000768609
2 0.00424761 0.00501563
1 0.00521829 0.00597604
1 0.00880366 0.00956029
1 0.0678824 0.0686383
1 0.00449063 0.00523999
1 0.0030873 0.00383373
2 0.0293874 0.0301227
1 0.00429851 0.00502505
1 0.0132359 0.0139622
0 0 0.000720939
1 0.052967 0.0536457
1 0.00700419 0.00767794
1 0.0204835 0.0211539
2 0.00895962 0.00962196
1 0.00466894 0.00531939
1 0.00538916 0.00603689
1 0.00935509 0.00999845
1 0.00397575 0.00460821
2 0.392858 0.393488
1 0.00626515 0.00688935
1 0.0100209 0.0106327
1 0.00379084 0.00439913
1 0.0663894 0.0669868
0 0 0.000594629
0 0 0.00059253
0 0 0.000590549
2 0.124893 0.125483
1 0.00738441 0.00796127
0 0 0.000569295
1 0.00171199 0.00227638
1 0.0207879 0.0213496
1 0.00200564 0.00256445
2 0.0702306 0.0707882
1 0.00874372 0.00929111
0 0 0.000544371
1 0.00154746 0.00209177
1 0.107102 0.107642
1 0.0500456 0.0505836
1 0.0032772 0.00379998
0 0 0.000500209
1 0.0527394 0.053238
1 0.00407739 0.00457539
2 0.0194152 0.0199121
1 0.061271 0.0617653
2 0.0678432 0.0683307
1 0.0109219 0.0113994
1 0.218207 0.218682
2 0.0627954 0.0632703
1 0.0638757 0.0643482
1 0.0516867 0.0521485
1 0.00594821 0.00640954
1 0.00204944 0.00248961
1 0.0278777 0.0283115
1 0.00524041 0.00567165
1 0.0078354 0.00826539
2 0.0611866 0.0616162
1 0.117647 0.118071
1 0.00554751 0.00597225
1 0.0462374 0.0466617
2 0.00700022 0.00741021
1 0.00562069 0.00602759
1 0.0134343 0.0138405
1 0.0159146 0.0163119
2 0.0629345 0.0633175
1 0.0617435 0.0621218
1 0.00307153 0.0034488
1 0.00414294 0.00451909
1 0.15439 0.154765
2 0.0725589 0.0729298
1 0.00400139 0.00437114
1 0.0173427 0.0177067
0 0 0.000362718
2 0.0165504 0.0169114
0 0 0.000355275
1 0.00278412 0.0031315
1 0.00576046 0.0061069
2 0.0135759 0.0139114
1 0.0149523 0.0152877
1 0.0117948 0.0121209
1 0.00347658 0.00379814
1 0.00540156 0.00571865
1 0.00353451 0.00385111
1 0.0344775 0.0347854
1 0.0111688 0.0114732
1 0.0074005 0.00770413
1 0.00547493 0.00577796
2 0.0110255 0.011323
2 0.0670618 0.0673575
2 0.128661 0.128946
2 0.0376994 0.0379749
2 0.0746781 0.0749492
2 0.0104462 0.010717
1 0.00153542 0.00180347
1 0.00345419 0.00372056
1 0.00729444 0.00755885
1 0.00434907 0.00461152
1 0.185941 0.1862
1 0.00985664 0.0101137
0 0 0.000249311
2 0.00514474 0.00539137
1 0.00641167 0.00665741
1 0.00344774 0.00369286
1 0.0138403 0.0140834
1 0.00643579 0.00667708
1 0.0287639 0.029005
1 0.0129195 0.0131561
1 0.00249486 0.0027288
1 0.00897746 0.0092109
2 0.0131079 0.0133406
1 0.117953 0.118176
1 0.00163103 0.00185321
1 0.0100787 0.0103006
1 0.00362918 0.00385077
1 0.00841282 0.00863423
1 0.00392402 0.00414295
1 0.0140402 0.0142589
1 0.0141903 0.0143969
1 0.00444199 0.00464835
1 0.00597607 0.00618027
1 0.0149326 0.0151345
1 0.0163219 0.0165225
1 0.013481 0.0136809
0 0 0.000197193
1 0.00975783 0.00995353
1 0.00965404 0.00984041
1 0.0456904 0.0458764
2 0.0713764 0.0715615
1 0.00357833 0.00376313
1 0.001902 0.00208626
1 0.0098676 0.0100497
1 0.0605107 0.0606909
2 0.00800193 0.00818087
1 0.065893 0.066071
1 0.00377532 0.00394899
1 0.0048432 0.00501539
2 0.00436985 0.00454095
1 0.0228682 0.0230382
1 0.00961718 0.00978491
1 0.00471226 0.0048766
2 0.0168189 0.0169831
1 0.0215266 0.0216884
2 0.00428596 0.00444567
1 0.0709706 0.0711301
2 0.00452458 0.00468387
1 0.00656002 0.0067162
1 0.00128084 0.00143693
1 0.00205981 0.00221443
2 0.0145094 0.0146639
1 0.0103802 0.0105321
1 0.00302927 0.00317728
1 0.144075 0.144222
1 0.00331568 0.00346176
2 0.00719516 0.00734104
2 0.0139303 0.0140699
1 0.00544629 0.00558565
2 0.00436432 0.00450285
1 0.117386 0.117522
1 0.116037 0.116172
2 0.0296085 0.0297395
1 0.00793796 0.00806666
2 0.015352 0.0154789
2 0.0245217 0.0246477
2 0.0374461 0.0375719
1 0.0112925 0.0114141
2 0.10704 0.10716
1 0.00807417 0.00819243
2 0.00996623 0.0100824
1 0.0103939 0.0105093
1 0.00383596 0.00394764
2 0.00420421 0.00431319
1 0.00731285 0.00741758
2 0.00227864 0.00238269
2 0.0186878 0.0187918
1 0.00316634 0.00326944
1 0.0268529 0.0269534
1 0.0154776 0.0155766
1 0.0670628 0.0671586
2 0.186202 0.186294
2 0.0153133 0.0154047
1 0.00393379 0.0040245
1 0.00263195 0.00272185
1 0.00133468 0.00142444
1 0.0039736 0.00406308
1 0.00818337 0.0082716
2 0.00389131 0.003979
2 0.0508925 0.0509796
1 0.00842928 0.00851638
1 0.02489 0.0249755
2 0.00627258 0.0063579
1 0.00942644 0.00951056
1 0.00476081 0.00484452
1 0.0514598 0.0515433
1 0.00331398 0.00339652
1 0.0797519 0.0798337
1 0.00223088 0.00230921
1 0.0058165 0.00589301
1 0.00263637 0.00271161
1 0.0447258 0.0448008
1 0.00477144 0.00484388
2 0.116388 0.116459
1 0.00695442 0.00702527
1 0.00328648 0.00335683
1 0.00216081 0.00223038
2 0.0569722 0.0570406
2 0.00700041 0.00706801
1 0.0453542 0.045419
2 0.00492603 0.00498915
1 0.0181255 0.0181881
1 0.00256608 0.00262751
1 0.0223669 0.0224274
2 0.00955428 0.00961308
2 0.00796277 0.00802122
1 0.0140447 0.0141023
1 0.0204562 0.0205135
1 0.0181312 0.0181872
1 0.0037829 0.00383762
1 0.00431917 0.00437307
2 0.00842041 0.00847335
1 0.0485941 0.0486447
1 0.0640921 0.0641425
2 0.00722357 0.00727393
1 0.0531259 0.0531761
1 0.0105034 0.0105522
1 0.00527145 0.00531955
1 0.0431997 0.0432473
1 0.00303564 0.00308261
2 0.0622452 0.0622918
2 0.0105953 0.0106409
2 0.0111871 0.0112326
1 0.00432203 0.00436733
1 0.00859679 0.00864011
1 0.115838 0.11588
2 0.00771461 0.00775685
1 0.0656659 0.0657078
1 0.00170419 0.00174492
1 0.00950034 0.00954016
2 0.0670717 0.0671082
2 0.00478976 0.00482474
2 0.00676681 0.00680106
2 0.00782593 0.0078597
1 0.0743936 0.0744265
2 0.0119792 0.0120118
1 0.0583652 0.0583965
1 0.00562024 0.00565113
1 0.0155439 0.0155736
1 0.0447222 0.0447515
2 0.00864929 0.00867761
1 0.00602705 0.00605502
2 0.00420198 0.00422974
2 0.0151168 0.0151442
1 0.18898 0.189007
1 0.00254985 0.00257632
2 0.059588 0.059614
2 0.0124955 0.0125201
1 0.0050431 0.00506696
2 0.0091803 0.00920347
1 0.008955 0.00897727
1 0.010589 0.0106113
1 0.0349894 0.0350107
1 0.00754805 0.00756682
2 0.0219127 0.0219306
1 0.00906675 0.00908441
1 0.00667049 0.00668814
2 0.117517 0.117534
1 0.00370922 0.00372588
2 0.0188856 0.0189022
1 0.00895729 0.00897356
1 0.0057265 0.00574272
1 0.363695 0.363711
2 0.00258073 0.00259605
2 0.00470164 0.00471694
2 0.00450376 0.00451762
1 0.00186952 0.00188257
1 0.00396729 0.00398029
2 0.00505837 0.00507081
1 0.0152914 0.0153038
2 0.0131563 0.013168
2 0.00908864 0.00909979
2 0.0629938 0.0630041
1 0.00688994 0.00689981
1 0.0057719 0.00578143
1 0.00606274 0.00607223
2 0.00942738 0.00943665
2 0.0753237 0.0753327
1 0.00188291 0.00189191
1 0.00980665 0.00981545
1 0.00211444 0.00212191
1 0.0193007 0.0193081
1 0.00610295 0.00611022
2 0.0151618 0.015169
1 0.00973799 0.00974384
2 0.0135005 0.0135047
1 0.00900031 0.00900447
1 0.00418772 0.00419183
1 0.15856 0.158564
1 0.0331025 0.033106
2 0.0105588 0.0105618
2 0.0661039 0.0661067
1 0.00249223 0.0024949
2 0.010123 0.010125
2 0.00579148 0.00579329
1 0.00366726 0.00366893
2 0.00537781 0.00537908
2 0.0247056 0.0247064
2 0.0211405 0.0211413
2 0.0587651 0.0587658
2 0.0143852 0.0143858
2 0.00815397 0.00815426
1 0.0162681 0.0162684
1 0.0112202 0.0112204
1 0.00845925 0.00845951
2 0.0698343 0.0698345
1 0.00807706 0.00807721
1 0.302098 0.302098
1 0.00145138 0.00145148
1 0.00231734 0.00231743
1 0.00273752 0.00273759
1 0.0171237 0.0171238
2 0.0109907 0.0109908
1 0.00387986 0.00387991
1 0.00216606 0.00216606
