0 0 inf
1 0.129299 0.249116
0 0 0.0833017
0 0 0.080698
0 0 0.0792354
1 0.164052 0.238328
1 0.025755 0.0891749
0 0 0.0522327
0 0 0.0444797
0 0 0.0399846
0 0 0.0344436
0 0 0.0319808
1 0.18875 0.219851
1 0.0592912 0.0897916
0 0 0.0294725
2 0.250141 0.279561
0 0 0.0269456
1 0.0644321 0.0880164
0 0 0.0197249
0 0 0.0189457
0 0 0.0186635
0 0 0.0184401
1 0.201981 0.220218
0 0 0.0181532
0 0 0.0180866
0 0 0.0180079
0 0 0.0179563
0 0 0.0179166
0 0 0.0177358
1 0.0740335 0.0910842
0 0 0.0168764
0 0 0.0163175
0 0 0.0162579
0 0 0.015796
0 0 0.0150477
0 0 0.0145278
0 0 0.0141698
0 0 0.014005
0 0 0.0136771
0 0 0.0136212
0 0 0.0135704
0 0 0.0129455
0 0 0.012942
0 0 0.0128773
1 0.0331455 0.0459505
1 0.113828 0.126516
1 0.0313531 0.0439622
1 0.0263622 0.0385799
0 0 0.0113039
1 0.0106448 0.0219343
0 0 0.0109124
0 0 0.0105998
1 0.0303332 0.0409043
0 0 0.0104888
0 0 0.0103121
0 0 0.0102179
1 0.114843 0.124761
0 0 0.00948915
0 0 0.00888421
0 0 0.0088788
0 0 0.00879303
0 0 0.00873308
0 0 0.00850062
0 0 0.00847001
1 0.0444909 0.0529099
0 0 0.00840397
0 0 0.00825659
0 0 0.00821819
1 0.068579 0.0764878
0 0 0.00787008
0 0 0.00784666
0 0 0.00774742
0 0 0.007593
1 0.0197574 0.0272873
0 0 0.00720329
1 0.0426595 0.0498493
0 0 0.00691404
2 0.12903 0.135743
0 0 0.00658394
0 0 0.00658151
1 0.00541297 0.0119943
0 0 0.00657791
0 0 0.0065209
0 0 0.00637748
0 0 0.00622807
0 0 0.00619194
0 0 0.00616238
0 0 0.00576326
1 0.00797332 0.0136999
0 0 0.00560846
0 0 0.00556277
1 0.0358556 0.0413973
0 0 0.00553772
1 0.00548491 0.0108747
0 0 0.00535785
0 0 0.00527565
1 0.00688233 0.0121451
0 0 0.00523455
1 0.00544596 0.0105654
0 0 0.00503503
1 0.0198645 0.0248237
0 0 0.00481227
0 0 0.004788
0 0 0.0047871
0 0 0.00478496
1 0.016923 0.0214738
1 0.00698642 0.0113486
0 0 0.00435039
0 0 0.00433964
1 0.0361971 0.0405027
0 0 0.00425092
0 0 0.00421371
0 0 0.00414329
1 0.0277455 0.0318662
0 0 0.00408895
0 0 0.00407914
2 0.0934119 0.0974717
1 0.0137534 0.0178042
1 0.111308 0.115294
0 0 0.0039619
1 0.0157752 0.0196559
0 0 0.00381278
1 0.0325438 0.0363482
0 0 0.00378083
1 0.0165986 0.0203552
0 0 0.00373879
1 0.107457 0.111144
0 0 0.00365597
0 0 0.00356465
2 0.0929495 0.0964129
0 0 0.00342518
0 0 0.00342398
0 0 0.00341892
1 0.235567 0.238982
0 0 0.00333185
0 0 0.00333068
1 0.0291875 0.0325146
0 0 0.00328893
0 0 0.00328005
0 0 0.00326111
1 0.0316132 0.0348549
1 0.0413854 0.0446173
0 0 0.00319644
1 0.00617808 0.00935366
1 0.0216093 0.0247494
0 0 0.00311494
1 0.0133861 0.0164999
0 0 0.00300432
0 0 0.00298881
1 0.00736938 0.0103511
1 0.0343399 0.037263
1 0.0636265 0.0665173
1 0.0210892 0.0239422
0 0 0.00282623
0 0 0.00281593
0 0 0.00273044
0 0 0.00272823
1 0.00563015 0.00834996
1 0.00555755 0.00826123
0 0 0.00269835
1 0.00539985 0.00809256
0 0 0.00264939
0 0 0.00263452
1 0.0375386 0.0401613
1 0.013506 0.0161069
0 0 0.00259397
0 0 0.0025876
0 0 0.00258366
0 0 0.0025715
0 0 0.00255813
0 0 0.0025516
0 0 0.00251683
1 0.0103622 0.0128776
0 0 0.00244419
0 0 0.00237815
1 0.00677816 0.00912934
1 0.0171482 0.0194965
2 0.110684 0.113013
0 0 0.00227597
0 0 0.00226686
0 0 0.00226328
1 0.0425252 0.0447782
0 0 0.00223833
1 0.00604147 0.00826829
1 0.0436252 0.0458421
0 0 0.00218946
1 0.0254927 0.0276799
0 0 0.00217706
1 0.00997914 0.01215
0 0 0.00216504
0 0 0.0021559
0 0 0.00209153
0 0 0.00208897
1 0.0127786 0.0148558
0 0 0.0019998
0 0 0.00197529
1 0.0556231 0.0575961
0 0 0.00196478
1 0.0345722 0.0365171
0 0 0.00193814
0 0 0.00188438
0 0 0.00187959
1 0.00574584 0.00762347
0 0 0.00185538
1 0.0130182 0.0148645
0 0 0.00184238
1 0.028915 0.030739
0 0 0.00177871
1 0.0171379 0.0189098
0 0 0.00176706
0 0 0.00175339
1 0.0187688 0.0205132
1 0.00951217 0.011239
0 0 0.00172152
1 0.00957378 0.0112895
1 0.0242986 0.0260142
1 0.00262102 0.00433405
0 0 0.00171127
0 0 0.00169759
1 0.0202531 0.0219497
1 0.0128817 0.0145675
0 0 0.00168384
1 0.00192389 0.00356544
1 0.00348748 0.0051202
0 0 0.00161429
1 0.00949461 0.0111053
0 0 0.00160481
0 0 0.00159655
2 0.0133268 0.0149203
1 0.0161172 0.0176847
2 0.0132759 0.0148423
1 0.00827022 0.00979291
2 0.0568683 0.0583814
0 0 0.00150925
0 0 0.00149788
2 0.00865593 0.0101278
0 0 0.00146781
0 0 0.0014664
0 0 0.00145948
0 0 0.00145827
2 0.0206367 0.0220683
1 0.0071351 0.00854003
1 0.0108838 0.012249
1 0.00701441 0.00837017
0 0 0.00135352
0 0 0.00134948
1 0.00451435 0.00585799
0 0 0.00134188
0 0 0.00131232
1 0.00518203 0.00648206
0 0 0.00129512
0 0 0.00125793
1 0.00651059 0.00775924
2 0.0894037 0.0906346
1 0.0909806 0.0921883
1 0.00790647 0.00911396
0 0 0.00118727
1 0.0107951 0.0119808
1 0.00906301 0.010247
1 0.00720685 0.00838261
1 0.00695682 0.0081312
1 0.0120696 0.013236
0 0 0.00115708
0 0 0.00109707
0 0 0.00108963
1 0.00771608 0.00880076
0 0 0.00107672
1 0.0554863 0.0565464
1 0.00608784 0.00714079
1 0.0393004 0.0403456
1 0.00883755 0.00987004
1 0.0276616 0.0286737
1 0.00462243 0.00563068
1 0.0306649 0.0316527
1 0.0448844 0.0458583
1 0.0216244 0.0225982
1 0.00671438 0.00766342
1 0.00689846 0.00782119
1 0.00759054 0.00851098
0 0 0.000918376
0 0 0.000916967
0 0 0.000904883
1 0.0329175 0.033814
0 0 0.000894765
1 0.00735259 0.00824664
1 0.0122119 0.0131017
1 0.0151312 0.0160182
0 0 0.000861067
0 0 0.000851784
0 0 0.000842297
2 0.0373589 0.0381814
0 0 0.000809617
0 0 0.000801998
1 0.00337881 0.00417756
0 0 0.000792827
1 0.00518697 0.0059785
1 0.0200775 0.0208542
1 0.00861002 0.00938636
1 0.00375952 0.00453559
2 0.0131505 0.0139253
1 0.0124218 0.013194
1 0.0170017 0.0177723
0 0 0.000768587
1 0.0118009 0.0125491
1 0.00955405 0.0103001
0 0 0.000734561
0 0 0.000734484
0 0 0.000731835
2 0.0408552 0.0415841
1 0.00739069 0.00811253
1 0.0109703 0.0116766
1 0.0353069 0.0360069
0 0 0.000698122
1 0.00927944 0.00997488
0 0 0.000695366
1 0.00698474 0.00766907
1 0.00646892 0.00713778
2 0.0324539 0.0331076
1 0.00568636 0.00633675
0 0 0.000635388
1 0.00846495 0.00909472
1 0.00305697 0.0036796
1 0.00290529 0.00352518
2 0.0129232 0.0135411
2 0.0154284 0.0160461
1 0.00347501 0.00409221
2 0.0316618 0.0322674
1 0.0108831 0.011487
1 0.00299859 0.0036015
1 0.00575503 0.0063424
1 0.036007 0.036588
0 0 0.000576685
1 0.00654365 0.00711859
1 0.00777177 0.00834559
1 0.002228 0.00279365
1 0.00446071 0.00502207
1 0.00386583 0.00442631
1 0.0440411 0.0445837
1 0.00963566 0.0101697
1 0.0122451 0.0127748
2 0.255178 0.2557
1 0.00703401 0.00755103
1 0.00817086 0.00867954
2 0.0240494 0.0245566
1 0.00611902 0.00661992
0 0 0.00050088
0 0 0.000490251
0 0 0.000488101
1 0.0256804 0.0261682
1 0.0112066 0.011692
1 0.0206086 0.0210912
0 0 0.000479503
1 0.00758975 0.00806798
1 0.00646138 0.00693793
1 0.00629267 0.00676887
1 0.00163903 0.00211469
1 0.00605551 0.00652994
1 0.00951347 0.00998754
1 0.00288594 0.00335477
0 0 0.000449202
1 0.00569869 0.00614579
1 0.00189776 0.00234361
2 0.0130747 0.0135204
1 0.114626 0.115067
2 0.0105965 0.0110315
1 0.00803664 0.0084703
1 0.00848637 0.00891512
1 0.0376447 0.0380706
1 0.0112404 0.0116563
1 0.00688031 0.00729412
1 0.00448625 0.00489932
1 0.153328 0.153737
1 0.00426736 0.00467416
1 0.00415127 0.00455212
1 0.00622816 0.0066285
1 0.00499429 0.00539439
2 0.0084649 0.00886026
1 0.00820152 0.00859575
1 0.0121129 0.0125065
2 0.0134307 0.0138231
1 0.0440148 0.0444029
1 0.0281002 0.0284849
1 0.0783798 0.078764
1 0.00393998 0.00432177
1 0.00650851 0.00689
1 0.0310348 0.031414
1 0.00356008 0.00393769
1 0.00188626 0.00226264
1 0.00999167 0.0103656
2 0.0136716 0.0140424
0 0 0.000370281
1 0.020685 0.0210527
1 0.00811501 0.00847945
1 0.00181366 0.00217012
1 0.00286664 0.00321901
2 0.00850393 0.00885497
1 0.00991457 0.010259
1 0.00221924 0.00255833
1 0.194262 0.194599
1 0.0023521 0.00268704
1 0.00334287 0.00367655
2 0.013707 0.0140391
1 0.0166882 0.0170202
0 0 0.000330399
0 0 0.000328823
1 0.00822098 0.00854856
1 0.0175272 0.0178445
1 0.00892791 0.00924124
2 0.0263286 0.0266389
0 0 0.000309972
2 0.0396584 0.0399682
2 0.00869995 0.00900599
1 0.0109186 0.0112243
2 0.0401348 0.0404373
0 0 0.000295576
1 0.104768 0.105056
2 0.0105012 0.010789
1 0.0433381 0.0436254
0 0 0.000280667
1 0.00132941 0.00160845
1 0.00154135 0.0018202
0 0 0.000275505
1 0.00473213 0.00500763
1 0.00544418 0.00571871
1 0.00788029 0.00814681
2 0.0101819 0.0104458
1 0.00628765 0.00655054
1 0.00275016 0.00301174
1 0.00995894 0.0102205
2 0.00837755 0.00863857
1 0.00259903 0.00285888
1 0.00349443 0.00375189
0 0 0.00025412
1 0.0231334 0.0233853
1 0.0156372 0.015886
1 0.00234611 0.00259458
2 0.0104274 0.0106748
1 0.0362987 0.0365454
2 0.00853053 0.00877291
2 0.0236056 0.0238459
1 0.0160018 0.0162416
2 0.00768775 0.007923
1 0.107697 0.107931
1 0.00931728 0.00955147
2 0.0108562 0.0110902
1 0.0122703 0.0124988
2 0.0415605 0.0417854
1 0.00802024 0.00823611
2 0.0125849 0.0127964
1 0.0258426 0.0260511
1 0.0156825 0.0158871
0 0 0.000203382
2 0.0116343 0.0118321
2 0.0269595 0.0271527
1 0.00485291 0.00504224
1 0.00846527 0.00865378
1 0.025696 0.0258818
2 0.0104671 0.0106473
1 0.0211521 0.0213318
1 0.00680301 0.00698225
1 0.0089103 0.00908438
1 0.0145286 0.0147022
1 0.00358107 0.00375416
1 0.00176797 0.00194094
0 0 0.000172273
1 0.0157095 0.01588
1 0.00666364 0.00683333
1 0.0187268 0.018892
1 0.0127863 0.012949
1 0.00932535 0.00948771
2 0.00994488 0.0101068
1 0.205506 0.205665
1 0.118938 0.119098
1 0.00254982 0.00270753
2 0.00779469 0.00795132
1 0.00626592 0.00642072
1 0.00477969 0.00492885
1 0.0034185 0.00356216
1 0.00897282 0.00911421
1 0.00351098 0.00364925
1 0.00661252 0.00675031
0 0 0.000136713
1 0.00366603 0.00379616
1 0.0434706 0.0436007
0 0 0.000127404
1 0.00884108 0.00896459
1 0.0721981 0.07232
1 0.00119766 0.00131813
2 0.0118405 0.0119595
2 0.0670421 0.0671589
1 0.011481 0.0115962
2 0.0140789 0.0141873
1 0.0328848 0.032992
2 0.00921931 0.00932624
1 0.00284518 0.00294975
2 0.0121598 0.012262
1 0.00700926 0.0071111
1 0.00186363 0.0019643
2 0.127908 0.128007
2 0.0137944 0.0138916
2 0.0912189 0.091316
2 0.0129667 0.0130626
1 0.0412853 0.0413793
1 0.000378193 0.000471995
0 0 9.3349e-05
2 0.0728904 0.0729826
1 0.00900106 0.00909275
1 0.000894264 0.000980753
1 0.0224608 0.0225472
2 0.00915686 0.00924156
1 0.001966 0.00204815
2 0.012654 0.0127351
1 0.00545533 0.00553548
1 0.00744346 0.00752234
1 0.00499641 0.00507334
1 0.0215885 0.0216601
2 0.0315162 0.0315877
1 0.0102529 0.0103243
1 0.00308553 0.00315672
1 0.00750405 0.0075746
1 0.00991134 0.00998092
1 0.00122818 0.00129724
2 0.00433316 0.00439884
2 0.0103807 0.0104456
1 0.0300252 0.0300899
1 0.0118236 0.0118815
1 0.00339797 0.00345582
2 0.0174998 0.0175566
1 0.00433152 0.00438801
1 0.00161446 0.00167061
0 0 5.5855e-05
1 0.00738113 0.00743594
1 0.00523267 0.00528715
2 0.0102614 0.0103157
1 0.025792 0.0258457
1 0.0174819 0.0175355
1 0.00241196 0.00246538
1 0.00959733 0.00965071
1 0.0112751 0.011328
2 0.0106703 0.0107233
1 0.00348576 0.00353395
1 0.0039284 0.00397657
1 0.00714435 0.00719241
2 0.010707 0.0107527
1 0.00842772 0.00847276
2 0.0187275 0.0187712
2 0.0102901 0.0103327
1 0.0151228 0.0151655
1 0.00972217 0.00976275
1 0.00177406 0.00181445
2 0.0105085 0.0105486
1 0.0125079 0.0125471
1 0.0212118 0.0212505
2 0.0115601 0.0115979
1 0.00101619 0.00105356
1 0.134573 0.13461
1 0.0978814 0.0979168
1 0.00479834 0.00483218
1 0.00892815 0.00896142
2 0.011325 0.0113568
2 0.00379718 0.00382897
1 0.0015761 0.00160552
1 0.0057998 0.00582892
1 0.00497443 0.00500284
1 0.0159231 0.0159513
1 0.00900194 0.00902974
2 0.0180046 0.0180316
1 0.00328593 0.00331239
2 0.00906838 0.0090945
1 0.0259825 0.0260059
1 0.0100729 0.0100962
1 0.0239985 0.0240216
2 0.0133554 0.0133783
2 0.0258696 0.025892
1 0.00738221 0.00740444
2 0.00756726 0.00758935
2 0.00953086 0.00955289
2 0.0128527 0.0128733
1 0.0164024 0.0164215
2 0.0141704 0.0141887
2 0.0190487 0.0190667
1 0.00421704 0.00423501
1 0.00620333 0.00622105
1 0.0538355 0.0538528
1 0.0072207 0.007238
2 0.0101094 0.0101266
2 0.0114883 0.0115048
1 0.00806041 0.00807606
2 0.0134716 0.013487
1 0.00147161 0.00148548
1 0.00892761 0.0089414
2 0.0135266 0.01354
2 0.134639 0.134652
1 0.00236107 0.00237355
2 0.0447963 0.0448082
2 0.105075 0.105087
1 0.00429182 0.00430312
2 0.0121027 0.0121135
1 0.00758622 0.00759662
2 0.013406 0.0134157
2 0.0168587 0.0168684
1 0.00649347 0.00650302
2 0.00716155 0.00717049
2 0.0111308 0.0111391
1 0.00431164 0.0043195
1 0.0183 0.0183077
2 0.015005 0.0150124
1 0.0979295 0.0979364
1 0.00943252 0.0094389
1 0.100044 0.100049
2 0.0707728 0.0707765
1 0.00721338 0.0072166
1 0.00815901 0.00816221
1 0.0261527 0.0261558
1 0.00415724 0.00416015
1 0.00275231 0.00275492
2 0.115103 0.115106
1 0.00137238 0.00137482
1 0.00619309 0.00619544
1 0.00423735 0.00423967
2 0.00685671 0.00685876
1 0.0121289 0.0121307
1 0.00328629 0.00328812
1 0.00341037 0.00341207
2 0.00816807 0.00816975
2 0.00598323 0.00598486
2 0.0022247 0.0022263
2 0.00860561 0.00860704
2 0.0187393 0.0187407
1 0.00567207 0.00567329
2 0.0164701 0.0164711
2 0.00871058 0.00871146
1 0.00194684 0.00194765
1 0.00355035 0.0035511
2 0.00644883 0.0064495
1 0.0641129 0.0641135
1 0.003607 0.00360754
2 0.00176778 0.00176829
2 0.0271674 0.027168
2 0.0088239 0.00882434
2 0.0238649 0.0238654
2 0.0539787 0.0539791
1 0.00977879 0.00977917
2 0.115284 0.115284
1 0.0104991 0.0104994
1 0.010588 0.0105882
2 0.0119894 0.0119897
1 0.0051016 0.0051018
1 0.0515025 0.0515027
1 0.0128067 0.0128068
2 0.00622448 0.0062246
2 0.0185106 0.0185108
1 0.014626 0.0146261
1 0.0128419 0.012842
2 0.015229 0.015229
1 0.00282842 0.0028285
2 0.00828385 0.0082839
2 0.00863843 0.00863846
1 0.0111797 0.0111797
2 0.00341243 0.00341244
2 0.0127444 0.0127444
1 0.0059637 0.00596371
1 0.0257939 0.0257939
1 0.0181065 0.0181065
1 0.00699681 0.00699681
