0 0 inf
0 0 0.153997
1 0.16282 0.285796
1 0.0229255 0.0874226
0 0 0.0627264
0 0 0.0615995
0 0 0.0615339
0 0 0.0473197
0 0 0.0425364
0 0 0.0421358
0 0 0.0420638
0 0 0.0403276
0 0 0.0384757
1 0.0597053 0.0966673
0 0 0.0362747
0 0 0.0341362
0 0 0.0323383
1 0.0657297 0.0979598
0 0 0.0315516
1 0.0541098 0.0854971
1 0.0390445 0.069469
0 0 0.0298874
0 0 0.0293405
0 0 0.0282107
0 0 0.028067
0 0 0.0273561
0 0 0.027319
0 0 0.0253291
1 0.0725846 0.0972389
0 0 0.0244831
0 0 0.0240928
0 0 0.0240316
0 0 0.02311
1 0.0697218 0.0905706
0 0 0.0200901
0 0 0.0185405
0 0 0.0181501
1 0.077099 0.0950831
0 0 0.0179768
0 0 0.0175779
0 0 0.0173213
0 0 0.0168236
0 0 0.0165733
1 0.0607244 0.0772283
1 0.15936 0.175779
1 0.0404954 0.056118
0 0 0.0155403
0 0 0.0153476
0 0 0.015056
0 0 0.0141191
0 0 0.0139424
0 0 0.0138537
2 0.0907373 0.104384
0 0 0.0133072
1 0.00436941 0.0174331
1 0.0507325 0.063661
0 0 0.0119637
2 0.33931 0.351084
0 0 0.0114222
0 0 0.011375
1 0.0371987 0.0482029
0 0 0.0108911
0 0 0.0107528
1 0.0795938 0.0902049
0 0 0.0102574
0 0 0.0101032
1 0.0616924 0.0716741
0 0 0.00994595
1 0.0304967 0.0402274
0 0 0.00971615
0 0 0.0088421
1 0.040729 0.049523
1 0.034004 0.0427615
0 0 0.00840808
1 0.00619404 0.0145144
0 0 0.00825291
0 0 0.00815735
0 0 0.00805103
1 0.0496614 0.0576226
0 0 0.0079452
1 0.0186326 0.0263005
1 0.00779792 0.0153645
0 0 0.0075533
1 0.0244741 0.0319071
0 0 0.00743199
0 0 0.0074105
1 0.0099861 0.0172319
1 0.0746576 0.0818919
1 0.00669989 0.0136385
1 0.00545202 0.0123398
0 0 0.00666063
0 0 0.00662479
0 0 0.00652804
0 0 0.00648876
1 0.0807037 0.0871853
0 0 0.00632375
0 0 0.00625996
0 0 0.00621151
0 0 0.00619838
0 0 0.00614517
0 0 0.00613605
0 0 0.00611597
0 0 0.00610696
0 0 0.00607631
0 0 0.00593753
0 0 0.00591217
1 0.00818747 0.0138791
1 0.0244588 0.0299722
1 0.00690604 0.0123679
0 0 0.0054431
0 0 0.00538834
1 0.0098602 0.015116
1 0.00661674 0.0118407
2 0.0187729 0.0239807
0 0 0.00500781
1 0.0495339 0.0544986
1 0.00803348 0.0129818
0 0 0.00487628
0 0 0.00479984
0 0 0.00476143
2 0.0181033 0.0228595
0 0 0.00458384
0 0 0.00450372
0 0 0.0044962
1 0.00912704 0.0135604
0 0 0.00442372
0 0 0.00436952
0 0 0.00431333
0 0 0.00428019
0 0 0.00426616
1 0.00572245 0.00992584
1 0.0628256 0.0670077
1 0.274132 0.278266
1 0.0126514 0.0167347
0 0 0.00405835
0 0 0.00400937
0 0 0.0039711
1 0.106068 0.109987
0 0 0.00389786
1 0.0110299 0.0148948
1 0.0154888 0.0193209
0 0 0.00382427
0 0 0.00380881
2 0.0200997 0.0238456
0 0 0.00374286
1 0.00750876 0.0112205
1 0.00580977 0.00947483
1 0.00329574 0.00681767
0 0 0.00346743
1 0.0287237 0.032182
0 0 0.0034421
0 0 0.00343637
0 0 0.00338269
1 0.0108799 0.0142424
0 0 0.00334356
1 0.172939 0.176221
0 0 0.00326297
0 0 0.00313695
0 0 0.00313284
1 0.0744295 0.0775561
1 0.0219923 0.0251161
1 0.0242618 0.0273653
0 0 0.00309403
0 0 0.00305014
0 0 0.00304509
0 0 0.00303217
0 0 0.00300004
0 0 0.00299462
1 0.00606635 0.00904348
2 0.0856354 0.0885964
0 0 0.00294851
0 0 0.00292544
1 0.0567003 0.0596222
0 0 0.00285797
0 0 0.00282846
0 0 0.00280489
0 0 0.00279318
1 0.0115446 0.0143312
0 0 0.00277278
0 0 0.0027646
0 0 0.00272803
0 0 0.00268766
1 0.0578347 0.0605075
0 0 0.00266897
1 0.0102121 0.0128642
0 0 0.00260735
1 0.0337006 0.0362889
0 0 0.00255938
0 0 0.00253186
0 0 0.00250964
0 0 0.00250536
0 0 0.0025038
0 0 0.00243999
0 0 0.00242216
0 0 0.00239846
1 0.0271047 0.0294962
1 0.0533479 0.0557279
1 0.0626154 0.0649433
1 0.00518792 0.00750547
0 0 0.00230179
0 0 0.00229527
1 0.00336207 0.00564929
0 0 0.00225045
1 0.0475895 0.0497936
1 0.0647072 0.0669068
0 0 0.00217757
1 0.0106632 0.0128384
1 0.0754037 0.0775748
0 0 0.00214923
0 0 0.00210904
0 0 0.00210823
0 0 0.00210361
1 0.0141109 0.0162046
1 0.00470682 0.00678545
1 0.0559776 0.0580545
0 0 0.00205265
1 0.00990982 0.0119611
1 0.0422554 0.0443041
0 0 0.0020237
0 0 0.00200816
0 0 0.00199791
0 0 0.00199129
0 0 0.00198137
1 0.0093149 0.0112699
1 0.0060725 0.00802328
1 0.0093698 0.0113144
1 0.0934869 0.0954243
1 0.0119705 0.0139031
1 0.147306 0.149236
1 0.0101315 0.0120557
1 0.0125869 0.014478
1 0.0146109 0.0164889
0 0 0.0018749
1 0.0489795 0.0508491
0 0 0.00183124
1 0.0950021 0.0967877
1 0.0355481 0.0373309
0 0 0.00175477
1 0.0107484 0.0124966
1 0.276409 0.278137
1 0.00423821 0.00595315
0 0 0.00169867
0 0 0.00168617
0 0 0.00164987
0 0 0.00164187
0 0 0.0015994
2 0.0355523 0.037134
1 0.0093035 0.010884
0 0 0.00154168
1 0.0118107 0.0133137
0 0 0.00144025
0 0 0.00142784
1 0.0156251 0.0170466
0 0 0.00141758
1 0.00662405 0.00802576
1 0.00320506 0.00460267
0 0 0.0013774
1 0.0260718 0.0274313
1 0.00830864 0.00966026
0 0 0.00135121
2 0.0502904 0.0516276
1 0.00825125 0.00957029
0 0 0.00131028
1 0.0180614 0.0193403
1 0.0414335 0.0427063
0 0 0.00126176
0 0 0.00126076
2 0.0100052 0.0112517
1 0.0909222 0.0921494
1 0.0101679 0.0113847
2 0.0290263 0.0302179
1 0.0106853 0.0118765
1 0.0454951 0.0466724
0 0 0.0011674
1 0.00504874 0.00621021
1 0.00727849 0.00843985
0 0 0.00114971
0 0 0.00114096
1 0.0294654 0.0305926
1 0.00819104 0.00931264
2 0.0914976 0.0925941
1 0.00451662 0.00560232
0 0 0.00107446
1 0.0311158 0.0321887
0 0 0.00105346
0 0 0.00104013
1 0.0119231 0.0129519
1 0.0105004 0.0115214
2 0.0513939 0.052413
1 0.00631396 0.00732714
0 0 0.000991987
1 0.00481908 0.00581099
1 0.00297001 0.00394201
0 0 0.000968971
0 0 0.000965484
1 0.00256968 0.00352979
1 0.00622175 0.00717219
1 0.0450063 0.0459526
1 0.0143854 0.0153268
1 0.0121422 0.0130796
1 0.00467239 0.00560356
1 0.00802269 0.00895308
1 0.0344605 0.03539
1 0.00840919 0.00932539
0 0 0.000913971
1 0.00474664 0.00565511
0 0 0.000903692
1 0.00888298 0.00978348
2 0.017257 0.0181568
2 0.0949727 0.0958538
1 0.0165786 0.0174586
2 0.100686 0.10154
2 0.0112507 0.0120837
1 0.00592879 0.00676084
1 0.00427889 0.00509872
0 0 0.000819744
0 0 0.000808134
1 0.00939584 0.0101996
1 0.010259 0.0110523
1 0.0141994 0.0149924
0 0 0.000784171
1 0.00838289 0.00916416
0 0 0.000775516
1 0.00444834 0.00522023
1 0.0872983 0.0880602
2 0.0279413 0.0286931
1 0.00655261 0.00729417
2 0.015082 0.0158051
1 0.00388383 0.00459638
1 0.0322308 0.0329429
0 0 0.000708339
1 0.0941713 0.0948782
0 0 0.000696495
1 0.00475566 0.00544003
1 0.00651477 0.00719093
0 0 0.000675337
1 0.0831108 0.0837781
1 0.00977965 0.0104364
0 0 0.000651381
1 0.0186293 0.0192777
2 0.0506137 0.0512536
1 0.0153207 0.0159577
1 0.00461687 0.00524095
1 0.0116087 0.0122297
1 0.0049966 0.00560767
1 0.00659069 0.00720075
0 0 0.000605581
1 0.00690148 0.00750548
1 0.00649427 0.00709425
1 0.0160274 0.0166195
1 0.0137997 0.0143854
1 0.0371658 0.0377451
2 0.0498201 0.0503906
2 0.00695159 0.00752069
0 0 0.000564092
0 0 0.000553794
2 0.0204384 0.0209901
1 0.00400413 0.0045552
1 0.00402503 0.00457545
1 0.0487603 0.0492916
1 0.0183636 0.0188921
1 0.00896627 0.00947883
1 0.00564713 0.00615128
0 0 0.000503926
0 0 0.000470142
1 0.0170902 0.0175583
2 0.0186444 0.019109
0 0 0.000455479
0 0 0.000452556
0 0 0.000449516
0 0 0.000447321
2 0.0145176 0.0149637
1 0.0146419 0.015082
0 0 0.000437947
1 0.00707201 0.00749007
1 0.00375989 0.00416528
1 0.00464871 0.00504854
1 0.00589462 0.00629048
1 0.0868113 0.0872051
1 0.0343109 0.0346926
0 0 0.000381061
1 0.00761942 0.00798888
1 0.029822 0.0301909
1 0.00224339 0.00260905
1 0.270908 0.271274
1 0.0135674 0.0139326
1 0.0178763 0.0182379
2 0.00765215 0.00801104
1 0.028729 0.0290836
1 0.0112216 0.0115731
2 0.0132282 0.0135785
1 0.0130134 0.0133574
1 0.117402 0.117743
2 0.0169044 0.0172417
1 0.028539 0.0288737
1 0.00905017 0.00938314
1 0.00616151 0.00648193
1 0.00693326 0.00723884
2 0.0438259 0.0441289
1 0.00441244 0.00470779
1 0.0173706 0.0176625
2 0.0132368 0.0135265
2 0.0180538 0.0183407
1 0.00276368 0.00304796
1 0.0255605 0.0258419
1 0.00418473 0.00446572
1 0.0118228 0.012102
1 0.0145446 0.0148233
1 0.00536994 0.00564785
0 0 0.000272415
1 0.0579396 0.0582105
0 0 0.000270555
1 0.00511542 0.00538173
1 0.0105877 0.0108509
2 0.016254 0.0165164
1 0.0199885 0.0202443
1 0.0190146 0.0192666
1 0.0106272 0.0108781
1 0.00946371 0.00970974
1 0.0330247 0.0332707
1 0.0546047 0.0548411
2 0.0058585 0.00609217
2 0.0141675 0.0143962
1 0.0023359 0.00256382
2 0.0143535 0.014576
2 0.349989 0.35021
1 0.0451327 0.0453539
1 0.0034332 0.00365418
1 0.0507349 0.0509549
1 0.00255609 0.00277589
0 0 0.000217189
1 0.0478418 0.0480587
0 0 0.000215846
1 0.00516943 0.00538212
2 0.0153095 0.0155219
1 0.00772674 0.00793585
0 0 0.000201819
1 0.0367694 0.0369696
2 0.0362508 0.0364476
2 0.0100532 0.0102459
1 0.00906095 0.00925182
2 0.0548413 0.0550315
0 0 0.000189693
1 0.00175405 0.00194249
1 0.0131551 0.0133432
2 0.0136843 0.0138697
1 0.00580356 0.00598721
2 0.105292 0.105473
1 0.0284001 0.028579
2 0.0209391 0.0211158
1 0.0119669 0.0121347
1 0.0058837 0.00604214
1 0.00940479 0.00955989
1 0.0146366 0.0147906
1 0.00258713 0.00274093
2 0.0073078 0.00746125
2 0.0196959 0.0198436
1 0.013854 0.0140015
2 0.0263237 0.0264709
2 0.104829 0.104974
2 0.0231246 0.0232697
2 0.0224296 0.0225741
1 0.00914763 0.00929155
1 0.00790057 0.00804203
1 0.00521296 0.00535064
0 0 0.000137174
2 0.0123429 0.0124757
2 0.0882058 0.0883384
2 0.0828345 0.0829654
1 0.00802138 0.0081521
2 0.0172008 0.0173277
0 0 0.000124105
2 0.0983499 0.0984705
1 0.00828487 0.00840164
1 0.00885964 0.00897405
1 0.00866532 0.00877918
2 0.00589593 0.00600844
1 0.0118281 0.0119401
2 0.00739178 0.00749969
1 0.00567293 0.00578025
1 0.00222361 0.00232948
1 0.00497194 0.00507647
2 0.100767 0.100867
1 0.0126001 0.0126997
2 0.00634881 0.00644831
1 0.307747 0.307842
2 0.0169938 0.0170885
2 0.0234763 0.0235688
1 0.00966113 0.00975341
1 0.0126497 0.0127411
2 0.0166982 0.0167871
1 0.0360949 0.0361824
2 0.0120332 0.0121189
0 0 8.33767e-05
1 0.000687716 0.00076624
1 0.00496995 0.0050466
1 0.011375 0.0114515
2 0.177713 0.177789
1 0.00977549 0.00985075
1 0.0110732 0.0111463
1 0.00657657 0.00664963
1 0.00879554 0.00886826
1 0.00646921 0.00653645
1 0.0504176 0.0504842
1 0.0168136 0.0168748
1 0.00710787 0.0071682
1 0.00623548 0.00629506
1 0.00235487 0.00241435
1 0.00509276 0.00515119
1 0.0817274 0.0817858
1 0.0437123 0.0437696
1 0.0167342 0.0167905
1 0.00752095 0.00757285
2 0.014424 0.0144753
1 0.010136 0.0101858
1 0.0173617 0.0174111
2 0.0196095 0.0196561
1 0.0877266 0.0877716
1 0.0174279 0.0174719
2 0.0102125 0.0102565
2 0.0198764 0.0199199
1 0.0285616 0.0286044
1 0.00402602 0.00406798
1 0.00759948 0.00764074
2 0.0480601 0.0481005
2 0.108575 0.108615
1 0.0227558 0.0227954
2 0.00570055 0.00573843
2 0.0179682 0.0180051
1 0.00930264 0.00933937
1 0.00326408 0.00330065
1 0.0116003 0.0116333
1 0.00985947 0.00989184
0 0 3.19267e-05
1 0.00682353 0.00685473
1 0.0137585 0.0137895
2 0.00946009 0.0094905
1 0.0259967 0.0260244
1 0.0120605 0.0120879
1 0.00732831 0.00735559
1 0.00146383 0.00149106
1 0.00724137 0.00726829
2 0.0171826 0.0172077
2 0.010116 0.0101405
1 0.118703 0.118726
1 0.0114097 0.0114321
2 0.0205168 0.0205378
2 0.0820411 0.0820607
1 0.00217997 0.00219935
1 0.01152 0.0115391
2 0.00284142 0.00285722
1 0.00281068 0.00282619
1 0.0010064 0.00102188
2 0.0171386 0.0171537
1 0.0145642 0.0145793
2 0.0355841 0.0355977
2 0.00517569 0.00518897
2 0.00590219 0.00591504
1 0.00573729 0.00574997
2 0.0676514 0.067664
1 0.0553921 0.0554043
1 0.00528561 0.00529692
2 0.0102211 0.0102324
1 0.0826525 0.0826631
1 0.0100162 0.010026
2 0.0190275 0.0190373
1 0.0323277 0.0323372
2 0.0228079 0.0228157
2 0.0199633 0.0199709
1 0.0137488 0.0137562
1 0.0129697 0.0129767
2 0.0115948 0.0116014
2 0.00266731 0.00267358
1 0.0104712 0.0104773
2 0.0134907 0.0134966
2 0.0144629 0.0144685
1 0.0148952 0.0149006
2 0.00977192 0.00977716
1 0.0436857 0.0436906
2 0.00679484 0.00679976
2 0.005913 0.00591781
1 0.00678463 0.00678907
2 0.288362 0.288367
1 0.00346515 0.00346898
2 0.0362166 0.0362201
1 0.108571 0.108575
1 0.00940011 0.00940352
2 0.00888018 0.00888341
1 0.0193331 0.0193363
1 0.00670753 0.00671053
2 0.00942731 0.00942962
1 0.0196938 0.0196958
2 0.0198066 0.0198086
1 0.00431055 0.00431226
2 0.0116289 0.0116306
1 0.0355473 0.0355487
1 0.0125335 0.0125346
2 0.0157899 0.0157908
1 0.0646096 0.0646103
1 0.0161762 0.0161768
1 0.0488754 0.0488759
1 0.0506834 0.0506838
2 0.0196136 0.0196139
1 0.00490461 0.0049049
2 0.0189684 0.0189685
1 0.00536688 0.00536704
1 0.00778204 0.00778218
1 0.00553794 0.00553806
2 0.0112577 0.0112578
1 0.00840549 0.00840553
2 0.0178584 0.0178584
1 0.0150473 0.0150473
1 0.00364207 0.00364208
