0 0 inf
0 0 0.385356
1 0.128106 0.31034
0 0 0.142121
0 0 0.10836
0 0 0.0889912
0 0 0.086796
0 0 0.080152
0 0 0.070309
1 0.120138 0.188822
0 0 0.0679335
0 0 0.066284
0 0 0.0504901
0 0 0.049997
1 0.262431 0.306859
0 0 0.0433669
1 0.162397 0.205428
0 0 0.0419245
1 0.0792619 0.119633
1 0.105123 0.144907
1 0.0289085 0.0680667
0 0 0.0376387
0 0 0.0372501
0 0 0.0349865
0 0 0.0345251
0 0 0.0341619
1 0.0601542 0.0941808
0 0 0.0325193
0 0 0.0324225
0 0 0.0314162
1 0.0369377 0.0678565
0 0 0.0306557
0 0 0.0306039
0 0 0.0302175
0 0 0.0294769
1 0.150471 0.179535
0 0 0.0272329
0 0 0.0242525
1 0.0270738 0.0512984
1 0.0369578 0.0605407
0 0 0.0225104
0 0 0.0222692
0 0 0.0221125
0 0 0.0214953
0 0 0.0214486
1 0.0395585 0.0607597
0 0 0.0205223
1 0.0873251 0.107667
2 0.179605 0.199123
0 0 0.0194509
0 0 0.0193925
0 0 0.0193799
1 0.0585418 0.0778175
0 0 0.0185862
0 0 0.0174826
1 0.161082 0.178311
1 0.0600423 0.07716
0 0 0.0168146
1 0.0595849 0.0763359
1 0.0106032 0.0273365
0 0 0.0162942
0 0 0.0162876
1 0.0510559 0.0669919
0 0 0.0159138
1 0.109271 0.124984
1 0.0187821 0.0344105
0 0 0.0154511
0 0 0.0148982
1 0.0136947 0.0285454
0 0 0.0145199
0 0 0.0141949
0 0 0.0140096
1 0.0141269 0.0280917
1 0.0275334 0.0411868
0 0 0.0136526
1 0.0455042 0.0590104
1 0.0822893 0.0957168
0 0 0.0134268
1 0.0602685 0.0735717
0 0 0.0130635
1 0.0256256 0.0386887
1 0.00921369 0.0221674
0 0 0.0128315
1 0.0583489 0.0711243
0 0 0.0124672
0 0 0.0121321
1 0.00701538 0.0190726
1 0.015954 0.027999
0 0 0.0120348
0 0 0.0120252
0 0 0.0119932
0 0 0.0118626
1 0.144733 0.156431
1 0.166799 0.177706
1 0.00877148 0.0196551
0 0 0.0106584
1 0.0583988 0.0687523
0 0 0.01031
0 0 0.0102821
0 0 0.0101484
1 0.0739882 0.0841298
0 0 0.0100806
1 0.0103208 0.0203565
0 0 0.0100188
1 0.0535133 0.0635271
0 0 0.00998211
0 0 0.00984608
0 0 0.00970888
1 0.120517 0.129762
1 0.203602 0.21284
0 0 0.00898439
0 0 0.00897483
0 0 0.00889584
0 0 0.00860941
0 0 0.0081671
1 0.0523867 0.0604539
0 0 0.00789151
0 0 0.00787094
0 0 0.00777099
0 0 0.00777045
1 0.0138414 0.0215953
1 0.0150617 0.0228044
0 0 0.00767189
1 0.128042 0.13564
1 0.0718448 0.0793808
1 0.0405558 0.0480654
0 0 0.00740958
1 0.065897 0.0732453
1 0.0199951 0.0272764
0 0 0.00727276
0 0 0.00722898
0 0 0.00718681
0 0 0.00711634
2 0.324652 0.331765
0 0 0.00699658
1 0.051036 0.0579664
0 0 0.00689258
0 0 0.00688296
0 0 0.00688235
0 0 0.00681267
1 0.046424 0.0532359
0 0 0.00680621
0 0 0.00677505
0 0 0.00674352
1 0.0399719 0.0466661
0 0 0.00656199
0 0 0.00644865
0 0 0.00639956
1 0.0685017 0.0748749
0 0 0.00633331
2 0.0622684 0.0685296
0 0 0.00620692
0 0 0.00619842
0 0 0.00615949
0 0 0.00614349
1 0.0161938 0.0222767
0 0 0.0060742
1 0.0132334 0.0192923
0 0 0.00596623
0 0 0.00595475
1 0.0170377 0.0229852
0 0 0.00574669
1 0.0805466 0.0862408
2 0.0528703 0.0585094
0 0 0.00560318
1 0.0115138 0.0170918
2 0.224747 0.230299
0 0 0.00553693
0 0 0.00552399
1 0.0504946 0.0559583
1 0.0311195 0.0365126
0 0 0.0053728
1 0.0239603 0.0293194
1 0.121277 0.126611
0 0 0.00532063
1 0.0166655 0.0219428
1 0.0263961 0.0315855
0 0 0.00518092
0 0 0.00513548
0 0 0.00507284
0 0 0.00502804
0 0 0.0050221
0 0 0.00497099
0 0 0.00494531
2 0.1224 0.127338
1 0.0600859 0.0650177
1 0.0675575 0.0724125
2 0.209666 0.214508
2 0.0709471 0.0757883
1 0.0211689 0.0259908
1 0.0143381 0.0191531
1 0.0158017 0.0205432
1 0.02 0.0247153
2 0.0725011 0.0771415
0 0 0.00460841
0 0 0.00459693
0 0 0.00456273
1 0.0242819 0.028781
0 0 0.00448313
1 0.0375446 0.0419276
0 0 0.00438274
1 0.0170614 0.0214418
0 0 0.00432443
1 0.00521694 0.00954067
0 0 0.00417607
0 0 0.00408732
0 0 0.00406272
0 0 0.00403341
0 0 0.0039901
2 0.3095 0.313373
0 0 0.00386494
1 0.011709 0.0155624
0 0 0.00384774
2 0.064723 0.068532
0 0 0.00380597
1 0.0237593 0.0274298
1 0.0468967 0.0505622
1 0.112294 0.115956
1 0.105136 0.108791
1 0.0122964 0.0159297
0 0 0.00359842
2 0.0280307 0.03156
0 0 0.00352494
0 0 0.00348785
0 0 0.00343815
1 0.00742324 0.0108464
1 0.0991761 0.102584
0 0 0.00339152
1 0.0348438 0.0381872
1 0.110628 0.113959
2 0.156619 0.159935
2 0.0232081 0.0264576
0 0 0.00324115
1 0.0142884 0.0174865
1 0.0502419 0.0534185
0 0 0.0031238
0 0 0.00310633
1 0.0157431 0.0188488
0 0 0.00307976
0 0 0.00305179
0 0 0.00303254
0 0 0.00302776
1 0.0339662 0.0369835
1 0.04347 0.0464337
0 0 0.00290413
0 0 0.00289454
2 0.0292235 0.0320912
1 0.056334 0.0591831
0 0 0.00284716
2 0.0216838 0.0245109
0 0 0.00282073
0 0 0.00280491
1 0.0354943 0.0382825
0 0 0.0027422
1 0.0149709 0.0177053
2 0.0360045 0.0387294
0 0 0.00271282
1 0.0250854 0.0277964
0 0 0.00270424
1 0.0141802 0.0168693
2 0.023952 0.0266189
1 0.0965871 0.0992305
2 0.0568611 0.059498
0 0 0.00260916
2 0.0202478 0.0228569
0 0 0.0025837
0 0 0.00253873
1 0.0167306 0.0192468
0 0 0.00251527
2 0.122721 0.125195
1 0.0655268 0.067998
1 0.00691439 0.00937622
1 0.025601 0.0280268
0 0 0.0024237
0 0 0.00241952
0 0 0.00240767
1 0.0148104 0.0172052
2 0.0306789 0.0330423
2 0.0217095 0.0240459
2 0.158258 0.16059
1 0.0433552 0.0456785
1 0.0205054 0.0228186
1 0.0223493 0.0246543
1 0.04093 0.043202
0 0 0.00226059
0 0 0.00224789
2 0.104634 0.106867
0 0 0.00221749
0 0 0.00220087
1 0.0559681 0.0581591
0 0 0.00216439
0 0 0.00214286
0 0 0.00213919
1 0.0248048 0.0269204
1 0.0558074 0.0579207
1 0.0146682 0.0167599
1 0.0153863 0.017449
0 0 0.00203622
1 0.0200666 0.0221023
2 0.0728405 0.0748608
1 0.0470093 0.0489457
0 0 0.0019245
0 0 0.00192428
1 0.0149253 0.0168285
0 0 0.00189334
1 0.051963 0.0538499
0 0 0.00186154
1 0.0120063 0.0138514
1 0.0219329 0.0237714
0 0 0.00182952
1 0.0380265 0.0398468
1 0.0142344 0.0160407
1 0.313639 0.315441
2 0.0742165 0.076001
0 0 0.00172356
1 0.0584125 0.0601312
1 0.0295145 0.0312014
1 0.0235802 0.0252614
1 0.0172036 0.0188632
0 0 0.00164538
1 0.041444 0.0430854
1 0.020318 0.0219457
0 0 0.00162218
2 0.0345996 0.0362212
2 0.0231043 0.0247188
1 0.0631029 0.0647027
1 0.00765822 0.00925285
0 0 0.00156989
0 0 0.00156809
1 0.971356 0.97292
1 0.0123654 0.0139273
1 0.012559 0.0141167
0 0 0.00152389
0 0 0.00150447
1 0.0269387 0.028439
1 0.0110077 0.0124987
1 0.0186465 0.0201235
0 0 0.00147632
1 0.0139731 0.0154441
1 0.207476 0.208945
0 0 0.00146794
2 0.0751913 0.0766579
1 0.00956018 0.0110258
0 0 0.00145478
1 0.0122975 0.0137341
1 0.0339621 0.0353978
0 0 0.00142993
1 0.0109277 0.0123559
1 0.0109202 0.0123407
1 0.0404502 0.0418597
2 0.132878 0.134284
0 0 0.00139784
1 0.0436038 0.0449975
0 0 0.00138158
2 0.0278777 0.029256
1 0.0158612 0.017226
2 0.0734721 0.0748275
1 0.0162685 0.0176174
0 0 0.00133491
1 0.0144847 0.0157839
1 0.00634422 0.0076112
1 0.0137206 0.014986
0 0 0.00126487
1 0.0368486 0.0380998
1 0.0137621 0.0150019
1 0.0248073 0.026047
0 0 0.00121532
2 0.0587408 0.0599463
1 0.0110033 0.0122061
2 0.0754048 0.0765988
1 0.0522389 0.0533981
1 0.0654966 0.0666463
0 0 0.00114216
0 0 0.00111868
1 0.0361006 0.0372178
1 0.0711584 0.0722711
1 0.0335147 0.0346254
1 0.00610531 0.0072142
1 0.0377489 0.0388568
1 0.00785231 0.00895054
2 0.0792907 0.0803868
0 0 0.00108566
1 0.0664909 0.0675451
2 0.0210536 0.0221062
1 0.0618353 0.0628779
1 0.0128367 0.0138787
1 0.014589 0.0156248
2 0.0282128 0.0292057
1 0.0190832 0.0200626
0 0 0.000965139
1 0.0151175 0.0160793
0 0 0.000959664
1 0.0165327 0.0174872
2 0.0373972 0.0383355
1 0.0096317 0.0105666
2 0.0712948 0.0722283
2 0.0230069 0.0239286
2 0.0804758 0.0813841
1 0.0157199 0.0166156
1 0.020655 0.0215288
1 0.00428588 0.005152
0 0 0.000865553
0 0 0.000864593
2 0.031306 0.0321634
2 0.0598599 0.0606993
1 0.0118337 0.01267
1 0.0337732 0.0345824
1 0.0177776 0.0185851
2 0.0813883 0.0821916
1 0.00948437 0.0102771
1 0.0191455 0.0199379
2 0.135759 0.136545
1 0.00921237 0.00998112
1 0.0042251 0.00499245
1 0.0147076 0.0154707
1 0.00580044 0.00655915
1 0.102285 0.103033
1 0.00909387 0.00983961
1 0.0243016 0.025046
0 0 0.000721465
1 0.0047981 0.00551454
1 0.0194108 0.0201265
1 0.178986 0.179697
1 0.0322694 0.0329521
1 0.0283213 0.0290027
2 0.0309239 0.0316031
1 0.0147499 0.0154192
2 0.0174565 0.0181257
1 0.0562661 0.0569332
0 0 0.00066589
2 0.0515371 0.0521997
1 0.0140915 0.0147518
1 0.0220258 0.0226855
1 0.00665731 0.00731247
1 0.00153851 0.00219221
1 0.039961 0.0406011
1 0.011299 0.0119361
2 0.0258162 0.0264504
2 0.0320799 0.0327094
2 0.0277852 0.0284077
2 0.0231508 0.0237656
1 0.142528 0.143142
0 0 0.000612694
1 0.0176072 0.0182095
2 0.225282 0.225883
0 0 0.000598843
1 0.0215418 0.0221337
1 0.0133226 0.0139081
1 0.0205809 0.0211659
0 0 0.000583613
1 0.00834983 0.00892499
1 0.00347306 0.00403572
1 0.031864 0.0324254
1 0.00245382 0.00300334
1 0.0177523 0.0182988
0 0 0.000536695
1 0.00917261 0.00970297
1 0.013166 0.013684
1 0.0547066 0.0552152
2 0.0224519 0.022955
2 0.0237112 0.0242099
2 0.0206385 0.021135
1 0.0353177 0.0358037
2 0.0212941 0.0217772
0 0 0.000479613
1 0.0603298 0.0608093
2 0.327182 0.327649
1 0.00379755 0.0042645
1 0.00527167 0.00573515
2 0.174771 0.175227
1 0.0160018 0.0164541
1 0.0152151 0.0156561
2 0.0652408 0.0656808
2 0.0159251 0.0163574
1 0.0147336 0.01516
1 0.00349937 0.00392337
1 0.0229828 0.0233885
2 0.0638815 0.0642868
1 0.0208381 0.0212417
1 0.00398144 0.00438433
1 0.103137 0.103533
1 0.0107405 0.0111286
1 0.0741505 0.0745311
1 0.0145883 0.0149686
1 0.0508477 0.0512143
0 0 0.000365678
1 0.00209406 0.00245501
2 0.0622803 0.0626389
1 0.0190124 0.0193689
1 0.178448 0.178804
1 0.0626328 0.0629862
1 0.0194894 0.0198419
2 0.0691406 0.0694922
2 0.0351357 0.0354782
1 0.105588 0.10593
1 0.0165019 0.0168371
2 0.0229067 0.0232375
1 0.0165507 0.0168813
1 0.00324423 0.00357326
1 0.0311598 0.0314885
1 0.00972477 0.01005
1 0.01805 0.0183749
1 0.00725539 0.00757956
1 0.0074543 0.00776891
2 0.0370083 0.0373211
1 0.0758106 0.0761205
2 0.0239816 0.0242874
1 0.0215922 0.0218973
1 0.0604377 0.0607414
1 0.0216675 0.021971
1 0.0560888 0.0563827
2 0.0767363 0.0770282
2 0.122044 0.122334
1 0.305515 0.305805
1 0.00509684 0.0053809
1 0.016501 0.0167841
1 0.0139013 0.0141832
2 0.0358023 0.036083
1 0.00203747 0.00231645
1 0.00512853 0.00540667
2 0.192779 0.193047
1 0.0266172 0.0268847
0 0 0.000263508
1 0.00634661 0.00660563
2 0.0205114 0.0207676
2 0.0262398 0.0264958
1 0.0708781 0.0711318
1 0.00352519 0.00377458
1 0.00286834 0.00311691
1 0.00773387 0.0079816
1 0.0058578 0.00610235
2 0.0155445 0.0157881
2 0.028508 0.028746
1 0.048027 0.0482609
1 0.00252005 0.00275338
1 0.010176 0.010409
2 0.0210947 0.021327
1 0.010103 0.0103331
2 0.00845911 0.00868853
1 0.120827 0.121055
1 0.0687433 0.0689701
2 0.0354751 0.0356881
1 0.0174811 0.0176936
1 0.0249592 0.0251713
1 0.00383281 0.00404072
1 0.0140673 0.0142702
1 0.00436929 0.00457175
1 0.00242538 0.0026259
2 0.0751207 0.0753055
2 0.0187528 0.018932
1 0.0505154 0.0506936
1 0.028017 0.028195
2 0.0321077 0.032283
1 0.0116131 0.0117857
2 0.0326991 0.0328699
2 0.0653575 0.0655278
2 0.0272544 0.0274209
2 0.026828 0.0269918
1 0.0202708 0.0204339
2 0.0663086 0.0664712
2 0.0725301 0.0726921
1 0.00487255 0.00503324
1 0.0184194 0.0185787
2 0.019721 0.0198801
1 0.00933316 0.00948784
1 0.0249955 0.0251472
1 0.0340385 0.0341881
1 0.00489318 0.00504036
2 0.017495 0.0176402
1 0.00214497 0.00228954
1 0.0296337 0.0297773
1 0.0104261 0.0105672
1 0.0416335 0.0417737
2 0.0280316 0.0281708
2 0.0311768 0.0313129
1 0.0175283 0.0176635
2 0.0176417 0.0177757
2 0.058194 0.0583221
2 0.0282599 0.0283783
2 0.0212463 0.0213601
1 0.0184937 0.0186076
1 0.012041 0.0121516
1 0.00771668 0.00782617
1 0.027042 0.0271495
2 0.0492995 0.0494059
1 0.0726395 0.0727448
1 0.0181175 0.0182212
2 0.0197236 0.0198262
1 0.00256693 0.00266937
2 0.0384111 0.0385106
2 0.0293969 0.0294952
1 0.0184117 0.0185092
1 0.0196712 0.0197686
1 0.01705 0.0171453
2 0.0245455 0.0246408
2 0.0838792 0.0839723
1 0.00836108 0.00845266
1 0.0185631 0.0186547
1 0.00803054 0.00812208
2 0.019096 0.0191875
1 0.0162507 0.0163416
2 0.0388039 0.0388945
1 0.0128519 0.0129405
1 0.00649073 0.00657858
1 0.103369 0.103455
2 0.0357004 0.0357855
1 0.0209133 0.0209972
1 0.00476873 0.00485169
1 0.0308882 0.0309706
1 0.0210801 0.0211609
1 0.0278467 0.0279271
2 0.0298018 0.0298811
2 0.0227654 0.0228408
1 0.00546717 0.00554191
1 0.0172531 0.0173269
1 0.0162746 0.0163465
2 0.043304 0.043375
1 0.0273151 0.027386
2 0.0241123 0.0241831
2 0.0133268 0.0133939
1 0.0434118 0.0434785
2 0.0125492 0.0126159
1 0.0209092 0.0209738
1 0.0255927 0.0256568
1 0.0185587 0.0186208
2 0.315619 0.31568
2 0.0609026 0.0609631
1 0.0208743 0.0209347
2 0.0334585 0.033517
2 0.0287099 0.028768
1 0.00665885 0.00671651
1 0.0384087 0.0384663
2 0.0225628 0.0226158
2 0.0965117 0.0965623
1 0.028199 0.0282495
1 0.0169914 0.0170407
1 0.0195564 0.0196055
1 0.0220159 0.0220645
2 0.0360199 0.0360683
2 0.0199804 0.0200259
1 0.0164682 0.0165118
2 0.0175785 0.0176215
1 0.0255305 0.0255732
1 0.0254615 0.0255039
1 0.00388368 0.00392336
1 0.0306617 0.0307004
1 0.00830669 0.0083451
1 0.0604434 0.0604814
2 0.0208268 0.0208646
1 0.0115389 0.0115751
1 0.0114874 0.0115228
1 0.00367097 0.00370568
1 0.0569209 0.0569544
1 0.0127232 0.0127551
1 0.0657226 0.0657538
2 0.0249253 0.0249563
2 0.0226252 0.0226544
2 0.0228283 0.0228573
1 0.00129036 0.00131883
1 0.019917 0.0199445
2 0.0298758 0.0299029
2 0.0104416 0.0104681
2 0.0220068 0.0220325
2 0.0185608 0.0185847
1 0.0410507 0.0410746
2 0.0233556 0.0233792
1 0.0185338 0.0185573
1 0.0243643 0.0243867
2 0.105773 0.105795
1 0.0154496 0.0154698
1 0.00309813 0.00311826
1 0.0079501 0.00796986
1 0.021647 0.0216667
2 0.0354987 0.0355183
1 0.00474994 0.00476902
1 0.00144674 0.00146506
2 0.0736764 0.0736942
1 0.0114539 0.0114715
2 0.0219929 0.0220103
1 0.0478468 0.047864
2 0.0454418 0.0454587
2 0.00554659 0.00556329
1 0.00625502 0.00627169
1 0.0219593 0.0219758
2 0.0883068 0.088323
2 0.0280118 0.0280278
1 0.0253884 0.0254031
2 0.0127884 0.0128031
2 0.0157602 0.0157737
2 0.0329729 0.0329861
1 0.00918411 0.00919712
2 0.018634 0.018647
2 0.0111295 0.0111423
1 0.0310703 0.031083
2 0.00849545 0.00850743
2 0.0888117 0.0888228
1 0.0434299 0.0434409
1 0.0110712 0.0110823
2 0.00966516 0.00967492
2 0.028674 0.0286833
1 0.0272 0.0272092
1 0.00959228 0.00960104
2 0.0142798 0.0142885
1 0.0104327 0.010441
1 0.0111718 0.01118
2 0.1021 0.102108
1 0.132172 0.132179
1 0.00445885 0.00446625
1 0.0954117 0.0954188
1 0.0474054 0.0474107
2 0.0220315 0.0220364
1 0.00159635 0.00160103
1 0.0098637 0.00986776
1 0.0237508 0.0237546
1 0.0187638 0.0187674
1 0.022714 0.0227176
2 0.0186663 0.0186698
2 0.0734268 0.0734301
1 0.00622991 0.00623305
1 0.00426919 0.00427201
2 0.0196366 0.0196393
2 0.0186985 0.0187011
2 0.00661587 0.00661847
2 0.0234575 0.0234596
2 0.0347651 0.034767
1 0.0331525 0.0331541
2 0.0114851 0.0114867
2 0.0328239 0.0328255
1 0.0201083 0.0201098
1 0.0194942 0.0194955
1 0.00550775 0.00550822
1 0.0116663 0.0116663
2 0.035402 0.035402
