0 0 inf
0 0 0.112184
0 0 0.0795525
1 0.0771791 0.151699
0 0 0.0511713
0 0 0.0451993
1 0.0830298 0.125674
0 0 0.0411903
1 0.12483 0.16339
1 0.0385319 0.0739989
0 0 0.0339247
0 0 0.0337754
0 0 0.031769
1 0.043612 0.0736331
0 0 0.0287728
1 0.0963469 0.122152
1 0.127112 0.152523
1 0.221483 0.2455
0 0 0.0227351
0 0 0.0222035
0 0 0.0220008
0 0 0.0192772
0 0 0.0187372
0 0 0.0179547
0 0 0.0171246
1 0.0329867 0.0494569
1 0.0157084 0.0320716
0 0 0.0161241
1 0.0815515 0.0972895
0 0 0.0156105
0 0 0.0154761
0 0 0.0152365
1 0.121269 0.136441
1 0.0176261 0.0319661
1 0.142301 0.15631
0 0 0.0135703
1 0.0114888 0.02495
0 0 0.0130014
0 0 0.0129487
0 0 0.0127225
0 0 0.0126958
0 0 0.012492
1 0.0283592 0.0408067
1 0.200351 0.212787
0 0 0.0124186
1 0.0313137 0.0431628
0 0 0.0117383
1 0.00736083 0.0188605
0 0 0.0114955
2 0.130483 0.141593
0 0 0.0109741
0 0 0.0109602
0 0 0.0108975
0 0 0.0102959
0 0 0.0102206
1 0.012099 0.0223057
0 0 0.0101779
0 0 0.00996485
0 0 0.00993515
0 0 0.00980262
0 0 0.00955007
0 0 0.00944683
0 0 0.00904133
0 0 0.00883308
0 0 0.00883248
0 0 0.00877598
0 0 0.00871618
0 0 0.00867139
0 0 0.00857282
0 0 0.00843285
1 0.0476485 0.0559858
1 0.0125404 0.0208182
0 0 0.00822495
1 0.0105277 0.0187527
0 0 0.00817297
0 0 0.00812326
0 0 0.00800632
0 0 0.00797919
1 0.0561559 0.0637001
0 0 0.00747996
0 0 0.00745041
1 0.0197393 0.0269428
0 0 0.00712022
0 0 0.00691879
1 0.0404753 0.0473615
0 0 0.00684235
0 0 0.00672398
0 0 0.00653259
0 0 0.006466
1 0.014744 0.0212053
0 0 0.00640375
0 0 0.00633576
0 0 0.00633253
1 0.0398564 0.0461197
1 0.0376369 0.0438804
0 0 0.00623465
0 0 0.00607306
2 0.0539806 0.060026
0 0 0.0059617
0 0 0.0058134
0 0 0.00580543
1 0.00960063 0.015404
1 0.020507 0.0262218
0 0 0.00570899
0 0 0.00555454
0 0 0.00554569
0 0 0.00544537
0 0 0.00530529
1 0.00592022 0.0111246
1 0.00605083 0.0112545
1 0.0160844 0.0211314
0 0 0.00502067
1 0.0103143 0.0152949
2 0.149443 0.154302
0 0 0.00485674
0 0 0.00485194
1 0.00514834 0.00987895
0 0 0.00454832
0 0 0.00443706
0 0 0.00443491
0 0 0.00443462
0 0 0.00433093
0 0 0.00431511
0 0 0.00427995
0 0 0.00421899
0 0 0.00420686
1 0.0203593 0.024548
0 0 0.00411357
0 0 0.004062
1 0.0406561 0.0447045
2 0.258985 0.262981
1 0.0904209 0.0944055
0 0 0.00397616
1 0.0296569 0.033627
0 0 0.00389111
1 0.00571451 0.0095923
1 0.0157609 0.0195942
1 0.109595 0.113353
0 0 0.00372109
0 0 0.00366472
1 0.0105328 0.0141883
1 0.0246946 0.0283199
0 0 0.00360149
0 0 0.00353216
0 0 0.00345443
0 0 0.00345169
0 0 0.0034406
0 0 0.00339452
0 0 0.00338541
0 0 0.00336641
1 0.0114671 0.0148142
0 0 0.00334634
1 0.00762289 0.010962
0 0 0.00332341
0 0 0.00331186
1 0.0212525 0.024433
1 0.0240348 0.0271266
1 0.116961 0.120005
0 0 0.00304047
0 0 0.00302443
0 0 0.00296871
0 0 0.00296097
0 0 0.00294985
0 0 0.00293608
0 0 0.00293221
1 0.0205108 0.0233446
0 0 0.00281733
0 0 0.0027312
1 0.040341 0.0430639
1 0.0236168 0.0262827
1 0.013385 0.0159925
0 0 0.00260483
0 0 0.00260325
0 0 0.00258104
0 0 0.00256381
1 0.00872978 0.0112357
2 0.073936 0.0764259
1 0.0129314 0.0153966
0 0 0.00245706
0 0 0.00245125
0 0 0.0024359
0 0 0.00243529
1 0.0183113 0.020711
2 0.0336733 0.0360718
0 0 0.00238231
0 0 0.00238105
0 0 0.00236326
1 0.0133253 0.0156876
1 0.0364345 0.0387761
1 0.00801037 0.0103319
1 0.0125324 0.0148347
1 0.00895087 0.0112192
0 0 0.00225265
0 0 0.00223184
2 0.0170572 0.0192651
1 0.02047 0.0226686
0 0 0.00217362
0 0 0.00215678
0 0 0.00215012
0 0 0.00214688
2 0.05587 0.0579892
1 0.0228899 0.0250009
1 0.00225576 0.00435869
1 0.0309816 0.0330724
0 0 0.00206645
1 0.0278325 0.0298449
0 0 0.00200684
1 0.0152853 0.017281
0 0 0.00198623
0 0 0.0019621
0 0 0.00195656
0 0 0.00193421
1 0.0186561 0.0205793
0 0 0.00192012
0 0 0.00191004
1 0.0110841 0.0129875
1 0.116405 0.118271
0 0 0.00183367
0 0 0.00182864
1 0.00694053 0.00875654
0 0 0.00180498
1 0.0198629 0.021665
1 0.0139905 0.0157849
0 0 0.00179306
0 0 0.0017785
1 0.0118102 0.0135718
2 0.0201566 0.0219058
0 0 0.00173353
0 0 0.00172575
1 0.00671821 0.00842679
0 0 0.00170447
1 0.00855372 0.0102148
1 0.0288931 0.0305502
2 0.0252824 0.0269198
0 0 0.00162487
1 0.0488018 0.0504062
1 0.0133935 0.0149693
0 0 0.00155264
0 0 0.00154562
1 0.00899961 0.0105238
1 0.00944193 0.0109556
2 0.0214102 0.0229156
1 0.01628 0.0177788
1 0.12432 0.125811
0 0 0.00149011
1 0.0166588 0.0181399
0 0 0.00146151
1 0.0165726 0.0179918
0 0 0.00141146
1 0.0115642 0.0129595
0 0 0.00138881
1 0.00973958 0.0110956
0 0 0.0013376
1 0.0291988 0.0305168
1 0.011775 0.0130906
1 0.0100217 0.0112997
2 0.0748213 0.0760914
1 0.0206878 0.0219396
1 0.0062641 0.00749832
0 0 0.00123092
1 0.0170101 0.0182254
0 0 0.00120305
0 0 0.00119148
0 0 0.00119037
1 0.0142022 0.0153881
0 0 0.00115468
0 0 0.00113206
2 0.0231266 0.0242466
1 0.00616281 0.00726028
0 0 0.00109419
1 0.00988001 0.0109738
0 0 0.00109141
1 0.00658061 0.0076711
1 0.218573 0.219647
2 0.0225912 0.0236596
1 0.00730174 0.00835639
0 0 0.00105302
0 0 0.00104368
1 0.0545557 0.0555987
1 0.017532 0.0185565
1 0.00387464 0.00489151
1 0.00520413 0.00621992
1 0.0412568 0.0422658
2 0.0273079 0.0283151
1 0.00971269 0.0107179
1 0.00864517 0.00964699
1 0.0115476 0.0125418
0 0 0.000966451
1 0.0324327 0.0333915
1 0.0154396 0.0163882
2 0.118702 0.119645
1 0.0130908 0.014008
0 0 0.000915497
1 0.156048 0.156955
0 0 0.000905088
2 0.132076 0.13298
1 0.0311238 0.0320162
1 0.00544952 0.00634114
0 0 0.000888395
0 0 0.000885455
0 0 0.000878402
0 0 0.000871676
2 0.154947 0.155803
0 0 0.000847753
1 0.0156464 0.0164837
1 0.0210054 0.0218414
1 0.00591149 0.00673852
1 0.00954132 0.0103549
0 0 0.000791989
0 0 0.000774275
0 0 0.000762427
1 0.00376797 0.00452958
1 0.0478598 0.0486141
1 0.00920893 0.00994481
0 0 0.000730171
1 0.00433804 0.00506702
1 0.00414543 0.00487263
0 0 0.000718704
0 0 0.000714605
1 0.0128906 0.0136013
0 0 0.000695837
0 0 0.000689651
2 0.0194541 0.0201428
2 0.0223364 0.0230132
1 0.0080488 0.00872428
1 0.00672482 0.00736835
2 0.0508531 0.0514939
1 0.00240217 0.00303975
1 0.00836362 0.00899554
0 0 0.000631244
1 0.0241477 0.0247781
1 0.0179358 0.0185484
1 0.00336128 0.00395196
2 0.0263951 0.0269764
1 0.00798514 0.00856563
1 0.0141122 0.0146776
2 0.0514382 0.0520007
2 0.0182596 0.0188195
1 0.00454349 0.00510326
2 0.0334509 0.0340072
0 0 0.000552997
2 0.0189215 0.0194605
2 0.0162219 0.0167596
2 0.261085 0.261621
0 0 0.000521919
1 0.00376103 0.0042829
1 0.0294805 0.030002
1 0.00312805 0.00364877
0 0 0.000518568
0 0 0.000515195
1 0.000953309 0.00146309
1 0.00802419 0.00852902
1 0.00211276 0.00261588
1 0.00260754 0.00311018
1 0.015653 0.0161544
2 0.0580815 0.0585596
1 0.0268513 0.0273293
2 0.0160154 0.0164812
1 0.023651 0.0241147
0 0 0.000463554
1 0.0121672 0.0126208
1 0.132227 0.132679
2 0.0413068 0.0417578
1 0.0226741 0.0231177
1 0.0139654 0.0144089
2 0.033994 0.0344355
1 0.0106995 0.0111388
2 0.0300447 0.0304744
1 0.0148188 0.0152447
1 0.0118961 0.0123158
1 0.0187474 0.0191668
1 0.00287269 0.00328941
2 0.0322038 0.0326135
1 0.0159869 0.0163873
1 0.0330391 0.0334393
1 0.0262711 0.0266706
2 0.0280643 0.0284593
1 0.0173299 0.0177163
1 0.0134955 0.013874
1 0.036094 0.0364685
2 0.0112265 0.0115937
1 0.0235119 0.0238742
2 0.050896 0.0512529
1 0.0133681 0.0137245
0 0 0.000355597
1 0.026049 0.0264019
1 0.00702753 0.00737663
2 0.0295252 0.0298725
1 0.00728796 0.00763284
0 0 0.000344052
2 0.0102597 0.0106032
1 0.00934797 0.00969107
1 0.012117 0.0124548
1 0.016808 0.0171352
1 0.00200264 0.00232007
1 0.00229858 0.00261385
0 0 0.000314848
1 0.00770977 0.00802295
0 0 0.000307643
2 0.0206146 0.0209189
1 0.0064867 0.0067903
1 0.00214084 0.00244085
1 0.0230468 0.0233441
1 0.00898697 0.00928337
2 0.0215498 0.0218458
1 0.00105967 0.00135503
2 0.0413756 0.0416657
1 0.0125335 0.0128216
1 0.00505122 0.00533248
2 0.0168101 0.0170903
1 0.0185226 0.0188028
1 0.0020439 0.00232353
1 0.0159968 0.0162741
2 0.0333689 0.0336459
1 0.00316356 0.00343383
1 0.00434964 0.00461272
1 0.0151028 0.0153547
1 0.00839295 0.00864196
1 0.0035838 0.00382945
1 0.0013743 0.00161978
1 0.00643775 0.00667776
0 0 0.000238397
1 0.00398134 0.00421837
2 0.0309284 0.0311653
0 0 0.000233509
1 0.0179421 0.0181715
2 0.0298007 0.0300293
1 0.00322094 0.00344722
2 0.219866 0.220088
1 0.0109975 0.01122
1 0.00400598 0.00422796
1 0.0160113 0.0162316
1 0.00964663 0.00986153
1 0.00217495 0.00238065
1 0.0212671 0.0214686
1 0.0264557 0.0266509
0 0 0.000190854
1 0.00341063 0.0036006
1 0.0389553 0.0391431
1 0.011622 0.0118095
0 0 0.000185888
0 0 0.000184707
1 0.001867 0.00204787
1 0.0139721 0.0141527
0 0 0.000178641
1 0.00746901 0.0076398
1 0.003764 0.00393475
1 0.00485814 0.00502119
1 0.0157426 0.0159053
2 0.0139935 0.0141517
2 0.0176061 0.0177635
0 0 0.000156936
2 0.0279731 0.0281297
2 0.00557699 0.00572633
1 0.0114522 0.0116015
2 0.052223 0.0523718
2 0.0223895 0.0225318
1 0.00426244 0.00440427
1 0.00229585 0.00243752
1 0.00108359 0.00122466
1 0.0104785 0.0106174
1 0.0108932 0.0110308
1 0.00236326 0.00249938
0 0 0.000135071
1 0.0125183 0.0126531
1 0.0111795 0.0113095
1 0.023831 0.0239596
1 0.0112109 0.0113343
1 0.00921546 0.00933763
1 0.00719786 0.00731814
1 0.0138493 0.0139657
2 0.221843 0.221957
2 0.0408741 0.0409866
1 0.0138121 0.0139234
1 0.00439054 0.00450146
2 0.0137683 0.0138776
1 0.024893 0.0250019
1 0.0488452 0.0489533
2 0.00680564 0.00691067
1 0.004757 0.00486141
2 0.034015 0.0341174
2 0.013931 0.014031
0 0 9.80247e-05
2 0.0114713 0.0115689
1 0.00801275 0.00811032
1 0.0125996 0.0126969
0 0 9.68209e-05
1 0.00385274 0.00394884
1 0.00259463 0.00269032
1 0.0368328 0.0369234
1 0.0080327 0.00812264
1 0.00473099 0.00482033
1 0.0301301 0.0302194
1 0.00205539 0.00214436
1 0.000814672 0.00090357
2 0.00445536 0.00454393
2 0.0325082 0.0325927
1 0.00539495 0.00547907
1 0.0130933 0.0131773
1 0.0155744 0.0156556
2 0.0338519 0.0339325
1 0.092842 0.0929222
1 0.0126651 0.0127445
1 0.0171592 0.0172377
1 0.00402582 0.00410358
1 0.00716405 0.00724146
1 0.00721365 0.00728868
1 0.0094807 0.00955486
1 0.00228855 0.00236207
2 0.0166714 0.0167449
1 0.00931289 0.00938531
1 0.00763115 0.00770291
1 0.0605544 0.0606255
1 0.00042775 0.000495214
1 0.0034181 0.00348549
1 0.0126701 0.0127369
2 0.00756167 0.00762794
2 0.0140811 0.0141467
2 0.153287 0.153351
1 0.00275394 0.00281841
2 0.0480347 0.0480952
2 0.00502016 0.00507949
1 0.00851746 0.0085764
2 0.0228621 0.0229211
2 0.029595 0.0296535
2 0.00854726 0.00860562
2 0.0127755 0.0128324
1 0.00876874 0.00882535
2 0.0338861 0.0339411
1 0.00291871 0.00297117
1 0.0296007 0.0296514
1 0.00791723 0.00796745
1 0.0246792 0.0247267
1 0.0220761 0.0221223
1 0.00130875 0.00135146
2 0.0039151 0.00395759
1 0.00117311 0.00121482
2 0.0151139 0.0151556
2 0.0271297 0.027171
1 0.00573264 0.00577384
1 0.0101052 0.0101441
1 0.00355853 0.00359732
1 0.00455188 0.0045875
1 0.0493174 0.0493531
2 0.0103425 0.010378
2 0.0989492 0.0989823
1 0.00201102 0.00204136
2 0.0208195 0.0208483
1 0.00647021 0.00649897
1 0.0241709 0.0241995
2 0.00398907 0.004017
2 0.0196013 0.0196289
2 0.00786832 0.00789531
2 0.0083565 0.00838169
1 0.00371383 0.00373899
2 0.00766277 0.0076877
2 0.00412449 0.00414849
1 0.00909167 0.00911527
2 0.0161374 0.0161603
1 0.0176913 0.0177141
2 0.0200862 0.0201089
1 0.0734667 0.0734885
2 0.0156656 0.0156864
1 0.0164365 0.0164559
1 0.0183774 0.0183966
1 0.00393079 0.00394965
1 0.0223086 0.0223259
2 0.00584979 0.00586682
1 0.00157814 0.00159511
2 0.0153341 0.0153491
1 0.00861197 0.00862687
1 0.00333403 0.00334831
1 0.00574369 0.00575792
2 0.0248151 0.0248293
2 0.00926747 0.00928065
1 0.0233177 0.0233308
1 0.0169624 0.0169755
2 0.0131626 0.0131749
2 0.00814386 0.00815566
1 0.000953641 0.000964976
2 0.0154915 0.0155026
1 0.0690938 0.0691045
2 0.0152503 0.015261
1 0.00400079 0.00401137
1 0.00621307 0.00622339
1 0.0102491 0.0102593
2 0.00444496 0.00445503
2 0.00179146 0.00180143
2 0.0138061 0.0138158
2 0.152554 0.152564
1 0.00858996 0.00859928
2 0.037805 0.0378133
1 0.00217554 0.00218386
2 0.0244366 0.0244448
2 0.0176053 0.0176132
2 0.00832261 0.0083305
1 0.0640367 0.0640443
1 0.000476211 0.00048329
2 0.0260957 0.0261026
2 0.00489219 0.00489828
1 0.0256711 0.025677
1 0.00663492 0.00664074
1 0.00297282 0.00297768
2 0.00936826 0.00937309
1 0.0102629 0.0102676
1 0.0241802 0.0241847
1 0.0073476 0.00735192
2 0.0264207 0.0264246
1 0.00147218 0.00147573
1 0.0141779 0.0141814
2 0.14982 0.149823
1 0.00454061 0.00454378
1 0.0110115 0.0110146
1 0.0143435 0.0143462
2 0.0576634 0.0576661
2 0.0165642 0.0165669
2 0.0194948 0.0194974
2 0.00232771 0.00233017
1 0.0478387 0.0478412
2 0.0409915 0.0409936
2 0.00808095 0.00808277
1 0.0217074 0.0217092
2 0.0141655 0.0141672
2 0.0669006 0.0669022
1 0.0266969 0.0266984
1 0.00387331 0.00387476
1 0.0121885 0.0121898
2 0.00392379 0.00392501
2 0.0127605 0.0127617
1 0.00626598 0.00626705
2 0.0154945 0.0154954
2 0.00248006 0.00248081
2 0.00275377 0.00275448
1 0.0283305 0.0283311
2 0.0144851 0.0144856
1 0.00154286 0.00154321
2 0.0164855 0.0164858
2 0.0518204 0.0518206
2 0.0198465 0.0198466
2 0.00917772 0.00917782
2 0.00170836 0.00170845
2 0.0405673 0.0405674
1 0.0222685 0.0222685
2 0.0233976 0.0233976
2 0.0104788 0.0104788
1 0.00807269 0.00807269
