0 0 inf
0 0 0.385356
1 0.128106 0.31034
0 0 0.142121
0 0 0.10836
0 0 0.0889912
0 0 0.086796
0 0 0.0840041
0 0 0.080152
1 0.120138 0.188822
0 0 0.0679335
0 0 0.066284
0 0 0.0641152
0 0 0.0504901
0 0 0.049997
1 0.070309 0.118792
1 0.262431 0.306859
0 0 0.0433669
1 0.162397 0.205428
1 0.0792619 0.119633
1 0.105123 0.144907
1 0.0289085 0.0680667
0 0 0.0376387
0 0 0.0372501
0 0 0.0349865
0 0 0.0345251
0 0 0.0341619
1 0.0601542 0.0941808
0 0 0.0325193
0 0 0.0324225
0 0 0.0314162
1 0.0369377 0.0678565
0 0 0.0306557
0 0 0.0306039
1 0.0221125 0.0523344
0 0 0.0302175
0 0 0.0294769
1 0.150471 0.179535
0 0 0.0272329
0 0 0.0242525
1 0.0270738 0.0512984
1 0.0369578 0.0609499
0 0 0.0225104
1 0.0873251 0.109632
0 0 0.0222692
0 0 0.0214953
0 0 0.0214486
1 0.0395585 0.0607597
0 0 0.0201007
2 0.179605 0.199123
0 0 0.0195145
0 0 0.0194509
0 0 0.0193925
0 0 0.0193799
1 0.0154511 0.0344105
0 0 0.0185862
0 0 0.0179113
0 0 0.0174826
1 0.0419245 0.0592894
1 0.161082 0.178311
1 0.0600423 0.07716
0 0 0.0168146
1 0.0595849 0.0763359
0 0 0.0162942
0 0 0.0162876
1 0.0510559 0.0669919
0 0 0.0159138
1 0.0202806 0.0352148
0 0 0.0148982
0 0 0.0145199
0 0 0.0144055
0 0 0.0142344
0 0 0.0141949
0 0 0.0140096
1 0.0141269 0.0280917
0 0 0.0137284
1 0.0275334 0.0411868
0 0 0.0136526
0 0 0.0136358
1 0.0822893 0.0957168
0 0 0.0134268
0 0 0.0134227
1 0.0602685 0.0735717
0 0 0.0130635
1 0.0256256 0.0386887
1 0.00921369 0.0221674
1 0.0583489 0.0711243
0 0 0.0124672
0 0 0.0121321
1 0.015954 0.027999
0 0 0.0120348
0 0 0.0120252
0 0 0.0119932
0 0 0.0118626
1 0.0353777 0.046843
1 0.0103208 0.0217095
0 0 0.0109777
1 0.166799 0.177706
1 0.00877148 0.0196551
0 0 0.0106584
1 0.0200764 0.0306938
2 0.164647 0.175227
0 0 0.01031
0 0 0.0102821
0 0 0.0101484
1 0.00914624 0.0192923
1 0.0739882 0.0841298
1 0.0583988 0.0684938
0 0 0.0100806
0 0 0.0100188
1 0.0535133 0.0635271
0 0 0.00998211
0 0 0.00984608
0 0 0.00970888
1 0.120517 0.129762
1 0.203602 0.21284
0 0 0.00898439
0 0 0.00897483
0 0 0.00889584
0 0 0.00860941
0 0 0.00844992
0 0 0.0081671
1 0.0523867 0.0604539
0 0 0.00789151
0 0 0.00787094
0 0 0.00777099
0 0 0.00777045
1 0.0138414 0.0215953
1 0.0150617 0.0228044
1 0.0142884 0.0220068
0 0 0.00768973
0 0 0.00767189
1 0.0718448 0.0793808
1 0.0405558 0.0480654
0 0 0.00742324
0 0 0.00740958
1 0.065897 0.0732453
1 0.0143381 0.0216838
1 0.0199951 0.0272764
0 0 0.00727276
0 0 0.00722898
0 0 0.00718681
0 0 0.00711634
2 0.324652 0.331765
0 0 0.00699658
1 0.051036 0.0579664
0 0 0.00689258
0 0 0.00688235
0 0 0.00681267
1 0.046424 0.0532359
0 0 0.00680621
0 0 0.00677505
0 0 0.00674352
1 0.0399719 0.0466661
1 0.0133837 0.0199637
0 0 0.00656199
0 0 0.00644865
0 0 0.00639956
1 0.0167306 0.0231043
1 0.0685017 0.0748749
0 0 0.00633331
2 0.0622684 0.0685296
0 0 0.00620692
0 0 0.00619842
0 0 0.00615949
0 0 0.00614349
1 0.0161938 0.0222767
0 0 0.0060742
0 0 0.00596623
0 0 0.00595475
1 0.0170377 0.0229852
1 0.0249173 0.0306789
0 0 0.00574669
1 0.0805466 0.0862408
2 0.0274021 0.0330612
1 0.02 0.0256404
2 0.0528703 0.0585094
0 0 0.00560318
1 0.0339621 0.0395432
2 0.224747 0.230299
0 0 0.00553693
0 0 0.00552399
1 0.0504946 0.0559583
0 0 0.0053728
0 0 0.00536489
1 0.0239603 0.0293194
1 0.121277 0.126611
0 0 0.00532063
1 0.0166655 0.0219428
0 0 0.00523163
1 0.0366733 0.0418636
1 0.0205223 0.0257123
1 0.0263961 0.0315855
0 0 0.00518092
0 0 0.00513548
0 0 0.00507284
0 0 0.00502804
0 0 0.0050221
0 0 0.00497099
0 0 0.00494531
2 0.1224 0.127338
2 0.209666 0.214508
1 0.0211689 0.0259908
1 0.0158017 0.0205432
1 0.0160018 0.0207263
2 0.0725011 0.0771415
0 0 0.00460841
0 0 0.00456273
1 0.0242819 0.028781
0 0 0.00448313
1 0.0250101 0.0294327
1 0.0375446 0.0419276
0 0 0.00438274
1 0.0170614 0.0214418
1 0.0172683 0.021628
0 0 0.00432443
1 0.00521694 0.00954067
0 0 0.0042251
0 0 0.00417607
1 0.0149709 0.0190726
0 0 0.00408732
0 0 0.00406272
1 0.0151175 0.0191531
0 0 0.00403341
2 0.3095 0.313373
0 0 0.00386494
1 0.011709 0.0155624
0 0 0.00384774
2 0.064723 0.068532
0 0 0.00380597
2 0.0572273 0.0609605
1 0.0237593 0.0274298
1 0.0468967 0.0505622
1 0.112294 0.115956
1 0.105136 0.108791
1 0.0168545 0.0205003
1 0.0569209 0.0605407
0 0 0.00359842
2 0.0280307 0.03156
0 0 0.00352494
0 0 0.00348785
0 0 0.00343815
1 0.0991761 0.102584
0 0 0.00339152
1 0.0222823 0.0256607
1 0.0348438 0.0381872
1 0.110628 0.113959
2 0.0232081 0.0264576
1 0.0192805 0.0225266
0 0 0.00324115
0 0 0.0031238
0 0 0.00310633
1 0.0157431 0.0188488
0 0 0.00307976
0 0 0.00303254
0 0 0.00302776
1 0.0339662 0.0369835
1 0.04347 0.0464337
2 0.0534185 0.0563181
0 0 0.00289454
1 0.056334 0.0591831
0 0 0.00284716
0 0 0.00280491
1 0.0354943 0.0382825
2 0.0687523 0.0715141
2 0.0474222 0.0501652
0 0 0.0027422
2 0.0360045 0.0387294
0 0 0.00271282
1 0.0250854 0.0277964
0 0 0.00270424
2 0.0311907 0.0338767
2 0.023952 0.0266189
1 0.0965871 0.0992305
2 0.0568611 0.059498
0 0 0.00260916
0 0 0.0025837
0 0 0.00253873
0 0 0.00251527
2 0.122721 0.125195
1 0.0655268 0.067998
1 0.00691439 0.00937622
1 0.025601 0.0280268
0 0 0.0024237
0 0 0.00241952
0 0 0.00240767
1 0.0148104 0.0172052
1 0.0433552 0.0456785
1 0.0205054 0.0228186
1 0.0223493 0.0246543
1 0.04093 0.043202
0 0 0.00224789
2 0.104634 0.106867
2 0.0222879 0.0245109
0 0 0.00221749
0 0 0.00220087
0 0 0.00216439
0 0 0.00214286
1 0.0101529 0.0122923
0 0 0.00213919
2 0.0316825 0.0338112
2 0.0275202 0.0296201
1 0.0146682 0.0167599
0 0 0.00203747
0 0 0.00203622
1 0.0200666 0.0221023
1 0.0288037 0.0307627
1 0.0470093 0.0489457
0 0 0.0019245
1 0.0149253 0.0168285
0 0 0.00186154
1 0.0120063 0.0138514
1 0.0219329 0.0237714
2 0.0454418 0.0472728
0 0 0.00182952
1 0.0380265 0.0398468
1 0.313639 0.315441
2 0.0742165 0.076001
1 0.0157199 0.0174865
0 0 0.00172356
1 0.0584125 0.0601312
1 0.0235802 0.0252614
0 0 0.00164538
1 0.041444 0.0430854
1 0.020318 0.0219457
0 0 0.00162218
2 0.0345996 0.0362212
1 0.0631029 0.0647027
1 0.0158612 0.0174565
1 0.00765822 0.00925285
0 0 0.00156989
0 0 0.00156809
1 0.971356 0.97292
1 0.0123654 0.0139273
1 0.012559 0.0141167
1 0.0263748 0.0279207
0 0 0.00152389
1 0.0118824 0.0133965
0 0 0.00150447
2 0.0268353 0.0283282
1 0.0110077 0.0124987
1 0.0186465 0.0201235
0 0 0.00147632
1 0.0139731 0.0154441
1 0.207476 0.208945
0 0 0.00146794
2 0.0751913 0.0766579
1 0.00956018 0.0110258
0 0 0.00145478
1 0.0122975 0.0137341
0 0 0.00142993
1 0.0109202 0.0123407
1 0.0404502 0.0418597
1 0.0268462 0.0282553
2 0.132878 0.134284
0 0 0.00139784
1 0.0436038 0.0449975
2 0.051939 0.0533231
0 0 0.00138158
2 0.0278777 0.029256
2 0.0734721 0.0748275
1 0.0162685 0.0176174
1 0.0497518 0.0510944
1 0.0283301 0.0296418
1 0.0144847 0.0157839
1 0.00634422 0.0076112
0 0 0.00126487
1 0.0368486 0.0380998
1 0.0478468 0.0490978
1 0.0502419 0.0514854
1 0.0137621 0.0150019
1 0.0248073 0.026047
0 0 0.00121532
1 0.0110033 0.0122061
2 0.0754048 0.0765988
1 0.0276721 0.0288659
1 0.162262 0.163416
2 0.0309381 0.0320912
1 0.0654966 0.0666463
2 0.0250021 0.0261368
0 0 0.00111868
1 0.0361006 0.0372178
1 0.0711584 0.0722711
1 0.0335147 0.0346254
1 0.0377489 0.0388568
2 0.0229067 0.0240081
1 0.00785231 0.00895054
2 0.0792907 0.0803868
0 0 0.00108566
1 0.0664909 0.0675451
2 0.0210536 0.0221062
1 0.0618353 0.0628779
1 0.0128367 0.0138787
1 0.0275076 0.0285454
2 0.0282128 0.0292057
1 0.0190832 0.0200626
0 0 0.000965139
0 0 0.000959664
1 0.0165327 0.0174872
2 0.0373972 0.0383355
1 0.0096317 0.0105666
2 0.0230069 0.0239286
2 0.0494908 0.0503781
1 0.020655 0.0215288
0 0 0.000865553
0 0 0.000864593
2 0.031306 0.0321634
1 0.0118337 0.01267
1 0.0337732 0.0345824
2 0.0813883 0.0821916
1 0.00948437 0.0102771
1 0.0191455 0.0199379
1 0.0429905 0.043775
1 0.072259 0.0730341
1 0.0316533 0.0324261
1 0.0354744 0.0362459
1 0.00921237 0.00998112
1 0.0147076 0.0154707
1 0.00580044 0.00655915
1 0.102285 0.103033
1 0.00909387 0.00983961
1 0.0243016 0.025046
0 0 0.000721465
1 0.0194108 0.0201265
1 0.178986 0.179697
1 0.0322694 0.0329521
1 0.0283213 0.0290027
2 0.0309239 0.0316031
1 0.0147499 0.0154192
1 0.0562661 0.0569332
2 0.0200949 0.0207596
1 0.0919085 0.0925722
2 0.0515371 0.0521997
1 0.0140915 0.0147518
1 0.0220258 0.0226855
1 0.00665731 0.00731247
1 0.0577282 0.058382
1 0.00153851 0.00219221
1 0.039961 0.0406011
1 0.0132334 0.0138734
1 0.011299 0.0119361
2 0.0258162 0.0264504
2 0.0320799 0.0327094
2 0.0277852 0.0284077
1 0.0187821 0.0194004
1 0.0113414 0.0119564
2 0.0231508 0.0237656
1 0.142528 0.143142
0 0 0.000612694
1 0.0176072 0.0182095
2 0.225282 0.225883
0 0 0.000598843
1 0.0215418 0.0221337
1 0.0205809 0.0211659
0 0 0.000583613
1 0.00347306 0.00403572
1 0.031864 0.0324254
1 0.00245382 0.00300334
1 0.0177523 0.0182988
0 0 0.000536695
1 0.00917261 0.00970297
1 0.013166 0.013684
1 0.0547066 0.0552152
2 0.0224519 0.022955
2 0.0237112 0.0242099
2 0.0206385 0.021135
1 0.0353177 0.0358037
2 0.0212941 0.0217772
1 0.0114655 0.011946
0 0 0.000479613
1 0.0603298 0.0608093
2 0.327182 0.327649
1 0.00379755 0.0042645
1 0.00527167 0.00573515
1 0.0192153 0.019675
1 0.0152151 0.0156561
2 0.0652408 0.0656808
2 0.0159251 0.0163574
1 0.00349937 0.00392337
2 0.174771 0.175189
2 0.0467905 0.0472024
1 0.0229828 0.0233885
2 0.0638815 0.0642868
1 0.0208381 0.0212417
1 0.00398144 0.00438433
1 0.103137 0.103533
1 0.0107405 0.0111286
2 0.0504024 0.0507709
1 0.00578425 0.00615269
1 0.0508477 0.0512143
0 0 0.000365678
1 0.0231841 0.0235462
1 0.00209406 0.00245501
1 0.012041 0.0124005
1 0.178448 0.178804
1 0.0194894 0.0198419
2 0.0691406 0.0694922
1 0.0223142 0.0226613
2 0.0351357 0.0354782
1 0.105588 0.10593
1 0.0165019 0.0168371
1 0.0165507 0.0168813
1 0.00324423 0.00357326
1 0.0311598 0.0314885
1 0.00972477 0.01005
1 0.01805 0.0183749
2 0.0299984 0.0303229
1 0.00725539 0.00757956
1 0.0074543 0.00776891
1 0.0758106 0.0761205
1 0.0215922 0.0218973
1 0.0604377 0.0607414
1 0.0216675 0.021971
2 0.0752493 0.0755493
2 0.0511273 0.051426
2 0.0767363 0.0770282
2 0.122044 0.122334
1 0.305515 0.305805
1 0.0311195 0.031405
1 0.00509684 0.0053809
1 0.016501 0.0167841
1 0.0139013 0.0141832
2 0.0358023 0.036083
1 0.00512853 0.00540667
2 0.192779 0.193047
1 0.0266172 0.0268847
0 0 0.000263508
1 0.00634661 0.00660563
2 0.0205114 0.0207676
2 0.0262398 0.0264958
1 0.0187821 0.0190328
1 0.00352519 0.00377458
1 0.00286834 0.00311691
1 0.00773387 0.0079816
1 0.0058578 0.00610235
2 0.0155445 0.0157881
2 0.028508 0.028746
1 0.048027 0.0482609
1 0.00252005 0.00275338
1 0.010176 0.010409
2 0.0210947 0.021327
1 0.010103 0.0103331
1 0.120827 0.121055
1 0.0687433 0.0689701
2 0.0354751 0.0356881
1 0.0174811 0.0176936
1 0.0249592 0.0251713
1 0.00383281 0.00404072
1 0.0140673 0.0142702
2 0.118989 0.119171
1 0.0244758 0.0246568
1 0.0206461 0.0208268
2 0.0187528 0.018932
1 0.0505154 0.0506936
1 0.028017 0.028195
1 0.0116131 0.0117857
2 0.0653575 0.0655278
2 0.0765302 0.0766999
2 0.0272544 0.0274209
2 0.026828 0.0269918
1 0.0202708 0.0204339
2 0.0663086 0.0664712
2 0.0725301 0.0726921
1 0.00487255 0.00503324
2 0.019721 0.0198801
1 0.0242444 0.0244019
1 0.0249955 0.0251472
1 0.0340385 0.0341881
1 0.014242 0.0143886
2 0.0257048 0.0258511
1 0.00214497 0.00228954
1 0.0296337 0.0297773
1 0.0104261 0.0105672
1 0.0416335 0.0417737
2 0.0280316 0.0281708
2 0.0311768 0.0313129
1 0.0175283 0.0176635
2 0.058194 0.0583221
1 0.0184937 0.0186076
1 0.00771668 0.00782617
1 0.027042 0.0271495
2 0.0492995 0.0494059
1 0.0726395 0.0727448
1 0.0181175 0.0182212
1 0.00256693 0.00266937
1 0.0293292 0.0294309
2 0.0384111 0.0385106
2 0.0293969 0.0294952
1 0.0215217 0.0216196
1 0.0184117 0.0185092
1 0.01705 0.0171453
2 0.0245455 0.0246408
1 0.00836108 0.00845266
1 0.0185631 0.0186547
1 0.00803054 0.00812208
2 0.019096 0.0191875
1 0.0162507 0.0163416
2 0.0388039 0.0388945
1 0.00649073 0.00657858
1 0.103369 0.103455
2 0.0357004 0.0357855
1 0.0209133 0.0209972
1 0.00476873 0.00485169
1 0.0308882 0.0309706
1 0.0210801 0.0211609
1 0.0278467 0.0279271
2 0.0298018 0.0298811
2 0.0355995 0.0356772
2 0.0598599 0.0599363
2 0.0227654 0.0228408
1 0.00546717 0.00554191
1 0.0172531 0.0173269
1 0.0162746 0.0163465
2 0.043304 0.043375
1 0.0273151 0.027386
2 0.0241123 0.0241831
2 0.0329729 0.0330423
1 0.0434118 0.0434785
2 0.0125492 0.0126159
1 0.03343 0.0334955
1 0.0209092 0.0209738
1 0.0255927 0.0256568
1 0.019917 0.0199804
1 0.0273255 0.0273885
2 0.0601745 0.0602367
1 0.0185587 0.0186208
2 0.315619 0.31568
2 0.0609026 0.0609631
1 0.0208743 0.0209347
2 0.0334585 0.033517
2 0.0287099 0.028768
1 0.0537906 0.0538485
1 0.00665885 0.00671651
1 0.0384087 0.0384663
2 0.0225628 0.0226158
2 0.0965117 0.0965623
1 0.028199 0.0282495
1 0.0169914 0.0170407
1 0.0195564 0.0196055
2 0.0360199 0.0360683
2 0.0258931 0.0259391
2 0.0175785 0.0176215
1 0.0255305 0.0255732
1 0.0293289 0.029371
1 0.00388368 0.00392336
1 0.0306617 0.0307004
1 0.00830669 0.0083451
1 0.0604434 0.0604814
2 0.0208268 0.0208646
1 0.0115389 0.0115751
1 0.0114874 0.0115228
1 0.00367097 0.00370568
1 0.0127232 0.0127551
1 0.0657226 0.0657538
2 0.0226252 0.0226544
2 0.0228283 0.0228573
2 0.0489955 0.049024
1 0.00129036 0.00131883
2 0.0298758 0.0299029
2 0.0104416 0.0104681
2 0.0185608 0.0185847
1 0.0410507 0.0410746
2 0.0233556 0.0233792
1 0.0185338 0.0185573
1 0.0279245 0.027948
1 0.0243643 0.0243867
2 0.105773 0.105795
2 0.0373054 0.0373273
1 0.0154496 0.0154698
1 0.00309813 0.00311826
1 0.0079501 0.00796986
1 0.021647 0.0216667
1 0.00474994 0.00476902
2 0.0736764 0.0736942
2 0.0219929 0.0220103
2 0.0626887 0.0627059
1 0.00625502 0.00627169
1 0.0219593 0.0219758
2 0.0883068 0.088323
2 0.0274837 0.0274985
1 0.0253884 0.0254031
2 0.0127884 0.0128031
2 0.0157602 0.0157737
1 0.00918411 0.00919712
2 0.018634 0.018647
2 0.0111295 0.0111423
1 0.0310703 0.031083
1 0.0689465 0.0689591
2 0.00849545 0.00850743
1 0.0434299 0.0434409
1 0.0110712 0.0110823
2 0.028674 0.0286833
2 0.0142798 0.0142885
1 0.0104327 0.010441
1 0.0111718 0.01118
1 0.00445885 0.00446625
1 0.0954117 0.0954188
2 0.027956 0.0279623
2 0.0220315 0.0220364
1 0.00159635 0.00160103
1 0.0382632 0.0382679
1 0.0098637 0.00986776
1 0.0187638 0.0187674
1 0.022714 0.0227176
2 0.0186663 0.0186698
1 0.00622991 0.00623305
1 0.00426919 0.00427201
2 0.0196366 0.0196393
1 0.0299488 0.0299509
2 0.0234575 0.0234596
2 0.0347651 0.034767
1 0.0331525 0.0331541
1 0.0201083 0.0201098
1 0.0194942 0.0194955
2 0.112528 0.112529
1 0.0423353 0.0423359
1 0.0116663 0.0116663
2 0.0257569 0.025757
2 0.035402 0.035402
