0 0 inf
0 0 0.0871873
0 0 0.0815412
0 0 0.0783521
0 0 0.0470917
1 0.128857 0.165827
0 0 0.0348463
0 0 0.0337635
0 0 0.0333747
0 0 0.0267653
1 0.0491811 0.0744362
0 0 0.0243842
0 0 0.0208736
0 0 0.0207616
1 0.0214857 0.0398869
1 0.0439112 0.0621054
0 0 0.0181627
0 0 0.0175911
0 0 0.0175843
0 0 0.0174858
1 0.0289946 0.0456476
0 0 0.0153236
0 0 0.0147279
0 0 0.0139118
0 0 0.0138803
0 0 0.0132461
0 0 0.0132458
1 0.0151573 0.0282603
0 0 0.0120529
1 0.0341136 0.0460225
2 0.0803398 0.0922194
0 0 0.0108624
0 0 0.0107703
1 0.0427608 0.0534216
0 0 0.0105539
1 0.0290044 0.0393381
0 0 0.0101765
0 0 0.0101645
0 0 0.00994206
0 0 0.00966001
0 0 0.00958011
0 0 0.00925535
1 0.103278 0.112375
0 0 0.0089375
1 0.0379335 0.0462765
1 0.138899 0.147225
0 0 0.00831179
0 0 0.00824422
0 0 0.00805097
0 0 0.00757549
1 0.0266212 0.03403
1 0.00486038 0.0122384
1 0.0471445 0.0544634
0 0 0.00703174
0 0 0.00667271
0 0 0.00666576
0 0 0.00663684
0 0 0.00661958
0 0 0.00652659
1 0.0220025 0.0284824
1 0.0262875 0.0327196
0 0 0.00613101
0 0 0.00610841
0 0 0.00604693
1 0.130901 0.136913
0 0 0.00600445
1 0.00421742 0.0100692
1 0.0105712 0.016164
0 0 0.0054968
1 0.00573547 0.0112027
0 0 0.00527785
1 0.00643111 0.0115518
0 0 0.00506513
0 0 0.00496209
1 0.00760648 0.0124562
0 0 0.00480309
1 0.011693 0.0164638
0 0 0.00473869
0 0 0.00466747
1 0.0205993 0.0252322
0 0 0.0045008
0 0 0.00446936
0 0 0.00445952
0 0 0.00425803
1 0.0391929 0.0434014
0 0 0.00406499
0 0 0.00393315
0 0 0.00380497
0 0 0.00378553
2 0.0451232 0.0487983
0 0 0.00365178
0 0 0.00364232
1 0.0217193 0.0253501
0 0 0.00360691
0 0 0.00354317
0 0 0.00353384
1 0.0166836 0.0202083
0 0 0.00348366
1 0.0061809 0.00964236
1 0.00729382 0.010727
0 0 0.00334198
0 0 0.00316319
1 0.0252232 0.028382
0 0 0.003079
1 0.0592755 0.0623471
1 0.0190661 0.022132
1 0.037019 0.0400849
0 0 0.00303044
0 0 0.00302051
0 0 0.00301022
2 0.073577 0.0765132
1 0.00313616 0.00603901
0 0 0.00287935
0 0 0.00287842
0 0 0.00283285
1 0.0068942 0.009722
1 0.042591 0.0454074
0 0 0.00276301
0 0 0.00271583
1 0.00393811 0.00656732
0 0 0.00261165
1 0.0298286 0.0324188
0 0 0.00251142
0 0 0.00250104
0 0 0.0024827
0 0 0.00244881
0 0 0.00244589
0 0 0.00244472
1 0.0389293 0.0413546
0 0 0.0023824
1 0.0311526 0.0334509
0 0 0.00224078
1 0.0216079 0.0238409
0 0 0.00218584
1 0.0226315 0.0247956
1 0.0034654 0.00561775
1 0.00558042 0.00772842
2 0.0141477 0.0162508
0 0 0.00208878
0 0 0.00203893
2 0.0168262 0.0188298
0 0 0.00198544
1 0.0277864 0.0297629
0 0 0.00197648
0 0 0.00197069
1 0.0117891 0.0137517
0 0 0.00195786
1 0.00635443 0.00830166
0 0 0.0019244
0 0 0.00191191
0 0 0.00189938
0 0 0.00188443
0 0 0.00188244
0 0 0.00183089
1 0.0367364 0.0385636
1 0.00317694 0.00498374
1 0.0084764 0.010261
1 0.00547412 0.00724645
0 0 0.0017587
0 0 0.00175806
1 0.0125267 0.0142804
1 0.0142892 0.0160358
1 0.00676931 0.00848179
0 0 0.00166904
1 0.0248172 0.0264828
1 0.00817612 0.00982066
1 0.0109005 0.0125256
0 0 0.00162309
0 0 0.0016112
0 0 0.00160096
0 0 0.00156929
1 0.00352028 0.00508297
1 0.00932264 0.0108742
1 0.00720157 0.00875181
0 0 0.00153365
1 0.0415322 0.0430647
1 0.0122841 0.0138048
0 0 0.00151632
1 0.00990002 0.0114113
0 0 0.00150566
0 0 0.00150056
1 0.00274461 0.00424075
1 0.0019749 0.00346765
1 0.0101317 0.0116054
0 0 0.00146828
0 0 0.00146743
1 0.00493347 0.00638358
0 0 0.00144548
1 0.0575795 0.0590231
0 0 0.00143215
1 0.00235968 0.00378504
0 0 0.00142499
0 0 0.00139715
1 0.00293164 0.00430135
0 0 0.0013309
0 0 0.00132575
0 0 0.00132455
1 0.002253 0.00357729
2 0.0455078 0.0468212
0 0 0.00130763
0 0 0.00129761
0 0 0.00129518
0 0 0.00128977
0 0 0.00128247
1 0.0261854 0.0274672
1 0.010426 0.0117068
0 0 0.00126646
0 0 0.00125939
0 0 0.0012489
1 0.00858325 0.00982646
1 0.0205733 0.021816
0 0 0.00124157
0 0 0.00122439
1 0.0190862 0.0203033
0 0 0.00121498
1 0.011167 0.0123727
0 0 0.00120258
1 0.00441223 0.00556057
1 0.0276492 0.0287975
0 0 0.00114606
1 0.00847274 0.009612
2 0.015154 0.0162395
1 0.00267376 0.0037443
0 0 0.00106129
0 0 0.00105343
0 0 0.00104222
0 0 0.00104144
0 0 0.00103608
1 0.012019 0.0130413
2 0.0396898 0.0407102
0 0 0.00100935
0 0 0.000992754
2 0.0286029 0.029583
1 0.0172194 0.0181834
0 0 0.000962233
0 0 0.000949991
0 0 0.000941521
1 0.0132034 0.0141426
2 0.0476729 0.0486007
0 0 0.000927368
1 0.0498829 0.0508098
2 0.0201619 0.0210869
1 0.0526921 0.0536162
0 0 0.000921427
1 0.018033 0.0189411
0 0 0.000889916
0 0 0.000888315
0 0 0.000886182
1 0.00489038 0.0057733
0 0 0.000872749
1 0.0139487 0.0148195
1 0.0242783 0.0251346
1 0.0885429 0.0893853
0 0 0.000828567
2 0.0103954 0.0112106
1 0.0107042 0.0115189
0 0 0.000805758
1 0.0112592 0.0120634
2 0.0122814 0.0130806
0 0 0.000795088
0 0 0.000791175
0 0 0.000786946
1 0.00340148 0.00418804
1 0.00369925 0.00446537
0 0 0.000754852
1 0.00142823 0.002179
1 0.00781247 0.00855236
1 0.0230657 0.0238025
0 0 0.000723073
1 0.0086956 0.00941704
1 0.00950788 0.0102182
0 0 0.000708236
1 0.0190431 0.0197468
0 0 0.000699256
0 0 0.000699146
0 0 0.000685893
1 0.00895492 0.00964002
1 0.00854676 0.00922955
0 0 0.000675206
0 0 0.000670386
1 0.01193 0.0125959
0 0 0.000661734
0 0 0.000649424
0 0 0.000642218
1 0.0399159 0.0405575
1 0.00171538 0.00235352
1 0.00170339 0.00233165
1 0.0151465 0.015773
1 0.00429154 0.00491386
1 0.00235849 0.00297282
0 0 0.000612473
1 0.00285977 0.00347214
0 0 0.000611845
0 0 0.000594392
1 0.00988255 0.0104744
1 0.0084347 0.00902569
2 0.0105796 0.0111668
1 0.00457455 0.00515578
0 0 0.000566888
1 0.0048017 0.00536498
0 0 0.000553937
1 0.0292671 0.0298197
1 0.00179691 0.00234288
1 0.00974914 0.0102914
1 0.00538511 0.0059267
1 0.0076731 0.00821375
1 0.0036728 0.00421331
0 0 0.000532797
0 0 0.000529807
1 0.148145 0.148661
1 0.00574626 0.00625824
1 0.0043182 0.00482651
1 0.0121188 0.012624
0 0 0.000489485
1 0.0108353 0.0112881
1 0.00102651 0.0014637
1 0.0188531 0.0192816
1 0.00972069 0.010146
0 0 0.000423689
0 0 0.000423686
1 0.00786479 0.0082879
0 0 0.000420281
1 0.00341522 0.00383501
2 0.0154155 0.0158332
1 0.0434984 0.0439134
2 0.0775404 0.0779509
1 0.00145393 0.00186071
2 0.0117891 0.0121955
2 0.0469861 0.0473892
1 0.0143784 0.0147789
1 0.0195613 0.0199591
0 0 0.000394222
0 0 0.000391326
2 0.00666537 0.007053
1 0.0018659 0.00225194
0 0 0.000384136
1 0.00442442 0.00480851
0 0 0.000381661
2 0.0615644 0.0619441
1 0.0129163 0.0132832
2 0.00766358 0.00802933
2 0.0289077 0.0292728
1 0.00258685 0.00294691
1 0.00203449 0.00238144
0 0 0.000346578
1 0.0126096 0.0129531
2 0.0127288 0.0130671
1 0.00178755 0.00212551
1 0.00769771 0.00803334
1 0.0031203 0.00344965
1 0.00557006 0.00589514
1 0.0947874 0.0951108
1 0.00162437 0.00194359
1 0.00418083 0.00449989
1 0.00197581 0.00229351
0 0 0.000314218
1 0.0235018 0.0238097
1 0.0281924 0.0284988
0 0 0.000304348
0 0 0.000303646
0 0 0.000301776
1 0.00869772 0.00899169
0 0 0.000293164
0 0 0.000291715
1 0.0108136 0.0111018
2 0.0218257 0.0221124
1 0.00372429 0.00400922
1 0.00112625 0.00140681
1 0.0231873 0.0234654
2 0.0775902 0.0778677
1 0.0283095 0.0285846
1 0.00304172 0.00331398
1 0.012427 0.0126945
1 0.0117697 0.012033
1 0.00383739 0.00409871
1 0.00713796 0.00739747
1 0.00664501 0.00690324
1 0.00425206 0.0045098
1 0.0116197 0.0118751
2 0.015401 0.0156562
1 0.00203976 0.00229258
1 0.0016999 0.00195064
2 0.0108005 0.0110471
2 0.0166396 0.0168833
1 0.00297873 0.0032218
1 0.00246779 0.00270252
2 0.00821091 0.00844502
1 0.00501298 0.00524654
0 0 0.000232655
1 0.00338878 0.0036194
2 0.00475497 0.00498237
1 0.00237677 0.00259955
1 0.000820081 0.00104035
2 0.00234503 0.00256264
1 0.00153756 0.00175288
2 0.0135767 0.013789
1 0.00210269 0.00231427
0 0 0.00020671
2 0.0153972 0.0156018
0 0 0.000203825
1 0.0101991 0.0104006
1 0.00277482 0.00297604
1 0.00136986 0.00156885
1 0.0230538 0.0232528
1 0.0730061 0.0732029
1 0.0648727 0.0650678
1 0.00235273 0.00254611
0 0 0.000192116
2 0.012842 0.0130332
2 0.0118238 0.0120148
1 0.00138714 0.00157441
1 0.00222435 0.00241104
0 0 0.000186182
1 0.0394935 0.0396795
2 0.00560319 0.00578631
1 0.0187037 0.0188858
2 0.0235271 0.023708
0 0 0.000175371
2 0.013711 0.0138861
2 0.106355 0.10653
1 0.0670267 0.0671986
2 0.0412572 0.0414274
1 0.00449452 0.00466276
1 0.0114955 0.0116616
1 0.00539908 0.00556173
1 0.00682305 0.00698563
0 0 0.000161598
0 0 0.000160546
0 0 0.00015927
1 0.00526576 0.0054239
1 0.00454349 0.0046995
1 0.0020506 0.00220655
1 0.0389054 0.0390613
1 0.00197689 0.00213155
1 0.0104357 0.0105902
1 0.0305214 0.0306737
1 0.00255257 0.00270218
1 0.00340706 0.00355504
0 0 0.0001477
1 0.00632869 0.00647172
1 0.00180152 0.00194121
1 0.146933 0.14707
1 0.00144402 0.00158037
1 0.0132712 0.0134067
2 0.0030213 0.00315485
2 0.00484565 0.00497919
1 0.00825773 0.00839022
1 0.00175381 0.00188327
2 0.046072 0.0462003
2 0.00540793 0.0055359
2 0.0961217 0.0962471
2 0.0155118 0.0156332
1 0.00451677 0.00463522
2 0.00849755 0.00861308
2 0.0769111 0.077025
1 0.00394599 0.00405743
1 0.00278859 0.00289842
2 0.00627901 0.00638864
1 0.00302162 0.00312905
2 0.00337508 0.0034824
1 0.00408666 0.00419197
1 0.0464521 0.0465567
2 0.0147816 0.014884
2 0.0253657 0.0254678
2 0.0575555 0.0576576
1 0.00557863 0.00568023
2 0.018203 0.0183043
1 0.00309808 0.00319827
1 0.0111232 0.0112226
1 0.0273722 0.0274706
1 0.00307689 0.0031753
1 0.02758 0.0276756
2 0.0553193 0.0554128
2 0.0194019 0.019495
1 0.000712866 0.000802534
1 0.00332622 0.00341548
2 0.0607215 0.0608084
1 0.00243069 0.00251565
1 0.0120274 0.0121119
2 0.0297189 0.0298033
1 0.00415184 0.00423586
2 0.0116399 0.0117214
2 0.0119401 0.012021
1 0.00902297 0.00910297
1 0.00130918 0.00138764
1 0.00128817 0.00136626
2 0.0401918 0.0402697
1 0.0246052 0.024683
1 0.000316735 0.000393981
2 0.00972008 0.00979598
2 0.00335239 0.00342814
2 0.0102478 0.0103233
2 0.031005 0.0310802
1 0.00614679 0.00622189
1 0.00685489 0.00692912
1 0.0122862 0.0123601
1 0.000827503 0.000900636
1 0.000625212 0.000697743
1 0.00293324 0.00300571
1 0.00398971 0.00406168
1 0.030271 0.0303428
2 0.0204344 0.0205033
1 0.0047432 0.00481188
1 0.00223187 0.00229997
1 0.00981588 0.00988338
1 0.044773 0.0448382
1 0.00106584 0.00113039
2 0.00613166 0.0061954
1 0.00307298 0.00313525
1 0.00257672 0.00263804
2 0.00306826 0.00312899
1 0.0106582 0.0107188
2 0.00726709 0.0073272
1 0.002559 0.00261884
1 0.0599324 0.0599894
1 0.0447945 0.0448512
2 0.0250239 0.0250806
2 0.00639684 0.00645333
2 0.0120088 0.0120637
1 0.00920379 0.00925851
2 0.00794773 0.0080024
1 0.000514908 0.000568797
1 0.11155 0.111604
1 0.0259826 0.0260363
1 0.00151277 0.00156608
1 0.00620055 0.00625356
1 0.00512606 0.00517859
1 0.00112081 0.00117328
0 0 5.15709e-05
2 0.00648031 0.00653059
1 0.0423846 0.0424348
1 0.00311602 0.00316607
1 0.00206098 0.00211051
1 0.00377458 0.00382302
0 0 4.71975e-05
1 0.0744533 0.0745004
1 0.00530723 0.00535386
1 0.010378 0.0104243
1 0.00155813 0.00160376
2 0.0602199 0.060265
1 0.00284873 0.00289351
1 0.00119015 0.00123296
1 0.00239395 0.00243668
2 0.00414057 0.00418132
1 0.00534196 0.00538174
1 0.013956 0.0139957
2 0.024984 0.0250233
2 0.0128369 0.0128758
2 0.0343641 0.0344029
1 0.00171159 0.00174909
2 0.0118425 0.0118784
1 0.00621832 0.00625403
1 0.000971162 0.00100584
1 0.000237951 0.000272622
2 0.0047189 0.00475225
1 0.00347645 0.00350962
1 0.00220497 0.0022377
1 0.00298695 0.00301956
2 0.0043926 0.00442494
1 0.00578546 0.00581777
1 0.0127189 0.0127512
1 0.00333152 0.00336367
2 0.00567998 0.00571182
1 0.00149835 0.00153006
1 0.00638955 0.00642052
2 0.00841317 0.00844245
1 0.0121873 0.0122165
1 0.00895282 0.00898136
1 0.0032068 0.00323488
1 0.00644528 0.00647311
2 0.00423605 0.00426288
1 0.00382788 0.00385443
2 0.00550867 0.00553493
2 0.00463562 0.00466174
1 0.0194858 0.0195119
2 0.0017228 0.00174875
1 0.00111153 0.00113709
2 0.00357306 0.00359855
2 0.0062629 0.00628837
1 0.00386432 0.0038893
2 0.00192851 0.00195317
1 0.00279189 0.00281553
1 0.00453422 0.00455738
1 0.0026028 0.00262576
1 0.00223579 0.00225812
2 0.00331517 0.00333704
1 0.0144484 0.0144698
2 0.00418017 0.00420114
1 0.00217163 0.00219119
1 0.0082394 0.00825804
2 0.0673793 0.0673975
1 0.00216924 0.00218728
1 0.00293675 0.00295473
2 0.00530151 0.00531938
1 0.00507035 0.00508818
1 0.00744318 0.00746085
2 0.00289546 0.00291251
1 0.00181887 0.00183556
2 0.018275 0.018291
1 0.00128784 0.00130322
1 0.00172676 0.00174154
1 0.0360977 0.0361119
1 0.000875316 0.000889243
2 0.00384748 0.00386001
1 0.0014794 0.0014914
2 0.00485174 0.00486365
1 0.00782433 0.00783564
2 0.0267996 0.0268107
1 0.00696572 0.00697661
2 0.0146071 0.014618
2 0.0400237 0.0400331
2 0.00870517 0.00871442
1 0.00333318 0.0033423
2 0.0050803 0.00508913
1 0.00192492 0.00193363
2 0.00111238 0.00112092
2 0.0253502 0.0253586
1 0.00417543 0.00418342
1 0.00171115 0.00171912
2 0.00314801 0.00315565
1 0.00388473 0.00389234
1 0.00402446 0.00403189
2 0.00830471 0.00831213
1 0.00260666 0.00261404
1 0.00550486 0.00551214
2 0.150103 0.15011
1 0.0068925 0.00689966
1 0.00263834 0.00264507
2 0.00342998 0.00343602
1 0.00211216 0.00211758
2 0.00161777 0.0016231
1 0.00991781 0.00992291
2 0.00259564 0.0026006
2 0.00891977 0.00892471
2 0.0099356 0.00994051
1 0.0248825 0.0248872
2 0.00230097 0.00230552
1 0.00206265 0.00206669
2 0.00513783 0.00514173
2 0.0133285 0.0133323
2 0.00372391 0.00372754
1 0.00229987 0.0023033
2 0.00521432 0.00521774
2 0.00306277 0.00306583
2 0.0020186 0.00202147
1 0.00410439 0.00410709
2 0.00415423 0.0041569
1 0.00468721 0.00468964
1 0.0077608 0.00776318
2 0.00401178 0.00401417
1 0.00681833 0.00682071
2 0.0061601 0.00616242
1 0.00288352 0.00288582
2 0.00192515 0.00192745
1 0.0340996 0.0341019
1 0.0288077 0.0288099
2 0.00285503 0.00285652
1 0.00303868 0.00304013
1 0.0114742 0.0114755
2 0.00293321 0.0029345
1 0.0808354 0.0808367
1 0.00523628 0.00523747
2 0.0046395 0.00464028
1 0.00313741 0.00313815
2 0.0122274 0.0122281
2 0.00158204 0.00158266
1 0.00414805 0.00414863
1 0.00143899 0.00143956
1 0.00247912 0.00247967
1 0.0138034 0.0138039
1 0.0205307 0.0205312
1 0.00262736 0.00262777
1 0.00128957 0.00128992
1 0.0325883 0.0325887
1 0.0118149 0.0118152
1 0.00481079 0.00481096
1 0.0110075 0.0110076
2 0.0692656 0.0692657
2 0.00635301 0.00635308
2 0.00618531 0.00618538
2 0.00415828 0.00415833
2 0.0110761 0.0110762
2 0.0103136 0.0103136
2 0.00302512 0.00302513
2 0.00379233 0.00379233
1 0.00140531 0.00140532
2 0.0110417 0.0110417
1 0.00274156 0.00274156
