0 0 inf
0 0 0.101986
1 0.047305 0.114199
0 0 0.0556485
0 0 0.0509355
1 0.0572743 0.102525
1 0.292917 0.334619
0 0 0.0405185
0 0 0.0400397
0 0 0.0311441
0 0 0.029822
0 0 0.0297739
1 0.0633613 0.0916394
0 0 0.0282473
0 0 0.0279031
0 0 0.0259467
1 0.0510943 0.0770157
0 0 0.0243847
0 0 0.0243316
1 0.120846 0.143815
0 0 0.0227523
0 0 0.0219899
0 0 0.021504
0 0 0.0202276
0 0 0.0196291
1 0.0247545 0.0437432
0 0 0.0175586
0 0 0.0169251
0 0 0.0167166
1 0.0896205 0.105568
0 0 0.0159228
0 0 0.0158964
1 0.283799 0.299417
0 0 0.0154449
0 0 0.0152384
0 0 0.0143201
0 0 0.0141521
0 0 0.0138861
0 0 0.01378
0 0 0.0136487
0 0 0.0135346
0 0 0.0132357
1 0.0253013 0.0383568
0 0 0.0130059
0 0 0.0128441
0 0 0.0119173
0 0 0.0118934
0 0 0.0111988
1 0.00932694 0.0196086
0 0 0.0102623
0 0 0.0100308
0 0 0.00975473
0 0 0.00961113
0 0 0.00957219
0 0 0.00884263
0 0 0.00877042
0 0 0.00871052
0 0 0.00860496
1 0.0150909 0.0236956
1 0.016333 0.0247384
0 0 0.00839456
1 0.0813074 0.0896207
1 0.0759377 0.0841112
1 0.123523 0.131595
2 0.15528 0.163219
1 0.0195719 0.0274923
1 0.0580037 0.0659136
1 0.0117809 0.019496
0 0 0.00770295
1 0.307727 0.315426
0 0 0.00762871
0 0 0.00744197
0 0 0.00736268
0 0 0.00729834
0 0 0.00726311
2 0.32119 0.328286
0 0 0.00707408
0 0 0.00701125
0 0 0.00696498
1 0.0363626 0.0432659
0 0 0.00684371
0 0 0.00674355
0 0 0.00664494
0 0 0.00656327
0 0 0.00641671
0 0 0.00636559
0 0 0.00601062
0 0 0.00579549
1 0.0274868 0.0329452
1 0.00530656 0.0106676
0 0 0.00531708
0 0 0.00525855
1 0.00574607 0.0109267
2 0.119289 0.124453
0 0 0.00515764
0 0 0.00514952
0 0 0.00506783
1 0.0675715 0.0725984
1 0.0869729 0.091999
0 0 0.0049541
0 0 0.00494305
1 0.0180537 0.0229221
0 0 0.00485565
0 0 0.00479894
1 0.00543746 0.0100498
1 0.0440417 0.0485787
0 0 0.00452182
0 0 0.00450145
0 0 0.00444355
0 0 0.00441728
0 0 0.00434897
1 0.00739164 0.0117058
0 0 0.00431303
1 0.0312202 0.0354936
0 0 0.00420588
0 0 0.00418646
1 0.0633929 0.0675702
0 0 0.00409986
0 0 0.00409976
0 0 0.00409739
0 0 0.00409429
0 0 0.00408653
1 0.00846345 0.0125256
1 0.0471189 0.0511682
0 0 0.00404248
1 0.0640093 0.0680348
0 0 0.00400051
0 0 0.00384811
1 0.00262833 0.00644138
0 0 0.00373828
1 0.0649471 0.0686715
1 0.0700199 0.0737299
0 0 0.00368903
1 0.016326 0.0200139
0 0 0.00355697
0 0 0.00355437
0 0 0.00354508
0 0 0.00353733
0 0 0.00346541
1 0.00262592 0.00603087
1 0.0299933 0.0333916
0 0 0.00330599
0 0 0.003148
0 0 0.00314737
1 0.00635358 0.00949538
0 0 0.00312643
0 0 0.00312572
0 0 0.00310836
0 0 0.00309942
1 0.00399417 0.00708772
0 0 0.0029516
0 0 0.00293096
0 0 0.00292446
1 0.035904 0.0388219
0 0 0.00291118
1 0.0355441 0.0384372
1 0.0890071 0.0918915
0 0 0.00286695
0 0 0.00282502
1 0.0301357 0.0328972
0 0 0.00274673
0 0 0.00270793
1 0.0107714 0.0134357
1 0.00979729 0.0124513
1 0.00659174 0.00922366
0 0 0.00260821
0 0 0.00258996
1 0.00509864 0.00760748
1 0.066029 0.0684994
0 0 0.00241132
1 0.0215649 0.0239616
2 0.0970387 0.0994331
1 0.00415757 0.0065475
0 0 0.00237038
0 0 0.00236836
1 0.00559959 0.00795996
0 0 0.00235487
0 0 0.00234983
0 0 0.00232313
0 0 0.00229833
1 0.03258 0.034827
1 0.0171445 0.0193889
0 0 0.00221069
0 0 0.00220112
0 0 0.00219281
2 0.0927428 0.0949067
0 0 0.00213905
1 0.00172175 0.00383395
0 0 0.00210206
0 0 0.00207557
0 0 0.00206201
1 0.0680152 0.0700246
0 0 0.0020052
1 0.0314234 0.0334181
0 0 0.00199445
0 0 0.00195603
0 0 0.00195104
1 0.0101763 0.0121271
0 0 0.00192432
0 0 0.00192236
0 0 0.00190101
0 0 0.00189556
1 0.0388659 0.0407579
1 0.0191192 0.0210108
0 0 0.0018875
0 0 0.0018749
1 0.0154001 0.0172643
0 0 0.00186073
0 0 0.00184483
0 0 0.00184268
2 0.0531111 0.0549419
1 0.0050332 0.00684466
0 0 0.00180424
0 0 0.00173419
1 0.0429057 0.0446341
1 0.00860611 0.0103233
0 0 0.00170584
2 0.00735051 0.00904487
0 0 0.0016856
0 0 0.00166167
1 0.012301 0.0139345
1 0.00522716 0.00682183
1 0.0144752 0.0160396
1 0.0134539 0.0149824
0 0 0.00151282
0 0 0.00149564
2 0.107315 0.108775
0 0 0.00144274
0 0 0.00140971
0 0 0.00139868
1 0.00967046 0.0110585
1 0.00759136 0.00897431
2 0.070087 0.0714632
0 0 0.00136283
0 0 0.00136187
0 0 0.00135727
0 0 0.00135599
1 0.00412352 0.00545919
0 0 0.00133335
1 0.103304 0.104631
0 0 0.00130881
0 0 0.00130876
0 0 0.00130771
1 0.00542074 0.00672327
1 0.00739327 0.00868681
1 0.00487635 0.00616349
0 0 0.00128341
0 0 0.00128227
0 0 0.00128022
1 0.00357807 0.00485581
1 0.029686 0.0309605
1 0.00307309 0.00434397
0 0 0.00124216
0 0 0.0012272
0 0 0.00122663
1 0.00474256 0.00594664
1 0.00216376 0.0033629
0 0 0.00118629
0 0 0.00118023
2 0.0367733 0.0379535
1 0.00344202 0.00460606
1 0.0251531 0.0262969
0 0 0.00113708
1 0.00890049 0.0100283
0 0 0.00112739
0 0 0.00111589
1 0.00466902 0.00577495
1 0.0050037 0.00608306
2 0.0285462 0.0296126
1 0.064833 0.0658937
1 0.00779689 0.0088444
0 0 0.00102816
0 0 0.0010254
0 0 0.00102388
1 0.010147 0.0111677
0 0 0.00101955
0 0 0.00100621
1 0.0641585 0.0651525
0 0 0.000992986
0 0 0.000981636
0 0 0.000981474
1 0.00355415 0.00451697
2 0.0132834 0.0142444
1 0.00953641 0.010487
0 0 0.000945171
0 0 0.000943719
1 0.00338214 0.00430553
1 0.00733547 0.00824931
0 0 0.000912839
1 0.00887762 0.00978165
1 0.00437926 0.00528147
1 0.00746668 0.00835668
1 0.00481066 0.0056779
1 0.00605599 0.00692014
0 0 0.000858081
0 0 0.000857714
2 0.13923 0.140088
1 0.00470621 0.00556116
1 0.00890301 0.00974108
2 0.0159653 0.0167804
1 0.0734055 0.0741833
1 0.00302371 0.00378928
1 0.0034854 0.00424502
1 0.00631911 0.00707276
1 0.00638869 0.00714003
2 0.0101652 0.0109119
0 0 0.000727413
1 0.0021154 0.00283976
1 0.0416955 0.0424195
1 0.0123397 0.0130624
1 0.0219389 0.0226479
0 0 0.000703249
0 0 0.00069702
0 0 0.000691313
1 0.00383756 0.00451746
0 0 0.00067549
1 0.00548326 0.00615584
1 0.0161358 0.0167861
1 0.00488346 0.00553343
1 0.00429652 0.00494566
1 0.00901182 0.00965322
1 0.017245 0.0178853
1 0.00475849 0.00539414
1 0.00279468 0.00343019
0 0 0.00063542
2 0.00661978 0.00725263
1 0.00616044 0.00678912
1 0.446307 0.446929
1 0.0247229 0.0253411
1 0.00594707 0.00653661
0 0 0.000586847
1 0.00420904 0.00478435
0 0 0.000554988
1 0.00220898 0.00276355
0 0 0.000553882
1 0.00177243 0.00232097
2 0.0140848 0.0146312
2 0.0105263 0.0110652
1 0.0243395 0.0248782
2 0.0457046 0.046237
1 0.00367559 0.0042064
1 0.0147831 0.0153091
1 0.00671278 0.00723736
0 0 0.000518246
2 0.0743447 0.0748614
1 0.00487446 0.00538756
1 0.0225268 0.0230399
1 0.0336771 0.0341796
1 0.0258883 0.0263889
1 0.00311046 0.00360875
1 0.00262227 0.00311652
0 0 0.000493451
1 0.131383 0.131876
1 0.00666959 0.00715917
2 0.0178805 0.0183682
1 0.0209232 0.0214079
1 0.00295976 0.00344433
1 0.00844222 0.00892315
1 0.00519915 0.00568002
1 0.0927962 0.0932764
1 0.0129313 0.0134111
1 0.00431186 0.00477466
1 0.0100896 0.0105372
0 0 0.000443367
1 0.00297489 0.00341251
1 0.051843 0.0522777
1 0.0206539 0.0210848
2 0.00645849 0.00688789
1 0.00371315 0.00413339
1 0.017431 0.0178454
0 0 0.000413089
1 0.00312259 0.0035347
2 0.0889525 0.0893635
1 0.0552098 0.05562
1 0.00763401 0.00804324
1 0.00387742 0.00428098
2 0.0137656 0.0141602
1 0.00995798 0.0103526
1 0.0112398 0.0116319
1 0.0150477 0.0154393
0 0 0.000385275
1 0.00406601 0.00445104
1 0.0669429 0.0673243
2 0.00960378 0.00998085
1 0.00390821 0.00428386
1 0.0165552 0.0169179
1 0.00604681 0.0064042
0 0 0.000351519
1 0.0037311 0.00408156
1 0.0174643 0.0178116
1 0.00321853 0.00356576
1 0.00535775 0.00570474
1 0.00900741 0.00935206
1 0.012907 0.0132517
1 0.00486874 0.00520775
1 0.0165283 0.0168657
1 0.00534789 0.00568211
1 0.00541655 0.005744
2 0.00739528 0.00772204
1 0.00657972 0.00690435
1 0.00386702 0.00418606
1 0.0175544 0.0178654
1 0.00926792 0.00957717
1 0.00451818 0.00482113
1 0.0077751 0.00807215
1 0.0414944 0.04179
1 0.00705409 0.00734771
1 0.00150244 0.00179014
1 0.00380456 0.00408772
0 0 0.000280719
1 0.00700474 0.00727213
2 0.00860262 0.00886476
1 0.0037617 0.00402028
1 0.00140323 0.00165947
2 0.00455998 0.00481546
1 0.00718675 0.00743765
1 0.00284524 0.00309112
1 0.00112574 0.00137151
1 0.00361379 0.00385955
2 0.0182626 0.0185059
1 0.00201364 0.00225405
1 0.00766996 0.00790393
2 0.0186388 0.0188721
1 0.00623642 0.00646892
1 0.013223 0.0134547
2 0.00626233 0.00649313
1 0.00384536 0.00407166
1 0.00572864 0.00595372
1 0.00547959 0.00570221
1 0.00479041 0.00500674
2 0.00428878 0.00450248
1 0.00830831 0.00851888
2 0.00611628 0.00632391
1 0.00627466 0.0064756
2 0.0253702 0.0255711
1 0.0329078 0.0331073
2 0.00701979 0.0072164
1 0.0152335 0.015429
2 0.0166422 0.0168359
1 0.00148726 0.00167811
1 0.00840677 0.00858916
2 0.0480245 0.0482052
2 0.0126319 0.0128125
1 0.00607441 0.00625386
2 0.0169138 0.0170907
1 0.00622624 0.00640282
2 0.00572277 0.00589814
1 0.0066737 0.00684613
1 0.00878046 0.00895135
2 0.0688848 0.0690555
2 0.0132906 0.0134589
1 0.00791382 0.00808179
2 0.0164427 0.0166097
2 0.0126107 0.0127772
1 0.00708962 0.00725412
1 0.00707604 0.00723969
1 0.0056289 0.0057916
2 0.0135551 0.0137124
1 0.0097998 0.0099567
1 0.00363601 0.00378705
2 0.0162362 0.0163854
1 0.00321342 0.00336217
2 0.00535339 0.00550189
1 0.00875851 0.00890498
1 0.0445297 0.0446709
1 0.0137492 0.01389
2 0.0133042 0.0134384
2 0.117342 0.117476
2 0.00929165 0.00942328
1 0.0133443 0.0134743
2 0.0178384 0.0179675
1 0.00199231 0.00212013
1 0.0129452 0.0130724
1 0.00634888 0.00647537
2 0.00650735 0.00662542
1 0.0342254 0.0343433
0 0 0.000113386
1 0.056289 0.0563997
1 0.0142634 0.014374
1 0.0543988 0.0545089
1 0.00191004 0.00201927
2 0.299438 0.299548
1 0.00952307 0.00963058
1 0.0165141 0.0166197
2 0.0263968 0.0265015
1 0.0131015 0.0132037
1 0.0248131 0.0249138
1 0.0047022 0.00480145
1 0.0175209 0.017619
2 0.0519471 0.0520452
1 0.0036986 0.00379191
1 0.00429348 0.00438598
1 0.00992073 0.0100131
1 0.00407974 0.00417135
1 0.00329566 0.00338656
1 0.00820358 0.00829337
2 0.00701668 0.00710491
2 0.0344882 0.0345756
2 0.0034222 0.00350956
1 0.0216636 0.0217509
1 0.0114908 0.0115764
2 0.0142766 0.0143618
2 0.00353803 0.00362211
1 0.00405963 0.00414296
2 0.0063662 0.00644827
1 0.0169805 0.0170626
1 0.00944698 0.00952874
1 0.00424715 0.00432882
1 0.065434 0.0655147
1 0.00377512 0.00385583
2 0.00967494 0.00975379
1 0.0013047 0.00137667
1 0.00997234 0.0100443
2 0.0126363 0.0127076
1 0.00260417 0.00267541
1 0.00917039 0.0092415
2 0.0557196 0.0557896
1 0.00356042 0.00363029
2 0.109356 0.109425
2 0.00687611 0.00694223
1 0.0141016 0.0141673
2 0.0201347 0.0202001
1 0.0282242 0.0282888
1 0.00605985 0.00612335
1 0.121182 0.121246
1 0.00282329 0.00288586
1 0.00911355 0.00917583
2 0.00570569 0.00576265
1 0.00977152 0.00982831
2 0.00957715 0.00963376
1 0.0681606 0.0682165
1 0.118767 0.118822
2 0.00644317 0.0064975
2 0.00694134 0.00699409
2 0.0163759 0.0164283
1 0.0117855 0.0118371
1 0.00532623 0.00537766
2 0.00339446 0.0034439
2 0.0111438 0.011193
2 0.0352393 0.0352878
1 0.0133551 0.0134033
2 0.0106804 0.0107281
2 0.0743979 0.0744446
2 0.0157049 0.0157516
1 0.00876535 0.00881182
1 0.00217216 0.00221718
2 0.0449945 0.0450378
1 0.0599977 0.0600393
1 0.0518011 0.0518421
1 0.00883637 0.00887697
1 0.00731073 0.00735
2 0.0174965 0.0175353
1 0.00448916 0.00452771
2 0.00344648 0.00348457
1 0.00562346 0.00566119
2 0.0334799 0.0335164
2 0.021164 0.0212001
2 0.00749618 0.00753218
2 0.00357757 0.00360984
2 0.0553283 0.0553597
2 0.0134666 0.0134979
1 0.0130782 0.0131085
2 0.00572261 0.00575275
1 0.0125392 0.0125685
2 0.13365 0.133679
1 0.00172463 0.00175309
1 0.010561 0.0105889
1 0.0125689 0.0125966
1 0.00846521 0.00849182
2 0.0137761 0.0138022
2 0.0559168 0.0559428
1 0.00185662 0.00188253
1 0.000455807 0.000480138
2 0.00897737 0.0090015
2 0.0146338 0.0146578
1 0.00345954 0.00348326
1 0.00539559 0.00541802
1 0.0736907 0.0737131
1 0.084099 0.0841213
1 0.0631497 0.0631706
1 0.0365343 0.0365551
2 0.0632492 0.0632698
2 0.0219929 0.0220132
1 0.0167956 0.0168156
1 0.00586421 0.00588322
1 0.010387 0.0104058
2 0.0437438 0.0437625
1 0.0300222 0.03004
1 0.00259779 0.00261485
1 0.012126 0.0121423
1 0.00182616 0.00184233
1 0.0744604 0.0744758
2 0.00458668 0.00460142
2 0.00701414 0.00702872
2 0.0435116 0.0435252
1 0.0396352 0.0396488
2 0.00646739 0.00648015
1 0.00319865 0.00321008
1 0.00256028 0.0025717
1 0.00667986 0.00669125
2 0.00867865 0.00868995
2 0.017664 0.0176752
2 0.0106389 0.0106499
2 0.0683324 0.0683419
2 0.00410055 0.00411
2 0.0081178 0.00812711
1 0.00964342 0.00965266
1 0.0209087 0.0209175
1 0.0806829 0.0806916
2 0.0133431 0.0133516
2 0.0217519 0.0217599
2 0.012586 0.0125931
2 0.0277922 0.0277993
2 0.00538931 0.00539635
2 0.00925141 0.0092584
1 0.0435984 0.0436054
1 0.00347029 0.00347718
2 0.0256892 0.0256959
1 0.0976141 0.0976206
2 0.0110212 0.0110276
2 0.00985436 0.00986046
1 0.0196319 0.0196375
2 0.00699057 0.0069962
1 0.00623874 0.0062442
1 0.00600392 0.00600893
2 0.0239357 0.0239401
1 0.0162467 0.0162507
2 0.0114655 0.0114694
1 0.0125877 0.0125914
1 0.00549671 0.00550017
2 0.0100979 0.0101013
2 0.00801545 0.00801881
1 0.0549269 0.0549303
1 0.00576844 0.00577174
1 0.477806 0.477809
2 0.0932815 0.0932846
1 0.0261525 0.0261555
2 0.00498892 0.00499158
1 0.00569107 0.00569368
2 0.0066973 0.00669989
1 0.00312039 0.00312293
1 0.00565379 0.00565615
2 0.0925238 0.0925259
2 0.00694167 0.00694364
1 0.00332282 0.00332457
1 0.00661992 0.00662166
1 0.006417 0.00641869
1 0.00554729 0.00554891
2 0.00898845 0.00898978
1 0.00358283 0.00358401
1 0.00498594 0.00498712
1 0.137421 0.137422
1 0.0145947 0.0145954
1 0.00151465 0.00151541
1 0.00288271 0.00288338
1 0.00293576 0.00293636
1 0.0943689 0.0943694
1 0.00431017 0.00431049
1 0.00320231 0.00320256
2 0.00631406 0.0063143
1 0.0085399 0.00854008
2 0.00824553 0.0082457
1 0.00340074 0.00340085
2 0.121365 0.121365
2 0.00859562 0.00859573
1 0.00390443 0.00390449
2 0.0148957 0.0148957
1 0.00646651 0.00646652
2 0.0282915 0.0282915
2 0.0088906 0.0088906
1 0.00283568 0.00283568
1 0.00628255 0.00628255
