0 0 inf
1 0.107294 0.213074
0 0 0.10076
1 0.168443 0.267868
0 0 0.0646563
1 0.0260947 0.0891855
1 0.0465893 0.0965876
0 0 0.0453601
0 0 0.0404869
0 0 0.0397254
0 0 0.0360356
0 0 0.0353338
0 0 0.0343738
0 0 0.0302917
1 0.0674622 0.0966567
1 0.237049 0.265426
0 0 0.0283401
0 0 0.0267499
0 0 0.0256097
0 0 0.0255221
0 0 0.0240924
0 0 0.0235933
0 0 0.0235263
0 0 0.0234896
0 0 0.0232657
0 0 0.0225089
0 0 0.0224552
0 0 0.0221811
1 0.0748837 0.0960543
1 0.0459119 0.0668592
0 0 0.0205353
1 0.0255969 0.0458745
0 0 0.0195346
0 0 0.0189189
0 0 0.018803
0 0 0.018667
0 0 0.0182568
0 0 0.0175449
0 0 0.0170227
0 0 0.016862
1 0.168722 0.185285
0 0 0.0163423
0 0 0.0155664
0 0 0.0149361
0 0 0.0146042
0 0 0.014573
2 0.330815 0.345374
1 0.0953721 0.107521
0 0 0.0115334
0 0 0.0115202
1 0.0510081 0.0617526
2 0.115374 0.1254
1 0.0244428 0.0342481
1 0.0205608 0.0303547
0 0 0.00962849
1 0.00793021 0.0175523
0 0 0.00958188
0 0 0.00956866
0 0 0.00943489
0 0 0.0092181
0 0 0.00869852
1 0.0632727 0.0719614
0 0 0.00866277
0 0 0.00835303
1 0.0107552 0.0188469
0 0 0.00802007
0 0 0.0080184
0 0 0.00770814
0 0 0.00767581
0 0 0.00767484
0 0 0.00754021
0 0 0.0075119
1 0.0440688 0.0515671
2 0.0758645 0.0833087
1 0.0381923 0.0454336
1 0.0126469 0.0198711
1 0.0475169 0.0545775
0 0 0.00703853
0 0 0.00691066
1 0.126447 0.133305
0 0 0.00685788
1 0.0047225 0.0115475
1 0.0087889 0.0154645
0 0 0.00645061
1 0.0126884 0.0191048
0 0 0.006197
0 0 0.0060994
1 0.00526545 0.011301
0 0 0.00597751
1 0.00691401 0.0128284
0 0 0.00587888
1 0.0622275 0.06808
2 0.0207221 0.0263432
0 0 0.0055921
0 0 0.00553149
1 0.109303 0.114833
1 0.0358383 0.0412853
0 0 0.00544022
0 0 0.0054237
1 0.177913 0.183312
1 0.0248425 0.0299804
0 0 0.0051207
0 0 0.00509437
0 0 0.00497634
0 0 0.0049711
0 0 0.00493867
0 0 0.00493785
0 0 0.00487507
1 0.0121614 0.0169415
0 0 0.00474792
0 0 0.0047263
1 0.00758129 0.0122824
0 0 0.00469512
1 0.0102364 0.0148642
0 0 0.00452524
1 0.0120095 0.0165324
0 0 0.00450857
1 0.0148161 0.0193077
0 0 0.0044658
0 0 0.00445402
0 0 0.00442879
0 0 0.00437803
0 0 0.00435615
1 0.0354099 0.0396871
0 0 0.00425438
1 0.00672223 0.0109728
0 0 0.00422677
1 0.0190949 0.0233037
1 0.0438763 0.0480701
1 0.0266712 0.030859
1 0.0274926 0.0316646
0 0 0.00416629
0 0 0.00412862
0 0 0.00409217
0 0 0.00409079
0 0 0.00405801
1 0.01518 0.0191451
0 0 0.00381402
1 0.0412118 0.0449809
1 0.0722426 0.0759438
1 0.0268793 0.030568
1 0.0175781 0.0211723
0 0 0.00358961
0 0 0.00356263
1 0.0343278 0.0378712
2 0.0764437 0.0799511
0 0 0.00349389
1 0.067425 0.0708782
1 0.026032 0.0294697
0 0 0.00343601
0 0 0.00343129
0 0 0.00342522
1 0.00563736 0.00895203
1 0.010485 0.013741
0 0 0.00325348
0 0 0.00323673
0 0 0.00323449
1 0.19769 0.200879
0 0 0.00318682
0 0 0.00317994
0 0 0.00315806
0 0 0.00314878
0 0 0.00313979
1 0.00531176 0.00841886
1 0.091896 0.0949789
0 0 0.00303479
0 0 0.00302462
1 0.0149181 0.0178849
0 0 0.00294687
0 0 0.00291687
0 0 0.00291483
0 0 0.00290048
1 0.0275356 0.0304357
0 0 0.00283106
0 0 0.00281179
0 0 0.00280529
0 0 0.00279805
0 0 0.00278418
0 0 0.00278001
1 0.00457801 0.00731865
0 0 0.00273476
0 0 0.00264648
1 0.0166073 0.019204
0 0 0.00258897
1 0.0127349 0.0153207
2 0.21646 0.219031
0 0 0.0025235
0 0 0.00248226
0 0 0.00245462
0 0 0.00245001
0 0 0.00241537
0 0 0.00241277
0 0 0.0024093
1 0.0284571 0.0308603
0 0 0.00233229
1 0.0323974 0.0346487
0 0 0.00223479
2 0.0720821 0.0743013
1 0.00794915 0.0101548
0 0 0.0021942
2 0.019608 0.021802
0 0 0.00217949
0 0 0.00217565
0 0 0.002171
0 0 0.0020823
1 0.0243634 0.0264452
0 0 0.00203562
0 0 0.00201434
0 0 0.00200939
0 0 0.00200601
1 0.00713818 0.00913385
1 0.0238876 0.0258762
2 0.0190715 0.021059
0 0 0.00196189
1 0.0205948 0.0224843
0 0 0.00188708
0 0 0.00186731
0 0 0.00185208
1 0.0135786 0.0154148
0 0 0.00182895
0 0 0.00182552
1 0.0125562 0.0143588
2 0.0124372 0.0142338
1 0.238027 0.239814
0 0 0.0017739
1 0.012799 0.0145703
1 0.0161673 0.0179301
0 0 0.00175602
1 0.0359077 0.0376582
0 0 0.00174418
2 0.0435878 0.0453293
1 0.0106986 0.0124329
0 0 0.00171618
0 0 0.00170054
0 0 0.00169782
1 0.0927946 0.0944743
1 0.00326245 0.00494032
0 0 0.00163763
2 0.0180368 0.0196654
0 0 0.00154426
1 0.00742229 0.00896406
1 0.0109786 0.0125162
1 0.0342069 0.0357352
0 0 0.00149982
0 0 0.00149772
1 0.00394103 0.00543053
0 0 0.0014816
0 0 0.0014676
1 0.194495 0.195955
1 0.0943696 0.0958132
0 0 0.00144167
1 0.208956 0.210385
0 0 0.0014129
1 0.00371183 0.00512454
0 0 0.00141151
1 0.00590207 0.00730838
1 0.00976819 0.0111593
1 0.0219162 0.0233062
0 0 0.0013893
1 0.00304047 0.00442946
1 0.0134993 0.0148705
1 0.00201007 0.0033728
2 0.0139332 0.0152948
0 0 0.00132579
1 0.0373733 0.0386842
1 0.00550155 0.00679391
0 0 0.00126923
1 0.00778627 0.00904831
0 0 0.00125696
2 0.0155361 0.016787
1 0.0509361 0.052187
1 0.00712591 0.00836855
0 0 0.00123686
1 0.01591 0.0171379
1 0.0332348 0.0344542
0 0 0.00121936
1 0.0193246 0.0205401
1 0.00313053 0.00431542
0 0 0.00117177
1 0.0564537 0.0576174
0 0 0.00115724
1 0.0116988 0.0128481
2 0.0148682 0.016011
2 0.212101 0.213238
1 0.00644793 0.00758197
0 0 0.00110084
0 0 0.00109175
0 0 0.00109109
1 0.0130878 0.0141589
1 0.014301 0.0153664
0 0 0.00106469
2 0.0188148 0.0198642
2 0.149226 0.150271
0 0 0.00102194
0 0 0.001012
0 0 0.001005
1 0.00551655 0.00651885
0 0 0.000996221
2 0.0152406 0.0162219
1 0.014249 0.0152171
1 0.00967893 0.0106462
0 0 0.000966925
0 0 0.000963293
0 0 0.00096033
1 0.0126623 0.0136069
1 0.104344 0.105287
1 0.00391552 0.00485675
1 0.00521777 0.00615759
1 0.0168284 0.0177677
0 0 0.000934745
1 0.00465331 0.00557435
1 0.0143002 0.0152088
1 0.0106833 0.0115883
0 0 0.000887646
0 0 0.00088486
2 0.120614 0.121489
1 0.0524852 0.053356
1 0.00208566 0.00295384
1 0.015508 0.0163678
1 0.0097531 0.010612
2 0.243497 0.244345
0 0 0.00084398
1 0.0103079 0.0111517
1 0.00982763 0.0106686
1 0.00770522 0.00853489
1 0.00445 0.00527304
1 0.00287782 0.00369998
0 0 0.000821308
1 0.00712324 0.0079424
2 0.0211378 0.0219566
2 0.0730051 0.0738086
1 0.0386287 0.039431
2 0.0238483 0.0246487
1 0.00616814 0.00695835
0 0 0.000790047
1 0.0219037 0.0226854
0 0 0.00078126
1 0.0214375 0.022218
1 0.00684456 0.00760039
1 0.0111034 0.0118591
0 0 0.000753404
1 0.0127146 0.0134675
1 0.0122564 0.0130012
0 0 0.00074341
2 0.0157175 0.01646
0 0 0.000738794
0 0 0.000732642
1 0.0384896 0.0392221
2 0.0399519 0.0406781
1 0.00439307 0.00511356
1 0.00486956 0.00556478
1 0.0750896 0.0757696
1 0.0434585 0.0441386
1 0.0126279 0.0133039
2 0.0133075 0.013979
1 0.0585268 0.0591953
1 0.00423624 0.00489473
1 0.00659376 0.00724953
1 0.0883706 0.0890251
1 0.0172139 0.0178678
0 0 0.000651933
0 0 0.000621856
0 0 0.000619712
1 0.0709629 0.0715822
0 0 0.000607083
1 0.00382719 0.00441393
2 0.00946901 0.0100502
2 0.008006 0.00857422
1 0.0124362 0.0129904
1 0.0166162 0.0171597
1 0.00625233 0.00678684
1 0.0043887 0.00491799
1 0.00309667 0.00361283
1 0.0139511 0.0144647
2 0.0240622 0.0245728
0 0 0.000499779
1 0.008025 0.00852378
1 0.00354376 0.00404145
0 0 0.000481293
0 0 0.000468631
1 0.017162 0.017626
2 0.0169258 0.0173852
2 0.0160945 0.0165339
2 0.141083 0.141523
1 0.0284439 0.0288576
1 0.0143934 0.0147979
1 0.0309209 0.0313167
1 0.00784783 0.00823998
1 0.00622474 0.00661548
1 0.0227858 0.0231739
1 0.0101194 0.0105061
1 0.00578165 0.00616441
1 0.0179785 0.0183602
1 0.0347517 0.0351305
1 0.00939492 0.00977028
1 0.00295407 0.00332808
1 0.0173113 0.0176832
2 0.0289033 0.0292677
0 0 0.000362711
1 0.00209417 0.00245683
1 0.00361106 0.00396458
2 0.0178146 0.018164
1 0.00260198 0.00293629
1 0.0032187 0.00354742
1 0.00660362 0.0069271
1 0.00536342 0.00568617
1 0.00229342 0.00261426
2 0.141157 0.141474
1 0.00785257 0.00816708
1 0.00102493 0.00133837
1 0.0233874 0.0236968
2 0.0164054 0.0167142
2 0.0304966 0.0307965
1 0.14774 0.148039
2 0.021097 0.0213961
1 0.0162919 0.0165904
1 0.00909341 0.00938993
2 0.00498803 0.00528416
0 0 0.000295415
1 0.0158847 0.0161726
1 0.0027689 0.00305508
1 0.00129113 0.00157491
1 0.00148387 0.00176321
1 0.0454491 0.0457253
1 0.0425744 0.0428467
1 0.0011511 0.00141959
1 0.0163758 0.016643
1 0.0191847 0.0194518
1 0.00689299 0.007157
1 0.0129253 0.0131843
1 0.00453453 0.00479339
1 0.0107874 0.0110445
1 0.00321429 0.00346687
2 0.019261 0.0195079
2 0.0161631 0.0164072
1 0.00126002 0.00150196
1 0.0033158 0.00355501
1 0.0467967 0.0470322
1 0.0157854 0.0160166
1 0.0133009 0.0135251
1 0.00399977 0.00422073
2 0.0176895 0.0179025
2 0.023702 0.0239115
1 0.00676181 0.00696817
1 0.00593121 0.00613186
1 0.0052825 0.00547926
2 0.0215428 0.0217367
1 0.00908119 0.00926991
1 0.00403861 0.00422266
1 0.0047291 0.00491232
1 0.0702628 0.0704455
1 0.0159805 0.0161579
1 0.00385811 0.00402272
2 0.0975964 0.0977588
1 0.0160959 0.0162563
1 0.0039687 0.0041286
1 0.0202359 0.0203949
2 0.00544956 0.00560447
2 0.0130666 0.0132201
1 0.00804883 0.0081967
1 0.0125679 0.0127147
2 0.0114581 0.0116043
2 0.0156905 0.0158358
1 0.0118825 0.0120263
1 0.0160541 0.0161958
1 0.0712162 0.0713575
1 0.00839475 0.00853337
1 0.00122253 0.00136016
1 0.00631072 0.00644764
2 0.040244 0.0403801
1 0.0213646 0.0214976
1 0.183612 0.183743
2 0.107357 0.107488
2 0.112078 0.112207
2 0.0204429 0.0205709
1 0.0151496 0.015277
1 0.00636458 0.00648705
2 0.00159635 0.0017179
1 0.0116765 0.0117972
1 0.0361119 0.0362321
2 0.0215511 0.0216712
1 0.00900056 0.00911907
1 0.0150272 0.0151443
1 0.00215091 0.00226372
2 0.0193372 0.0194496
1 0.00480283 0.00491194
1 0.00356205 0.00367075
0 0 0.000103893
1 0.00886651 0.00896759
1 0.00563834 0.00573886
2 0.0150523 0.0151517
0 0 9.93592e-05
2 0.0418927 0.0419915
1 0.0447399 0.044837
2 0.0220861 0.0221827
1 0.00381845 0.00391029
2 0.0985542 0.0986456
2 0.0781632 0.0782518
1 0.00296057 0.00304735
1 0.0209981 0.0210847
2 0.00981487 0.00990117
2 0.0156101 0.0156957
2 0.0242353 0.0243167
2 0.0201793 0.0202591
2 0.00899326 0.00906967
1 0.00558134 0.00565701
2 0.0123612 0.0124366
1 0.00787899 0.00795335
1 0.00229423 0.00236733
1 0.0124386 0.0125117
1 0.00361364 0.00368488
1 0.0400594 0.0401305
1 0.0213843 0.0214546
2 0.00659688 0.00666674
0 0 6.95468e-05
1 0.0154325 0.0154988
1 0.0419395 0.0420056
2 0.0179625 0.0180283
2 0.00443611 0.00450151
2 0.0150289 0.0150936
1 0.0179279 0.0179883
2 0.196004 0.196063
2 0.0193122 0.0193701
1 0.0145023 0.0145597
2 0.0184219 0.0184781
1 0.00556519 0.00561986
1 0.00321026 0.00326294
1 0.00282833 0.00288085
1 0.00386113 0.00391214
1 0.0210795 0.0211298
2 0.0235724 0.0236218
1 0.0136111 0.0136598
2 0.00547499 0.00552359
1 0.011264 0.0113093
2 0.00768542 0.00772946
1 0.0600327 0.0600763
1 0.0136941 0.0137375
2 0.0216231 0.0216664
1 0.0280015 0.0280418
1 0.0147539 0.0147926
1 0.0156496 0.015688
1 0.017066 0.0171043
2 0.0530198 0.0530566
1 0.00865819 0.00869448
1 0.0203516 0.0203843
2 0.0115568 0.0115886
1 0.0169179 0.0169497
1 0.0038034 0.00383485
1 0.013581 0.0136121
1 0.00563462 0.00566546
2 0.00406942 0.00409987
2 0.243925 0.243955
2 0.021091 0.0211194
2 0.0720165 0.0720438
1 0.0100916 0.0101189
1 0.00660898 0.00663563
1 0.0357516 0.0357774
1 0.0732454 0.0732708
2 0.345035 0.345058
2 0.0165739 0.0165964
2 0.0218454 0.0218673
1 0.00411508 0.00413632
2 0.00432018 0.0043414
1 0.00217295 0.00219409
2 0.00343747 0.0034586
1 0.0599301 0.0599509
1 0.0105256 0.0105464
1 0.00561122 0.00563177
1 0.0119027 0.0119225
1 0.00131022 0.00132995
1 0.0916125 0.0916306
2 0.0197573 0.0197751
2 0.0686658 0.0686823
1 0.00690042 0.00691692
2 0.0318674 0.0318832
2 0.0059677 0.00598349
1 0.0105632 0.010579
2 0.148554 0.148569
2 0.0160927 0.016107
1 0.0599169 0.0599308
2 0.108619 0.108632
1 0.00342192 0.00343536
2 0.0178999 0.0179122
2 0.00988637 0.00989815
2 0.0377085 0.0377203
2 0.0129913 0.0130027
2 0.0158543 0.0158655
2 0.0187121 0.0187221
1 0.00243133 0.00244078
1 0.0182181 0.0182273
1 0.00429589 0.00430494
2 0.0793734 0.0793822
1 0.01069 0.0106986
2 0.0172443 0.0172528
2 0.0352425 0.0352511
2 0.0107172 0.0107248
1 0.0494373 0.0494445
2 0.149968 0.149975
2 0.0125113 0.0125176
1 0.00485529 0.00486153
1 0.0523339 0.0523401
2 0.0134989 0.0135049
2 0.0131154 0.013121
2 0.00470227 0.0047073
1 0.0712778 0.0712827
2 0.0148491 0.0148539
2 0.015563 0.0155675
1 0.0150811 0.0150855
1 0.104549 0.104553
2 0.00958631 0.00959058
1 0.0029755 0.00297962
1 0.00766283 0.00766689
2 0.00415226 0.00415598
1 0.00675175 0.00675523
2 0.186887 0.18689
2 0.00434262 0.00434541
2 0.0131259 0.0131283
2 0.00366619 0.00366864
1 0.0461179 0.0461199
2 0.00496482 0.00496682
2 0.00576926 0.00577107
1 0.00926217 0.00926339
2 0.00795534 0.00795652
2 0.0221722 0.0221733
2 0.0182202 0.0182213
1 0.00467579 0.0046764
1 0.00649601 0.00649659
1 0.0729897 0.0729902
1 0.00374867 0.00374912
2 0.0387262 0.0387265
1 0.00294205 0.00294237
1 0.0272433 0.0272436
1 0.00282373 0.00282398
1 0.00548053 0.00548077
2 0.0524708 0.052471
2 0.0147975 0.0147977
1 0.00260828 0.00260848
2 0.0461204 0.0461206
2 0.0216457 0.0216459
1 0.0125108 0.0125108
1 0.0030415 0.00304154
1 0.0103662 0.0103663
2 0.0151961 0.0151962
2 0.0183867 0.0183867
1 0.0519317 0.0519317
