0 0 inf
0 0 0.168443
1 0.168722 0.265426
1 0.0260947 0.0953112
1 0.0465893 0.100523
1 0.0235263 0.0686074
0 0 0.0438763
0 0 0.0404869
0 0 0.0397254
0 0 0.0369327
0 0 0.0353338
0 0 0.0343738
1 0.2205 0.254262
0 0 0.0333392
0 0 0.0332348
0 0 0.0313204
0 0 0.0302917
1 0.140122 0.168584
0 0 0.0267499
0 0 0.0256097
0 0 0.0255221
0 0 0.0240924
0 0 0.0231187
0 0 0.0225089
0 0 0.0224552
0 0 0.0205049
1 0.228569 0.248802
0 0 0.0195867
0 0 0.018667
0 0 0.0182568
0 0 0.0175449
0 0 0.0172926
1 0.0748837 0.0918875
0 0 0.016862
0 0 0.0163423
1 0.0599301 0.0758645
1 0.0564537 0.0720821
0 0 0.0150292
0 0 0.0149361
0 0 0.0147837
0 0 0.014573
0 0 0.0144166
0 0 0.0139387
0 0 0.0137157
0 0 0.0135786
0 0 0.012799
0 0 0.0121861
1 0.0953721 0.107521
2 0.312707 0.324851
0 0 0.0116988
0 0 0.0115334
0 0 0.0115202
2 0.172054 0.183282
1 0.0431959 0.0538577
1 0.0205608 0.0303547
0 0 0.00946374
0 0 0.00943489
0 0 0.0092181
1 0.0051207 0.0138967
2 0.080323 0.0890858
0 0 0.00876203
0 0 0.00869852
1 0.0632727 0.0719614
0 0 0.00866277
1 0.158713 0.167258
1 0.0203516 0.0287944
0 0 0.00826871
0 0 0.00802007
1 0.0266712 0.0346277
1 0.00691401 0.0148682
1 0.0054423 0.0132128
0 0 0.00770814
0 0 0.00767484
0 0 0.00754021
1 0.0381923 0.0454336
1 0.0475169 0.0545775
1 0.0537789 0.0608278
0 0 0.00703853
0 0 0.00647686
1 0.024507 0.0307144
0 0 0.00597751
1 0.0417535 0.0475588
1 0.005212 0.0109728
0 0 0.0055921
0 0 0.00557501
0 0 0.00553149
0 0 0.00548053
1 0.0358383 0.0412853
0 0 0.00544022
0 0 0.0054237
1 0.177913 0.183312
1 0.0241384 0.0295291
1 0.0087889 0.0141589
0 0 0.00530281
0 0 0.0052451
1 0.0248425 0.0299804
0 0 0.00509437
0 0 0.00497634
0 0 0.00493785
0 0 0.00487215
0 0 0.00474792
0 0 0.00472564
0 0 0.00471993
0 0 0.00469512
0 0 0.00465331
0 0 0.00455466
1 0.013092 0.0176293
0 0 0.00452524
0 0 0.0044658
0 0 0.00445
2 0.0970139 0.101457
1 0.00453176 0.00896683
1 0.00623842 0.0106381
1 0.00948248 0.0138526
1 0.0137889 0.0181096
0 0 0.00427996
1 0.20261 0.206853
0 0 0.00423624
2 0.0605599 0.0647818
1 0.0190949 0.0233037
0 0 0.00409259
0 0 0.00409217
0 0 0.00409079
0 0 0.00405801
0 0 0.00401499
0 0 0.0040095
1 0.0552919 0.0592583
0 0 0.00393842
0 0 0.00390098
0 0 0.00389236
0 0 0.00385748
0 0 0.00378654
0 0 0.00374948
0 0 0.0037493
0 0 0.00370238
1 0.0268793 0.030568
0 0 0.0036846
1 0.00409014 0.00769874
0 0 0.00358961
0 0 0.00358842
0 0 0.00356263
1 0.0343278 0.0378712
0 0 0.00351738
0 0 0.00349389
0 0 0.00345936
0 0 0.00345445
1 0.067425 0.0708782
0 0 0.00343129
0 0 0.00342522
0 0 0.00335796
1 0.00784783 0.0111578
1 0.0101194 0.0133946
0 0 0.00326245
0 0 0.00325348
1 0.0213843 0.0246319
0 0 0.0032187
1 0.19769 0.200879
0 0 0.00318682
0 0 0.00313979
1 0.0149181 0.0178849
0 0 0.00294687
0 0 0.00291687
0 0 0.00291483
0 0 0.00290048
1 0.0275356 0.0304357
0 0 0.00288232
1 0.0107552 0.0136069
0 0 0.00280529
2 0.0886094 0.0914046
0 0 0.00277987
1 0.00531341 0.00807531
0 0 0.00273476
0 0 0.00270644
0 0 0.0026949
1 0.0163474 0.0189947
0 0 0.00264648
1 0.0249462 0.0275884
0 0 0.00258173
1 0.00304047 0.00561669
2 0.21646 0.219031
1 0.104146 0.106682
0 0 0.0025235
0 0 0.00250536
2 0.0508672 0.0533606
0 0 0.00249107
0 0 0.00248226
0 0 0.00245462
1 0.044497 0.0469263
0 0 0.00241678
0 0 0.00241277
0 0 0.0024093
1 0.0284571 0.0308603
0 0 0.00233229
1 0.0219162 0.0242353
0 0 0.00228684
0 0 0.00226449
1 0.0323974 0.0346487
0 0 0.00223479
0 0 0.0021942
1 0.0110384 0.0132224
0 0 0.00217949
1 0.0172206 0.0193986
0 0 0.0021572
0 0 0.00212524
1 0.00438919 0.00648905
0 0 0.0020823
1 0.0243634 0.0264452
0 0 0.00206034
0 0 0.00205377
1 0.0266483 0.0286808
0 0 0.00201291
1 0.0040754 0.00608206
0 0 0.00200601
1 0.0238876 0.0258762
0 0 0.00196189
1 0.0161673 0.0180368
0 0 0.00186731
0 0 0.00185208
1 0.0246022 0.0264313
0 0 0.00182895
0 0 0.00182552
1 0.02404 0.0258291
1 0.0359077 0.0376582
1 0.00900131 0.0107321
1 0.0137966 0.0155201
0 0 0.00170054
0 0 0.00169782
0 0 0.00163763
0 0 0.00158344
1 0.0354099 0.0369843
2 0.0725579 0.0741182
0 0 0.00154779
0 0 0.00154307
1 0.00742229 0.00896406
1 0.0342069 0.0357352
2 0.0221665 0.0236817
1 0.00394103 0.00543053
0 0 0.00147444
1 0.00446416 0.00590996
0 0 0.00144167
1 0.00988461 0.011313
1 0.0114707 0.0128748
1 0.00792142 0.00932532
1 0.0559349 0.0573269
2 0.0183212 0.0197119
1 0.00201007 0.0033728
1 0.016453 0.0178138
1 0.00590207 0.00725329
0 0 0.00132579
2 0.0249488 0.026241
0 0 0.00128698
0 0 0.00128536
0 0 0.00126923
0 0 0.00125696
1 0.0509361 0.052187
1 0.191473 0.19272
1 0.0461778 0.0474223
0 0 0.00123686
1 0.01591 0.0171379
1 0.0110942 0.0123155
0 0 0.00121936
0 0 0.00117177
0 0 0.00116946
1 0.240977 0.242145
1 0.0871591 0.0883171
1 0.00644793 0.00758197
0 0 0.00111652
0 0 0.00109109
1 0.00371183 0.00479339
1 0.0195346 0.0206121
0 0 0.00106469
1 0.0104011 0.0114421
0 0 0.0010372
0 0 0.00102194
1 0.00835884 0.00937944
0 0 0.00101998
2 0.040978 0.0419915
1 0.0423515 0.0433481
1 0.0993417 0.100333
1 0.0657956 0.0667867
0 0 0.000966925
0 0 0.000963293
1 0.289044 0.290003
2 0.0477965 0.0487477
1 0.104344 0.105287
1 0.00424232 0.00516915
0 0 0.000903036
0 0 0.0008904
0 0 0.000887646
1 0.00314878 0.0040304
1 0.00293325 0.00380529
1 0.0524852 0.053356
1 0.015508 0.0163678
1 0.0103079 0.0111517
1 0.238605 0.239442
1 0.0104655 0.0112999
1 0.00770522 0.00853489
0 0 0.000826983
1 0.00554199 0.00636344
0 0 0.000821308
0 0 0.000817444
1 0.0386287 0.039431
1 0.00526545 0.00606142
1 0.00391552 0.00470974
1 0.00616814 0.00695835
1 0.0219037 0.0226854
0 0 0.00078126
2 0.174097 0.174862
0 0 0.000753404
2 0.0197573 0.0205038
1 0.0122564 0.0130012
0 0 0.00074341
2 0.0872862 0.0880259
0 0 0.000738794
2 0.0324482 0.0331841
2 0.0873439 0.0880774
0 0 0.000732642
1 0.0384896 0.0392221
0 0 0.00072927
0 0 0.000724481
1 0.00909341 0.00981487
1 0.00687524 0.00759525
1 0.0750896 0.0757696
1 0.0434585 0.0441386
1 0.00457801 0.00525772
1 0.0123145 0.0129913
1 0.0126279 0.0133039
1 0.0177507 0.0184219
1 0.05738 0.0580504
1 0.0585268 0.0591953
1 0.00659376 0.00724953
1 0.0883706 0.0890251
1 0.00382585 0.00447907
0 0 0.000651933
1 0.160002 0.160642
1 0.0523339 0.052969
1 0.0048678 0.00549733
0 0 0.000624454
0 0 0.000619712
1 0.0709629 0.0715822
1 0.0152578 0.0158616
2 0.0424047 0.043001
1 0.00382719 0.00441393
0 0 0.000580975
1 0.00248963 0.00304759
1 0.00435615 0.00491257
1 0.0124362 0.0129904
1 0.00578721 0.00634128
1 0.0043887 0.00494032
2 0.013199 0.013733
0 0 0.000517406
1 0.00309667 0.00361283
1 0.00906627 0.00957896
1 0.0775728 0.0780787
2 0.0155058 0.016011
0 0 0.000499779
1 0.008025 0.00852378
2 0.018732 0.0192303
0 0 0.000481293
2 0.321823 0.322301
0 0 0.000475998
1 0.0189479 0.0194189
0 0 0.000468631
1 0.0382673 0.0387352
1 0.00389381 0.00435859
1 0.0126623 0.0131241
2 0.251513 0.251973
1 0.00730834 0.00775032
1 0.00672223 0.0071631
2 0.0215058 0.0219351
1 0.0039646 0.00439021
1 0.0191847 0.019608
1 0.00284834 0.00326665
1 0.0284439 0.0288576
1 0.00193437 0.00234115
1 0.0155488 0.0159555
0 0 0.000400406
1 0.0155664 0.0159595
1 0.00761822 0.00800632
1 0.00329802 0.00368216
1 0.00256781 0.00295102
1 0.0179785 0.0183602
2 0.0713496 0.0717274
1 0.00939492 0.00977028
1 0.0162744 0.0166452
2 0.0875402 0.0879103
2 0.0149169 0.0152831
2 0.0289033 0.0292677
0 0 0.000361013
1 0.00534179 0.00569769
1 0.00361106 0.00396458
1 0.0622115 0.0625635
1 0.00693679 0.00728306
1 0.00573356 0.00607917
1 0.041835 0.0421804
1 0.00450857 0.00484608
1 0.0449249 0.0452616
1 0.00439307 0.00472733
1 0.00335557 0.00368966
1 0.00425457 0.00458296
1 0.0103581 0.0106804
1 0.0254341 0.0257524
1 0.00785257 0.00816708
1 0.00102493 0.00133837
1 0.0148879 0.015198
1 0.0166162 0.016925
1 0.0047235 0.00502824
2 0.0107862 0.0110904
2 0.0304966 0.0307965
1 0.00504248 0.0053408
2 0.00498803 0.00528416
1 0.0867278 0.0870112
1 0.0454491 0.0457253
1 0.0163758 0.016643
2 0.0154993 0.0157618
1 0.0107874 0.0110445
0 0 0.000255424
1 0.0213461 0.0216002
1 0.00321429 0.00346687
0 0 0.000244364
1 0.00265345 0.00289158
1 0.00406726 0.00430313
1 0.00494682 0.00518191
1 0.00350584 0.00374084
1 0.0535756 0.0538089
1 0.00399977 0.00422073
1 0.0101758 0.0103935
2 0.0399519 0.0401674
1 0.055856 0.0560659
2 0.0139332 0.014138
2 0.0134911 0.01368
1 0.00584603 0.00603148
1 0.0281726 0.0283578
1 0.00313053 0.00331477
1 0.00403861 0.00422266
1 0.0047291 0.00491232
1 0.0702628 0.0704455
1 0.0202794 0.0204617
1 0.0126464 0.0128284
1 0.00520654 0.00538707
1 0.00823172 0.00840544
2 0.0175942 0.0177591
1 0.00385811 0.00402272
1 0.00647063 0.00663234
2 0.0529068 0.0530658
1 0.00742573 0.00758473
2 0.0367343 0.036892
1 0.012963 0.0131174
2 0.0130666 0.0132201
1 0.0197182 0.0198711
1 0.00141151 0.00156385
1 0.0489052 0.0490549
2 0.0711176 0.0712649
1 0.00761 0.0077565
2 0.0114581 0.0116043
1 0.0712162 0.0713575
1 0.00839475 0.00853337
1 0.0143036 0.0144421
1 0.00631072 0.00644764
2 0.0261024 0.0262391
1 0.033243 0.0333777
2 0.0184506 0.0185852
2 0.0227232 0.0228562
1 0.183612 0.183743
2 0.107357 0.107488
2 0.0134905 0.0136211
2 0.112078 0.112207
1 0.0102602 0.010389
2 0.320347 0.320475
1 0.0151496 0.015277
2 0.00484907 0.0049734
1 0.00550914 0.00562965
1 0.0361119 0.0362321
1 0.00588571 0.0060055
2 0.00510677 0.0052228
2 0.0166758 0.0167901
1 0.00215091 0.00226372
1 0.0944501 0.0945613
1 0.00347955 0.00358674
0 0 0.000103893
1 0.00174418 0.00184805
1 0.00131288 0.00141526
2 0.0182029 0.0183048
1 0.00121866 0.00132008
1 0.00886651 0.00896759
0 0 9.93592e-05
1 0.00681425 0.00691307
1 0.0447399 0.044837
1 0.0245379 0.0246274
2 0.0138473 0.0139336
1 0.0045758 0.00466204
2 0.00899326 0.00906967
1 0.00640183 0.00647731
1 0.00500257 0.00507686
2 0.0171569 0.0172304
1 0.00510339 0.00517683
1 0.0124386 0.0125117
1 0.00876541 0.00883824
1 0.0128599 0.0129293
1 0.0154325 0.0154988
1 0.0419395 0.0420056
2 0.00815208 0.00821695
1 0.0010898 0.00115308
2 0.0201118 0.0201733
2 0.0178436 0.0179041
2 0.0532643 0.0533241
2 0.0976257 0.0976807
1 0.00282833 0.00288085
1 0.00556519 0.00561629
1 0.00386113 0.00391214
1 0.00164774 0.00169636
1 0.0134757 0.0135228
1 0.00486956 0.0049166
1 0.011264 0.0113093
1 0.00506027 0.00510417
1 0.0147539 0.0147975
1 0.0600327 0.0600763
2 0.0170128 0.017056
2 0.0146501 0.0146926
2 0.0421501 0.0421922
1 0.00127387 0.00131492
1 0.0280015 0.0280418
1 0.0173461 0.0173861
2 0.00696817 0.00700792
2 0.00292916 0.00296835
1 0.00596173 0.0060008
1 0.00209417 0.00213292
2 0.0116035 0.0116419
1 0.00412862 0.00416488
1 0.00468713 0.00471964
2 0.086247 0.0862793
2 0.0728437 0.0728755
1 0.0169179 0.0169497
2 0.0499796 0.0500112
1 0.0038034 0.00383485
2 0.00512454 0.00515554
1 0.00599356 0.0060245
1 0.00563462 0.00566546
2 0.0125442 0.0125749
0 0 3.04475e-05
2 0.00406942 0.00409987
1 0.128871 0.1289
2 0.0326422 0.0326701
1 0.00156019 0.00158794
2 0.0720165 0.0720438
1 0.00655249 0.0065791
1 0.00467579 0.00470227
2 0.00523216 0.00525851
1 0.0357516 0.0357774
1 0.00758234 0.00760808
2 0.0120055 0.0120302
2 0.00617739 0.00620192
1 0.00676181 0.00678527
1 0.0149878 0.0150101
1 0.00217295 0.00219409
2 0.00343747 0.0034586
2 0.0577655 0.0577865
0 0 1.95251e-05
1 0.0120261 0.0120447
1 0.0122905 0.012309
2 0.0595024 0.0595207
2 0.0150437 0.0150609
2 0.0144149 0.0144314
1 0.0105632 0.010579
1 0.251915 0.25193
1 0.00831883 0.00833409
2 0.011006 0.0110209
2 0.00836712 0.00838164
1 0.0114521 0.0114661
1 0.00611821 0.00613186
2 0.108619 0.108632
1 0.00294205 0.00295384
2 0.0158543 0.0158655
1 0.0283527 0.0283632
1 0.0711042 0.0711147
2 0.00488479 0.00489513
1 0.0182181 0.0182273
2 0.0333967 0.0334057
1 0.0119523 0.0119611
2 0.0172443 0.0172528
1 0.00760553 0.00761369
2 0.101158 0.101166
1 0.0158619 0.0158691
1 0.00188708 0.00189407
1 0.00253107 0.00253727
2 0.0134427 0.0134484
1 0.00113285 0.00113718
1 0.104549 0.104553
1 0.00766283 0.00766689
1 0.0133753 0.0133791
2 0.00561986 0.00562292
2 0.186887 0.18689
2 0.0205003 0.0205031
2 0.00434262 0.00434541
2 0.0078165 0.00781905
2 0.0150075 0.01501
2 0.00366619 0.00366864
2 0.00485675 0.00485904
2 0.00496482 0.00496682
1 0.00409776 0.00409931
1 0.00600991 0.00601131
1 0.00926217 0.00926339
1 0.00259481 0.00259597
1 0.0418753 0.0418764
2 0.0359701 0.0359709
2 0.032655 0.0326558
1 0.0152004 0.015201
2 0.0215511 0.0215517
1 0.0323837 0.0323842
2 0.0159328 0.0159332
1 0.0105256 0.0105259
2 0.00518985 0.00519018
2 0.0387262 0.0387265
1 0.0272433 0.0272436
2 0.00960105 0.00960133
2 0.0190475 0.0190478
1 0.00282373 0.00282398
1 0.00206423 0.00206435
2 0.018537 0.0185371
1 0.0103662 0.0103663
2 0.00809612 0.00809614
2 0.0183867 0.0183867
2 0.0347083 0.0347083
