0 0 inf
0 0 0.101273
0 0 0.0988928
1 0.148378 0.208848
0 0 0.0574618
0 0 0.0472737
0 0 0.0470985
1 0.0209407 0.0680377
0 0 0.0448319
0 0 0.0373545
0 0 0.0359761
1 0.116683 0.152293
1 0.277122 0.311955
0 0 0.0345573
0 0 0.0324408
0 0 0.0319569
0 0 0.0312705
1 0.0775336 0.108074
0 0 0.0298947
0 0 0.02965
0 0 0.0289903
1 0.0343754 0.0626549
0 0 0.0281878
0 0 0.027708
0 0 0.02748
0 0 0.0268811
1 0.122853 0.149665
0 0 0.0263048
1 0.125088 0.148108
1 0.0376239 0.0605094
0 0 0.0223004
0 0 0.0213532
0 0 0.0210308
2 0.317053 0.337728
1 0.153769 0.174338
1 0.139168 0.15911
0 0 0.0188135
2 0.11147 0.130277
0 0 0.0185497
0 0 0.0183926
0 0 0.0175567
0 0 0.0174917
0 0 0.0171617
0 0 0.0167172
0 0 0.0165881
0 0 0.016107
0 0 0.0160903
1 0.0949151 0.110977
1 0.149011 0.16472
0 0 0.0155671
0 0 0.0152865
2 0.172077 0.187315
1 0.0640803 0.0792379
0 0 0.0150752
0 0 0.0150487
0 0 0.0149035
1 0.0403059 0.0548717
0 0 0.0141977
1 0.0786988 0.0928945
1 0.00743756 0.0215108
0 0 0.0128993
0 0 0.0128373
0 0 0.0124367
1 0.192548 0.204802
0 0 0.0121927
0 0 0.011268
1 0.0810019 0.0920702
0 0 0.0110495
1 0.0557239 0.0667725
0 0 0.0110075
1 0.039528 0.0503842
1 0.111582 0.122374
1 0.135618 0.146392
0 0 0.0107465
0 0 0.01059
1 0.0312154 0.0415648
1 0.0494863 0.0595655
0 0 0.0100483
0 0 0.00996555
1 0.0434039 0.0533458
0 0 0.00983939
0 0 0.00966287
0 0 0.00942316
0 0 0.00940694
0 0 0.00929115
1 0.00933163 0.0184469
2 0.173933 0.182817
0 0 0.00885812
1 0.0467344 0.0555481
0 0 0.00830449
0 0 0.00825249
0 0 0.00824143
0 0 0.00818061
0 0 0.00770109
0 0 0.00766798
0 0 0.00743717
1 0.0491763 0.0564235
0 0 0.00719391
1 0.00551028 0.0123271
0 0 0.00681484
0 0 0.00665187
1 0.0370415 0.0436519
0 0 0.00654639
2 0.065217 0.0717586
0 0 0.00651128
0 0 0.00649
0 0 0.00640833
1 0.0107829 0.0171514
0 0 0.00626367
0 0 0.00625613
1 0.133016 0.13922
0 0 0.00618093
1 0.0240672 0.0302193
0 0 0.00613456
1 0.00469502 0.0107445
0 0 0.00603718
0 0 0.00592932
0 0 0.00584866
1 0.270767 0.276591
1 0.226592 0.232362
0 0 0.00576506
0 0 0.00572969
1 0.0329981 0.0386388
0 0 0.00559782
1 0.023627 0.0291557
1 0.0132314 0.0187581
1 0.00448874 0.00998099
1 0.128242 0.133712
0 0 0.00545003
1 0.0176869 0.0230366
0 0 0.00534586
0 0 0.00531064
0 0 0.00519511
1 0.0115449 0.0166803
1 0.00995895 0.0149944
1 0.00720849 0.0120004
0 0 0.00470941
1 0.0321397 0.0368072
0 0 0.00462143
1 0.00507339 0.00968813
2 0.319743 0.324356
0 0 0.00452891
0 0 0.00445161
0 0 0.00442481
1 0.161572 0.165993
0 0 0.00439108
1 0.0053352 0.0096626
0 0 0.00428584
2 0.115936 0.120163
0 0 0.00417795
0 0 0.00412674
1 0.0213045 0.0252832
0 0 0.00390824
2 0.153603 0.157504
0 0 0.00389179
0 0 0.00388541
0 0 0.00388104
0 0 0.0038701
1 0.00901975 0.0128865
0 0 0.00386416
1 0.0898554 0.0936697
0 0 0.00379889
1 0.127117 0.130894
0 0 0.00373283
0 0 0.00369186
0 0 0.003645
0 0 0.00363415
0 0 0.00356175
0 0 0.00354504
0 0 0.00351962
1 0.12364 0.127131
0 0 0.00347902
1 0.0262834 0.0297202
1 0.011757 0.0151938
1 0.0211471 0.0245795
0 0 0.00342424
0 0 0.00340847
0 0 0.00340153
0 0 0.00339583
0 0 0.00339253
0 0 0.00335144
0 0 0.00322061
1 0.0233545 0.0265654
0 0 0.0031854
0 0 0.00318084
0 0 0.00317492
1 0.0753278 0.0784923
1 0.147783 0.150945
0 0 0.00315946
2 0.156649 0.159768
1 0.00480608 0.00791316
0 0 0.00310415
0 0 0.00308308
1 0.194334 0.197417
0 0 0.00308223
0 0 0.0030657
1 0.0700552 0.0730858
2 0.217331 0.2203
0 0 0.00296568
0 0 0.00295034
1 0.0101197 0.0130619
2 0.0307969 0.0337258
0 0 0.00291049
0 0 0.00285462
0 0 0.00276064
0 0 0.002752
1 0.213568 0.216317
0 0 0.00271915
0 0 0.00269643
0 0 0.00268628
0 0 0.002663
2 0.0184939 0.0211472
1 0.10969 0.112334
1 0.0736949 0.0763188
1 0.00430542 0.00692287
1 0.0245108 0.027119
0 0 0.00259001
1 0.00796717 0.010516
1 0.0710235 0.0735447
0 0 0.00249289
0 0 0.00246969
1 0.00475141 0.0072174
0 0 0.00243496
1 0.019397 0.0218186
0 0 0.00239275
1 0.038764 0.0411114
1 0.0692123 0.0715014
1 0.0117893 0.0140276
2 0.0322414 0.0344685
1 0.00630466 0.0085112
2 0.115124 0.117289
1 0.0496098 0.051771
2 0.0219879 0.0241474
1 0.0132916 0.0154411
0 0 0.00214654
1 0.00940914 0.0115275
0 0 0.00208784
1 0.00415863 0.00623716
2 0.0848801 0.0869541
0 0 0.00207265
2 0.0766973 0.0787391
1 0.0107817 0.0128186
1 0.0282193 0.0302516
0 0 0.00202816
0 0 0.00201296
0 0 0.00199542
2 0.0124222 0.014361
0 0 0.00191874
1 0.0486686 0.0505778
0 0 0.00189754
0 0 0.00189204
0 0 0.00185527
1 0.00404497 0.00588145
0 0 0.00183479
0 0 0.00183425
0 0 0.00182023
0 0 0.00181636
2 0.018605 0.020413
1 0.0239712 0.0257717
1 0.0185389 0.0203387
1 0.0291456 0.0309387
0 0 0.00178263
1 0.0054583 0.00723165
1 0.0205486 0.0223213
2 0.207067 0.208806
2 0.159162 0.160892
0 0 0.00171003
1 0.00706367 0.00877235
1 0.00533531 0.00703329
1 0.112476 0.114158
0 0 0.00167652
0 0 0.00165239
0 0 0.00163903
2 0.0306319 0.032253
1 0.0108485 0.0124651
1 0.010025 0.0116103
1 0.0516015 0.0531845
0 0 0.00158285
1 0.00637983 0.00795814
2 0.136292 0.137854
0 0 0.00155791
1 0.187731 0.189254
1 0.049444 0.0509548
2 0.0190981 0.0205961
0 0 0.00147204
1 0.0105807 0.0120501
1 0.0129966 0.0144592
2 0.104458 0.105917
1 0.0364295 0.0378838
0 0 0.00145343
1 0.00687665 0.00832154
0 0 0.00143905
1 0.019815 0.021253
1 0.011679 0.0130984
1 0.00322906 0.004644
1 0.0109358 0.0123413
0 0 0.00138101
2 0.0133961 0.0147734
1 0.0039341 0.00529533
1 0.0341536 0.0355129
1 0.0344968 0.0358506
1 0.0487868 0.0501198
0 0 0.00132859
1 0.010984 0.0123087
1 0.0156989 0.0170161
0 0 0.00130948
1 0.00969977 0.0110023
0 0 0.0012991
0 0 0.00128078
0 0 0.00127033
0 0 0.00126421
1 0.00640288 0.00766351
1 0.00900543 0.0102631
0 0 0.00122366
1 0.0225957 0.0238003
1 0.133342 0.134539
0 0 0.00118516
2 0.0313014 0.032481
0 0 0.0011747
1 0.0659359 0.0671059
1 0.0424092 0.0435792
0 0 0.00115814
1 0.00448186 0.0056298
1 0.00227984 0.00342644
1 0.123626 0.124762
1 0.0171371 0.018267
1 0.0403668 0.0414828
1 0.0297942 0.0309053
1 0.0202507 0.0213366
1 0.0113033 0.0123805
0 0 0.00107018
1 0.00859313 0.0096623
1 0.00348941 0.00455828
0 0 0.00106172
1 0.011397 0.012455
1 0.00941669 0.0104601
0 0 0.00104187
1 0.0851355 0.0861729
1 0.0170708 0.0180972
2 0.0208593 0.0218751
2 0.0849249 0.0859321
0 0 0.00100235
0 0 0.0010002
1 0.0195169 0.0205156
0 0 0.000982985
1 0.034921 0.0358966
1 0.0134922 0.0144602
0 0 0.000951513
1 0.00770064 0.00864503
1 0.005358 0.00627346
2 0.0361611 0.0370725
1 0.0127582 0.013654
1 0.0553391 0.0562164
1 0.0212767 0.0221509
1 0.0431213 0.043988
1 0.00458767 0.0054307
1 0.0166903 0.0175269
1 0.0173998 0.0182104
0 0 0.000805397
1 0.0292655 0.0300571
1 0.00486433 0.00564096
1 0.00984499 0.0106185
2 0.130978 0.131749
1 0.0344789 0.0352369
2 0.204917 0.20567
1 0.00572044 0.00647192
1 0.0164086 0.0171556
0 0 0.000741416
0 0 0.000719911
0 0 0.000716997
1 0.0163087 0.0170248
1 0.00288536 0.00359994
1 0.00572246 0.00643633
1 0.00764711 0.00835944
2 0.0792821 0.0799914
2 0.0683792 0.0690868
1 0.0224229 0.0231268
2 0.0264505 0.0271395
0 0 0.000682986
2 0.0125734 0.013255
1 0.0218662 0.0225429
2 0.109191 0.109867
1 0.00598667 0.0066595
1 0.0116134 0.0122847
1 0.00576405 0.00642947
1 0.0166657 0.0173278
1 0.0822527 0.0829136
2 0.010415 0.0110751
2 0.0223562 0.0229796
1 0.0165553 0.0171768
2 0.0821492 0.0827693
2 0.0124734 0.0130874
1 0.0114548 0.0120668
1 0.0849824 0.085588
1 0.0666502 0.0672555
2 0.0086583 0.00926349
1 0.063848 0.064449
0 0 0.000585795
1 0.00767008 0.00824031
1 0.00568639 0.00625119
1 0.0113616 0.0119246
2 0.0134636 0.014026
2 0.128891 0.129452
2 0.197471 0.198026
2 0.0214221 0.0219728
1 0.00557941 0.00611721
2 0.00795535 0.00849164
1 0.134579 0.135102
1 0.0137106 0.0142262
1 0.00593141 0.00643963
1 0.0064821 0.00698902
1 0.0113201 0.0118224
1 0.00274372 0.00324436
1 0.00375239 0.00425095
1 0.0059989 0.00648033
1 0.0110648 0.0115436
0 0 0.000442056
1 0.00319542 0.00363459
2 0.0265524 0.0269872
0 0 0.000429466
1 0.0104388 0.01086
0 0 0.000421156
1 0.0173936 0.0178145
1 0.0181744 0.0185931
1 0.063126 0.0635443
2 0.0199627 0.0203717
1 0.00702785 0.00743081
1 0.03446 0.0348556
0 0 0.00039359
1 0.0361138 0.0365016
1 0.0100608 0.0104438
1 0.00493239 0.00531372
2 0.0478608 0.0482401
1 0.00548318 0.00586134
1 0.0142098 0.0145873
1 0.00163316 0.00200801
1 0.00534101 0.00571179
1 0.0245132 0.0248753
1 0.0045743 0.00493631
1 0.0057438 0.00610567
2 0.0943686 0.0947304
2 0.0311061 0.0314563
2 0.0230996 0.0234484
0 0 0.000347461
1 0.0158905 0.0162365
1 0.00426142 0.00460577
0 0 0.000343372
1 0.00433738 0.00468074
2 0.0258918 0.0262312
2 0.0160991 0.0164371
1 0.00321306 0.00355004
0 0 0.000336506
1 0.0119356 0.012269
1 0.00392335 0.00425341
1 0.00162256 0.00194131
1 0.0788056 0.0791196
1 0.0093149 0.00962785
1 0.0100159 0.0103286
1 0.00227857 0.00258327
1 0.00483633 0.00513493
0 0 0.000292373
1 0.00591821 0.00620639
2 0.0334983 0.033785
1 0.0315505 0.0318318
1 0.00915679 0.00943297
2 0.00835817 0.00862854
1 0.0294332 0.0296959
1 0.0467612 0.0470235
1 0.0197334 0.0199935
1 0.0847556 0.0850116
1 0.0136677 0.0139221
0 0 0.0002539
1 0.00802628 0.00827894
1 0.0119141 0.0121657
1 0.145591 0.145841
1 0.00485594 0.00509737
2 0.0138255 0.0140658
2 0.0227504 0.0229905
2 0.019477 0.0197142
1 0.00721834 0.0074532
1 0.00523116 0.00546156
1 0.0629832 0.0632125
1 0.00220415 0.00242717
2 0.0340606 0.0342822
2 0.0517679 0.0519868
2 0.0135683 0.0137834
1 0.0023316 0.00254558
1 0.0106762 0.0108862
2 0.00964332 0.00984498
1 0.0168427 0.0170436
1 0.0104602 0.0106601
1 0.00310256 0.00330134
2 0.116074 0.116271
1 0.154025 0.154217
1 0.00747425 0.00766607
1 0.00744208 0.00763366
2 0.0188356 0.0190257
1 0.0217848 0.0219698
2 0.0098528 0.0100366
1 0.0133504 0.0135332
0 0 0.000182394
2 0.0805766 0.0807562
1 0.0333043 0.033483
1 0.00439663 0.00457479
2 0.0108929 0.0110653
1 0.0140004 0.0141679
1 0.00647526 0.00664005
1 0.0112969 0.0114578
2 0.0180114 0.0181723
1 0.00990997 0.0100676
1 0.00978054 0.00993688
1 0.00492296 0.00507796
1 0.0840776 0.0842325
1 0.00195433 0.00210341
1 0.00186801 0.00201229
2 0.0145546 0.0146962
1 0.00365359 0.00379478
1 0.0290337 0.029163
2 0.0226186 0.0227423
1 0.00974998 0.00987218
1 0.0179123 0.0180337
1 0.00926716 0.0093873
1 0.0262212 0.0263401
2 0.176235 0.176354
1 0.0473729 0.0474913
2 0.00729627 0.00741082
1 0.0103832 0.010491
1 0.0092986 0.00940511
2 0.0440402 0.0441425
1 0.00311372 0.00321349
2 0.0299801 0.0300762
1 0.00618519 0.00628052
1 0.0135493 0.0136434
1 0.0198482 0.0199417
2 0.0862125 0.0863057
1 0.0308607 0.0309516
2 0.125499 0.125589
1 0.0035609 0.00364911
1 0.0034068 0.0034895
1 0.0113519 0.0114327
0 0 8.001e-05
1 0.00697629 0.00705435
1 0.00470188 0.00477957
2 0.146813 0.14689
2 0.0027133 0.00278871
1 0.00575755 0.00583255
2 0.00559685 0.00566831
1 0.106548 0.106616
2 0.0102448 0.0103116
1 0.0842138 0.0842806
1 0.0234405 0.0235072
1 0.00624605 0.0063114
1 0.0079543 0.00801886
1 0.0206593 0.0207202
1 0.00373347 0.00379327
2 0.00541461 0.00547426
2 0.0127923 0.0128514
1 0.00261333 0.00267106
1 0.0489561 0.0490135
1 0.0135534 0.0136084
1 0.00621827 0.00627105
1 0.0111623 0.0112149
2 0.0056382 0.00569036
1 0.000985395 0.00103736
1 0.0131455 0.0131962
2 0.211769 0.211818
1 0.00587474 0.00592322
1 0.000905517 0.00095388
1 0.00425759 0.00430457
1 0.0198634 0.0199077
0 0 4.34524e-05
2 0.0155452 0.0155886
2 0.0855839 0.0856272
1 0.00680374 0.00684499
2 0.0210129 0.0210523
1 0.00601527 0.00605419
1 0.0184818 0.0185198
0 0 3.77453e-05
2 0.0199784 0.0200147
1 0.00579587 0.00583168
1 0.0136892 0.0137201
1 0.0190602 0.0190909
1 0.00167885 0.0017087
1 0.0155282 0.0155574
1 0.0108749 0.0109029
1 0.112192 0.112218
2 0.0688544 0.0688808
1 0.0077513 0.00777591
1 0.0145921 0.0146165
1 0.0119557 0.0119793
1 0.0144859 0.0145084
1 0.0250216 0.0250439
1 0.0116123 0.0116345
1 0.1575 0.157521
1 0.0300951 0.0301156
1 0.000419779 0.000439485
1 0.00915809 0.00917749
2 0.0148016 0.0148189
1 0.015595 0.0156117
2 0.010911 0.0109275
2 0.0269542 0.0269707
1 0.01681 0.0168262
1 0.0148007 0.0148169
1 0.0074052 0.00742056
2 0.0067893 0.00680435
1 0.0238102 0.0238243
1 0.0061097 0.00612295
1 0.0127271 0.0127396
1 0.00823886 0.00825059
1 0.0107091 0.0107204
1 0.060124 0.0601354
1 0.00556142 0.00557194
1 0.0102581 0.0102684
2 0.0194964 0.0195065
1 0.022679 0.0226877
2 0.0165628 0.0165715
2 0.020057 0.0200652
2 0.07168 0.0716879
2 0.00492065 0.00492821
2 0.00859024 0.00859712
2 0.0148874 0.0148941
2 0.0235459 0.0235524
1 0.196533 0.196539
2 0.00742433 0.00742943
2 0.00609767 0.00610267
1 0.0082144 0.00821907
1 0.00409104 0.00409492
1 0.00444008 0.00444343
2 0.0136862 0.0136895
1 0.0047702 0.00477355
2 0.0221421 0.0221452
1 0.095253 0.0952558
1 0.00836049 0.00836314
1 0.0128871 0.0128895
1 0.0152818 0.0152837
2 0.0716535 0.0716553
1 0.00509078 0.00509187
1 0.0388471 0.0388481
2 0.00861326 0.0086141
2 0.019582 0.0195829
2 0.0085859 0.00858664
1 0.0388426 0.0388431
2 0.00845345 0.008454
2 0.0148833 0.0148838
1 0.0716496 0.0716499
2 0.106744 0.106745
1 0.0316893 0.0316896
2 0.152304 0.152304
2 0.0098062 0.00980644
1 0.18524 0.185241
2 0.11966 0.11966
2 0.0131353 0.0131354
1 0.00621388 0.00621401
1 0.00768369 0.00768379
1 0.00515628 0.00515631
1 0.0427393 0.0427393
1 0.0118285 0.0118285
