0 0 inf
0 0 0.131803
0 0 0.112303
1 0.0842017 0.187028
0 0 0.0981186
0 0 0.0732334
1 0.0276536 0.100574
0 0 0.0701145
0 0 0.0687233
0 0 0.0627865
0 0 0.0568553
0 0 0.055394
0 0 0.0474019
0 0 0.0439559
0 0 0.0428059
1 0.303852 0.345193
0 0 0.0394075
0 0 0.0384358
1 0.0799594 0.115143
0 0 0.0332811
0 0 0.0299965
1 0.134499 0.162977
0 0 0.0261816
0 0 0.0245169
0 0 0.0233167
1 0.0271612 0.0504237
1 0.0802574 0.102464
0 0 0.0218336
0 0 0.021628
0 0 0.0216113
0 0 0.0215417
0 0 0.0212533
0 0 0.0203561
0 0 0.0201872
0 0 0.0200872
0 0 0.0198252
0 0 0.0197878
1 0.0222512 0.0419215
2 0.231139 0.250671
1 0.115158 0.134361
1 0.0467099 0.0656131
0 0 0.0182241
0 0 0.0178085
1 0.0293157 0.0466357
1 0.051591 0.0689007
0 0 0.0168758
0 0 0.0168337
0 0 0.0165046
1 0.174836 0.190985
0 0 0.0159432
0 0 0.0155558
0 0 0.0149109
0 0 0.0147585
0 0 0.0146858
0 0 0.0144844
1 0.0491046 0.0634224
1 0.144531 0.158689
0 0 0.0136562
0 0 0.0132513
0 0 0.0131333
0 0 0.0127433
1 0.0436741 0.0562654
0 0 0.0120601
0 0 0.0120378
0 0 0.0119599
1 0.202926 0.214584
1 0.0664957 0.077895
0 0 0.0111655
0 0 0.0108277
0 0 0.0106896
0 0 0.010617
0 0 0.0104604
1 0.0220933 0.0320236
1 0.0412511 0.0507345
1 0.0995542 0.108755
0 0 0.00909981
0 0 0.00882176
1 0.150968 0.159762
1 0.0234187 0.0320874
1 0.010952 0.0194033
0 0 0.00840887
1 0.00793193 0.0160879
0 0 0.00801295
0 0 0.00801268
0 0 0.00797324
0 0 0.00784716
1 0.0103246 0.018119
1 0.036612 0.0443408
0 0 0.0076617
1 0.0737594 0.0811554
1 0.00340229 0.0107361
0 0 0.00719928
0 0 0.00707299
1 0.0197206 0.0266667
1 0.0726242 0.0795161
0 0 0.00677086
0 0 0.0065545
0 0 0.00637503
1 0.00716834 0.0134598
0 0 0.00620704
0 0 0.00612425
0 0 0.00606744
0 0 0.00605988
0 0 0.00605663
0 0 0.00602647
0 0 0.00600609
0 0 0.00600097
1 0.0183069 0.0243067
0 0 0.00597719
1 0.0103381 0.0162824
0 0 0.00593227
0 0 0.00588155
1 0.0123266 0.0181842
0 0 0.00583813
1 0.00972552 0.0155191
0 0 0.00572801
1 0.0226218 0.0283264
0 0 0.0054299
0 0 0.00541813
0 0 0.00541654
1 0.00647986 0.0118793
0 0 0.00530704
0 0 0.00528988
1 0.00663035 0.0118739
1 0.0483957 0.0535442
0 0 0.0051343
1 0.031598 0.0367255
0 0 0.00502166
0 0 0.00499642
1 0.222416 0.227374
0 0 0.00492878
0 0 0.00491303
1 0.00497007 0.00984476
0 0 0.00478864
1 0.0132437 0.017979
1 0.146996 0.15169
0 0 0.0046785
0 0 0.00463283
0 0 0.00462346
0 0 0.00461276
1 0.00713491 0.0116556
1 0.00554333 0.0100614
0 0 0.0044955
0 0 0.00448734
2 0.0327164 0.0371863
0 0 0.00444509
0 0 0.00440062
0 0 0.00438609
1 0.0348976 0.0391869
0 0 0.00427253
0 0 0.00422618
1 0.148022 0.152154
1 0.0722349 0.0763389
0 0 0.00405672
0 0 0.00405509
0 0 0.00399698
0 0 0.00399218
0 0 0.0039333
0 0 0.00389036
0 0 0.00385484
1 0.00673842 0.0105571
0 0 0.00376358
0 0 0.0037423
2 0.253786 0.257512
0 0 0.00355755
1 0.00735031 0.0108195
1 0.217043 0.220468
0 0 0.00342429
0 0 0.00334629
0 0 0.00328964
0 0 0.00327947
0 0 0.00326576
0 0 0.0032624
1 0.0180179 0.0212797
0 0 0.00323804
0 0 0.0032229
1 0.00608742 0.00927488
0 0 0.00318232
0 0 0.00316172
1 0.00805921 0.0112028
0 0 0.00313092
1 0.0281228 0.0312386
0 0 0.00305949
0 0 0.003055
1 0.0180925 0.0211386
2 0.188784 0.191803
0 0 0.00301006
0 0 0.00296782
0 0 0.00296599
0 0 0.00296184
0 0 0.00295758
1 0.0509076 0.0538481
1 0.00667852 0.00961819
0 0 0.00293681
0 0 0.00292848
1 0.132938 0.135853
1 0.020536 0.0234197
0 0 0.00287374
0 0 0.0028717
1 0.0519331 0.0547799
1 0.0894399 0.0922842
0 0 0.00282587
1 0.0246676 0.0274882
0 0 0.00277936
1 0.00674062 0.0094976
2 0.0702454 0.0729899
1 0.015341 0.0180798
1 0.00620157 0.00892328
1 0.0282452 0.0309613
0 0 0.00270114
0 0 0.00267366
0 0 0.00266687
0 0 0.00261983
0 0 0.00260742
0 0 0.00260459
1 0.0364539 0.0389757
0 0 0.0024906
0 0 0.00248938
0 0 0.00247377
0 0 0.00244752
0 0 0.00244039
2 0.257856 0.260288
0 0 0.00240867
0 0 0.00239751
1 0.253911 0.256264
1 0.00717796 0.00952727
1 0.0205904 0.0229224
0 0 0.00230492
0 0 0.0022783
0 0 0.00224624
0 0 0.00218763
0 0 0.00218319
0 0 0.00215835
0 0 0.00215697
1 0.0122401 0.0143238
0 0 0.00208343
0 0 0.00203565
1 0.0196547 0.0216609
1 0.0086361 0.0106397
0 0 0.00198975
1 0.00674021 0.00871933
1 0.0077576 0.00972235
1 0.018885 0.0208448
0 0 0.00195592
1 0.0351546 0.0370889
0 0 0.00192122
1 0.00826491 0.0101586
2 0.014756 0.0166406
1 0.00711966 0.0089922
1 0.00638018 0.00825151
1 0.225217 0.227087
1 0.0147167 0.0165773
0 0 0.0018437
1 0.0242802 0.0260932
1 0.00555436 0.00735201
0 0 0.00179224
1 0.0377629 0.0395503
1 0.00803835 0.0098246
2 0.227889 0.229656
1 0.00591106 0.00767611
1 0.0284677 0.0302301
1 0.076892 0.0786481
1 0.0326369 0.0343726
0 0 0.00173435
1 0.0173291 0.0190492
0 0 0.0017196
1 0.00765467 0.00936581
0 0 0.00170059
1 0.0265471 0.0282246
1 0.0234097 0.0250827
1 0.130091 0.13176
0 0 0.00166545
0 0 0.00165515
1 0.0235285 0.0251774
1 0.0223474 0.0239779
0 0 0.00162525
1 0.00593846 0.00756181
1 0.0117178 0.0133292
1 0.00587544 0.0074199
0 0 0.00154271
1 0.0163835 0.0178569
1 0.00617333 0.00762936
1 0.0176482 0.019103
1 0.00911441 0.0105664
1 0.0995474 0.100994
0 0 0.00141965
1 0.00663936 0.00804848
0 0 0.00136907
1 0.0444893 0.0458571
2 0.0752423 0.0765861
0 0 0.00132836
0 0 0.00132661
1 0.0268754 0.0281623
1 0.0428986 0.044177
1 0.00597826 0.00724532
0 0 0.00125771
1 0.0790096 0.0802553
0 0 0.00121908
1 0.00553918 0.00674696
1 0.00401254 0.00520748
1 0.0135098 0.0147031
1 0.0262705 0.0274574
1 0.010876 0.0120571
2 0.0207213 0.0218934
1 0.00252469 0.00367656
0 0 0.00114582
2 0.0520057 0.0531477
1 0.0034963 0.00462197
2 0.0277365 0.0288614
0 0 0.00112193
1 0.00734746 0.00844464
0 0 0.00109285
1 0.0121856 0.0132664
1 0.00604491 0.00710794
1 0.00390266 0.00495735
1 0.0114191 0.012472
1 0.00633978 0.00738577
0 0 0.00104572
0 0 0.00103789
1 0.00881144 0.00982773
0 0 0.00100869
0 0 0.000994468
0 0 0.000989124
1 0.0496053 0.0505875
1 0.00842477 0.00940543
1 0.0598705 0.0608402
2 0.0139486 0.0149167
1 0.013119 0.0140757
2 0.0345922 0.0355328
1 0.0159728 0.0169069
1 0.0063914 0.00730671
0 0 0.00090494
0 0 0.000903049
1 0.00539532 0.00629658
1 0.006123 0.00700831
1 0.00626252 0.00714287
1 0.0161906 0.017065
2 0.0107698 0.0116435
2 0.0147813 0.0156494
0 0 0.000865894
2 0.0564788 0.0573446
1 0.00662677 0.00748502
1 0.00419816 0.00505552
2 0.0340295 0.0348731
1 0.0107829 0.0116233
1 0.0052245 0.00605426
2 0.0467892 0.0476182
1 0.00344506 0.00427177
1 0.00295407 0.00377759
1 0.00666337 0.00748413
0 0 0.000819985
2 0.0214856 0.0222697
1 0.00901311 0.00979516
1 0.00589206 0.00666905
1 0.00696924 0.00772858
0 0 0.000740737
1 0.0105858 0.0113214
1 0.0106567 0.0113893
2 0.00986851 0.010601
1 0.017291 0.0180229
2 0.0254194 0.0261485
1 0.0057639 0.00648801
1 0.0213282 0.0220519
1 0.0678161 0.0685325
1 0.00610526 0.00680773
0 0 0.000690827
0 0 0.000683865
1 0.0236007 0.0242736
1 0.00692838 0.00759357
1 0.00274831 0.00340696
0 0 0.000658515
1 0.00619041 0.00684627
2 0.048992 0.049642
1 0.0120475 0.0126878
2 0.0219756 0.022615
1 0.00426025 0.00488266
1 0.0192326 0.0198521
1 0.00900057 0.00961517
1 0.00353992 0.00415356
1 0.0148619 0.0154723
2 0.0242769 0.0248774
1 0.0112405 0.0118314
1 0.00513809 0.0057167
1 0.00410986 0.00468694
0 0 0.000575198
2 0.0147912 0.0153662
1 0.0538592 0.0544252
0 0 0.00056498
1 0.0148882 0.0154406
1 0.0106299 0.0111803
1 0.0076704 0.0082203
1 0.00305575 0.00359816
0 0 0.000539363
1 0.00451022 0.00504701
1 0.00367357 0.00420592
0 0 0.000529299
2 0.0909049 0.0914317
1 0.0196298 0.0201553
2 0.020929 0.0214414
1 0.0210925 0.0216008
1 0.0075577 0.00805989
1 0.00883617 0.00933312
2 0.121178 0.121671
2 0.0196826 0.0201705
1 0.00442678 0.00490354
2 0.0197425 0.0202126
1 0.00868115 0.00915115
2 0.0103454 0.0108082
2 0.102989 0.103448
1 0.0142631 0.014718
1 0.00342038 0.00385689
1 0.0189946 0.0194221
1 0.00655788 0.00697517
1 0.0192183 0.019633
1 0.0998451 0.100254
2 0.0159706 0.0163787
1 0.0193591 0.0197628
1 0.00967438 0.0100664
2 0.0109389 0.0113302
1 0.00959043 0.00997384
2 0.010211 0.0105886
2 0.0269241 0.0272993
1 0.0884018 0.0887758
1 0.0105578 0.0109276
2 0.0127429 0.0131029
0 0 0.000359011
2 0.105555 0.105911
2 0.0120161 0.0123687
1 0.00896347 0.00931546
1 0.00370853 0.00405801
0 0 0.000346122
1 0.00610023 0.00644097
1 0.052983 0.0533228
2 0.0428957 0.0432331
1 0.00803745 0.00837337
1 0.0082983 0.00862455
2 0.0112863 0.0116117
1 0.208107 0.208432
1 0.0030066 0.00331653
1 0.0507174 0.0510194
1 0.00368425 0.00398567
1 0.0211279 0.0214286
1 0.00521263 0.00550791
2 0.0148395 0.0151289
1 0.0133843 0.0136735
1 0.00556105 0.00584889
1 0.201267 0.201553
1 0.0117053 0.0119885
1 0.00799845 0.00827846
1 0.00458272 0.00486266
1 0.00747985 0.00774836
1 0.029562 0.0298277
1 0.00595888 0.00622359
2 0.0193962 0.0196583
1 0.00865321 0.00891235
1 0.00760347 0.00785972
1 0.0304951 0.03075
1 0.0113748 0.0116249
2 0.0321172 0.032363
1 0.161239 0.161482
1 0.125797 0.126039
1 0.0612244 0.0614621
2 0.0113661 0.0116028
2 0.259958 0.260194
2 0.102952 0.103186
1 0.00669071 0.00692484
1 0.0415824 0.0418099
2 0.0193933 0.0196176
2 0.0122544 0.0124767
1 0.00848262 0.00870358
2 0.0123715 0.0125878
1 0.0128243 0.0130388
1 0.0947153 0.0949272
1 0.00826168 0.00846957
1 0.187336 0.187542
2 0.00938698 0.00958744
1 0.00677399 0.00696925
1 0.0172781 0.0174719
1 0.0136434 0.013835
1 0.00287501 0.00306627
1 0.00402209 0.0042133
2 0.0496397 0.0498295
2 0.0720412 0.0722222
2 0.0334862 0.0336667
1 0.00307147 0.00324889
1 0.00775753 0.00793475
2 0.0194959 0.0196725
2 0.0221874 0.0223628
1 0.00568019 0.00585482
2 0.00929292 0.00946549
1 0.00287921 0.00305174
1 0.00916776 0.00933879
2 0.111439 0.111608
2 0.0209773 0.0211458
1 0.0105628 0.0107312
1 0.0782177 0.0783841
1 0.0109963 0.0111621
2 0.0690645 0.0692283
2 0.00778512 0.00794753
1 0.0105543 0.0107159
0 0 0.000160676
2 0.0105014 0.0106617
1 0.0145107 0.0146706
2 0.0351848 0.0353443
1 0.186562 0.186716
1 0.00559438 0.00574616
2 0.0300741 0.0302254
1 0.00956214 0.00971281
1 0.0215596 0.0217095
1 0.00113704 0.00128688
2 0.0907711 0.0909181
1 0.00888717 0.00903163
2 0.0109902 0.0111326
1 0.0301627 0.030297
1 0.0179955 0.0181293
1 0.0171394 0.0172729
1 0.0053113 0.005442
1 0.00640568 0.00653519
1 0.0147636 0.0148925
1 0.00929058 0.00941938
1 0.00436942 0.00449637
1 0.0473443 0.04747
2 0.0105783 0.0107032
1 0.00392319 0.00404779
1 0.0166756 0.0167995
1 0.0105782 0.0107015
2 0.00734385 0.00746618
1 0.00575825 0.00587992
1 0.00503385 0.00515355
1 0.00813904 0.00825777
1 0.00281344 0.002931
1 0.00785238 0.00796791
2 0.00994366 0.0100568
1 0.00256903 0.00268077
1 0.00489083 0.00500126
2 0.0184377 0.0185476
2 0.0100759 0.0101849
2 0.102078 0.102185
1 0.00826601 0.00837312
1 0.00538631 0.00549198
1 0.0031345 0.00323979
1 0.0227201 0.0228252
1 0.00306438 0.00316811
1 0.00647158 0.00657519
1 0.0051447 0.00524645
1 0.00525725 0.00535162
2 0.0210741 0.0211684
2 0.0221029 0.0221969
1 0.0057025 0.00579523
1 0.00484561 0.00493628
1 0.0118923 0.0119826
2 0.00807297 0.00815666
2 0.00836806 0.00845145
1 0.0093192 0.00940203
1 0.0110551 0.0111378
1 0.0343028 0.0343846
2 0.312382 0.312464
1 0.0100651 0.0101446
2 0.0556507 0.055729
2 0.0163966 0.0164732
1 0.00688405 0.00696063
1 0.0107589 0.010835
2 0.0235789 0.0236536
0 0 7.31846e-05
2 0.0209798 0.0210529
2 0.0346245 0.0346959
1 0.00597409 0.00604544
1 0.00958984 0.0096593
1 0.00925905 0.00932846
1 0.0107344 0.0108033
1 0.00555418 0.00562302
1 0.0102434 0.0103122
2 0.0224257 0.0224937
0 0 6.71168e-05
2 0.0148192 0.0148845
2 0.0047902 0.00485547
2 0.00490584 0.00497102
1 0.0321747 0.0322397
1 0.0492949 0.0493596
2 0.0170769 0.0171406
2 0.0221683 0.0222308
1 0.0110532 0.0111147
1 0.00860291 0.00866398
1 0.0171182 0.017179
1 0.0101159 0.010176
1 0.0034047 0.00346464
2 0.0294727 0.0295327
1 0.00829546 0.00835447
1 0.0326163 0.0326749
2 0.0115314 0.0115894
1 0.0484668 0.0485244
1 0.0216947 0.0217457
1 0.0116679 0.0117184
2 0.00813416 0.0081844
2 0.0555345 0.0555817
2 0.030953 0.0310001
1 0.00862173 0.00866673
1 0.00940215 0.00944628
1 0.0290762 0.02912
1 0.0554044 0.0554463
2 0.0238763 0.023917
2 0.00800525 0.00804589
1 0.00503258 0.00507144
1 0.0103469 0.0103835
1 0.111387 0.111423
2 0.0103843 0.0104197
2 0.00576792 0.00580199
1 0.0096348 0.00966774
1 0.00997922 0.0100114
1 0.00838025 0.00841134
1 0.0126099 0.0126408
1 0.0123777 0.0124077
1 0.00278635 0.00281629
2 0.00996746 0.0099974
1 0.021502 0.0215314
2 0.0213079 0.021337
1 0.0125513 0.0125794
2 0.0949717 0.0949992
2 0.00937782 0.00940496
2 0.00518261 0.00520861
2 0.0155817 0.0156059
2 0.0204406 0.0204628
2 0.0182257 0.0182474
1 0.0119137 0.0119349
2 0.0220641 0.0220852
1 0.0183243 0.0183442
1 0.0136637 0.0136834
2 0.198962 0.198981
1 0.00327703 0.00329566
2 0.00501012 0.00502622
2 0.0342796 0.034293
1 0.0078574 0.00787053
2 0.0586172 0.0586302
2 0.00976823 0.00978118
1 0.014702 0.0147136
1 0.00491632 0.00492789
1 0.0210845 0.0210953
2 0.00925269 0.00926305
1 0.0242396 0.0242497
2 0.0073474 0.00735698
2 0.0158719 0.0158814
2 0.00336048 0.00336953
1 0.012501 0.0125092
1 0.0228214 0.0228296
2 0.0367041 0.0367122
2 0.0264538 0.0264611
2 0.0224303 0.0224371
1 0.00631857 0.00632519
1 0.0110021 0.0110078
1 0.00573641 0.00574179
1 0.00263397 0.00263917
2 0.0118946 0.0118997
2 0.0133443 0.0133491
1 0.0278615 0.0278662
2 0.0127883 0.0127926
1 0.0112037 0.0112078
2 0.0114287 0.0114327
1 0.0161714 0.0161754
1 0.0138505 0.0138544
1 0.0187003 0.0187043
2 0.0230494 0.0230526
2 0.0215488 0.0215516
1 0.016062 0.0160649
1 0.0160259 0.0160286
2 0.00413843 0.00414107
1 0.00841209 0.00841454
1 0.0178671 0.0178693
1 0.165363 0.165365
1 0.00620583 0.00620778
1 0.0124668 0.0124684
1 0.0055667 0.00556833
1 0.0459051 0.0459067
1 0.0148186 0.0148194
1 0.0308385 0.0308394
1 0.0351741 0.0351749
1 0.00480292 0.00480364
1 0.00304456 0.00304519
2 0.0104623 0.0104628
2 0.0197922 0.0197927
2 0.0117122 0.0117124
2 0.0143803 0.0143804
2 0.022034 0.0220341
1 0.00173527 0.00173539
2 0.0125075 0.0125076
2 0.0210472 0.0210473
1 0.198342 0.198342
1 0.106301 0.106301
2 0.0166394 0.0166395
1 0.0672346 0.0672347
1 0.012161 0.0121611
2 0.0152189 0.0152189
2 0.013746 0.013746
