0 0 inf
0 0 0.153769
0 0 0.128064
0 0 0.0568058
1 0.156312 0.209971
1 0.0518173 0.103406
1 0.066727 0.113187
0 0 0.0448319
0 0 0.0446834
1 0.0659359 0.107758
0 0 0.0415422
0 0 0.0402387
0 0 0.038764
1 0.169744 0.20847
0 0 0.0373545
1 0.0831537 0.118464
0 0 0.0351951
0 0 0.0319569
1 0.0537637 0.0849101
0 0 0.0308593
0 0 0.0285015
0 0 0.0281938
0 0 0.0274088
0 0 0.0271973
1 0.0543454 0.0802024
0 0 0.0257213
0 0 0.0252073
1 0.135618 0.160563
1 0.0685019 0.0933194
0 0 0.0247118
1 0.0793057 0.103413
0 0 0.0237378
0 0 0.0234915
0 0 0.0229813
0 0 0.0225962
1 0.215761 0.237411
0 0 0.0209053
0 0 0.0204898
0 0 0.0201546
0 0 0.0184403
1 0.05845 0.0768493
0 0 0.0172206
2 0.164252 0.181281
0 0 0.0163474
0 0 0.0160903
0 0 0.0149812
0 0 0.0145155
0 0 0.0139194
1 0.0359703 0.0493657
0 0 0.0124482
1 0.167247 0.17915
2 0.272906 0.284562
0 0 0.0116157
1 0.134721 0.144916
0 0 0.0100483
1 0.0577838 0.0675252
0 0 0.00966287
1 0.23772 0.247293
0 0 0.00942316
1 0.0633346 0.0724592
0 0 0.00873084
0 0 0.00844951
0 0 0.00830449
1 0.228204 0.236414
1 0.0646726 0.072669
0 0 0.00785257
0 0 0.0077161
1 0.00401499 0.0116936
0 0 0.00755211
0 0 0.00737521
0 0 0.00734782
0 0 0.00727563
0 0 0.00725112
0 0 0.00715391
1 0.01158 0.0184818
1 0.0929352 0.0997649
1 0.0287974 0.0355386
0 0 0.00666416
0 0 0.00651128
1 0.011211 0.0176476
1 0.0652967 0.0716344
0 0 0.00626367
0 0 0.00618093
0 0 0.00604194
0 0 0.00603718
1 0.0239712 0.0299144
0 0 0.00589819
0 0 0.00584866
0 0 0.00575696
0 0 0.0056944
0 0 0.00559782
0 0 0.00546854
0 0 0.00546224
1 0.0820971 0.0874096
1 0.00489126 0.0101854
0 0 0.0052934
1 0.0037493 0.00900318
1 0.0115938 0.0166945
1 0.00523287 0.0100659
0 0 0.00479907
0 0 0.00475711
0 0 0.00473091
0 0 0.00467372
0 0 0.00465644
0 0 0.00462439
1 0.00438415 0.00897645
0 0 0.00452326
0 0 0.00439259
1 0.0385316 0.0429084
1 0.103373 0.107721
0 0 0.00429028
1 0.0422825 0.0465016
1 0.142125 0.14628
1 0.00470941 0.00884268
0 0 0.00409482
0 0 0.00406437
0 0 0.0040095
0 0 0.0039975
0 0 0.0039862
0 0 0.0039306
0 0 0.00392225
0 0 0.00380798
0 0 0.0037904
0 0 0.00372912
0 0 0.00369186
0 0 0.0035709
0 0 0.00351738
1 0.00611084 0.00948438
0 0 0.00333401
0 0 0.00329095
0 0 0.00328049
0 0 0.00327237
0 0 0.00325519
0 0 0.00320567
0 0 0.00315474
0 0 0.0031349
0 0 0.00308053
1 0.00542342 0.00846034
1 0.0440711 0.0471072
0 0 0.00302147
0 0 0.00301382
0 0 0.00299622
0 0 0.00299449
0 0 0.00299213
1 0.0292741 0.0322406
1 0.00562832 0.00859142
0 0 0.00296067
0 0 0.00295658
0 0 0.00290048
0 0 0.00285253
0 0 0.00284659
0 0 0.00284031
1 0.0757095 0.0785365
0 0 0.00282367
0 0 0.00280769
0 0 0.00279751
0 0 0.00276467
1 0.00532027 0.0080845
0 0 0.00269763
0 0 0.00269643
0 0 0.00268628
0 0 0.00266546
0 0 0.00266107
0 0 0.00259179
0 0 0.00256268
0 0 0.00253929
0 0 0.0025373
0 0 0.00249898
0 0 0.0024492
0 0 0.00244504
0 0 0.00243852
0 0 0.00243689
1 0.00581698 0.00820164
1 0.215678 0.218051
1 0.00913712 0.0114817
0 0 0.00229066
0 0 0.00226449
1 0.0174917 0.0197349
1 0.0048678 0.0071061
1 0.0112969 0.0134636
0 0 0.0021626
0 0 0.0021572
1 0.00507339 0.00722665
1 0.00624605 0.00838834
0 0 0.00212524
0 0 0.00211853
1 0.0669363 0.0690169
1 0.00338438 0.00543122
1 0.0181372 0.0201599
0 0 0.00201296
0 0 0.00197477
1 0.0142124 0.0161838
1 0.0241056 0.026073
1 0.0911568 0.0930627
0 0 0.00190289
2 0.00958811 0.0114885
0 0 0.00189204
0 0 0.00186396
1 0.00329588 0.00515535
0 0 0.00185682
1 0.138597 0.140446
1 0.0157257 0.0175577
1 0.00617416 0.00798353
0 0 0.00180872
1 0.016411 0.0181912
0 0 0.00176466
1 0.00657145 0.00832154
1 0.00885812 0.0105995
0 0 0.00173132
0 0 0.00170141
2 0.0524725 0.0541718
0 0 0.00167652
2 0.124433 0.126093
0 0 0.00164774
0 0 0.0016307
0 0 0.00162256
1 0.0161043 0.0177216
0 0 0.00160295
0 0 0.00158285
0 0 0.00158273
1 0.00466925 0.0062411
1 0.0500684 0.0516219
0 0 0.0015513
1 0.00801266 0.0095556
1 0.043197 0.0447166
0 0 0.00148647
1 0.00317281 0.00464897
1 0.0294487 0.0309124
1 0.00415863 0.00561715
0 0 0.00143916
0 0 0.00143905
0 0 0.00143672
1 0.00731406 0.00872522
1 0.00409014 0.00549789
1 0.0295904 0.0309964
1 0.0804448 0.0818433
0 0 0.00137402
1 0.0295002 0.030867
0 0 0.00136339
1 0.00241072 0.00374419
0 0 0.00132859
1 0.00845887 0.00976994
1 0.00619628 0.00750433
1 0.00659291 0.00789825
0 0 0.00129361
0 0 0.00128698
0 0 0.00128493
0 0 0.00127387
1 0.0054915 0.00675895
0 0 0.00125845
0 0 0.0012303
2 0.0294119 0.030636
0 0 0.00122366
0 0 0.00121866
1 0.00687989 0.00809767
0 0 0.00121254
0 0 0.00120875
1 0.0136892 0.0148874
1 0.00959563 0.0107905
1 0.0423515 0.0435409
0 0 0.00118516
0 0 0.0011815
1 0.0199379 0.0211137
0 0 0.0011747
1 0.0370796 0.0382412
0 0 0.00114802
1 0.00648225 0.00762641
1 0.0175954 0.0187354
0 0 0.00113996
1 0.0684663 0.0696036
2 0.0122835 0.0134189
2 0.0148655 0.0159958
0 0 0.00111627
0 0 0.0011141
1 0.0434089 0.0445186
1 0.00463907 0.00574005
1 0.0040754 0.00517081
0 0 0.00109373
0 0 0.00106977
0 0 0.00106573
1 0.0519909 0.0530533
0 0 0.00106172
1 0.00763916 0.00867943
0 0 0.00103975
1 0.00799152 0.00902789
0 0 0.00101998
1 0.0126425 0.0136578
1 0.0257515 0.0267197
1 0.00605382 0.00702059
0 0 0.000912052
1 0.0682171 0.0691269
1 0.00538391 0.00627953
0 0 0.00089425
2 0.0321396 0.0330307
1 0.0069242 0.00781251
1 0.0148196 0.015705
1 0.0054423 0.00631023
0 0 0.000867638
1 0.0431213 0.043988
2 0.0112696 0.0121197
0 0 0.000833968
0 0 0.000832091
1 0.00495354 0.00578459
0 0 0.000829284
1 0.0228234 0.0236457
2 0.233123 0.233942
0 0 0.000810194
2 0.125159 0.125962
1 0.00154761 0.00233952
2 0.125629 0.126411
2 0.0181466 0.0189253
1 0.00317348 0.00395197
1 0.00547078 0.00621657
1 0.00209641 0.00283178
1 0.0039532 0.00467939
0 0 0.000724481
0 0 0.000719911
2 0.10804 0.108748
1 0.00208784 0.00279269
1 0.0224229 0.0231268
2 0.030248 0.0309481
0 0 0.000697975
0 0 0.000682986
1 0.11082 0.111503
1 0.00297136 0.00364133
1 0.0272718 0.0279181
1 0.0282146 0.0288597
1 0.109174 0.109818
1 0.0059736 0.00661408
0 0 0.000639713
1 0.0100246 0.010651
1 0.0257007 0.0263211
1 0.0283777 0.0289972
1 0.0114548 0.0120668
1 0.0182591 0.0188671
1 0.00615131 0.00674274
1 0.00667636 0.00725992
1 0.0152598 0.0158416
1 0.0047102 0.00529182
1 0.00278772 0.00336785
1 0.0138351 0.014408
1 0.00951597 0.0100872
1 0.00768859 0.00823358
1 0.0171246 0.0176649
1 0.0188314 0.0193682
2 0.071667 0.0721964
2 0.00623072 0.00675508
1 0.0272631 0.0277857
0 0 0.00052179
2 0.179647 0.180164
1 0.00204553 0.00256212
1 0.00870456 0.00922033
2 0.129087 0.129602
1 0.0160847 0.0165942
2 0.113688 0.114191
2 0.00813956 0.00862967
1 0.0103186 0.0107976
2 0.0316974 0.0321732
1 0.00257193 0.00304669
2 0.0789666 0.0794355
1 0.0101544 0.0106208
1 0.00370238 0.00416852
2 0.110846 0.111308
1 0.00656076 0.00702171
2 0.017564 0.0180158
2 0.170032 0.170482
1 0.0149377 0.0153878
1 0.00730834 0.00775032
2 0.0849658 0.0854066
1 0.00489237 0.00532499
0 0 0.000431762
1 0.0546476 0.0550694
1 0.00278646 0.00320238
2 0.0184632 0.0188788
1 0.00277798 0.00319357
1 0.00503583 0.00544188
1 0.0241797 0.0245825
1 0.00700134 0.00740302
1 0.00531064 0.00571179
2 0.216355 0.216756
0 0 0.000393894
2 0.00629105 0.00666677
1 0.00548393 0.00585086
1 0.00417795 0.00454383
2 0.00972848 0.0100937
1 0.0152072 0.0155651
1 0.00186801 0.00222001
1 0.00937827 0.00972686
1 0.00693679 0.00728306
1 0.00426142 0.00460577
0 0 0.000343372
2 0.0114055 0.0117465
1 0.00180212 0.00214227
2 0.0144339 0.0147687
1 0.00915182 0.00948644
2 0.00253395 0.0028636
1 0.0859843 0.0863127
1 0.0161423 0.0164673
1 0.00916492 0.00948332
2 0.216563 0.216878
1 0.0127582 0.0130721
1 0.0050625 0.00537425
2 0.0179529 0.0182636
2 0.103618 0.103929
1 0.0148879 0.015198
2 0.0096889 0.00999864
1 0.00628229 0.00659191
1 0.0162763 0.0165854
2 0.0103788 0.0106868
2 0.00481459 0.00512057
1 0.00161625 0.00192143
1 0.140122 0.140426
0 0 0.00029984
1 0.0017996 0.00209389
1 0.0303963 0.0306793
1 0.0141375 0.0144182
1 0.00534101 0.00561996
2 0.0788278 0.0791061
2 0.0104775 0.0107544
2 0.0145527 0.0148292
2 0.0085775 0.008853
1 0.011563 0.0118374
1 0.00628781 0.00656219
2 0.0106997 0.0109716
1 0.00358961 0.00385775
1 0.0110716 0.0113391
1 0.00444008 0.00470742
1 0.00500257 0.00526385
2 0.0313278 0.0315891
1 0.0119141 0.0121698
1 0.0174959 0.0177502
1 0.0830857 0.083339
1 0.0104011 0.0106538
2 0.0110904 0.0113423
1 0.00228042 0.00253165
1 0.00339253 0.00363849
1 0.00544324 0.00568692
1 0.00514683 0.00539019
1 0.0127346 0.0129764
1 0.0039341 0.00417495
1 0.00265345 0.00289158
0 0 0.000237574
1 0.00523116 0.00546505
2 0.0129841 0.0132119
1 0.00605375 0.00627426
1 0.0298099 0.0300301
1 0.00334843 0.00356701
1 0.00813094 0.00834607
1 0.0129581 0.013173
1 0.0256727 0.0258871
1 0.00347955 0.00368966
1 0.00568639 0.0058933
2 0.011015 0.0112216
2 0.00766351 0.00786957
1 0.00292409 0.00312982
1 0.0070961 0.00730032
2 0.0146752 0.0148779
1 0.00360667 0.00380651
2 0.0839366 0.0841356
0 0 0.00019834
1 0.00421237 0.00440891
2 0.0290924 0.0292867
2 0.0401802 0.0403739
1 0.154025 0.154217
1 0.00869661 0.00888042
2 0.125689 0.125871
1 0.00201291 0.00219486
1 0.00205377 0.00223524
1 0.00854848 0.00872912
2 0.0884184 0.0885989
1 0.00202816 0.0022069
1 0.0333043 0.033483
1 0.0127144 0.0128922
1 0.00665714 0.00683489
1 0.0249462 0.0251225
1 0.0137428 0.013917
2 0.0088111 0.00898406
1 0.00339893 0.0035703
1 0.00232955 0.0025009
1 0.0286875 0.0288551
1 0.0045743 0.00473732
1 0.0429865 0.0431487
1 0.00481722 0.00497832
1 0.00420626 0.00436475
1 0.00224602 0.00240417
1 0.00293325 0.00309066
1 0.00687665 0.00703381
2 0.0078455 0.00799881
1 0.00728386 0.0074368
1 0.0118605 0.0120128
1 0.00195433 0.00210341
1 0.00227107 0.00241754
1 0.00874179 0.00888717
2 0.00668178 0.00682623
1 0.00439663 0.00453729
1 0.0114185 0.0115588
1 0.203784 0.203924
2 0.0337673 0.0339049
2 0.00325328 0.00338952
1 0.00206423 0.00219862
0 0 0.000133065
1 0.00442766 0.00455874
1 0.00723855 0.00736691
1 0.0174418 0.0175666
1 0.0076697 0.00779417
1 0.121065 0.121189
2 0.0197192 0.019842
2 0.00748821 0.0076058
1 0.00900131 0.00911754
1 0.00253107 0.00264682
2 0.0296896 0.0298035
2 0.00232778 0.00243668
1 0.00283508 0.00293924
2 0.0119763 0.0120802
1 0.0772314 0.0773345
2 0.0115546 0.011657
2 0.0440402 0.0441425
1 0.0350063 0.035108
1 0.00553068 0.00562756
2 0.0102961 0.0103927
2 0.010006 0.0101007
2 0.00744738 0.0075419
2 0.00991146 0.0100059
1 0.00491349 0.00500722
1 0.0814949 0.0815862
1 0.00574161 0.00583206
2 0.0311119 0.0312013
1 0.0114948 0.0115788
1 0.00758234 0.00766602
1 0.00275466 0.0028372
2 0.0168668 0.0169485
0 0 8.001e-05
2 0.0138255 0.0139046
2 0.00382865 0.00390661
1 0.00374558 0.00382297
1 0.0177507 0.0178281
1 0.0046572 0.00473293
1 0.00635474 0.00642898
2 0.0130186 0.01309
2 0.00573842 0.00580896
2 0.0113603 0.0114286
1 0.00693004 0.00699643
2 0.125574 0.12564
2 0.00272527 0.00279017
2 0.0315165 0.0315814
1 0.0310083 0.0310697
1 0.0206593 0.0207202
2 0.00912341 0.00918321
1 0.0109157 0.0109736
2 0.0120594 0.0121158
1 0.00864719 0.00870354
1 0.0102613 0.0103175
2 0.0060499 0.00610579
2 0.00766419 0.00771995
2 0.111635 0.11169
1 0.00454311 0.00459587
2 0.00952422 0.00957684
2 0.233146 0.233198
1 0.016696 0.0167468
1 0.00193437 0.00198403
2 0.0119319 0.0119801
2 0.00549733 0.00554203
1 0.00177879 0.001823
2 0.0137029 0.0137467
1 0.00824171 0.0082845
2 0.0421501 0.0421922
1 0.00618817 0.00622993
1 0.00278263 0.00282383
2 0.0101694 0.0102102
1 0.0530747 0.053115
1 0.00172646 0.00176591
2 0.00883533 0.00887358
1 0.0240672 0.0241051
2 0.0123772 0.0124147
1 0.00810412 0.00814144
2 0.019242 0.0192788
1 0.0114762 0.0115127
2 0.00641503 0.00645134
1 0.0763469 0.0763831
1 0.0748473 0.0748826
1 0.00767456 0.00770818
1 0.00880259 0.00883589
2 0.00815472 0.00818754
2 0.00362969 0.0036618
2 0.00569734 0.00572921
2 0.00387774 0.00390955
1 0.0138182 0.0138495
1 0.00501913 0.00504983
2 0.00589501 0.00592486
1 0.0148083 0.0148375
1 0.00611059 0.00613882
1 0.0108749 0.0109029
1 0.0107091 0.010737
1 0.00655249 0.0065791
2 0.00653182 0.00655806
2 0.169478 0.169504
2 0.00466204 0.00468704
1 0.0077513 0.00777591
1 0.124133 0.124158
1 0.0179166 0.0179411
2 0.00502824 0.00505263
1 0.00753745 0.00756107
1 0.00540377 0.00542666
2 0.0308698 0.0308925
1 0.00318614 0.00320846
1 0.00745974 0.0074811
1 0.00668952 0.00671052
1 0.00366948 0.00369011
0 0 1.95251e-05
1 0.0176821 0.0176998
1 0.00515455 0.0051706
1 0.00542715 0.00544265
1 0.0314531 0.0314686
1 0.0187073 0.0187225
2 0.0474192 0.047433
1 0.00597408 0.00598749
2 0.121199 0.121212
1 0.00567826 0.00569138
2 0.00543129 0.00544401
2 0.00895119 0.0089639
1 0.0016393 0.00165142
1 0.00894939 0.0089614
2 0.00598472 0.00599657
2 0.00263205 0.00264328
1 0.00926716 0.00927837
1 0.00640288 0.00641381
1 0.00512238 0.00513262
2 0.00777934 0.00778956
1 0.00462739 0.00463677
1 0.00296634 0.00297545
1 0.00288232 0.00289054
2 0.0121481 0.0121547
1 0.0103748 0.010381
2 0.0122542 0.0122603
1 0.0315599 0.031566
1 0.00537846 0.00538337
1 0.00228684 0.00229093
2 0.0121408 0.0121449
1 0.0144756 0.0144793
2 0.00442742 0.00443114
1 0.0109194 0.010923
2 0.00959731 0.0096009
1 0.207181 0.207184
1 0.0064768 0.0064802
1 0.0102232 0.0102265
1 0.00887761 0.00888087
2 0.0121882 0.012191
2 0.00743202 0.00743478
2 0.00818553 0.00818826
1 0.00248797 0.00249065
1 0.0119826 0.0119851
2 0.00638792 0.00639033
1 0.00952225 0.00952458
1 0.00509633 0.00509841
1 0.0121054 0.0121073
2 0.00600076 0.0060025
1 0.00409776 0.00409931
2 0.00257466 0.00257578
2 0.00286163 0.00286265
2 0.00505775 0.00505875
2 0.00614087 0.00614166
2 0.174588 0.174589
2 0.00608941 0.00609003
1 0.00501215 0.00501273
1 0.0170708 0.0170712
2 0.0159907 0.0159909
1 0.0047235 0.00472374
1 0.00410359 0.00410376
2 0.0353439 0.0353439
2 0.018537 0.0185371
2 0.0113116 0.0113116
2 0.00385543 0.00385545
1 0.00577757 0.00577758
1 0.00940694 0.00940694
2 0.0118855 0.0118855
