0 0 inf
1 0.118904 0.216153
1 0.152254 0.243752
0 0 0.0878575
1 0.0204574 0.0892764
0 0 0.0582329
0 0 0.0557369
0 0 0.0527237
0 0 0.0525171
0 0 0.0514739
0 0 0.0504619
0 0 0.0426613
1 0.197813 0.237165
0 0 0.0365353
0 0 0.0362592
0 0 0.0348799
1 0.159801 0.194625
1 0.0231312 0.0564783
0 0 0.0325218
1 0.0658934 0.0974052
0 0 0.0301291
0 0 0.0293843
0 0 0.0255221
1 0.0626968 0.0876718
0 0 0.0249578
1 0.0694795 0.0943029
0 0 0.0237941
1 0.0344606 0.0573864
0 0 0.0228375
0 0 0.0218841
1 0.0318678 0.0528424
0 0 0.0192738
0 0 0.019217
1 0.0973597 0.116304
0 0 0.0183664
0 0 0.0182713
0 0 0.0175449
0 0 0.0155664
0 0 0.0155643
1 0.0658014 0.0804386
0 0 0.0138172
0 0 0.0132288
0 0 0.013074
0 0 0.0130183
0 0 0.0123783
1 0.0593153 0.0716028
0 0 0.0122696
0 0 0.0121906
0 0 0.0117399
2 0.307904 0.319608
0 0 0.0115734
0 0 0.0115202
0 0 0.0114765
0 0 0.0111545
1 0.0629976 0.0734403
1 0.083432 0.0938538
1 0.00806029 0.0184479
0 0 0.00958188
0 0 0.00956893
0 0 0.00953616
0 0 0.00943489
1 0.0326284 0.0419549
0 0 0.00927552
1 0.0237378 0.032742
0 0 0.00866694
0 0 0.00866277
0 0 0.00850941
0 0 0.0084656
1 0.00367643 0.0121127
2 0.0991649 0.107488
0 0 0.00825254
0 0 0.00821819
1 0.0115944 0.0197856
1 0.0221511 0.0302945
0 0 0.00780154
0 0 0.00775378
0 0 0.00769785
0 0 0.00758432
0 0 0.0075119
1 0.0570315 0.0645198
0 0 0.00730924
0 0 0.00705006
1 0.054828 0.0618077
0 0 0.00697623
0 0 0.00691066
0 0 0.00675091
0 0 0.00659376
0 0 0.00644178
0 0 0.00634101
2 0.0598176 0.0661154
1 0.00979632 0.0159679
0 0 0.00616495
1 0.0358176 0.0419633
0 0 0.00612997
0 0 0.0060826
1 0.0330951 0.0391398
0 0 0.00597497
1 0.161416 0.167357
0 0 0.0058013
1 0.058564 0.0643248
1 0.011697 0.0173743
0 0 0.00564995
0 0 0.00539925
1 0.0127295 0.0181224
0 0 0.00537971
1 0.037676 0.0429126
0 0 0.00521777
1 0.0143771 0.01949
0 0 0.00493867
1 0.0140738 0.0188752
1 0.0156286 0.0204058
0 0 0.00474792
0 0 0.00468557
0 0 0.00459985
0 0 0.00451186
0 0 0.00450142
0 0 0.0044471
1 0.0362877 0.0407022
1 0.0120095 0.0164054
1 0.0113756 0.015711
2 0.0877864 0.0920592
1 0.00448439 0.00875399
0 0 0.00426756
0 0 0.00409714
0 0 0.00406761
0 0 0.00397033
0 0 0.00396101
0 0 0.00393877
0 0 0.00391816
1 0.0720608 0.0758917
1 0.0708811 0.0746342
1 0.0144504 0.018175
1 0.0049711 0.00869187
1 0.0722426 0.0759438
1 0.178976 0.182671
0 0 0.00367035
2 0.143263 0.146914
0 0 0.00356928
1 0.0677871 0.0713559
0 0 0.00356137
0 0 0.00354705
0 0 0.00354376
1 0.0667909 0.0703195
0 0 0.00351863
0 0 0.00351703
0 0 0.00343601
1 0.0196129 0.0230442
0 0 0.00342192
1 0.0213352 0.0246636
1 0.0493392 0.0526672
0 0 0.00332537
1 0.0943696 0.0976224
0 0 0.00323449
0 0 0.00319878
1 0.00799545 0.0111593
1 0.00778627 0.010854
1 0.00718571 0.0102207
0 0 0.00302462
0 0 0.00297741
0 0 0.0029755
0 0 0.00295407
0 0 0.00295063
0 0 0.0029351
1 0.00835303 0.0112464
1 0.00563834 0.0085214
1 0.0829775 0.085807
0 0 0.00282895
1 0.013077 0.0158998
0 0 0.00279805
0 0 0.0027689
1 0.0243566 0.0271217
0 0 0.00266349
0 0 0.00265152
0 0 0.00264783
0 0 0.00260421
0 0 0.00260196
0 0 0.00258897
0 0 0.0025806
1 0.015397 0.0179653
1 0.0837165 0.0862713
2 0.0207221 0.0232653
0 0 0.0025338
0 0 0.00243133
2 0.0330348 0.0354636
2 0.0191497 0.0215539
0 0 0.00232383
1 0.00455868 0.00685421
1 0.0102364 0.0125236
0 0 0.00226685
0 0 0.002263
0 0 0.00226156
1 0.0646563 0.0668925
0 0 0.00223155
1 0.00794915 0.0101548
1 0.00460427 0.00680572
0 0 0.00219582
0 0 0.00216695
0 0 0.00214821
0 0 0.00214042
0 0 0.00212933
1 0.0167669 0.0188879
0 0 0.00210885
2 0.0213317 0.0234326
0 0 0.00209417
1 0.00704763 0.00913587
0 0 0.0020823
0 0 0.00207785
0 0 0.00206631
1 0.0133697 0.0154008
0 0 0.00201316
0 0 0.00200939
0 0 0.00200522
1 0.00558134 0.00758574
1 0.0624446 0.0644488
0 0 0.00198834
0 0 0.00196189
1 0.027397 0.0293566
0 0 0.00188547
0 0 0.0018645
0 0 0.00186329
0 0 0.00185208
1 0.0166073 0.0184559
0 0 0.00183628
0 0 0.0018282
0 0 0.00182357
1 0.0738592 0.0756476
1 0.0793696 0.0811489
1 0.0517877 0.0535655
0 0 0.0017739
1 0.00797527 0.00974283
0 0 0.00175602
2 0.152083 0.153826
2 0.0917785 0.0935193
0 0 0.00171522
1 0.0100844 0.0116685
0 0 0.00156247
0 0 0.00154917
1 0.00248146 0.00402272
0 0 0.00151117
0 0 0.00148229
1 0.0153755 0.0168528
0 0 0.00147543
1 0.00475324 0.00620326
0 0 0.00144074
0 0 0.0014345
1 0.0276314 0.0290457
0 0 0.0014129
2 0.019384 0.0207938
0 0 0.00140459
1 0.00976819 0.0111523
2 0.0171488 0.0185314
0 0 0.00138035
0 0 0.0013603
1 0.0431037 0.044456
0 0 0.00134095
1 0.0296743 0.0310041
1 0.0373733 0.0386842
0 0 0.00131022
1 0.021261 0.0225649
1 0.00955618 0.0108589
1 0.006261 0.00756213
1 0.00869912 0.00999582
1 0.0153414 0.0166267
0 0 0.00125237
2 0.0191651 0.0203957
2 0.100853 0.102076
1 0.0193246 0.0205401
2 0.0192273 0.0204362
0 0 0.00120629
1 0.180682 0.181867
0 0 0.00116099
1 0.0116988 0.0128481
1 0.0477618 0.048911
1 0.00760122 0.00874311
0 0 0.00113467
1 0.0169152 0.0180374
0 0 0.00110084
0 0 0.00109577
0 0 0.00109327
0 0 0.00109175
1 0.00287782 0.00396309
1 0.0978542 0.0989149
2 0.0136883 0.0147337
0 0 0.00103199
0 0 0.00102194
0 0 0.00101885
1 0.151004 0.152019
0 0 0.001012
0 0 0.00101122
1 0.0119146 0.0129236
0 0 0.00100767
1 0.00551655 0.00651885
0 0 0.00100004
1 0.00708652 0.0080836
1 0.00387814 0.00485675
1 0.00861812 0.00959525
0 0 0.000967518
1 0.0519317 0.0528944
0 0 0.00096148
0 0 0.00096033
1 0.0106967 0.0116452
1 0.0740535 0.0749938
1 0.011204 0.0121251
0 0 0.000920927
0 0 0.000913716
1 0.0080184 0.00893049
1 0.00501263 0.00591525
0 0 0.000901376
1 0.00638249 0.00727566
0 0 0.00088486
1 0.0134831 0.0143523
1 0.0119958 0.0128607
1 0.00391552 0.00477952
0 0 0.000863689
1 0.0097531 0.010612
2 0.0974645 0.0983222
1 0.00199155 0.00282711
1 0.113973 0.114804
1 0.0129986 0.0138217
1 0.0116607 0.0124837
1 0.0145268 0.0153483
0 0 0.000821308
1 0.00644707 0.00726521
0 0 0.000815762
1 0.0166183 0.0174334
1 0.0146277 0.0154317
0 0 0.000790047
1 0.00722139 0.0080111
0 0 0.000785042
2 0.0435286 0.0443131
1 0.00832113 0.00909566
0 0 0.000773074
1 0.014715 0.015477
1 0.0364084 0.0371663
1 0.00713818 0.00787902
0 0 0.000732642
2 0.0532304 0.0539595
1 0.00479999 0.00552477
1 0.00371183 0.00442272
1 0.0128538 0.0135635
1 0.00703941 0.00774481
1 0.0166609 0.0173426
1 0.0384123 0.0390852
1 0.00964884 0.0103134
1 0.00900056 0.00966221
0 0 0.000641145
1 0.00360186 0.00423668
1 0.0037459 0.00437831
1 0.00363806 0.0042607
2 0.152069 0.152682
1 0.00732946 0.00793957
0 0 0.000607083
1 0.00445402 0.00505116
1 0.026018 0.0266083
0 0 0.000579971
1 0.00651631 0.00708401
0 0 0.00056428
1 0.00531176 0.00587467
1 0.00964783 0.0102104
1 0.00898582 0.00954723
2 0.0175923 0.0181497
1 0.00676181 0.00731865
1 0.00827511 0.00882619
1 0.0043887 0.00491799
2 0.0211795 0.0217082
2 0.0090228 0.00953746
1 0.0239141 0.024414
0 0 0.000499779
1 0.00260198 0.00309073
1 0.0064502 0.00693659
1 0.0111902 0.0116659
1 0.00759459 0.00806634
1 0.0169933 0.0174624
1 0.00136813 0.00182676
1 0.00287852 0.00333488
1 0.119337 0.119789
1 0.00707015 0.00751506
1 0.0035955 0.00403963
1 0.0130117 0.0134473
0 0 0.000428172
0 0 0.000420975
1 0.0118284 0.0122462
1 0.00233037 0.00274728
1 0.00420382 0.00461405
2 0.0158318 0.0162363
1 0.0262011 0.0266051
1 0.0136392 0.0140429
2 0.0959252 0.096324
0 0 0.000394218
1 0.00778724 0.00818093
1 0.00407652 0.00446639
1 0.00523031 0.00561899
1 0.00731453 0.00770034
1 0.0310472 0.0314303
1 0.0235773 0.0239566
1 0.0406268 0.0409911
2 0.0348511 0.0352122
2 0.0130349 0.0133953
1 0.00800365 0.00833784
2 0.207673 0.208006
1 0.00918618 0.00951937
1 0.00799836 0.00832807
1 0.00463652 0.00496187
1 0.00283546 0.00316008
1 0.00229342 0.00261426
2 0.0590609 0.0593784
2 0.0199528 0.0202704
1 0.0344292 0.0347453
2 0.00912138 0.00943607
1 0.00277451 0.00308772
1 0.00767262 0.00798359
1 0.00729841 0.00760825
1 0.0185028 0.0188115
1 0.00263123 0.00293695
2 0.00498803 0.00528416
0 0 0.00029022
1 0.00325348 0.00353873
1 0.0242064 0.0244913
1 0.00547363 0.00575708
2 0.087933 0.0882164
1 0.00953743 0.00981882
1 0.0425744 0.0428467
2 0.022011 0.0222807
0 0 0.000269314
1 0.0129253 0.0131843
1 0.00453453 0.00479339
1 0.00390201 0.00416057
1 0.00962088 0.00987539
1 0.0149372 0.0151903
1 0.00259969 0.00284957
1 0.0816465 0.081895
2 0.02222 0.0224676
1 0.00126002 0.00150196
1 0.0109256 0.0111665
1 0.00493288 0.00517218
1 0.0110773 0.0113147
1 0.0467967 0.0470322
2 0.0142261 0.0144496
1 0.017162 0.0173764
1 0.00430899 0.00452091
1 0.0080302 0.00824008
2 0.023702 0.0239115
1 0.00267739 0.00287832
0 0 0.000199775
2 0.00495887 0.00515455
1 0.0467021 0.0468955
1 0.0130487 0.0132413
1 0.0189254 0.0191178
1 0.0118734 0.0120646
1 0.00431315 0.00449932
2 0.0220221 0.0222082
1 0.0398581 0.0400415
1 0.0047291 0.00491232
2 0.146187 0.14637
2 0.00587183 0.00605367
1 0.00301654 0.00319501
2 0.0156539 0.0158316
1 0.0157619 0.0159336
1 0.00646266 0.00663435
1 0.00402625 0.00419758
1 0.00405013 0.00421906
1 0.00217154 0.00233961
1 0.00227445 0.00243979
1 0.00687528 0.00704007
1 0.0431515 0.0433119
2 0.0187452 0.0189046
1 0.0343805 0.0345365
1 0.00561122 0.00576629
2 0.0172131 0.0173653
1 0.0147935 0.0149442
1 0.00558492 0.00573464
1 0.0795711 0.079719
1 0.0031013 0.00324502
1 0.00528109 0.00542266
2 0.0824497 0.0825901
2 0.0088354 0.0089756
2 0.0210316 0.0211688
1 0.00185709 0.00199191
1 0.00830782 0.00844111
2 0.0285852 0.0287169
1 0.00357535 0.00370559
2 0.0216622 0.0217921
2 0.0135023 0.0136299
1 0.0174906 0.0176166
1 0.0047696 0.004895
1 0.0105035 0.0106281
1 0.00192947 0.00205344
1 0.0157319 0.0158543
2 0.0571958 0.0573157
1 0.00429589 0.00441525
1 0.049109 0.0492259
1 0.0778467 0.0779635
1 0.0588482 0.0589613
2 0.0234452 0.0235572
2 0.0141173 0.0142265
1 0.00157134 0.00168038
1 0.0151382 0.0152472
2 0.00413435 0.00424185
1 0.00626461 0.00637198
1 0.00539001 0.00549633
1 0.00471963 0.00482582
2 0.0658773 0.0659831
1 0.0127983 0.012903
0 0 9.8438e-05
1 0.00251143 0.00260365
2 0.0142076 0.014299
1 0.00361031 0.00370163
1 0.00405902 0.00414691
2 0.0184025 0.0184898
2 0.0106222 0.0107094
1 0.00180835 0.00188989
2 0.0193891 0.0194692
1 0.00837876 0.00845741
2 0.101821 0.101899
1 0.00722948 0.00730668
2 0.00929759 0.00937273
1 0.00787899 0.00795335
1 0.0060994 0.00617374
1 0.0100916 0.0101654
1 0.00319619 0.00326966
1 0.00229423 0.00236733
1 0.082042 0.0821138
1 0.00617429 0.00624416
2 0.00659688 0.00666674
1 0.0103519 0.0104214
2 0.00287147 0.00293843
1 0.00478823 0.0048543
2 0.169812 0.169877
1 0.151939 0.152003
1 0.00383464 0.00389753
1 0.0158847 0.0159458
1 0.0152474 0.0153084
2 0.00537904 0.00543866
1 0.0058861 0.00594244
1 0.00222254 0.00227784
1 0.00321026 0.00326294
1 0.0174259 0.0174767
1 0.00173805 0.00178786
1 0.00167717 0.00172683
1 0.0601608 0.0602073
1 0.00518068 0.00522598
1 0.0167915 0.0168367
1 0.00350681 0.00355154
2 0.0120811 0.012125
2 0.0134142 0.0134576
2 0.102117 0.102159
1 0.00432471 0.00436589
2 0.0215574 0.0215966
2 0.0233832 0.0234217
1 0.017066 0.0171043
2 0.0052452 0.00528333
1 0.00274107 0.00277893
2 0.00677773 0.00681293
1 0.0101952 0.0102296
1 0.00911587 0.00914983
1 0.01715 0.0171832
2 0.00858988 0.00862307
1 0.00508552 0.00511777
1 0.0101287 0.0101607
2 0.00563209 0.00566387
1 0.00835441 0.0083852
1 0.0124935 0.0125228
1 0.0154746 0.0155033
2 0.0197168 0.0197449
1 0.00841911 0.00844691
2 0.00782132 0.00784758
2 0.00824134 0.00826701
1 0.02175 0.021773
2 0.0167163 0.0167374
2 0.00622047 0.00624092
2 0.00875145 0.00877045
2 0.0192178 0.0192366
1 0.0970491 0.0970679
1 0.00270358 0.00272163
1 0.0202191 0.0202368
1 0.0173701 0.0173874
2 0.0222038 0.0222207
1 0.00844341 0.00846023
1 0.0182048 0.0182215
1 0.0146078 0.0146241
2 0.00503897 0.00505484
1 0.0039422 0.00395802
1 0.0144745 0.0144893
1 0.0057973 0.00581192
1 0.00361364 0.00362558
1 0.00494961 0.00496122
1 0.00962849 0.00963963
2 0.107413 0.107424
1 0.00203562 0.00204619
2 0.0493309 0.0493412
2 0.0338854 0.0338953
1 0.00466419 0.00467305
2 0.013078 0.0130859
2 0.0227936 0.0228015
1 0.00510674 0.00511466
2 0.0156838 0.0156917
1 0.00629253 0.00629939
1 0.0399134 0.0399197
1 0.00485529 0.00486153
2 0.0158665 0.0158727
1 0.140709 0.140715
1 0.00147367 0.00147961
1 0.00928481 0.00929062
2 0.00902616 0.00903156
2 0.00617837 0.00618353
2 0.0172887 0.0172932
2 0.00351077 0.00351489
1 0.00766283 0.00766689
1 0.00235992 0.00236383
1 0.0287994 0.0288031
1 0.00138305 0.00138667
1 0.00938515 0.00938843
2 0.0124732 0.0124762
2 0.0129144 0.0129173
1 0.0119517 0.0119542
1 0.00781388 0.00781629
2 0.0227654 0.0227672
1 0.000805696 0.0008075
2 0.0171095 0.0171112
1 0.00910013 0.00910176
1 0.00862073 0.00862227
1 0.00485879 0.00486032
1 0.00870155 0.00870295
2 0.0130384 0.0130397
1 0.0025235 0.00252431
2 0.00983334 0.0098341
2 0.0490566 0.0490572
1 0.00246548 0.00246603
2 0.0213107 0.0213112
2 0.016503 0.0165033
2 0.00806169 0.00806191
1 0.0035164 0.00351662
1 0.0151935 0.0151937
2 0.00489395 0.00489412
1 0.00348689 0.00348706
1 0.00869521 0.00869533
2 0.00529245 0.0052925
1 0.0172029 0.0172029
2 0.0171641 0.0171641
2 0.00607202 0.00607202
2 0.0120409 0.0120409
1 0.0160967 0.0160967
