0 0 inf
0 0 0.0995428
0 0 0.0638304
1 0.105846 0.164225
0 0 0.053158
0 0 0.046241
0 0 0.0300889
0 0 0.0265675
1 0.0325584 0.0583887
0 0 0.0253789
0 0 0.0253773
0 0 0.0250479
0 0 0.0249115
0 0 0.0224839
0 0 0.02178
1 0.0292022 0.0493529
1 0.0288037 0.0478558
0 0 0.0189049
0 0 0.0187989
1 0.0258116 0.0441974
0 0 0.0170272
0 0 0.0163519
0 0 0.0158412
1 0.0441095 0.0590806
0 0 0.0149266
0 0 0.014906
0 0 0.0147458
1 0.1145 0.129037
0 0 0.0142056
0 0 0.0140714
0 0 0.0129901
0 0 0.0129823
0 0 0.0127914
0 0 0.0126097
0 0 0.0124411
1 0.0216312 0.0339494
0 0 0.0121704
0 0 0.0120474
0 0 0.0115942
0 0 0.0114237
1 0.0370032 0.0481091
1 0.0212023 0.032281
0 0 0.0107086
0 0 0.00980751
1 0.0110364 0.0204656
1 0.00789686 0.0173138
1 0.0459171 0.0546276
0 0 0.00866655
0 0 0.0084833
0 0 0.00840056
0 0 0.00839154
0 0 0.00815475
0 0 0.00788796
0 0 0.00775626
1 0.0341047 0.0416547
0 0 0.00718195
0 0 0.00717407
0 0 0.00703734
1 0.00532253 0.0122071
0 0 0.00684947
0 0 0.00681061
1 0.00849161 0.0152808
0 0 0.00677913
1 0.0268788 0.0336327
0 0 0.00675302
1 0.0451042 0.051802
1 0.0465108 0.0530707
0 0 0.00646839
0 0 0.00600324
0 0 0.0059142
0 0 0.00590948
0 0 0.00584725
1 0.00550161 0.0113028
1 0.0280153 0.0335808
1 0.00607812 0.0115448
0 0 0.00508957
0 0 0.00501882
0 0 0.00491746
0 0 0.00485669
1 0.0329667 0.0375661
0 0 0.00439706
0 0 0.00436929
0 0 0.0043201
0 0 0.0042869
1 0.00311091 0.00735681
0 0 0.00421862
0 0 0.00417679
0 0 0.00415885
0 0 0.00414936
1 0.00493909 0.0090833
0 0 0.00405636
0 0 0.00392202
0 0 0.00389114
1 0.0205133 0.0243777
1 0.0220308 0.0258771
1 0.0130193 0.0168175
0 0 0.00369796
0 0 0.00369751
0 0 0.00366268
0 0 0.00356376
1 0.143442 0.146982
1 0.00680834 0.0103118
0 0 0.00347417
0 0 0.00347199
0 0 0.00347024
1 0.00604133 0.00949804
1 0.00803003 0.0114787
0 0 0.00338078
2 0.169251 0.172631
0 0 0.00333934
1 0.0533421 0.0566774
2 0.0564316 0.0597373
0 0 0.0032824
0 0 0.00324808
0 0 0.00319572
0 0 0.00318744
0 0 0.00309627
0 0 0.00309487
0 0 0.0030611
0 0 0.00304057
2 0.0646417 0.0676089
0 0 0.00295753
0 0 0.00292743
0 0 0.00291209
0 0 0.00289546
1 0.0184594 0.0213476
0 0 0.00286325
1 0.00881134 0.0116745
0 0 0.00280456
1 0.00319395 0.00598447
0 0 0.00276619
0 0 0.00275104
1 0.0333885 0.0361336
0 0 0.00270396
0 0 0.00269512
0 0 0.00258615
1 0.0420408 0.044623
0 0 0.00254849
1 0.0387335 0.041206
1 0.0158144 0.018265
1 0.0283566 0.0307933
1 0.00503643 0.00739156
0 0 0.00234353
0 0 0.00230329
1 0.00732961 0.00959566
0 0 0.00225708
1 0.0105487 0.0127879
0 0 0.00223406
0 0 0.00223257
0 0 0.00221646
0 0 0.00208058
1 0.0277373 0.0297976
0 0 0.0020546
1 0.0191528 0.0212056
0 0 0.00202886
0 0 0.00202547
0 0 0.00197822
0 0 0.00196113
0 0 0.00195876
0 0 0.00195389
0 0 0.00194476
2 0.0545112 0.056439
2 0.0176434 0.0195622
0 0 0.00189439
0 0 0.00187563
1 0.003263 0.00513387
0 0 0.00186954
0 0 0.00186809
0 0 0.00186195
1 0.00268871 0.00453349
0 0 0.00183404
0 0 0.00183365
0 0 0.00180934
0 0 0.00180602
0 0 0.00175217
1 0.0161817 0.0179169
0 0 0.00172843
1 0.0107361 0.0124374
1 0.0142639 0.0159469
1 0.0179199 0.0195838
1 0.0131725 0.0148358
0 0 0.00165286
0 0 0.00165247
0 0 0.0016463
1 0.00533221 0.00697497
1 0.00645302 0.00806913
0 0 0.0015709
0 0 0.00156745
0 0 0.00156053
0 0 0.00153583
0 0 0.00153257
0 0 0.00152767
1 0.00234818 0.00386137
0 0 0.00150554
0 0 0.0014852
0 0 0.00147742
0 0 0.00147476
0 0 0.0014696
1 0.00796903 0.00940431
1 0.012952 0.0143852
1 0.00578479 0.00721549
1 0.0227645 0.0241868
2 0.0172318 0.0186525
1 0.00422257 0.00562159
1 0.00324592 0.00463843
0 0 0.00138537
1 0.00317376 0.00455718
1 0.00522101 0.00657981
1 0.00449287 0.00585061
0 0 0.00135405
0 0 0.00134903
1 0.00476902 0.00611671
0 0 0.00134124
0 0 0.00132612
0 0 0.00131473
0 0 0.00130463
1 0.00966901 0.0109626
0 0 0.00128136
2 0.0433528 0.0445938
1 0.0125729 0.013809
0 0 0.00122383
1 0.00593073 0.00715247
0 0 0.00121017
1 0.00331828 0.00452325
0 0 0.0011895
1 0.00300536 0.0041907
1 0.0401993 0.0413612
1 0.00223832 0.00339944
2 0.0114161 0.0125766
1 0.0113305 0.0124892
1 0.00699381 0.00812909
1 0.0258308 0.0269542
1 0.0042967 0.00541755
1 0.00570336 0.00681606
1 0.00572859 0.00683978
0 0 0.00111017
1 0.0122631 0.0133531
1 0.0154737 0.0165423
0 0 0.00104032
2 0.0675535 0.0685934
0 0 0.00102758
0 0 0.00102488
0 0 0.00101913
1 0.00772261 0.00874023
1 0.00269812 0.00370783
0 0 0.001004
1 0.0124062 0.0134033
0 0 0.00098885
1 0.00376494 0.0047488
0 0 0.000966814
1 0.00888863 0.00985468
1 0.00510934 0.00606348
1 0.00507817 0.00603136
0 0 0.000949296
1 0.0262221 0.0271495
1 0.00415468 0.00507847
0 0 0.000920115
1 0.0153011 0.0162099
0 0 0.000902082
1 0.0101534 0.0110548
0 0 0.000888427
1 0.00261708 0.00350383
1 0.0286904 0.0295765
0 0 0.000875105
1 0.0443334 0.0451875
1 0.0234168 0.0242696
1 0.127499 0.128343
0 0 0.000837422
2 0.00652686 0.00735656
0 0 0.000826915
0 0 0.000813515
1 0.00424673 0.00505161
0 0 0.000797763
1 0.00330538 0.00409009
0 0 0.000777257
2 0.00741653 0.00819109
1 0.0420598 0.0428304
1 0.0331745 0.0339347
1 0.00583185 0.00657885
1 0.055118 0.0558585
0 0 0.000732321
1 0.0069318 0.00766404
0 0 0.000726077
0 0 0.000711741
2 0.018684 0.0193905
0 0 0.000702499
0 0 0.000698462
1 0.0110547 0.0117274
0 0 0.000659692
2 0.0553 0.0559445
0 0 0.000643939
1 0.0263832 0.0270271
2 0.0205065 0.021149
1 0.00970204 0.0103383
1 0.00811451 0.00874521
1 0.0543366 0.0549606
2 0.0677573 0.0683785
0 0 0.000615406
0 0 0.000609974
2 0.00946374 0.0100555
1 0.0149882 0.0155763
1 0.0070368 0.00762174
2 0.00609402 0.00667719
0 0 0.000580971
1 0.0088643 0.00944272
1 0.00246041 0.00302656
1 0.00340384 0.00396948
2 0.00758405 0.00814842
1 0.00402322 0.00458445
0 0 0.00055298
1 0.00276514 0.00331452
0 0 0.000545226
1 0.0273611 0.0278985
1 0.044229 0.0447614
0 0 0.000523072
1 0.00201648 0.0025343
1 0.0691968 0.0697136
1 0.0137051 0.014217
1 0.00282808 0.00333867
1 0.0237203 0.0242286
0 0 0.000505534
2 0.0155003 0.0160007
0 0 0.000476268
1 0.0247543 0.0252261
1 0.00440761 0.00487659
1 0.00884637 0.00931046
0 0 0.0004636
0 0 0.000459907
0 0 0.000449962
1 0.0140216 0.0144675
1 0.00979941 0.0102397
2 0.0050751 0.00551085
1 0.00381376 0.00424613
1 0.00631634 0.00674199
0 0 0.000421722
1 0.00478607 0.0052042
0 0 0.000415047
1 0.00524029 0.00565009
1 0.054041 0.0544486
1 0.00341264 0.00381073
1 0.00225623 0.00265185
1 0.00634777 0.00674094
1 0.00139027 0.00177599
0 0 0.000383799
1 0.0178725 0.0182464
1 0.00462241 0.00499593
1 0.00393015 0.00430087
2 0.0252486 0.0256109
1 0.00311337 0.00347398
1 0.00107574 0.00143045
1 0.0313151 0.0316634
2 0.0188316 0.0191777
1 0.00461358 0.00495513
2 0.0106836 0.0110249
1 0.00852794 0.00886849
2 0.00966602 0.0100034
1 0.00197168 0.00230696
1 0.00289445 0.00322913
2 0.0438444 0.0441773
1 0.0467599 0.047091
1 0.0059053 0.00623373
1 0.0405795 0.040906
1 0.00650543 0.00683164
1 0.00310431 0.00342862
1 0.00885671 0.00917881
2 0.0106546 0.010967
1 0.00656396 0.00687509
1 0.108839 0.109146
1 0.00862666 0.00892388
0 0 0.000296141
1 0.0323981 0.0326938
1 0.00527886 0.00557428
2 0.0661338 0.0664246
1 0.0045083 0.00479274
0 0 0.00027321
2 0.164721 0.164991
1 0.0100059 0.0102758
1 0.00417389 0.00444051
1 0.00111166 0.0013763
1 0.00413796 0.0043985
2 0.0220575 0.022318
1 0.00366869 0.00392027
2 0.00770314 0.00794576
1 0.0594532 0.0596946
1 0.00225065 0.0024908
2 0.0186369 0.0188731
1 0.000842354 0.00107771
2 0.0117827 0.0120179
1 0.0338356 0.0340695
1 0.012808 0.0130402
1 0.00467374 0.00490536
1 0.0312527 0.0314833
1 0.0397883 0.0400187
1 0.00162906 0.00185928
1 0.00453028 0.00475538
2 0.0112251 0.0114487
2 0.0206458 0.0208672
1 0.00175218 0.00196932
1 0.00145747 0.001668
1 0.00272803 0.0029383
1 0.0113992 0.0116079
1 0.00757485 0.00778062
1 0.00940849 0.00961413
1 0.00451484 0.00472025
2 0.0179307 0.0181304
1 0.00457444 0.0047739
0 0 0.000197967
1 0.00185142 0.00204891
1 0.00407908 0.00426871
1 0.00738384 0.00756924
0 0 0.000181771
2 0.0154695 0.0156452
1 0.00407089 0.00424604
1 0.0070513 0.00722571
1 0.0089662 0.00913657
1 0.00458778 0.00475746
1 0.00846635 0.0086355
0 0 0.000168517
1 0.0108534 0.0110189
1 0.00915232 0.00931601
0 0 0.000162534
1 0.00386861 0.00403066
1 0.02508 0.0252418
1 0.00547465 0.00563541
1 0.00533655 0.00549669
1 0.00180799 0.00196339
1 0.00562493 0.0057797
2 0.00790227 0.0080541
1 0.00165694 0.00180631
1 0.00756853 0.007713
2 0.0116736 0.0118179
1 0.00402255 0.00416677
1 0.0182296 0.018372
2 0.00198724 0.0021296
2 0.00971581 0.00985744
1 0.00341496 0.00355353
1 0.00419007 0.00432395
2 0.0065758 0.00670881
1 0.000904257 0.0010365
2 0.00651152 0.0066417
1 0.0183326 0.0184627
1 0.00332865 0.00345749
1 0.00229063 0.0024193
1 0.00615721 0.00628546
1 0.00486879 0.00499623
0 0 0.000127399
0 0 0.000124352
0 0 0.000123665
1 0.00498725 0.00510673
2 0.0286577 0.0287701
1 0.00344127 0.00355304
1 0.00104895 0.00116049
2 0.016506 0.016617
1 0.00352765 0.00363715
1 0.00855782 0.00866524
1 0.0401652 0.0402708
0 0 0.00010299
1 0.053075 0.0531747
1 0.00523883 0.00533841
1 0.00111976 0.00121927
1 0.0242807 0.0243791
1 0.00417723 0.00427344
1 0.00669111 0.00678681
1 0.0102235 0.010319
1 0.00738235 0.00747747
1 0.00171749 0.00181248
1 0.0028102 0.0029044
1 0.0128731 0.0129672
1 0.0434102 0.0435021
2 0.00370996 0.00380044
1 0.0235239 0.0236141
2 0.00545751 0.00554739
2 0.013227 0.013315
2 0.00567538 0.00575724
1 0.00439532 0.00447637
1 0.0102556 0.0103345
1 0.00408665 0.00416522
1 0.00289285 0.00296864
2 0.0282078 0.0282823
2 0.0131834 0.0132578
1 0.00398914 0.00406348
2 0.00706107 0.00713446
1 0.0153522 0.0154231
1 0.00648843 0.00655892
0 0 6.91842e-05
2 0.00774788 0.00781705
2 0.0332845 0.0333533
1 0.0837296 0.0837966
2 0.0244434 0.0245103
1 0.00419226 0.0042574
1 0.00485546 0.00492003
1 0.0352527 0.0353171
2 0.004847 0.00491127
1 0.00898038 0.00904304
0 0 6.19268e-05
1 0.011585 0.011646
0 0 6.04291e-05
1 0.00357849 0.00363858
2 0.00864758 0.00870761
1 0.00448708 0.00454706
2 0.00683688 0.00689635
1 0.0204707 0.0205292
2 0.0563497 0.0564082
1 0.0149342 0.0149924
1 0.00312152 0.00317838
2 0.0121598 0.0122164
1 0.0247043 0.0247606
2 0.00474512 0.00480075
1 0.0219015 0.0219547
2 0.00977953 0.00983252
1 0.03945 0.0395029
1 0.00488812 0.00494083
1 0.00110503 0.00115738
2 0.00512777 0.00517961
1 0.00574818 0.00579932
2 0.0136455 0.0136947
2 0.0222918 0.0223407
2 0.00451425 0.00456309
2 0.00743594 0.00748452
2 0.00254284 0.00259064
1 0.00226262 0.00231009
1 0.0198748 0.0199195
1 0.00186137 0.00190552
2 0.00455956 0.00460367
1 0.0115407 0.0115839
2 0.00676922 0.00681209
2 0.0139597 0.0140022
1 0.00325486 0.00329717
2 0.0414445 0.0414863
1 0.00581718 0.00585886
1 0.00531614 0.00535724
1 0.00978459 0.00982544
2 0.025857 0.0258977
1 0.0182516 0.0182896
1 0.00605128 0.00608902
1 0.0244825 0.0245199
2 0.00768557 0.00772291
2 0.0652309 0.0652677
2 0.0059356 0.00597204
2 0.0160736 0.016109
2 0.00612485 0.00615842
1 0.0022603 0.00229255
1 0.00440792 0.00443965
1 0.0030746 0.003105
2 0.00124019 0.00126951
1 0.00361788 0.00364661
1 0.00451972 0.00454779
2 0.00607941 0.00610706
2 0.0167723 0.0167995
1 0.00334803 0.00337484
1 0.0064721 0.00649871
2 0.00479947 0.00482561
1 0.00748772 0.00751296
1 0.00126552 0.00128923
2 0.00493551 0.00495921
1 0.00557257 0.00559542
1 0.00519423 0.00521625
2 0.0674504 0.067472
1 0.0045809 0.00460215
1 0.00431462 0.00433576
1 0.00105603 0.0010771
1 0.0134087 0.0134282
1 0.0107524 0.0107719
1 0.00190421 0.00192346
1 0.0104123 0.0104302
1 0.0145348 0.0145512
1 0.00160488 0.00162126
2 0.0599974 0.0600136
1 0.0426393 0.0426546
1 0.0170073 0.0170222
2 0.00672239 0.00673705
1 0.00676303 0.00677766
1 0.00704717 0.00706145
1 0.00181565 0.00182929
1 0.0268031 0.0268161
1 0.0283162 0.0283286
2 0.0119998 0.0120118
2 0.00445938 0.00447138
2 0.00268199 0.00269362
2 0.10918 0.109191
1 0.000741355 0.000752586
2 0.0115725 0.011583
1 0.00174073 0.00175119
1 0.0150994 0.0151093
1 0.00969823 0.0097075
1 0.00484669 0.00485581
2 0.00536521 0.00537424
2 0.0145617 0.0145707
1 0.00650594 0.00651455
2 0.0096755 0.00968405
1 0.00160375 0.00161179
1 0.0017184 0.00172497
2 0.00457317 0.00457928
1 0.00138964 0.00139559
1 0.00860858 0.00861444
2 0.00669256 0.00669791
1 0.00476142 0.00476669
2 0.00501843 0.00502324
1 0.00381927 0.00382371
1 0.00464647 0.0046507
1 0.0112665 0.0112707
2 0.0185483 0.0185524
1 0.00190786 0.00191195
1 0.0555392 0.0555431
1 0.0338854 0.0338893
2 0.00383942 0.00384282
1 0.00542873 0.00543209
1 0.0039873 0.00399059
1 0.0148056 0.0148088
2 0.0165637 0.0165668
2 0.00916219 0.00916523
1 0.00246022 0.00246324
1 0.00456283 0.00456573
2 0.0250049 0.0250077
2 0.00788675 0.00788945
1 0.00374963 0.00375218
1 0.0056474 0.00564986
2 0.0125335 0.0125355
2 0.00195039 0.00195237
2 0.00685938 0.00686136
1 0.00644247 0.00644409
1 0.00396269 0.00396423
2 0.00971628 0.00971772
1 0.00116061 0.00116194
2 0.00619874 0.00619983
2 0.00775094 0.00775193
1 0.00884658 0.00884756
2 0.0132397 0.0132406
1 0.00720642 0.00720723
2 0.0176752 0.017676
1 0.00199994 0.00200065
2 0.00664824 0.00664885
1 0.0106741 0.0106747
1 0.000666201 0.000666743
2 0.00152489 0.00152543
1 0.0276738 0.0276743
2 0.00911169 0.00911217
1 0.00502421 0.0050246
1 0.00560786 0.00560822
2 0.0433022 0.0433025
1 0.00041352 0.000413796
1 0.0170996 0.0170998
1 0.00136476 0.001365
1 0.00348477 0.00348493
1 0.00800818 0.00800827
2 0.00617087 0.00617095
1 0.00163837 0.00163842
2 0.00477202 0.00477206
2 0.00567246 0.00567249
2 0.0210849 0.021085
1 0.00353303 0.00353305
2 0.00348531 0.00348532
1 0.00467263 0.00467263
2 0.00375505 0.00375505
1 0.0332329 0.0332329
