0 0 inf
0 0 0.159841
0 0 0.0522097
0 0 0.0463803
0 0 0.0442614
0 0 0.0425407
0 0 0.0414825
0 0 0.0379924
1 0.0576858 0.0892379
0 0 0.0309324
0 0 0.0309196
1 0.026092 0.055808
0 0 0.029295
1 0.0612732 0.0903125
1 0.0269785 0.0541173
0 0 0.0264303
1 0.0250362 0.0509898
1 0.0288457 0.054751
1 0.0570125 0.081309
0 0 0.0224189
0 0 0.0220186
0 0 0.0210119
0 0 0.0188956
0 0 0.0185128
0 0 0.0178129
0 0 0.0174692
0 0 0.0168955
0 0 0.0168912
0 0 0.0160179
1 0.0223354 0.0381764
0 0 0.0134513
0 0 0.0133786
0 0 0.0128695
0 0 0.0113125
0 0 0.0111816
0 0 0.011175
0 0 0.0110002
1 0.0789586 0.0899122
0 0 0.0106953
0 0 0.0104884
0 0 0.0104739
1 0.0310769 0.0413537
1 0.0653029 0.0755563
0 0 0.0101926
0 0 0.0101905
1 0.0492524 0.0594317
0 0 0.00978407
0 0 0.00964264
0 0 0.00962782
0 0 0.00929073
0 0 0.009271
0 0 0.00921343
0 0 0.00905553
0 0 0.00898739
0 0 0.00862489
0 0 0.00850483
2 0.0967791 0.104986
0 0 0.00820446
1 0.0217274 0.0298641
1 0.013143 0.0209057
0 0 0.0076843
0 0 0.00750782
0 0 0.00689973
0 0 0.00649122
1 0.0227467 0.0288633
0 0 0.00610023
1 0.0222395 0.0283216
1 0.173666 0.179543
1 0.0229785 0.0287757
1 0.0192608 0.0250433
1 0.0194226 0.0251197
1 0.0332194 0.0388675
0 0 0.00551698
1 0.0395439 0.0450392
0 0 0.0054259
0 0 0.00536398
0 0 0.0053373
1 0.0564386 0.0616989
0 0 0.00524743
0 0 0.00518534
1 0.0132847 0.0184529
0 0 0.00513316
0 0 0.00508838
0 0 0.00485114
1 0.0115251 0.0163335
0 0 0.00477672
1 0.00440882 0.00917725
0 0 0.00444678
0 0 0.00440732
0 0 0.00440207
0 0 0.0042821
1 0.0661427 0.0704246
0 0 0.0042263
1 0.00571124 0.00988989
1 0.0190229 0.0231931
1 0.035491 0.0395839
1 0.0692716 0.0733511
0 0 0.00405501
1 0.00656564 0.0105933
1 0.00650457 0.0104532
1 0.0076281 0.0115337
0 0 0.00386596
0 0 0.00384925
1 0.0353287 0.0391733
0 0 0.00383407
0 0 0.0038043
0 0 0.00379613
0 0 0.00377899
0 0 0.00376925
1 0.01357 0.0173281
1 0.13614 0.139775
0 0 0.00362563
0 0 0.00362344
0 0 0.00352775
0 0 0.00347076
0 0 0.00346651
0 0 0.00346074
0 0 0.00345197
0 0 0.00327764
1 0.00636665 0.00963905
0 0 0.0032684
0 0 0.00326008
0 0 0.00325946
0 0 0.00324749
0 0 0.00322037
0 0 0.00317416
2 0.054213 0.0573296
1 0.0169851 0.0200635
1 0.006045 0.00910848
1 0.0202947 0.0233572
0 0 0.0030319
0 0 0.00301844
1 0.00236186 0.00533663
1 0.00359727 0.00655297
0 0 0.00291926
0 0 0.00291786
1 0.00510883 0.00802206
2 0.0585427 0.0614383
1 0.0290015 0.0318056
0 0 0.00277519
2 0.030826 0.0335345
1 0.0186016 0.0212943
0 0 0.00268194
0 0 0.00266501
1 0.0136693 0.0163003
0 0 0.00262631
0 0 0.00261894
1 0.00329102 0.00588478
0 0 0.00255127
0 0 0.00253713
0 0 0.00252944
0 0 0.00251895
1 0.0480108 0.0505233
0 0 0.00248325
1 0.0288458 0.031312
0 0 0.00244803
0 0 0.00243472
1 0.00806376 0.0104778
2 0.0211151 0.0235075
1 0.00517627 0.00752952
1 0.0293983 0.0317485
1 0.00515665 0.00747903
0 0 0.00231941
0 0 0.00231346
0 0 0.00230684
1 0.0268185 0.0291134
1 0.0278203 0.0300834
0 0 0.00225642
0 0 0.00222444
1 0.00704017 0.00926028
0 0 0.00218279
1 0.00687472 0.00904218
0 0 0.00215271
0 0 0.00211673
0 0 0.00211126
1 0.0264176 0.0285243
0 0 0.00208936
1 0.056295 0.0583761
0 0 0.00207346
1 0.00282422 0.00483036
0 0 0.0019671
0 0 0.00192124
0 0 0.00192054
0 0 0.00190177
1 0.00795198 0.00984819
1 0.00692138 0.00881145
0 0 0.00188714
0 0 0.00188628
0 0 0.00186309
1 0.0206618 0.022509
2 0.0594838 0.0613157
0 0 0.00179221
0 0 0.00177243
1 0.00576743 0.0075386
1 0.00413114 0.00589987
0 0 0.00175469
1 0.00712477 0.00887496
0 0 0.00171842
1 0.0196526 0.0213577
0 0 0.00167658
2 0.0627145 0.0643805
1 0.00864718 0.0102948
1 0.00730468 0.00892712
0 0 0.00162102
1 0.00438396 0.00595436
1 0.0313399 0.0328808
1 0.0807705 0.0823095
1 0.0208256 0.0223632
0 0 0.00153098
0 0 0.00153053
1 0.00273532 0.00425234
0 0 0.00150282
0 0 0.00149852
0 0 0.00149207
0 0 0.00147032
0 0 0.00146058
1 0.0128326 0.0142783
0 0 0.00144078
1 0.00532359 0.00675705
1 0.0608466 0.0622715
1 0.0263551 0.0277759
0 0 0.00140641
0 0 0.00139732
0 0 0.0013426
0 0 0.00133304
1 0.00832693 0.00965741
0 0 0.00131577
0 0 0.00131338
0 0 0.00128342
1 0.00768275 0.00895168
0 0 0.00125168
0 0 0.00124745
1 0.119932 0.12115
0 0 0.00121482
0 0 0.00120105
0 0 0.0011865
1 0.0163159 0.0174968
1 0.0262002 0.027379
1 0.00724819 0.00842091
0 0 0.00117215
2 0.020459 0.0216242
0 0 0.00115759
2 0.00991458 0.0110606
1 0.0177516 0.0188953
1 0.0525672 0.0537107
1 0.0284274 0.0295583
0 0 0.00111432
0 0 0.00111287
1 0.00396434 0.00506292
2 0.0607292 0.0618098
1 0.0137393 0.0148161
2 0.0206253 0.0216822
1 0.00591352 0.00695901
1 0.0044789 0.00552228
0 0 0.0010415
1 0.0037887 0.00482964
0 0 0.00102686
1 0.0148228 0.0158391
1 0.00194381 0.00294961
0 0 0.000991515
0 0 0.000990204
0 0 0.000975982
0 0 0.000971599
1 0.00624765 0.00721564
1 0.00526428 0.00620712
2 0.0514375 0.0523782
1 0.0160219 0.0169588
1 0.00556802 0.00650164
1 0.0171025 0.0180319
0 0 0.000926702
1 0.00105442 0.00196202
1 0.0108125 0.0117154
1 0.0738176 0.0747016
0 0 0.000856755
2 0.031479 0.0323339
0 0 0.000846569
0 0 0.000842185
2 0.0655323 0.0663715
1 0.00703214 0.00786837
1 0.00413501 0.00496477
1 0.0181903 0.01902
0 0 0.000826579
1 0.0134709 0.0142906
2 0.00585381 0.00667156
1 0.0449658 0.0457828
1 0.00288877 0.00368626
0 0 0.000774353
1 0.0224582 0.023231
1 0.00954193 0.0103126
0 0 0.000762543
2 0.0104006 0.0111603
1 0.00200303 0.00276098
1 0.0147167 0.0154732
2 0.0420439 0.0427953
0 0 0.00074873
0 0 0.000736127
1 0.00296386 0.00369897
0 0 0.000727603
1 0.000842134 0.00155644
2 0.0408754 0.0415878
0 0 0.000711716
1 0.00297013 0.00365436
2 0.0100433 0.0107249
0 0 0.000661367
1 0.00644914 0.00710843
1 0.163288 0.163942
1 0.0574992 0.0581384
1 0.00288279 0.00351815
0 0 0.000634794
0 0 0.000612363
1 0.0597677 0.0603768
0 0 0.000595299
1 0.00395591 0.00454984
1 0.00124675 0.00183608
2 0.0920468 0.0926337
0 0 0.00058649
0 0 0.000583592
1 0.00253872 0.00311597
1 0.00884855 0.00942104
1 0.00609342 0.00666049
0 0 0.000564393
0 0 0.000563092
0 0 0.000560555
1 0.0090879 0.00964614
1 0.00354209 0.00410001
0 0 0.000554502
1 0.00476678 0.0053063
0 0 0.000536958
1 0.0279651 0.0285014
0 0 0.000532928
2 0.0106766 0.0112054
2 0.0100342 0.0105599
1 0.00826638 0.00879028
1 0.00921309 0.00973638
1 0.00794283 0.00846384
1 0.00786802 0.00838631
1 0.00387948 0.00439678
1 0.0296255 0.0301398
0 0 0.000514325
0 0 0.000509043
1 0.00745676 0.00795882
0 0 0.000501976
1 0.0955524 0.0960483
1 0.00439776 0.00488147
1 0.022461 0.0229446
0 0 0.000481935
1 0.0118667 0.0123482
0 0 0.000481234
1 0.00504163 0.00552113
2 0.0081121 0.00858832
2 0.0101151 0.0105891
0 0 0.000467694
1 0.00557881 0.00604404
0 0 0.000456974
1 0.00446344 0.00491798
1 0.00615938 0.00661042
2 0.00701515 0.00746254
1 0.0014495 0.00189408
1 0.00613767 0.00657917
1 0.00703779 0.00747729
2 0.0301166 0.0305561
0 0 0.00043376
2 0.0292415 0.0296746
2 0.0288423 0.0292716
0 0 0.000423284
1 0.00316855 0.00358983
1 0.00602587 0.0064426
1 0.0023787 0.00279067
1 0.0277813 0.0281885
1 0.00546566 0.0058704
1 0.00381326 0.00421713
1 0.00227166 0.00267537
1 0.00210898 0.0025018
1 0.000852533 0.00124342
1 0.0299278 0.0303103
1 0.0389858 0.0393679
1 0.0150511 0.0154323
1 0.00801753 0.00839632
1 0.00473054 0.00510927
2 0.029365 0.0297378
1 0.0207749 0.0211452
1 0.0257569 0.0261244
2 0.0112376 0.0116037
2 0.043199 0.0435641
0 0 0.000364259
1 0.00541314 0.00577504
1 0.00183921 0.0021978
1 0.112869 0.113218
1 0.0146811 0.0150284
2 0.0634449 0.0637879
0 0 0.000338778
1 0.0284499 0.0287866
2 0.00966498 0.0100014
2 0.0748104 0.0751403
1 0.00351392 0.00384103
1 0.0803112 0.0806352
1 0.0648379 0.0651574
0 0 0.000318732
1 0.0224644 0.0227813
2 0.0121858 0.0125019
1 0.00444362 0.00475875
1 0.00139147 0.00170345
1 0.199416 0.199728
1 0.00938486 0.00969631
1 0.0156414 0.0159421
1 0.0090894 0.00938973
1 0.0237977 0.0240918
0 0 0.000290848
2 0.00907803 0.00936005
2 0.0142678 0.0145455
1 0.00870033 0.00897775
1 0.00908832 0.00936558
1 0.0029015 0.00317101
1 0.00467314 0.00494173
0 0 0.000268018
1 0.00479604 0.00506305
1 0.00112478 0.00138348
2 0.00183859 0.00209428
1 0.00145843 0.00171183
1 0.00615677 0.00640802
1 0.0285758 0.0288264
0 0 0.000245826
2 0.164911 0.16515
0 0 0.00023772
0 0 0.000234485
1 0.00398118 0.00421379
1 0.0617601 0.0619908
1 0.00717236 0.00740226
1 0.0568523 0.057075
1 0.00118168 0.0014042
1 0.003861 0.00408262
1 0.00243785 0.00265925
1 0.0115556 0.0117754
1 0.0114526 0.0116712
2 0.00942652 0.00964119
1 0.00280748 0.00302076
1 0.00157199 0.0017811
1 0.00114935 0.00135529
2 0.00663754 0.00684342
1 0.00114092 0.00134488
1 0.0275523 0.0277559
2 0.030484 0.0306851
2 0.0102727 0.010472
1 0.0114321 0.0116285
1 0.00521219 0.00540823
1 0.00967258 0.00986831
1 0.00142243 0.00161705
0 0 0.000193805
2 0.0105523 0.0107446
1 0.0111081 0.0112969
1 0.00209566 0.00228362
1 0.00454522 0.00473194
2 0.0538277 0.05401
2 0.0207569 0.0209349
1 0.0234464 0.0236224
1 0.00527529 0.00544995
2 0.0104781 0.010651
2 0.0324236 0.032596
1 0.0200935 0.0202652
1 0.00269307 0.00286238
1 0.00322017 0.0033887
1 0.016471 0.0166385
1 0.00477137 0.00493777
1 0.00222038 0.00238593
1 0.0075943 0.00775647
1 0.00667317 0.00683439
1 0.00327928 0.0034369
1 0.00318818 0.00334572
1 0.0535807 0.0537363
1 0.000621009 0.000773207
1 0.00708709 0.00723827
1 0.00212877 0.00227924
1 0.0199863 0.0201352
2 0.0588388 0.0589852
1 0.00118262 0.00132893
1 0.00301712 0.00316218
2 0.0266431 0.0267823
1 0.0204445 0.0205816
2 0.0220909 0.0222266
0 0 0.000134786
1 0.00234136 0.00247303
1 0.00223134 0.00236136
2 0.00991933 0.0100486
1 0.00282085 0.00294921
1 0.0373724 0.0375007
1 0.00153285 0.00165871
1 0.0736535 0.0737777
1 0.00456661 0.00469067
2 0.0101357 0.0102596
2 0.0167261 0.0168495
2 0.0963035 0.0964264
1 0.00427313 0.00439334
1 0.00238337 0.00250162
1 0.0115768 0.0116947
1 0.00766757 0.0077855
1 0.00238455 0.00250145
1 0.0144118 0.0145255
1 0.00760804 0.00772146
1 0.00416475 0.00427788
0 0 0.000105515
2 0.00399594 0.00410121
1 0.00383113 0.00393585
2 0.031942 0.0320465
1 0.0296774 0.0297808
1 0.0158332 0.0159362
1 0.00171237 0.00181315
1 0.00390759 0.0040082
2 0.0102695 0.0103671
1 0.00394234 0.00403798
2 0.0103278 0.010423
1 0.00607841 0.00617188
2 0.0285121 0.0286053
1 0.00364097 0.00373385
1 0.0021173 0.00220994
1 0.0118208 0.0119126
1 0.0477148 0.047806
1 0.00219231 0.00228202
1 0.000533544 0.000622207
1 0.0505299 0.0506174
1 0.000627311 0.000714412
1 0.000715036 0.000798664
1 0.0199262 0.0200097
2 0.00279126 0.00287325
1 0.0196609 0.0197384
1 0.0549624 0.0550388
1 0.00463556 0.00471136
1 0.00279358 0.00286744
1 0.00870612 0.00877899
1 0.00120735 0.00127898
1 0.010009 0.0100804
1 0.00412552 0.00419678
2 0.108045 0.108115
2 0.0211895 0.021258
2 0.0455526 0.045621
1 0.0194624 0.0195307
2 0.061976 0.0620443
1 0.00406922 0.0041372
1 0.0472332 0.0473009
1 0.00435302 0.00442063
1 0.0124905 0.0125578
2 0.00725734 0.00732181
1 0.0363524 0.0364157
1 0.00821996 0.0082828
2 0.010523 0.0105852
1 0.00161222 0.00167273
2 0.0112706 0.0113309
1 0.0077317 0.00779109
1 0.0192491 0.0193081
2 0.0984379 0.0984968
1 0.000583772 0.000639087
2 0.0507049 0.05076
1 0.00813631 0.00819053
2 0.0109349 0.0109889
1 0.00173242 0.00178566
1 0.00264821 0.00270082
1 0.0131492 0.0132017
1 0.00729866 0.00734881
1 0.105517 0.105567
1 0.00171117 0.00176086
2 0.0144878 0.0145372
1 0.107329 0.107378
1 0.000774887 0.000823677
1 0.0305708 0.0306184
2 0.0167475 0.0167945
1 0.0015807 0.00162521
1 0.165018 0.165062
1 0.0269009 0.0269445
1 0.0306969 0.0307389
2 0.00980861 0.00984999
1 0.00106572 0.00110673
2 0.00836819 0.00840836
2 0.0167985 0.0168379
1 0.00304664 0.00308575
2 0.026019 0.0260571
2 0.0577127 0.0577504
2 0.0960567 0.0960941
2 0.00482693 0.00486425
1 0.00694144 0.00697806
2 0.0588389 0.0588743
2 0.00775335 0.00778875
2 0.00188223 0.00191753
1 0.00655497 0.00659022
1 0.108002 0.108037
2 0.029576 0.0296092
1 0.00377788 0.00381112
1 0.00548252 0.00551519
2 0.00745027 0.00748216
1 0.0155212 0.0155528
1 0.0090305 0.00906199
2 0.00591399 0.00594514
1 0.00286901 0.00290007
2 0.00677308 0.00680227
1 0.00871964 0.0087488
1 0.0089352 0.00896352
2 0.0577023 0.0577297
1 0.00905923 0.00908615
2 0.000877278 0.000904025
2 0.033247 0.0332727
1 0.00084371 0.000869315
1 0.00412668 0.00415213
2 0.0111744 0.0111999
1 0.00672685 0.00675194
1 0.0157642 0.0157889
1 0.00278138 0.00280584
2 0.114083 0.114106
2 0.0024409 0.00246353
2 0.00248499 0.00250705
1 0.00107783 0.00109971
1 0.0033421 0.00336357
1 0.00423141 0.00425288
1 0.0538878 0.0539077
2 0.00498503 0.00500491
2 0.0103979 0.0104175
1 0.00281911 0.00283747
2 0.00188142 0.00189941
1 0.00759649 0.00761426
2 0.106159 0.106177
1 0.00116933 0.00118683
1 0.0206953 0.0207126
1 0.0868713 0.0868886
1 0.0110961 0.0111129
2 0.00780655 0.00782291
2 0.00724451 0.00725999
1 0.00572924 0.0057445
2 0.0106512 0.0106661
2 0.039384 0.0393987
2 0.0917951 0.0918087
2 0.0532656 0.0532786
2 0.0375393 0.0375516
2 0.00233491 0.00234714
2 0.00381848 0.00383043
2 0.00937012 0.00938175
1 0.0142453 0.0142569
2 0.0266344 0.0266456
1 0.00184999 0.00186114
2 0.00191848 0.00192956
2 0.0110458 0.0110568
1 0.0788423 0.0788525
1 0.00293849 0.00294823
1 0.0216222 0.0216316
2 0.0118455 0.0118547
1 0.0175536 0.0175627
2 0.00775849 0.0077675
2 0.00596854 0.00597747
1 0.00931993 0.00932863
2 0.00804152 0.00805006
2 0.0239548 0.0239631
2 0.0319481 0.0319557
2 0.00349798 0.00350552
1 0.00402031 0.00402779
1 0.0050739 0.00508132
1 0.0217789 0.0217856
1 0.0407035 0.0407098
1 0.00102768 0.00103384
1 0.00406178 0.00406793
2 0.0111273 0.0111333
1 0.0116533 0.011659
2 0.00185312 0.00185877
1 0.00379375 0.00379938
1 0.00866491 0.00867053
2 0.0111884 0.0111938
2 0.0143542 0.0143594
1 0.0323995 0.0324047
1 0.00191191 0.0019169
1 0.0290357 0.0290403
2 0.00469556 0.00470021
2 0.0148775 0.014882
1 0.0618073 0.0618116
1 0.00803311 0.00803736
2 0.0216753 0.0216795
1 0.0126857 0.0126897
2 0.00279877 0.00280262
1 0.00714891 0.00715271
2 0.00949528 0.00949896
2 0.10002 0.100023
2 0.00605672 0.00606038
2 0.0145717 0.0145752
1 0.0081783 0.0081817
2 0.0042061 0.00420945
2 0.0109024 0.0109056
1 0.00477083 0.00477384
1 0.091042 0.0910449
1 0.00951945 0.00952224
1 0.0108889 0.0108915
2 0.00203776 0.00204023
1 0.00597415 0.00597654
1 0.00532319 0.00532553
1 0.00179585 0.00179818
1 0.00412984 0.00413211
1 0.0104636 0.0104658
2 0.00305468 0.00305683
1 0.0180117 0.0180138
1 0.00572243 0.0057244
1 0.0074062 0.0074081
2 0.0067996 0.00680146
2 0.00290897 0.00291077
2 0.0459836 0.045985
2 0.0502641 0.0502653
1 0.00433327 0.0043344
2 0.0261728 0.0261739
2 0.00934661 0.00934762
1 0.00186604 0.00186705
1 0.00782053 0.00782153
2 0.00140539 0.00140629
2 0.00205974 0.00206064
1 0.0027237 0.00272449
2 0.0159565 0.015957
2 0.0105903 0.0105909
1 0.0014712 0.00147142
1 0.00975395 0.00975417
1 0.000894852 0.000895037
1 0.0271483 0.0271485
1 0.000868221 0.000868326
1 0.00285075 0.00285085
1 0.0209702 0.0209702
1 0.0136741 0.0136741
