0 0 inf
0 0 0.231996
0 0 0.211736
1 0.0421825 0.203607
1 0.187359 0.345016
0 0 0.153093
0 0 0.148241
0 0 0.129607
1 0.220937 0.350052
1 0.169393 0.291338
0 0 0.119925
0 0 0.107956
0 0 0.102697
0 0 0.098726
1 0.135534 0.229103
0 0 0.0867483
0 0 0.0805623
1 0.0979603 0.172901
1 0.242568 0.314086
0 0 0.0672781
0 0 0.065264
0 0 0.0589628
1 0.087903 0.142945
0 0 0.0534245
1 0.283241 0.335081
1 0.0460973 0.0974605
1 0.102672 0.151853
1 0.0265012 0.0713184
0 0 0.0447889
1 0.0801409 0.122192
0 0 0.0420097
1 0.115547 0.157031
0 0 0.0404409
0 0 0.0377005
1 0.0577058 0.0943557
0 0 0.036265
0 0 0.0349307
0 0 0.0347661
0 0 0.0335164
0 0 0.0330546
0 0 0.0317967
0 0 0.031118
0 0 0.0292728
0 0 0.0291963
0 0 0.0289137
0 0 0.0288603
0 0 0.0278639
0 0 0.02744
0 0 0.0271527
1 0.249786 0.276529
1 0.115001 0.141556
1 0.0243405 0.0506697
1 0.0290675 0.0547153
1 0.234778 0.258423
1 0.0457341 0.0690029
0 0 0.0222174
2 0.237739 0.259466
0 0 0.020782
1 0.0263306 0.0469322
0 0 0.0196541
0 0 0.0192778
0 0 0.0189621
1 0.196751 0.21539
0 0 0.0179259
1 0.0152879 0.0331663
0 0 0.017242
1 0.0470347 0.0642145
0 0 0.0170123
1 0.0177569 0.0339683
0 0 0.0161217
0 0 0.0159949
0 0 0.0157505
0 0 0.0156801
0 0 0.0155279
1 0.145385 0.160825
0 0 0.0152182
0 0 0.0148499
0 0 0.0148175
0 0 0.0147986
1 0.22048 0.235125
0 0 0.0146272
2 0.320511 0.334993
0 0 0.0144559
1 0.0186777 0.0331305
0 0 0.0142433
0 0 0.0141524
0 0 0.0139686
0 0 0.0138401
2 0.528709 0.542379
0 0 0.0136604
1 0.0481114 0.0616864
1 0.255657 0.269211
1 0.107851 0.121392
0 0 0.0133956
1 0.119456 0.132742
0 0 0.0132601
1 0.0924178 0.105382
0 0 0.012677
1 0.0619207 0.074555
0 0 0.012536
0 0 0.0125168
0 0 0.0124556
0 0 0.0123617
0 0 0.0122991
1 0.360001 0.372257
1 0.0494193 0.0614577
0 0 0.0118496
0 0 0.0115046
0 0 0.0113963
0 0 0.0111301
0 0 0.0110332
0 0 0.0107225
0 0 0.010623
0 0 0.010604
1 0.104482 0.115037
0 0 0.0104549
1 0.015813 0.0261301
0 0 0.0102948
0 0 0.0102939
0 0 0.0100621
0 0 0.0100494
0 0 0.00999118
0 0 0.00994489
0 0 0.0099284
1 0.189214 0.199133
1 0.0595971 0.0695124
1 0.00935953 0.0191664
0 0 0.00968161
0 0 0.00952863
1 0.462436 0.471954
0 0 0.00931549
1 0.326289 0.33559
0 0 0.00926756
1 0.0438693 0.0531181
1 0.147241 0.156361
0 0 0.00907485
2 0.0815889 0.090587
0 0 0.00890289
1 0.170332 0.179078
0 0 0.00872278
0 0 0.00870601
0 0 0.00859328
0 0 0.00853684
0 0 0.00841086
0 0 0.00837287
1 0.129563 0.13791
2 0.142572 0.150778
0 0 0.00808829
0 0 0.00803187
0 0 0.00801295
0 0 0.00793956
0 0 0.00781836
1 0.0687057 0.0764243
0 0 0.00767383
0 0 0.00751653
0 0 0.00738473
2 0.507655 0.515037
0 0 0.00730002
0 0 0.00728352
1 0.0300106 0.03722
1 0.0872567 0.0943137
0 0 0.00701561
2 0.542937 0.549937
0 0 0.00697283
0 0 0.00697019
1 0.133418 0.140259
0 0 0.00666541
0 0 0.00664861
0 0 0.00663204
0 0 0.0065952
1 0.0642653 0.0707037
0 0 0.00637138
0 0 0.00636948
1 0.0282949 0.0346467
0 0 0.00631288
0 0 0.00628184
0 0 0.0062457
0 0 0.0061596
1 0.308531 0.314659
0 0 0.0061016
0 0 0.00609259
0 0 0.00605926
1 0.0361092 0.042162
0 0 0.00602788
1 0.0139264 0.0199481
0 0 0.00601707
1 0.058811 0.064807
2 0.368337 0.3742
1 0.0189449 0.0247436
1 0.389731 0.395526
1 0.0231695 0.0288129
0 0 0.00563744
1 0.0452504 0.050851
1 0.0133456 0.0189345
1 0.236059 0.24162
0 0 0.00547006
0 0 0.00543275
1 0.00947632 0.0148844
0 0 0.00539059
1 0.242077 0.247416
1 0.0218233 0.0271614
1 0.0168695 0.0221679
0 0 0.00529401
0 0 0.00527888
1 0.422077 0.427338
2 0.0774835 0.0827287
0 0 0.00523461
1 0.0113526 0.0165617
1 0.0974234 0.102614
0 0 0.00517581
0 0 0.00511694
2 0.11223 0.117189
0 0 0.00492903
0 0 0.00491322
1 0.246669 0.251567
1 0.163259 0.168108
0 0 0.00483764
1 0.0283321 0.0330476
2 0.0715092 0.0762092
1 0.00772855 0.0124241
1 0.0111926 0.0158724
0 0 0.00463465
2 0.0556728 0.0602715
1 0.0162191 0.0207368
0 0 0.0045019
1 0.0210815 0.0255593
0 0 0.00445761
0 0 0.00444908
2 0.279733 0.28418
1 0.121482 0.125809
1 0.0289291 0.033249
1 0.0332895 0.0375637
0 0 0.00427334
0 0 0.00423802
0 0 0.00418277
0 0 0.00417935
1 0.0473955 0.0515424
0 0 0.00408622
0 0 0.00407892
0 0 0.00406984
0 0 0.00406098
1 0.0211315 0.0251767
1 0.00462805 0.00865397
2 0.314846 0.318845
0 0 0.00394994
1 0.0371389 0.041032
2 0.329126 0.332923
1 0.0153527 0.0191418
1 0.0275404 0.0313197
0 0 0.00377438
1 0.030181 0.033927
0 0 0.00370177
1 0.0203022 0.0239598
1 0.0328374 0.0364901
1 0.0267894 0.0304315
1 0.0146447 0.018089
1 0.306889 0.310328
1 0.128934 0.132305
1 0.0152493 0.0186085
1 0.0146768 0.0179943
1 0.0372972 0.0405558
0 0 0.00322
0 0 0.00320385
1 0.287908 0.291105
1 0.00894353 0.0121033
0 0 0.00314368
0 0 0.00307031
2 0.503582 0.50662
1 0.0219325 0.0248981
0 0 0.0029149
0 0 0.00288234
0 0 0.00286865
1 0.499215 0.502074
0 0 0.00284148
0 0 0.00278367
0 0 0.00275667
2 0.155589 0.158282
0 0 0.00268359
1 0.0259398 0.0286203
1 0.00792709 0.0106034
0 0 0.00264948
1 0.0193483 0.0219887
1 0.0273737 0.0300139
0 0 0.00262335
1 0.00971325 0.012317
1 0.0596692 0.0622724
0 0 0.00258188
1 0.0254495 0.0280116
1 0.259459 0.262018
0 0 0.00254
1 0.0573792 0.0598732
1 0.0343396 0.0368184
1 0.183676 0.186133
0 0 0.00245625
0 0 0.00245159
0 0 0.00244099
2 0.340229 0.342654
0 0 0.00240651
2 0.327663 0.330032
1 0.094658 0.0969895
1 0.00576819 0.00809621
1 0.00524742 0.00755234
0 0 0.00230071
0 0 0.00227351
1 0.343432 0.345703
1 0.0134139 0.0156842
1 0.0671165 0.0693816
1 0.0519043 0.0541601
2 0.0692055 0.0714594
1 0.0742591 0.0764806
1 0.0242713 0.0264846
0 0 0.00218817
1 0.0201704 0.0223358
1 0.0801253 0.0822866
0 0 0.00215938
0 0 0.00215859
2 0.0773169 0.0794391
0 0 0.00210651
1 0.0509853 0.0530819
1 0.116706 0.118787
0 0 0.00207408
0 0 0.00203337
0 0 0.00201823
2 0.40097 0.402978
0 0 0.00199627
0 0 0.0019832
1 0.0228361 0.024819
1 0.0211178 0.0230473
1 0.015252 0.0171762
2 0.027438 0.0293125
2 0.0388586 0.0407002
1 0.00680835 0.00861738
0 0 0.00179111
1 0.0163448 0.0180849
1 0.0376508 0.0393794
1 0.0123999 0.0141189
1 0.156012 0.157707
1 0.0298179 0.0315081
2 0.0318007 0.0334799
1 0.0110323 0.0126709
1 0.0118681 0.0135024
1 0.0648253 0.0664422
0 0 0.0015863
1 0.059531 0.0610966
1 0.0603516 0.0619032
0 0 0.00154263
0 0 0.00153572
1 0.0243825 0.0258941
0 0 0.00151141
2 0.0636785 0.0651561
1 0.0180255 0.0194923
0 0 0.00145146
0 0 0.00143302
2 0.061601 0.0630325
1 0.0484718 0.0498864
2 0.0162843 0.0176955
0 0 0.00140628
0 0 0.0013719
1 0.0315563 0.0329225
0 0 0.00136458
1 0.0196173 0.0209699
0 0 0.00132971
2 0.1444 0.145717
1 0.0044194 0.00572247
2 0.190847 0.192136
1 0.00909037 0.0103762
1 0.0143369 0.0156133
1 0.0049931 0.00623378
2 0.308524 0.309716
1 0.0154798 0.016656
1 0.0349988 0.0361505
1 0.00832812 0.00947971
0 0 0.0011503
1 0.00763032 0.00877274
1 0.0375088 0.0385978
1 0.00429162 0.00536451
2 0.0202849 0.0213555
1 0.00882197 0.00986889
1 0.0156873 0.0167204
2 0.0340899 0.035112
1 0.0155874 0.0165944
0 0 0.00100082
1 0.0190893 0.0200348
1 0.0372872 0.0382137
1 0.107983 0.108907
1 0.0151807 0.0161016
1 0.00937916 0.010284
1 0.103036 0.103932
0 0 0.000895112
1 0.0469445 0.0477942
2 0.390268 0.391114
1 0.00902318 0.00985891
2 0.172805 0.173633
2 0.0300004 0.0308146
1 0.0237609 0.0245711
1 0.0188797 0.0196891
2 0.445095 0.445893
1 0.0118156 0.0126052
1 0.0476752 0.0484463
2 0.0368614 0.0376231
1 0.443735 0.444492
1 0.0143882 0.0151304
2 0.0620042 0.0627356
1 0.0114241 0.0121512
0 0 0.000675787
1 0.0274201 0.0280942
1 0.0933624 0.0940286
2 0.0363248 0.0369756
2 0.026452 0.0270991
1 0.00385317 0.00449463
1 0.00227703 0.00289537
1 0.00655497 0.00717255
1 0.0612741 0.0618861
1 0.0392884 0.0398944
1 0.0370863 0.0376877
2 0.0778547 0.078451
1 0.0174121 0.0180062
1 0.0225297 0.0231117
2 0.0336205 0.0342013
1 0.00255914 0.00312644
1 0.00777299 0.00833786
1 0.0686494 0.0692127
1 0.00991833 0.0104609
1 0.0262988 0.0268346
1 0.0336842 0.0342141
1 0.018318 0.0188433
1 0.00998378 0.0105002
1 0.0369991 0.0374912
1 0.00628384 0.00677121
1 0.0134978 0.0139818
1 0.00874589 0.00922968
1 0.0420037 0.0424832
1 0.0126336 0.013109
1 0.0164649 0.0169352
1 0.0190918 0.0195611
2 0.235863 0.236331
0 0 0.000467157
1 0.0229997 0.0234533
2 0.571808 0.572261
1 0.0339039 0.0343559
2 0.186416 0.186866
2 0.0695304 0.0699715
1 0.0145928 0.015033
1 0.194872 0.195309
0 0 0.000436713
1 0.0370741 0.0375077
1 0.00631555 0.00674905
1 0.0269674 0.0273982
1 0.0160314 0.0164589
1 0.033637 0.0340631
2 0.00917893 0.00960463
1 0.00930151 0.00972466
1 0.0161442 0.0165645
2 0.0280954 0.0285054
1 0.313475 0.313885
2 0.0487742 0.0491733
1 0.0147961 0.0151862
1 0.0354555 0.0358441
1 0.0136411 0.0140297
1 0.0142446 0.0146215
1 0.0122869 0.0126594
1 0.00159829 0.00196936
1 0.060038 0.0604061
2 0.0666549 0.0670202
1 0.318228 0.318585
1 0.0286312 0.0289805
1 0.0164443 0.0167934
1 0.135647 0.135994
1 0.011828 0.0121633
1 0.157748 0.158082
1 0.0448835 0.0452131
1 0.517947 0.518275
0 0 0.000317881
2 0.024423 0.0247408
1 0.247484 0.247801
1 0.019844 0.0201599
2 0.00868749 0.00899803
1 0.032623 0.0329273
1 0.293341 0.293645
2 0.0798117 0.0801132
1 0.031868 0.0321692
2 0.080627 0.0809278
0 0 0.000295176
1 0.0300667 0.0303577
1 0.0218805 0.0221709
1 0.293835 0.294124
1 0.025628 0.0259163
2 0.0386356 0.0389224
1 0.0239947 0.0242803
1 0.0139316 0.0142167
1 0.00544758 0.005729
2 0.0338567 0.034138
1 0.0580755 0.0583518
1 0.0187544 0.0190257
1 0.0144226 0.0146879
1 0.178933 0.179195
2 0.247878 0.248133
1 0.0134878 0.0137426
1 0.0261335 0.0263864
1 0.00929595 0.00954835
1 0.0131578 0.013404
1 0.18488 0.185124
1 0.224088 0.224331
2 0.0472388 0.0474812
1 0.015467 0.0156978
1 0.00746778 0.00768925
1 0.0198261 0.0200433
1 0.0594285 0.0596446
1 0.04917 0.0493856
1 0.033108 0.0333145
1 0.0642673 0.0644718
2 0.0141854 0.0143896
1 0.0148273 0.0150316
1 0.0219461 0.0221499
1 0.0160616 0.0162643
1 0.0112253 0.0114267
2 0.0756884 0.075889
1 0.00865268 0.00885185
1 0.036275 0.0364731
2 0.318622 0.318819
1 0.0254728 0.0256691
2 0.031608 0.0318037
1 0.00293337 0.0031285
2 0.0241258 0.0243056
1 0.0411806 0.041358
1 0.0112073 0.0113841
1 0.0247593 0.0249344
1 0.00253292 0.00270742
1 0.022449 0.0226187
2 0.0227156 0.0228846
2 0.0630406 0.0632093
1 0.146545 0.146712
2 0.0619058 0.062071
1 0.039806 0.0399659
1 0.142061 0.142219
2 0.021354 0.021506
1 0.0671654 0.0673172
1 0.00206005 0.00220778
1 0.0187614 0.0189087
1 0.0196167 0.0197626
2 0.096333 0.0964782
1 0.0402087 0.0403529
1 0.0138037 0.0139422
1 0.01136 0.0114977
1 0.00299629 0.00312714
1 0.0113522 0.0114797
1 0.0105875 0.0107081
2 0.146746 0.146863
2 0.0189766 0.0190935
2 0.0638315 0.0639444
1 0.0382465 0.0383569
1 0.196202 0.196304
2 0.0429224 0.0430238
2 0.0251378 0.0252387
1 0.00501411 0.00511438
1 0.00610737 0.00620499
1 0.00547957 0.00557316
1 0.0504907 0.0505838
2 0.0383629 0.0384546
1 0.0144451 0.0145365
1 0.04264 0.042729
2 0.0107905 0.0108792
2 0.0438094 0.0438981
1 0.00899499 0.0090819
1 0.328658 0.328743
2 0.0443665 0.0444514
1 0.0663493 0.0664241
1 0.0235567 0.0236313
1 0.145699 0.14577
2 0.0226458 0.022717
2 0.0216826 0.0217535
2 0.00789808 0.00796598
1 0.0063918 0.00645933
2 0.0195033 0.0195708
1 0.0236166 0.0236819
1 0.051443 0.0515075
1 0.359722 0.359786
2 0.0424755 0.0425384
2 0.0311135 0.0311749
1 0.0265354 0.0265939
2 0.0691882 0.0692459
2 0.0170635 0.0171206
2 0.0112316 0.011285
2 0.0816127 0.0816656
2 0.0198438 0.019896
1 0.0166432 0.016695
2 0.0436982 0.0437497
2 0.017361 0.017412
1 0.0431565 0.0432064
2 0.064654 0.0647026
1 0.0124941 0.0125424
1 0.0110682 0.0111163
1 0.0211572 0.021205
2 0.0437498 0.0437928
2 0.0222773 0.0223193
2 0.0224131 0.0224536
1 0.0281391 0.0281748
1 0.0777392 0.0777743
2 0.00335321 0.00338693
1 0.061874 0.0619071
1 0.0291537 0.0291865
2 0.280858 0.28089
1 0.0477538 0.0477858
2 0.0275605 0.0275904
0 0 2.68397e-05
1 0.00798606 0.0080105
1 0.0101582 0.0101803
1 0.021098 0.021119
1 0.0999363 0.0999561
1 0.0188294 0.0188474
1 0.0214013 0.0214188
2 0.00962517 0.0096427
2 0.043231 0.0432485
1 0.00813728 0.00815454
2 0.0627889 0.0628048
1 0.438978 0.438994
1 0.0124989 0.0125144
1 0.0143795 0.0143948
2 0.00909534 0.00911043
1 0.004982 0.00499606
1 0.0451928 0.0452064
1 0.0166188 0.0166319
1 0.0291314 0.0291433
1 0.0350459 0.0350568
1 0.0241522 0.0241626
2 0.0526651 0.0526752
2 0.383367 0.383376
1 0.0616909 0.0616997
1 0.0204756 0.0204843
1 0.00629629 0.00630461
2 0.0103806 0.010388
2 0.0349128 0.0349176
2 0.0900562 0.0900607
0 0 4.158e-06
1 0.0300214 0.0300252
2 0.00838876 0.0083922
1 0.0161515 0.0161547
2 0.0485833 0.0485856
1 0.00510994 0.0051119
1 0.00417643 0.00417775
2 0.292585 0.292585
2 0.0316508 0.0316509
1 0.0083551 0.00835512
2 0.00636945 0.00636947
2 0.0680667 0.0680667
2 0.0363407 0.0363407
