0 0 inf
0 0 0.236059
1 0.344942 0.564214
0 0 0.177612
1 0.0645853 0.211288
1 0.098726 0.222037
0 0 0.119925
1 0.0557014 0.17351
0 0 0.094412
0 0 0.0901515
0 0 0.088409
1 0.107262 0.188092
1 0.0499977 0.129761
0 0 0.0771686
1 0.135534 0.210395
0 0 0.0741299
0 0 0.0721457
0 0 0.0720651
1 0.0633024 0.131297
0 0 0.065264
0 0 0.064879
1 0.0777804 0.138143
1 0.394066 0.453602
2 0.669383 0.724029
0 0 0.0520104
0 0 0.0484705
1 0.148979 0.197413
0 0 0.0466013
0 0 0.0452671
0 0 0.0421645
0 0 0.0420097
0 0 0.0405677
0 0 0.0384138
0 0 0.0371784
0 0 0.036265
2 0.17918 0.214952
1 0.0867483 0.119193
1 0.0358429 0.0681146
0 0 0.0311323
0 0 0.031118
0 0 0.0306891
0 0 0.0305367
0 0 0.0303513
0 0 0.0291963
0 0 0.0291314
0 0 0.0291233
0 0 0.0274201
0 0 0.0272392
2 0.529795 0.556474
0 0 0.0246825
1 0.462436 0.486696
1 0.147776 0.170833
0 0 0.0229997
1 0.0231208 0.045957
1 0.489489 0.512233
1 0.0651889 0.0876398
0 0 0.0222174
0 0 0.0219586
0 0 0.020742
0 0 0.0205006
0 0 0.0201299
1 0.0268812 0.0470088
2 0.670738 0.690446
1 0.045011 0.0645332
1 0.619616 0.638868
0 0 0.0187614
0 0 0.0175888
2 0.676583 0.693735
0 0 0.0170686
0 0 0.016777
1 0.0481114 0.0648111
1 0.118897 0.135413
2 0.233347 0.249762
0 0 0.0161442
1 0.0154129 0.031421
0 0 0.0158496
0 0 0.0157058
0 0 0.0155618
0 0 0.0154301
0 0 0.0152221
0 0 0.0152182
0 0 0.0151187
0 0 0.0147986
1 0.0263306 0.041096
1 0.459944 0.47454
0 0 0.0145489
0 0 0.0144559
1 0.168764 0.183016
1 0.0684782 0.0826337
0 0 0.0141542
1 0.0271576 0.041277
0 0 0.0139316
0 0 0.0136934
0 0 0.0136297
0 0 0.0136276
1 0.0139737 0.0275517
1 0.624772 0.638242
0 0 0.0133362
0 0 0.0129114
0 0 0.0128113
1 0.0607966 0.0733771
0 0 0.0123856
0 0 0.01206
1 0.0285288 0.0404528
0 0 0.0118496
0 0 0.0110194
0 0 0.0110137
0 0 0.0109508
1 0.0437736 0.0547177
1 0.552885 0.563774
1 0.517947 0.528709
0 0 0.0107303
1 0.107851 0.118345
0 0 0.0104549
0 0 0.0104051
1 0.0297063 0.0400095
1 0.0906486 0.100948
1 0.0671113 0.0772763
0 0 0.0100621
0 0 0.009923
0 0 0.00977959
2 0.212764 0.222523
0 0 0.00954126
1 0.0265332 0.0360439
0 0 0.00948133
0 0 0.00946788
0 0 0.00941507
1 0.10965 0.118961
0 0 0.00928315
1 0.0624702 0.0715335
0 0 0.00904089
1 0.160646 0.16967
0 0 0.00890289
0 0 0.00872278
0 0 0.00869318
0 0 0.0084894
0 0 0.00843259
0 0 0.00839558
1 0.0239819 0.0323459
1 0.0327317 0.0410436
0 0 0.00829211
1 0.0225709 0.0308247
1 0.030438 0.0385558
0 0 0.00803201
0 0 0.00792709
1 0.0124772 0.02022
0 0 0.00772352
0 0 0.00770713
0 0 0.0076823
0 0 0.00763465
2 0.169192 0.176808
1 0.450759 0.458313
1 0.170858 0.178321
0 0 0.00732843
0 0 0.00730186
0 0 0.00719233
0 0 0.00713486
2 0.0810026 0.0881346
0 0 0.00703383
0 0 0.00702828
1 0.106637 0.113585
1 0.0672781 0.0742218
1 0.527155 0.53396
0 0 0.00669303
0 0 0.00668805
0 0 0.00661628
1 0.046588 0.0529529
0 0 0.00634028
0 0 0.00628184
0 0 0.0062806
1 0.0297372 0.0360161
1 0.0182641 0.024473
1 0.0402313 0.0463945
0 0 0.0061219
0 0 0.0061016
1 0.0212062 0.0272768
0 0 0.00605962
0 0 0.00590417
0 0 0.00585659
0 0 0.00584248
1 0.0257874 0.0315443
1 0.0560195 0.061694
0 0 0.00567447
0 0 0.00563744
0 0 0.0055257
0 0 0.00552321
1 0.0564711 0.0619334
1 0.0136411 0.0190955
0 0 0.00545046
1 0.033861 0.0393049
0 0 0.00543275
1 0.0159158 0.0213268
1 0.0826283 0.0879683
1 0.0599357 0.0652728
0 0 0.00527888
0 0 0.00523007
0 0 0.00522476
2 0.172318 0.177453
1 0.0704484 0.0755117
0 0 0.00501694
1 0.651273 0.656287
0 0 0.00501411
0 0 0.00492903
0 0 0.00491709
0 0 0.00491322
0 0 0.00490522
1 0.0180377 0.0228441
1 0.0342079 0.0390032
1 0.0113526 0.0161016
0 0 0.00463465
0 0 0.00459531
1 0.0252061 0.0297459
1 0.0141553 0.0186899
0 0 0.0045019
1 0.194863 0.199207
0 0 0.00430421
1 0.0108838 0.0151858
0 0 0.00426227
0 0 0.00425723
0 0 0.00423483
1 0.0152493 0.0194524
2 0.0724089 0.0766091
0 0 0.00418349
0 0 0.00416946
0 0 0.00416777
0 0 0.00415978
1 0.0103849 0.0145233
0 0 0.00409487
0 0 0.00407892
1 0.106361 0.110373
0 0 0.00393333
2 0.0493188 0.0531972
1 0.0222102 0.0260851
1 0.0240267 0.0278931
1 0.0264126 0.0301659
1 0.030181 0.033927
0 0 0.00369428
1 0.173975 0.177644
1 0.00680576 0.0104279
1 0.508469 0.512071
2 0.719522 0.723108
0 0 0.0035539
1 0.0509853 0.0544999
0 0 0.00351348
1 0.0124633 0.0159443
0 0 0.00345635
0 0 0.00336112
0 0 0.00334344
1 0.0110323 0.0143261
0 0 0.00329188
1 0.00921171 0.0124803
1 0.0300743 0.0333299
0 0 0.00324062
1 0.0400629 0.0432759
0 0 0.00319038
0 0 0.00311247
2 0.236947 0.24001
0 0 0.00304215
0 0 0.00300964
1 0.0278506 0.0308466
0 0 0.00298529
2 0.048748 0.0516756
0 0 0.00292558
0 0 0.0029149
0 0 0.0028581
0 0 0.00284293
0 0 0.00280297
1 0.046904 0.0496634
1 0.0204807 0.0232348
1 0.204836 0.207586
0 0 0.00272564
0 0 0.00268195
1 0.0190827 0.0216681
0 0 0.00258188
0 0 0.00255914
0 0 0.00251939
2 0.228444 0.230958
2 0.213073 0.215576
0 0 0.00247714
2 0.0314776 0.0339335
1 0.203513 0.205961
0 0 0.00244466
2 0.170481 0.172924
1 0.0424683 0.0449101
2 0.0455057 0.0479235
2 0.139372 0.141781
1 0.0808733 0.0832228
0 0 0.00230042
0 0 0.00229678
0 0 0.00227703
1 0.0694696 0.0716844
1 0.176651 0.178853
0 0 0.00214922
0 0 0.00213554
1 0.0286514 0.0307735
1 0.0426435 0.0447623
1 0.0227909 0.0248759
1 0.0383607 0.0404319
0 0 0.00204469
2 0.570771 0.572812
1 0.0138322 0.0158451
1 0.0117034 0.0137136
1 0.0280624 0.0300723
1 0.00661814 0.00857425
1 0.0530811 0.0550025
0 0 0.00191434
0 0 0.00190172
0 0 0.0018948
1 0.132167 0.134056
1 0.115673 0.117518
1 0.0124556 0.0142956
0 0 0.0018323
0 0 0.00181628
1 0.00680835 0.00861738
1 0.0359817 0.0377682
1 0.0150479 0.0168191
1 0.0165123 0.0182497
1 0.0625503 0.0642581
1 0.00968161 0.0113336
1 0.0294707 0.0310795
1 0.0177569 0.0193135
1 0.0173226 0.018869
1 0.0115624 0.0131065
0 0 0.00150875
1 0.0385068 0.0399938
1 0.0259398 0.0274051
1 0.0104175 0.0118629
0 0 0.00143302
0 0 0.0014224
2 0.132873 0.134283
1 0.0485634 0.0499603
0 0 0.00136458
1 0.085909 0.0872484
1 0.0131204 0.0144551
0 0 0.00133042
1 0.0143795 0.0157066
1 0.0471 0.0484257
1 0.0627716 0.0640782
1 0.0159949 0.0172848
1 0.0177182 0.0189987
1 0.00994489 0.0112235
2 0.0306369 0.0319125
2 0.0403905 0.0416546
2 0.22229 0.223551
2 0.180989 0.182249
2 0.0516647 0.052918
1 0.0049931 0.00623378
1 0.0342851 0.035525
0 0 0.00123602
1 0.00853684 0.0097675
1 0.0200281 0.0212298
1 0.0153512 0.0165482
1 0.0382465 0.0394308
0 0 0.00117756
1 0.0320584 0.0332248
0 0 0.00115525
0 0 0.00112684
1 0.0207742 0.0218994
0 0 0.0011231
1 0.0227828 0.023905
1 0.0137891 0.0149088
1 0.00749079 0.00860312
2 0.0310008 0.0320933
1 0.00882197 0.00986889
1 0.0107423 0.0117825
0 0 0.00100558
1 0.00602627 0.00702858
1 0.0425056 0.0435071
1 0.0344486 0.0354494
2 0.0326125 0.0336064
0 0 0.000991175
0 0 0.000976942
0 0 0.000971466
2 0.0162319 0.0171996
1 0.0332794 0.0342462
1 0.0128811 0.0138328
1 0.176389 0.177317
1 0.165382 0.16626
1 0.0534714 0.0543472
1 0.0030551 0.00391138
2 0.0366151 0.037471
1 0.0490865 0.0499395
1 0.0716657 0.0725152
0 0 0.000834899
2 0.0500633 0.0508957
2 0.0726282 0.0734509
1 0.0156801 0.0164971
1 0.0390427 0.0398572
1 0.0600975 0.0609077
2 0.0393276 0.0401108
1 0.0110289 0.0118002
1 0.0340942 0.0348646
1 0.0124413 0.0132039
1 0.041627 0.0423864
1 0.00338043 0.00412921
1 0.104507 0.105242
2 0.0146492 0.0153796
1 0.00736122 0.00808424
1 0.0235246 0.0242466
1 0.0377808 0.0384976
1 0.0534583 0.0541712
1 0.0151807 0.0158829
0 0 0.000702173
1 0.012822 0.0135151
1 0.00736735 0.0080574
1 0.0171326 0.0178216
0 0 0.000675787
0 0 0.000672402
1 0.0457122 0.0463576
0 0 0.000634144
1 0.00659569 0.00722713
1 0.0407072 0.0413215
2 0.0557928 0.0564058
1 0.0392884 0.0398944
1 0.0110874 0.011687
1 0.0327138 0.033305
0 0 0.000584564
2 0.0369381 0.0375176
1 0.0269384 0.0275172
0 0 0.000576479
1 0.0524544 0.0530293
1 0.128133 0.128704
1 0.00634459 0.00691488
1 0.0219083 0.0224703
1 0.0146298 0.0151803
1 0.118364 0.118909
1 0.019844 0.0203868
1 0.00523461 0.00577733
1 0.0368573 0.0373897
1 0.0273643 0.0278963
1 0.0196361 0.0201569
1 0.209231 0.209745
1 0.193926 0.19443
1 0.0476018 0.048102
1 0.0359393 0.0364261
1 0.0164649 0.0169352
1 0.0452011 0.0456698
2 0.0501412 0.0506051
0 0 0.000454442
1 0.00380536 0.0042596
2 0.0218983 0.0223406
2 0.0161258 0.0165573
1 0.029103 0.0295338
2 0.0251776 0.0256053
2 0.043823 0.0442494
1 0.00930151 0.00972466
1 0.172627 0.17305
1 0.0497509 0.0501677
1 0.134304 0.13472
1 0.00488865 0.00530263
1 0.0451928 0.0456066
1 0.015467 0.0158724
1 0.0140086 0.0144135
1 0.0386265 0.0390265
2 0.0123346 0.0127309
2 0.0401416 0.040531
2 0.565916 0.566278
1 0.0300127 0.030375
2 0.0187663 0.0191244
2 0.0706307 0.0709877
2 0.0512988 0.0516489
1 0.0950492 0.0953962
2 0.0470018 0.0473464
1 0.0633303 0.0636696
1 0.0250828 0.0254183
1 0.00675977 0.00709451
1 0.00863063 0.00896375
1 0.062661 0.0629908
1 0.00451413 0.00484106
2 0.0689386 0.06925
2 0.0526642 0.0529733
1 0.293341 0.293645
1 0.0148175 0.0151201
2 0.0473547 0.0476545
2 0.558525 0.558825
1 0.00780409 0.00810135
2 0.0430344 0.0433233
1 0.0222706 0.0225563
2 0.0258312 0.0261092
1 0.0211495 0.0214231
1 0.00217233 0.00244537
1 0.0277884 0.0280593
1 0.0434702 0.0437393
2 0.0362843 0.0365402
1 0.00855569 0.00881023
1 0.0115838 0.0118324
2 0.0332293 0.0334757
1 0.0174691 0.0177131
1 0.0349433 0.0351803
1 0.00591698 0.00614773
1 0.00398174 0.00421114
1 0.0208625 0.0210842
1 0.00254241 0.00275624
2 0.222795 0.223008
2 0.0636851 0.0638971
1 0.0250659 0.0252764
1 0.0110556 0.0112612
2 0.0287018 0.0289067
1 0.0642673 0.0644718
2 0.0835662 0.0837685
2 0.0606635 0.0608636
1 0.181344 0.18154
1 0.00817101 0.00836675
2 0.0216197 0.0218131
2 0.00733588 0.00752822
1 0.0176738 0.0178658
1 0.014541 0.0147301
1 0.00832812 0.00850896
1 0.0277791 0.0279532
1 0.00317063 0.00334163
1 0.00326697 0.0034357
1 0.00380582 0.0039721
1 0.0123079 0.0124691
2 0.0198978 0.0200562
2 0.0198321 0.0199899
1 0.00350269 0.0036587
1 0.0391564 0.0393109
2 0.0235218 0.0236741
1 0.00355496 0.00370625
2 0.040224 0.04037
2 0.22233 0.222476
1 0.0443629 0.0445083
2 0.096333 0.0964782
2 0.0429341 0.0430728
2 0.0301046 0.0302337
1 0.0196426 0.0197711
1 0.00514061 0.00526449
1 0.558102 0.558216
1 0.00781237 0.00792604
1 0.0145098 0.0146165
2 0.063332 0.0634382
1 0.0404315 0.0405352
2 0.019137 0.0192387
1 0.0292605 0.0293605
1 0.0227617 0.0228598
1 0.0472974 0.0473886
1 0.0057835 0.00587021
2 0.0533131 0.0533997
1 0.167921 0.167995
2 0.0205657 0.02064
2 0.0378269 0.0378967
2 0.0301371 0.0302063
2 0.0239483 0.0240173
1 0.0169291 0.0169966
0 0 5.77784e-05
1 0.0233409 0.0233967
1 0.00808112 0.0081363
2 0.0421989 0.0422537
1 0.0420978 0.0421514
1 0.0182457 0.0182992
1 0.0189238 0.0189755
1 0.0110332 0.0110847
1 0.0182296 0.0182803
1 0.00884732 0.00889502
1 0.0138748 0.0139224
2 0.0137448 0.0137922
1 0.0129977 0.0130408
1 0.0369991 0.0370418
1 0.0313013 0.0313437
1 0.0299716 0.0300139
1 0.0236191 0.0236603
1 0.0118544 0.0118949
1 0.0119247 0.0119611
1 0.00385091 0.00388704
1 0.0110453 0.0110803
2 0.0868563 0.0868912
1 0.0163513 0.0163849
2 0.064544 0.0645773
1 0.00394994 0.00398244
1 0.536879 0.53691
1 0.00518667 0.00521632
1 0.00491437 0.00494357
1 0.0120923 0.0121214
1 0.0433626 0.0433914
1 0.221242 0.22127
2 0.0691564 0.0691844
1 0.0165133 0.0165408
1 0.0173392 0.017365
1 0.0551683 0.0551941
1 0.0691173 0.0691425
1 0.0301261 0.0301466
1 0.00153572 0.0015532
1 0.0506847 0.0507019
2 0.685569 0.685587
1 0.00770896 0.00772572
1 0.00456098 0.00457737
1 0.00961741 0.00963375
2 0.0330963 0.0331125
1 0.00467891 0.00469345
1 0.013661 0.0136754
2 0.249418 0.249432
2 0.0689207 0.0689341
2 0.0180185 0.0180318
2 0.0133183 0.0133296
2 0.232729 0.23274
2 0.0131393 0.01315
1 0.00370177 0.00371207
2 0.0166089 0.016619
2 0.0524285 0.052438
2 0.0332863 0.0332946
1 0.0260535 0.0260616
1 0.0100986 0.0101066
1 0.0112291 0.0112362
1 0.0300214 0.0300282
1 0.0469194 0.0469258
2 0.0527299 0.0527354
1 0.00689004 0.00689539
2 0.702507 0.702513
1 0.118788 0.118793
2 0.0325381 0.0325428
1 0.0214343 0.0214378
1 0.0191287 0.0191319
1 0.0348254 0.0348281
1 0.00724967 0.00725224
2 0.0297703 0.0297725
2 0.072774 0.0727762
2 0.0213813 0.0213834
1 0.523505 0.523506
2 0.0511766 0.0511778
1 0.00534811 0.00534921
1 0.169759 0.169759
2 0.00506069 0.00506141
2 0.0294789 0.0294794
1 0.025236 0.0252365
1 0.0523725 0.0523726
2 0.0396856 0.0396857
1 0.0180898 0.0180899
2 0.0831341 0.0831341
