0 0 inf
0 0 0.336762
1 0.0973963 0.229331
1 0.291495 0.420791
0 0 0.120428
0 0 0.120232
1 0.209533 0.328015
1 0.0792661 0.192918
1 0.106332 0.214762
0 0 0.108111
1 0.29309 0.396948
0 0 0.0990243
0 0 0.0887252
0 0 0.0824301
0 0 0.0756033
0 0 0.0721693
0 0 0.070459
0 0 0.0666988
0 0 0.0648008
1 0.034036 0.0887964
0 0 0.0460417
0 0 0.0432581
0 0 0.042637
0 0 0.042236
0 0 0.0416001
1 0.0246892 0.0646299
0 0 0.0378595
1 0.0575546 0.0953799
0 0 0.0376705
0 0 0.0355081
0 0 0.0353539
0 0 0.0334744
1 0.142809 0.173784
1 0.0408509 0.0700884
0 0 0.0286288
0 0 0.0284581
0 0 0.0279029
2 0.42451 0.451157
0 0 0.025957
0 0 0.0259315
1 0.0447069 0.0703048
1 0.0707865 0.0961669
0 0 0.0252113
0 0 0.0247281
1 0.0368699 0.0615058
2 0.0648213 0.0891223
0 0 0.024266
1 0.0290046 0.0527392
0 0 0.023462
0 0 0.02274
0 0 0.0226927
1 0.0394584 0.0612486
1 0.0403513 0.0619386
0 0 0.021382
1 0.0966279 0.11756
0 0 0.0200173
0 0 0.0194791
1 0.0486926 0.0678475
0 0 0.0189542
0 0 0.0185817
0 0 0.0185408
0 0 0.0183798
0 0 0.018067
0 0 0.0177587
0 0 0.0176129
0 0 0.0174085
0 0 0.0166608
0 0 0.0165324
1 0.141341 0.157236
0 0 0.0157096
0 0 0.0154547
0 0 0.0148401
2 0.0913817 0.106137
0 0 0.0147532
0 0 0.0146208
1 0.0478144 0.0624165
0 0 0.014051
0 0 0.013723
0 0 0.0132393
1 0.314187 0.327382
2 0.255711 0.268517
0 0 0.0125936
0 0 0.0124375
0 0 0.0123291
1 0.0235504 0.0357916
0 0 0.0122232
1 0.0842882 0.0964241
0 0 0.0120196
0 0 0.0119369
0 0 0.0118965
0 0 0.0118304
0 0 0.0117977
1 0.0436939 0.0552304
0 0 0.0114954
1 0.0759893 0.087322
1 0.0258219 0.0368819
0 0 0.0110342
0 0 0.0109446
0 0 0.0104996
0 0 0.0104484
0 0 0.0104437
0 0 0.01038
0 0 0.0102375
0 0 0.0101667
0 0 0.0100343
1 0.0591114 0.0687355
1 0.0871436 0.0966874
1 0.0233448 0.0328759
0 0 0.00944193
0 0 0.00935472
1 0.513567 0.522884
0 0 0.00917462
0 0 0.0089319
0 0 0.00892457
0 0 0.00886163
0 0 0.00883528
1 0.019677 0.0284975
1 0.0944152 0.103228
0 0 0.00876319
2 0.219536 0.228243
1 0.0921263 0.100596
1 0.0500137 0.0581671
0 0 0.0081315
0 0 0.0080229
1 0.0102391 0.0181515
1 0.0155114 0.0232812
0 0 0.00775804
1 0.161326 0.169054
2 0.102047 0.109704
0 0 0.00743009
1 0.0298498 0.0372208
2 0.113051 0.120374
1 0.0501828 0.0574771
2 0.0971883 0.104397
0 0 0.00710906
1 0.384751 0.391858
1 0.0357929 0.0428427
1 0.0386679 0.0456499
0 0 0.00693884
1 0.074303 0.0812268
0 0 0.00692016
0 0 0.00689904
0 0 0.00689374
0 0 0.00688148
0 0 0.0067889
0 0 0.00676458
1 0.0469864 0.0537089
1 0.022366 0.0290612
1 0.0680517 0.0746953
0 0 0.00656179
0 0 0.0065511
0 0 0.00654837
0 0 0.00639698
0 0 0.00631036
0 0 0.00628313
1 0.226793 0.233055
0 0 0.00592648
1 0.0905164 0.0964129
1 0.0290257 0.034898
0 0 0.0058246
0 0 0.00579157
0 0 0.00572119
1 0.0852851 0.0909848
0 0 0.00568122
0 0 0.00561401
1 0.0292872 0.0348333
1 0.0286494 0.0341906
1 0.0530223 0.0585146
0 0 0.00540645
0 0 0.00538903
0 0 0.00535103
0 0 0.00532966
0 0 0.00531095
0 0 0.00525493
0 0 0.00524946
0 0 0.00520412
0 0 0.00513448
0 0 0.00510143
1 0.0175271 0.0226195
1 0.0277294 0.0327924
0 0 0.00504167
0 0 0.00501836
1 0.150024 0.155027
0 0 0.00499337
1 0.0380743 0.0430254
2 0.0728168 0.0777135
0 0 0.00488575
0 0 0.0048657
2 0.0625821 0.067386
0 0 0.00480155
1 0.0422746 0.047002
1 0.0531885 0.057843
1 0.0424983 0.0471329
1 0.0260475 0.0306338
0 0 0.00452796
1 0.0161565 0.0206275
0 0 0.00446097
1 0.0877718 0.0922326
1 0.273574 0.277994
0 0 0.0043758
0 0 0.00433996
0 0 0.00424948
0 0 0.00422679
1 0.0650905 0.0692689
1 0.0534927 0.057642
0 0 0.00413005
1 0.0675829 0.0716919
1 0.0267592 0.0307533
0 0 0.00395619
1 0.024359 0.0282711
1 0.0469373 0.0508492
0 0 0.00386606
1 0.0229032 0.0267321
2 0.25457 0.258396
0 0 0.00381154
1 0.0159029 0.0196124
0 0 0.00370393
1 0.0569051 0.0605819
0 0 0.00367499
0 0 0.0036724
0 0 0.0034461
1 0.00680774 0.0102131
2 0.0438739 0.0472614
0 0 0.00335687
0 0 0.00332262
0 0 0.00328497
1 0.0323279 0.0356053
1 0.0391783 0.0424208
1 0.0656496 0.0688909
0 0 0.0032376
0 0 0.00322998
0 0 0.00321385
1 0.0300708 0.033263
1 0.176743 0.179913
0 0 0.00316594
0 0 0.00316569
0 0 0.00316543
1 0.351933 0.355034
2 0.0572018 0.0602662
0 0 0.00303887
2 0.128399 0.131431
2 0.0442026 0.0471954
0 0 0.00297694
1 0.0266258 0.0295955
0 0 0.00295943
0 0 0.00288486
2 0.356792 0.359568
1 0.0106888 0.0133877
1 0.378048 0.380691
0 0 0.00262572
1 0.00680336 0.00937502
1 0.0674762 0.0700422
1 0.0188672 0.0214325
1 0.0280253 0.0305853
1 0.128522 0.131078
2 0.235866 0.238412
0 0 0.00247965
1 0.0681851 0.0706268
1 0.0402907 0.0426793
0 0 0.00238171
1 0.15701 0.159347
1 0.0110769 0.013404
2 0.0994888 0.101811
2 0.0915165 0.0938369
1 0.0140135 0.0163043
0 0 0.00228571
0 0 0.0022325
0 0 0.00221484
0 0 0.00221471
2 0.101109 0.103303
1 0.0266713 0.0288564
0 0 0.00217976
1 0.0293268 0.0315038
1 0.00885463 0.0109839
1 0.0182159 0.0203295
1 0.0526792 0.0547816
1 0.0264744 0.0285572
1 0.029062 0.0310663
1 0.119925 0.121928
0 0 0.00199315
0 0 0.00199129
0 0 0.00191583
0 0 0.0019011
1 0.0656926 0.0675775
1 0.0490767 0.0509551
0 0 0.00186394
0 0 0.00185727
0 0 0.00184399
1 0.01179 0.0136316
1 0.00924168 0.0110591
1 0.0396869 0.0414918
1 0.186107 0.187908
0 0 0.00175487
1 0.0913686 0.093107
0 0 0.00169511
1 0.0275738 0.0292348
0 0 0.00166039
0 0 0.00165243
2 0.213512 0.215163
1 0.0670579 0.0686924
1 0.0162743 0.0178941
0 0 0.00158386
0 0 0.00158197
1 0.378472 0.380021
0 0 0.00150717
2 0.0296048 0.0311072
1 0.54186 0.543336
2 0.0762722 0.0777412
1 0.0919577 0.0933981
0 0 0.00143374
0 0 0.00143279
1 0.0210672 0.0224918
1 0.0124442 0.013862
0 0 0.00137596
0 0 0.00136865
1 0.00740539 0.0087725
1 0.159851 0.161211
0 0 0.00133258
1 0.064222 0.0655267
1 0.0637752 0.0650737
1 0.0471697 0.0484586
1 0.0313499 0.0326006
1 0.0399842 0.0412198
0 0 0.0012091
0 0 0.00119475
1 0.108468 0.10966
1 0.124818 0.126003
0 0 0.00118211
1 0.0530301 0.0542097
2 0.104023 0.105186
1 0.0612716 0.0624268
1 0.0727451 0.0738903
0 0 0.00113875
1 0.0175827 0.0187182
2 0.0705004 0.0716338
2 0.452199 0.453299
0 0 0.00109552
0 0 0.00107069
2 0.100287 0.101355
1 0.0270336 0.0280971
1 0.00309831 0.00414442
2 0.0774924 0.0785241
1 0.00879475 0.00980985
0 0 0.0010117
1 0.0137945 0.014805
1 0.0254662 0.0264733
1 0.0274798 0.028483
1 0.0146509 0.0156469
1 0.0454785 0.0464691
1 0.0124796 0.0134682
1 0.013511 0.0144952
1 0.0729347 0.073912
2 0.0613291 0.0623004
0 0 0.000955611
0 0 0.000949004
1 0.0189451 0.0198777
0 0 0.000931575
2 0.118108 0.119002
1 0.0893486 0.0902419
1 0.00891144 0.00979155
1 0.0142903 0.0151668
0 0 0.000874927
0 0 0.000868317
1 0.0121328 0.0129923
1 0.00342017 0.00427811
1 0.014151 0.0150056
1 0.0366837 0.0375184
0 0 0.000828247
1 0.0527377 0.0535615
1 0.079322 0.0801135
1 0.212283 0.213069
1 0.0433985 0.0441816
2 0.731861 0.732633
1 0.0197089 0.0204624
2 0.0972369 0.0979754
1 0.00222117 0.00295588
0 0 0.00073052
1 0.0178557 0.0185798
2 0.0700033 0.0707131
1 0.0129708 0.0136733
2 0.406623 0.407308
0 0 0.000680119
1 0.0848525 0.0854973
1 0.00579969 0.00644066
1 0.0510029 0.0516425
1 0.0282327 0.0288685
1 0.0400518 0.0406839
2 0.0598199 0.0604472
1 0.0226667 0.0232866
1 0.00894594 0.00954746
1 0.0152187 0.0158154
2 0.393225 0.39381
0 0 0.000583295
1 0.0113895 0.0119715
1 0.0184158 0.0189889
1 0.0205422 0.0211122
2 0.0214612 0.0220311
1 0.029966 0.0305333
1 0.0020644 0.00263124
2 0.217486 0.21805
1 0.0233993 0.023963
1 0.0173385 0.0179012
1 0.058593 0.0591528
0 0 0.000539213
1 0.0682592 0.0687966
1 0.00375441 0.0042889
2 0.0371494 0.0376734
0 0 0.000515559
1 0.0271997 0.027698
1 0.0665043 0.0670009
1 0.584738 0.585231
1 0.00237574 0.00286298
2 0.102348 0.102825
1 0.0505616 0.0510326
1 0.00323172 0.00370157
1 0.0892106 0.0896804
1 0.00620482 0.00666071
1 0.0102907 0.0107442
1 0.0218874 0.0223169
1 0.10863 0.109053
0 0 0.000408252
1 0.00625477 0.00665788
2 0.0704392 0.0708342
1 0.3912 0.39159
2 0.0717945 0.0721779
1 0.0369647 0.0373439
1 0.0292158 0.0295926
2 0.0712454 0.071619
2 0.0666314 0.0670009
1 0.00159095 0.00195945
1 0.00808228 0.00845021
2 0.0329103 0.0332766
2 0.060116 0.0604774
1 0.0446952 0.0450498
1 0.0296111 0.0299651
1 0.0328315 0.0331778
1 0.00439276 0.00473655
1 0.0060383 0.00638164
0 0 0.000343192
2 0.0911784 0.0915214
0 0 0.000341507
2 0.362094 0.362435
1 0.00956436 0.00989611
2 0.0708052 0.0711366
1 0.00131599 0.00164338
1 0.00769681 0.00801786
2 0.0103575 0.0106775
1 0.0205231 0.0208423
1 0.0276695 0.0279863
1 0.00441117 0.00472773
1 0.00171587 0.00203099
1 0.0436146 0.0439219
1 0.0218661 0.0221654
2 0.0726812 0.0729753
1 0.0186207 0.0189132
1 0.0100062 0.0102983
1 0.00401906 0.00430357
2 0.0624632 0.0627456
1 0.0603729 0.0606536
1 0.00264073 0.00292068
1 0.0334543 0.0337339
1 0.0163854 0.0166601
1 0.0278543 0.0281278
2 0.0778186 0.0780863
1 0.263067 0.263333
1 0.0964177 0.0966799
1 0.00983077 0.0100893
2 0.019578 0.0198286
1 0.00290048 0.00314436
2 0.0766989 0.0769395
1 0.0560706 0.0562968
2 0.031969 0.0321833
1 0.00326239 0.00347328
2 0.200362 0.200572
1 0.187654 0.18786
1 0.0199392 0.0201451
1 0.085596 0.0858011
2 0.0611622 0.0613646
2 0.0599902 0.0601872
1 0.0621067 0.0623027
2 0.0238295 0.0240157
1 0.0246132 0.0247932
1 0.0043994 0.00457293
1 0.00342295 0.00359162
1 0.0545533 0.0547191
1 0.0644159 0.0645807
1 0.0709628 0.0711184
1 0.0452637 0.0454159
2 0.132189 0.132341
2 0.0411081 0.0412589
1 0.379423 0.379572
2 0.0302127 0.0303558
1 0.0212184 0.0213599
1 0.00405175 0.00418976
2 0.241456 0.241594
1 0.0409839 0.0411186
2 0.0628365 0.0629706
2 0.0122573 0.0123898
1 0.00678833 0.0069203
1 0.0296526 0.0297788
0 0 0.000124932
1 0.019075 0.0191969
1 0.0234315 0.0235514
1 0.00205063 0.00216837
1 0.00730055 0.00741467
1 0.0220793 0.0221868
1 0.117408 0.117512
1 0.0234054 0.0235092
1 0.00217426 0.00227492
1 0.416166 0.416265
1 0.0104311 0.0105289
2 0.0374608 0.0375566
2 0.00397645 0.00406766
1 0.00566221 0.00574516
0 0 7.74007e-05
1 0.00636282 0.00643981
2 0.134793 0.134869
1 0.0103297 0.0104045
1 0.00498951 0.00506426
2 0.134291 0.134364
1 0.00771441 0.00778786
1 0.0384785 0.0385499
1 0.00262156 0.00269284
2 0.051615 0.0516843
1 0.00565172 0.0057197
1 0.0117464 0.0118137
1 0.00699693 0.00706293
1 0.0410678 0.0411316
1 0.0298429 0.0299065
1 0.0763306 0.0763939
1 0.055548 0.055604
1 0.0458741 0.0459261
1 0.011457 0.0115087
1 0.0306341 0.0306856
1 0.0295447 0.0295959
1 0.0199929 0.0200437
1 0.0110357 0.0110854
2 0.0713967 0.071441
1 0.015279 0.0153229
1 0.0148421 0.014885
2 0.011305 0.0113463
2 0.0299442 0.029985
1 0.00452188 0.00456115
1 0.0474463 0.0474841
1 0.00701862 0.00705562
1 0.069649 0.0696848
2 0.00916217 0.00919598
2 0.0105057 0.0105375
2 0.0121136 0.012145
2 0.132184 0.132215
1 0.131971 0.132002
1 0.00176503 0.00179523
1 0.109192 0.109221
1 0.278379 0.278406
2 0.0217292 0.0217561
0 0 2.50364e-05
1 0.00864022 0.00866511
2 0.0311085 0.0311327
1 0.06281 0.0628328
1 0.0586817 0.0587019
1 0.00620413 0.00622314
2 0.076675 0.076693
1 0.0497575 0.0497739
1 0.00367481 0.00368797
1 0.0604303 0.0604427
1 0.068078 0.0680901
1 0.0484148 0.0484263
2 0.0604464 0.0604567
1 0.0368063 0.036816
1 0.188686 0.188695
1 0.0121966 0.0122039
2 0.0472782 0.0472845
1 0.0364758 0.0364821
1 0.00690435 0.00691061
2 0.0612281 0.0612328
2 0.0702155 0.0702201
2 0.00378791 0.00379235
1 0.0426538 0.0426582
1 0.027052 0.0270561
1 0.00457963 0.00458377
2 0.00238908 0.00239277
1 0.0078338 0.00783722
2 0.0758199 0.0758233
2 0.056412 0.0564141
1 0.00606422 0.00606618
1 0.134766 0.134768
1 0.0133781 0.01338
1 0.049343 0.0493447
1 0.00269725 0.00269887
1 0.0513086 0.0513099
1 0.009022 0.00902311
1 0.0114227 0.0114235
1 0.00149693 0.00149761
1 0.00737921 0.00737955
1 0.0137121 0.0137124
1 0.0181819 0.0181821
1 0.0257154 0.0257155
2 0.00804709 0.00804711
