0 0 inf
0 0 0.172728
0 0 0.150839
1 0.158716 0.279038
1 0.0611488 0.177353
1 0.0618505 0.175948
1 0.0718902 0.18357
0 0 0.0977913
0 0 0.0905685
0 0 0.0823312
0 0 0.0778482
1 0.0326319 0.105689
0 0 0.0690851
1 0.0965641 0.159609
0 0 0.0582523
0 0 0.0581413
0 0 0.0557009
1 0.0787648 0.132574
0 0 0.0522112
0 0 0.0505686
0 0 0.0462781
0 0 0.0451118
0 0 0.0410651
1 0.160062 0.20073
1 0.291566 0.330856
0 0 0.0389377
0 0 0.0380219
0 0 0.037378
1 0.091844 0.128319
1 0.0316475 0.0668492
0 0 0.0351282
1 0.0543157 0.088666
0 0 0.0343408
0 0 0.0338248
0 0 0.033123
0 0 0.0319493
0 0 0.0313582
0 0 0.0309281
1 0.0187496 0.0483826
1 0.318666 0.347627
0 0 0.0287617
0 0 0.0286886
0 0 0.0277168
0 0 0.0263906
1 0.141877 0.167876
1 0.182701 0.208589
1 0.107598 0.132776
0 0 0.0251149
1 0.238807 0.263115
0 0 0.0230466
1 0.0208463 0.0437845
0 0 0.0226603
0 0 0.0226416
2 0.362688 0.385317
0 0 0.0208374
0 0 0.0205959
2 0.349784 0.369985
0 0 0.0195805
1 0.105973 0.125232
1 0.0236764 0.0422724
0 0 0.018419
0 0 0.0181405
0 0 0.0181374
0 0 0.0180097
1 0.0535961 0.0711862
0 0 0.017218
0 0 0.0169476
0 0 0.0168834
0 0 0.016392
0 0 0.0162359
1 0.0554036 0.0716318
0 0 0.0153706
1 0.0237176 0.0390552
1 0.134007 0.149136
0 0 0.0150126
0 0 0.0149834
1 0.109901 0.124764
0 0 0.0144984
0 0 0.0140841
0 0 0.0137608
0 0 0.0131939
0 0 0.0129989
0 0 0.0129675
0 0 0.0128044
1 0.0333994 0.0460844
0 0 0.0126739
1 0.0598644 0.0725093
2 0.318786 0.331385
1 0.138945 0.151521
0 0 0.0125308
1 0.0152681 0.027484
2 0.19058 0.202785
0 0 0.0119363
0 0 0.0116988
1 0.0775674 0.0890813
0 0 0.0115089
1 0.0221919 0.0336515
1 0.00933845 0.0207606
1 0.126649 0.137584
0 0 0.0109167
0 0 0.0108887
0 0 0.010773
0 0 0.0106004
1 0.0909809 0.101406
0 0 0.0103878
0 0 0.0102895
0 0 0.0102072
0 0 0.0101665
0 0 0.009971
1 0.0530139 0.0627364
0 0 0.00968061
1 0.00798772 0.0176417
0 0 0.00964898
0 0 0.00963104
1 0.0572214 0.0668186
0 0 0.00946252
0 0 0.00918366
1 0.0607096 0.0697316
1 0.110858 0.119787
0 0 0.00884023
0 0 0.00877217
1 0.0203564 0.028967
1 0.0320571 0.0405613
0 0 0.00822523
0 0 0.00820161
0 0 0.0081858
1 0.0778557 0.0860363
0 0 0.00817866
0 0 0.008142
1 0.0670821 0.0750917
2 0.0948802 0.102828
0 0 0.00788893
0 0 0.00783354
0 0 0.00781596
1 0.00594294 0.0137555
0 0 0.00777514
2 0.100365 0.108063
0 0 0.0076701
0 0 0.00754707
0 0 0.0074647
1 0.195589 0.203007
0 0 0.00737692
0 0 0.00699136
0 0 0.0067577
0 0 0.00670077
1 0.0929545 0.0995588
0 0 0.00658375
1 0.0201535 0.0266754
0 0 0.00650421
0 0 0.00634854
0 0 0.00622383
2 0.290855 0.296946
0 0 0.00606148
0 0 0.0060139
0 0 0.005991
1 0.0265309 0.0324827
0 0 0.00592595
0 0 0.00591693
1 0.0364626 0.0422049
1 0.246089 0.251818
1 0.0400874 0.0457278
1 0.140751 0.146378
1 0.0229696 0.0283904
0 0 0.00537093
0 0 0.0052461
1 0.0436994 0.0489268
2 0.181638 0.186758
0 0 0.00508636
0 0 0.00507917
1 0.012298 0.0172822
0 0 0.00490512
1 0.0320945 0.0369985
0 0 0.00488948
0 0 0.00484407
1 0.0184946 0.0232965
0 0 0.00475951
0 0 0.00471393
1 0.0106639 0.0153272
0 0 0.00459115
2 0.121032 0.125468
1 0.33474 0.339175
0 0 0.00443265
1 0.0247397 0.029171
1 0.0884951 0.0928667
0 0 0.00435995
0 0 0.0042715
1 0.0143283 0.0185814
0 0 0.00424315
1 0.0275416 0.0317663
0 0 0.00422297
0 0 0.00420424
1 0.00916565 0.0133586
1 0.0146805 0.0188111
1 0.0481418 0.0522274
1 0.150695 0.154744
0 0 0.00399573
0 0 0.00380628
1 0.0180716 0.0218475
0 0 0.0037586
0 0 0.00375224
0 0 0.00374713
0 0 0.003733
0 0 0.00367044
0 0 0.00365097
1 0.0214264 0.0250593
0 0 0.00362111
2 0.109772 0.113369
0 0 0.00355981
0 0 0.00355692
2 0.0461043 0.0496159
0 0 0.00350067
1 0.101386 0.10488
1 0.00844196 0.0118722
1 0.0407075 0.0441202
0 0 0.003402
0 0 0.00338996
0 0 0.00337655
1 0.00874949 0.0120628
0 0 0.00324067
0 0 0.00324018
0 0 0.00322041
0 0 0.00318468
1 0.0142624 0.0174385
0 0 0.00313806
2 0.0440097 0.047124
0 0 0.00304721
1 0.0348848 0.0379201
0 0 0.00302695
1 0.0262425 0.0292285
1 0.0694047 0.0723714
1 0.115651 0.118612
0 0 0.00295456
1 0.0845414 0.0874903
0 0 0.00294461
0 0 0.00291982
0 0 0.00284239
1 0.0142497 0.0170843
0 0 0.00281869
0 0 0.00279269
1 0.0526637 0.0554467
0 0 0.00276223
0 0 0.00272641
1 0.0984964 0.101203
2 0.0478367 0.0505213
0 0 0.00267036
0 0 0.00265571
0 0 0.00265204
0 0 0.00265032
0 0 0.00262276
0 0 0.00261565
1 0.178431 0.180988
0 0 0.00252031
0 0 0.0025021
0 0 0.00249231
0 0 0.00248997
0 0 0.00245232
1 0.103022 0.105473
0 0 0.00244792
1 0.0311036 0.0335254
2 0.183629 0.18602
0 0 0.00235963
0 0 0.00233248
1 0.0446783 0.0469906
0 0 0.00230237
0 0 0.00228118
1 0.0560708 0.0583027
0 0 0.00222542
1 0.0108593 0.0130745
1 0.0431162 0.0452956
1 0.0204577 0.0226334
1 0.125155 0.127329
1 0.114542 0.116675
1 0.0385804 0.0407131
1 0.125951 0.128072
0 0 0.00211523
0 0 0.0021139
2 0.178305 0.180373
1 0.13364 0.135704
1 0.0757074 0.077766
1 0.0474013 0.0493927
1 0.0228342 0.0248195
1 0.107097 0.109081
1 0.337456 0.33944
1 0.0603238 0.062292
2 0.105757 0.107699
1 0.0214158 0.0233489
1 0.0218412 0.0237697
1 0.0935989 0.0955197
1 0.037886 0.0397942
1 0.0199517 0.0218227
1 0.0122235 0.0140774
1 0.293634 0.295472
2 0.253306 0.255118
0 0 0.00180884
1 0.219081 0.220863
0 0 0.001763
0 0 0.00176295
1 0.0113409 0.0130878
0 0 0.00174409
0 0 0.00174243
2 0.108688 0.110421
0 0 0.00171962
1 0.0192686 0.0209731
2 0.325313 0.326913
1 0.0332931 0.0348868
0 0 0.00157183
1 0.0219951 0.0235469
2 0.0904416 0.0919871
1 0.111826 0.113339
2 0.103905 0.105407
1 0.00374027 0.00523066
1 0.0677002 0.0691309
1 0.0121165 0.0135428
1 0.117 0.11842
1 0.00789486 0.00929578
1 0.102417 0.103817
1 0.00526178 0.00665737
2 0.367816 0.369195
0 0 0.00137046
0 0 0.00134324
0 0 0.00131992
1 0.0123362 0.0136462
0 0 0.00130508
0 0 0.00129652
1 0.0256299 0.0269214
2 0.0328619 0.0341435
2 0.041438 0.042685
2 0.0458833 0.0471057
0 0 0.00121151
1 0.0305241 0.0317301
0 0 0.00117927
1 0.0108299 0.012005
1 0.00431185 0.00548402
0 0 0.00114124
0 0 0.00114036
0 0 0.00113096
1 0.0616336 0.0627592
1 0.0126375 0.0137441
1 0.0135332 0.0146315
0 0 0.0010638
0 0 0.00105281
1 0.0586606 0.0597106
1 0.0359013 0.0369485
1 0.0878613 0.0888671
0 0 0.000984306
0 0 0.000983477
2 0.389905 0.390886
2 0.0148989 0.0158611
1 0.0407177 0.0416793
1 0.00742027 0.00835103
1 0.11793 0.118857
1 0.0162716 0.0171791
1 0.0882795 0.0891697
1 0.0342947 0.0351469
1 0.00730153 0.0081517
2 0.132735 0.133584
1 0.0329118 0.0337392
1 0.00399412 0.00480182
0 0 0.000791013
1 0.0922431 0.0930248
0 0 0.000775035
1 0.0116825 0.0124569
1 0.0185396 0.0193029
1 0.00271858 0.00348165
1 0.0203725 0.021131
1 0.0133517 0.0140895
2 0.073845 0.0745807
1 0.00681992 0.00754554
1 0.00815415 0.00885824
1 0.01066 0.0113507
1 0.116733 0.117418
0 0 0.000681461
2 0.0381508 0.0388164
1 0.0451138 0.0457765
0 0 0.000648937
1 0.0353349 0.0359805
0 0 0.000641514
0 0 0.000638088
0 0 0.00062399
1 0.0271727 0.0277798
2 0.0443587 0.0449604
1 0.174929 0.17552
1 0.00359374 0.00416357
1 0.0108349 0.0114022
1 0.024032 0.0245887
0 0 0.000556735
1 0.01464 0.015196
1 0.299286 0.299832
1 0.0528144 0.053338
1 0.0600407 0.0605582
0 0 0.000511364
1 0.0129296 0.0134298
2 0.0755982 0.0760714
1 0.00343376 0.00388891
1 0.0222216 0.0226721
0 0 0.000432407
1 0.0220964 0.022526
2 0.077867 0.078296
1 0.00436933 0.00479519
1 0.00674292 0.00716864
2 0.0724764 0.0728914
0 0 0.000412073
1 0.00755317 0.00795333
1 0.00291266 0.0033054
1 0.0526437 0.0530212
2 0.344454 0.344831
1 0.0333661 0.0337362
2 0.112347 0.112706
1 0.0662066 0.0665612
1 0.0538211 0.0541749
1 0.0126245 0.0129685
1 0.0055056 0.00584901
1 0.0118544 0.0121943
2 0.0976291 0.097965
1 0.012615 0.0129385
1 0.00852847 0.0088486
1 0.00887248 0.00917279
1 0.0331519 0.0334513
1 0.00446484 0.004762
2 0.028838 0.029135
1 0.0071309 0.00741891
1 0.125104 0.12539
1 0.0190617 0.0193465
2 0.128638 0.128922
1 0.009671 0.00995395
1 0.00700095 0.00727978
1 0.0445988 0.0448752
1 0.0153928 0.0156644
1 0.0525519 0.0528221
0 0 0.000268909
1 0.0258069 0.0260624
1 0.00742902 0.00768229
1 0.00937721 0.00962701
1 0.142889 0.143137
1 0.0755225 0.0757696
2 0.0892834 0.0895267
2 0.0304774 0.0307188
1 0.0511383 0.0513688
1 0.104826 0.105053
1 0.0222874 0.0225106
2 0.048825 0.0490457
1 0.0127178 0.0129351
2 0.0352044 0.035414
1 0.0146593 0.0148679
1 0.01834 0.0185436
1 0.0052012 0.00540241
1 0.00323553 0.00343663
1 0.0385575 0.0387585
1 0.00518608 0.00537924
1 0.0558826 0.0560613
1 0.00333867 0.00351364
2 0.0383337 0.0385041
2 0.145527 0.145694
1 0.00343909 0.00360372
1 0.116503 0.116664
1 0.0319863 0.0321471
2 0.107648 0.107804
1 0.00465203 0.00480588
1 0.0403162 0.0404627
1 0.00306807 0.00321288
1 0.0431124 0.0432518
1 0.0185911 0.0187278
1 0.0134637 0.0135999
2 0.151902 0.152034
1 0.00268381 0.00280663
1 0.000625258 0.000747989
2 0.0211181 0.021235
2 0.0464557 0.0465722
2 0.339764 0.339879
2 0.339167 0.339281
1 0.0118042 0.0119183
1 0.00711575 0.0072277
1 0.0132374 0.0133479
1 0.0180822 0.0181895
1 0.0149151 0.0150214
1 0.0281383 0.02823
1 0.0101716 0.0102562
1 0.0131861 0.01327
2 0.00580518 0.00588864
2 0.0779508 0.0780316
1 0.14047 0.140545
2 0.0504368 0.0505117
1 0.0195469 0.0196197
1 0.0111999 0.0112718
1 0.124964 0.125035
1 0.0270439 0.0271134
1 0.048601 0.0486682
1 0.113928 0.113993
2 0.0140831 0.0141489
2 0.0521789 0.0522379
2 0.125357 0.125415
1 0.00445516 0.00451191
2 0.0444809 0.0445361
2 0.125787 0.125841
2 0.0443121 0.0443604
2 0.046026 0.046073
1 0.00607226 0.00611809
2 0.00898109 0.00902534
2 0.0392139 0.0392565
1 0.0221802 0.0222198
1 0.00437163 0.00440962
1 0.0360572 0.0360934
1 0.0204262 0.020462
1 0.204036 0.204071
2 0.0484403 0.0484755
2 0.0250742 0.0251079
1 0.0319547 0.0319863
1 0.151525 0.151554
1 0.0313139 0.0313418
2 0.0552464 0.055273
1 0.00276924 0.00279562
2 0.0422936 0.0423188
2 0.0354366 0.0354617
2 0.242313 0.242338
2 0.0305752 0.0305982
1 0.00799371 0.00801525
1 0.00622072 0.0062421
1 0.063096 0.0631172
1 0.0155868 0.0156079
1 0.00142213 0.00144248
2 0.0141145 0.0141318
1 0.00626358 0.00628065
2 0.054725 0.0547414
1 0.00577876 0.0057946
1 0.0121679 0.0121821
2 0.0195026 0.0195165
1 0.00821721 0.00823092
1 0.00469476 0.00470816
1 0.227118 0.227131
2 0.0156873 0.0156995
1 0.0150269 0.015039
1 0.00382531 0.00383643
1 0.00962057 0.00963167
1 0.00999673 0.0100078
2 0.0157455 0.015755
1 0.0409958 0.0410051
1 0.0320657 0.0320749
1 0.0581537 0.0581625
1 0.0878019 0.0878105
1 0.018619 0.0186264
2 0.0305005 0.0305078
1 0.0033153 0.00332262
2 0.0778547 0.077862
1 0.00586525 0.00587131
2 0.0299448 0.0299498
2 0.152079 0.152084
2 0.0241377 0.0241423
1 0.048342 0.0483464
1 0.42958 0.429584
2 0.114336 0.11434
1 0.0698154 0.0698184
2 0.221682 0.221685
2 0.00585902 0.00586169
1 0.0774946 0.0774972
1 0.00894316 0.00894544
2 0.0150249 0.0150268
1 0.00911648 0.00911829
1 0.0216205 0.0216222
2 0.11774 0.117742
2 0.0336745 0.0336759
1 0.0762888 0.0762902
1 0.00805331 0.00805448
1 0.03255 0.0325508
2 0.0536608 0.0536615
1 0.0115117 0.0115121
2 0.0500367 0.0500371
2 0.102665 0.102665
2 0.0321851 0.0321853
1 0.0116615 0.0116616
1 0.00775083 0.00775087
