0 0 inf
0 0 0.211774
0 0 0.181111
1 0.196493 0.352803
0 0 0.149137
1 0.0645853 0.207144
1 0.0855502 0.226925
1 0.0520104 0.17351
1 0.0560195 0.173877
1 0.450759 0.557906
1 0.102509 0.198624
0 0 0.0808733
2 0.564214 0.64331
0 0 0.0782826
0 0 0.0721457
0 0 0.065264
0 0 0.0646723
1 0.279693 0.341155
0 0 0.0589222
0 0 0.0557014
1 0.111984 0.165225
0 0 0.0530488
0 0 0.0488336
0 0 0.0484705
0 0 0.0469065
0 0 0.0463102
1 0.088409 0.13297
0 0 0.0428419
0 0 0.0405677
1 0.271457 0.311598
0 0 0.0400629
0 0 0.0382657
0 0 0.0371784
0 0 0.036265
0 0 0.0362476
1 0.0409931 0.0724089
0 0 0.0305367
0 0 0.0303513
0 0 0.030181
0 0 0.0298733
0 0 0.0291233
0 0 0.0285853
0 0 0.0259819
0 0 0.0245984
1 0.131489 0.154871
0 0 0.0229997
1 0.489489 0.512233
1 0.0651889 0.0876398
0 0 0.0222586
0 0 0.0219586
0 0 0.020742
0 0 0.0201718
0 0 0.0200689
1 0.0453298 0.0647568
2 0.20892 0.228224
0 0 0.0173709
1 0.059518 0.0767223
0 0 0.016777
1 0.0297372 0.0463954
1 0.0193919 0.0357494
0 0 0.0163513
0 0 0.0161442
0 0 0.0159794
0 0 0.0159436
0 0 0.0159319
0 0 0.0157058
0 0 0.0156434
0 0 0.0156008
0 0 0.0152817
0 0 0.0152026
0 0 0.0151823
0 0 0.0151187
0 0 0.0145098
2 0.216695 0.230784
1 0.0197387 0.0338041
0 0 0.0138748
0 0 0.0138622
0 0 0.013764
0 0 0.0136297
0 0 0.0133814
0 0 0.0133772
0 0 0.0133362
1 0.0198028 0.0330537
0 0 0.0132498
1 0.0268812 0.0400095
0 0 0.0130433
0 0 0.0127454
1 0.0607966 0.0733771
0 0 0.0122733
1 0.0108269 0.0230013
0 0 0.0117474
1 0.180221 0.191891
0 0 0.0114772
0 0 0.0112963
0 0 0.0112262
2 0.0404528 0.0516756
1 0.0327317 0.0439029
1 0.119807 0.13082
0 0 0.0109508
1 0.0437736 0.0547177
0 0 0.0107303
1 0.0128113 0.0232348
0 0 0.0104051
0 0 0.0102965
1 0.0261017 0.0363866
0 0 0.0100621
0 0 0.00993936
1 0.0192132 0.0290751
0 0 0.00977959
0 0 0.00969761
0 0 0.00964441
1 0.0551683 0.0648111
1 0.302075 0.311636
0 0 0.00954126
1 0.0265332 0.0360439
0 0 0.00941507
0 0 0.00901871
0 0 0.00900435
0 0 0.00888607
0 0 0.00881067
0 0 0.00878893
0 0 0.00870646
1 0.128133 0.136799
0 0 0.00863487
0 0 0.0084894
0 0 0.00839562
0 0 0.00836113
0 0 0.00834243
0 0 0.00808112
2 0.213123 0.22117
0 0 0.0080052
1 0.21896 0.226889
0 0 0.00792709
0 0 0.00787454
0 0 0.00772352
0 0 0.0076823
0 0 0.00764796
0 0 0.00763465
1 0.022707 0.0302832
0 0 0.00756904
0 0 0.00737187
0 0 0.00732843
0 0 0.00730186
0 0 0.00720639
0 0 0.00719278
1 0.0232982 0.0304833
2 0.0810026 0.0881346
0 0 0.00703658
0 0 0.00702784
1 0.340923 0.347696
0 0 0.00675977
0 0 0.00671559
0 0 0.00669303
0 0 0.00668805
1 0.0124772 0.0191623
2 0.0340796 0.0407288
1 0.046588 0.0529529
0 0 0.00629768
0 0 0.00628184
1 0.0182641 0.024473
1 0.0212062 0.0272768
0 0 0.00605962
1 0.00843167 0.0143612
0 0 0.00591745
1 0.201576 0.207455
0 0 0.00578154
1 0.0135025 0.0192681
1 0.0110453 0.0167407
0 0 0.00563744
0 0 0.00563736
2 0.0732699 0.0788938
2 0.177078 0.182614
0 0 0.00552321
1 0.0136411 0.0190955
0 0 0.00545046
1 0.00921171 0.0145524
0 0 0.0053216
0 0 0.0053191
0 0 0.00524967
0 0 0.00514061
1 0.0704484 0.0755117
0 0 0.00505854
0 0 0.0050471
0 0 0.00499933
0 0 0.00498758
1 0.0750375 0.0797273
0 0 0.00468174
1 0.126622 0.131297
0 0 0.00463465
0 0 0.00462906
2 0.406537 0.411137
1 0.0252061 0.0297459
0 0 0.00453428
0 0 0.00453141
0 0 0.00451413
0 0 0.00449333
1 0.108377 0.112841
1 0.0968434 0.101286
1 0.0275423 0.0319204
0 0 0.00426227
0 0 0.00425723
1 0.0885085 0.092754
0 0 0.00423483
0 0 0.00418003
0 0 0.00415978
0 0 0.00414349
1 0.0081531 0.0122496
1 0.394066 0.398096
0 0 0.00393333
1 0.0222102 0.0260851
1 0.0240267 0.0278931
1 0.020537 0.0242947
1 0.0264126 0.0301659
1 0.0401803 0.043915
0 0 0.00369428
1 0.0257874 0.0294002
0 0 0.00358736
0 0 0.0035539
1 0.0478913 0.0514224
0 0 0.00345635
1 0.0154312 0.0188674
1 0.0100292 0.0134007
0 0 0.00335457
0 0 0.00334344
0 0 0.0033239
0 0 0.00324062
0 0 0.00323846
1 0.0200432 0.0232075
1 0.0168544 0.019995
1 0.019243 0.0223771
0 0 0.00311247
1 0.0312045 0.0342864
1 0.0700189 0.0730738
0 0 0.00303401
0 0 0.00300964
0 0 0.00300943
1 0.0193425 0.0223401
0 0 0.00298529
1 0.0250192 0.0279504
2 0.218216 0.221081
0 0 0.00284901
0 0 0.00280297
1 0.0269524 0.0297358
2 0.0329365 0.0357081
1 0.098726 0.101494
1 0.0158496 0.018615
1 0.0490865 0.0518345
1 0.0506163 0.0533305
0 0 0.00268195
1 0.0534714 0.0561143
1 0.0248596 0.0274975
0 0 0.00263108
0 0 0.00262846
1 0.0362543 0.0388558
0 0 0.00258188
1 0.0136934 0.0162536
0 0 0.00254241
1 0.0276023 0.0301349
0 0 0.00251939
1 0.00890289 0.0114088
1 0.0632889 0.0657681
0 0 0.00247714
0 0 0.00244466
1 0.0162761 0.0187202
1 0.0177182 0.0201528
1 0.0183105 0.0207155
1 0.0121035 0.0144551
1 0.0116968 0.0140173
0 0 0.00231613
0 0 0.00229678
1 0.0206958 0.0229901
1 0.226353 0.228617
1 0.0264314 0.0286324
2 0.572797 0.574975
0 0 0.00214922
1 0.107354 0.109495
1 0.0102163 0.0123549
0 0 0.00212106
0 0 0.00211285
2 0.206001 0.208095
0 0 0.00207481
1 0.015369 0.0174237
1 0.0282761 0.0303228
0 0 0.00202184
0 0 0.0020191
1 0.0138322 0.0158451
1 0.015467 0.0174797
1 0.0280624 0.0300723
0 0 0.00197404
1 0.00971384 0.011681
0 0 0.00191434
0 0 0.00190791
0 0 0.00190172
0 0 0.0018948
1 0.0205006 0.0223949
1 0.0109726 0.0128664
0 0 0.00189003
1 0.132167 0.134056
1 0.0435229 0.0454099
1 0.0627423 0.0645986
1 0.0125717 0.0144244
0 0 0.0018323
1 0.0733804 0.0752081
1 0.012822 0.0146492
1 0.0154696 0.0172919
0 0 0.00172691
1 0.0222706 0.0239711
2 0.0286092 0.030296
1 0.0200006 0.0216777
1 0.01206 0.0137209
1 0.0430886 0.0447064
1 0.0242585 0.0258215
1 0.0173226 0.018869
2 0.223926 0.225461
0 0 0.00150875
0 0 0.00147964
1 0.0211661 0.022643
1 0.084369 0.0858354
1 0.0145392 0.0159897
1 0.0278762 0.0293263
2 0.0301599 0.031608
1 0.0104175 0.0118629
0 0 0.00143302
1 0.0496666 0.0510566
1 0.01307 0.0144523
1 0.0172124 0.0185936
1 0.0159052 0.017286
1 0.0163852 0.0177602
2 0.374455 0.375822
0 0 0.00133042
2 0.189943 0.191265
1 0.0627716 0.0640782
1 0.00839558 0.00968837
0 0 0.00128146
1 0.00590417 0.00718257
2 0.0306369 0.0319125
0 0 0.00126042
1 0.0127291 0.0139691
0 0 0.00123602
1 0.052084 0.0533183
2 0.116389 0.117622
1 0.203298 0.204522
1 0.0200281 0.0212298
1 0.0382465 0.0394308
1 0.0201053 0.021288
2 0.0236243 0.0248064
1 0.0300743 0.0312209
1 0.0141542 0.0152891
1 0.0317802 0.0329103
0 0 0.00111639
1 0.015388 0.0164602
2 0.0465063 0.0475632
0 0 0.0010385
1 0.0241146 0.0251499
1 0.00749079 0.00852597
1 0.0500894 0.0511083
1 0.00303061 0.00404712
0 0 0.00100558
1 0.0256077 0.0265926
1 0.029271 0.030239
1 0.0128811 0.0138328
2 0.155493 0.156433
2 0.0193527 0.0202841
1 0.176389 0.177317
1 0.0396936 0.040618
1 0.0216011 0.0225252
0 0 0.000918206
1 0.00516712 0.00606998
2 0.576167 0.57706
2 0.17438 0.17527
2 0.0242807 0.025167
1 0.0231087 0.0239833
2 0.0370738 0.0379206
2 0.0213813 0.0222259
0 0 0.000843203
1 0.185431 0.186264
2 0.0726282 0.0734509
1 0.0186952 0.0195142
1 0.0600975 0.0609077
1 0.0154955 0.0162982
1 0.0180766 0.0188769
1 0.0161988 0.0169928
1 0.0224608 0.0232395
1 0.0136276 0.0144041
1 0.00849354 0.00926346
2 0.207908 0.20865
2 0.0246948 0.0254342
1 0.00736122 0.00808424
1 0.0377808 0.0384976
1 0.00841308 0.009128
1 0.0534583 0.0541712
1 0.0166732 0.0173743
0 0 0.000695608
1 0.118788 0.119482
1 0.00736735 0.0080574
1 0.199223 0.199904
0 0 0.000679737
2 0.0251895 0.0258632
0 0 0.000634144
1 0.0129114 0.0135372
1 0.013252 0.0138766
1 0.00507549 0.00569212
1 0.0407072 0.0413215
1 0.326813 0.327427
1 0.0104323 0.0110451
1 0.0246825 0.0252892
1 0.0110874 0.011687
1 0.00837204 0.00896968
1 0.00255448 0.00312626
1 0.462436 0.463004
1 0.0188753 0.0194433
0 0 0.000557448
1 0.118364 0.118909
2 0.213073 0.213607
1 0.0273643 0.0278963
2 0.0466623 0.0471892
1 0.0196361 0.0201569
1 0.024249 0.0247667
2 0.398477 0.398984
1 0.0199956 0.0205021
1 0.0330344 0.0335293
1 0.00323786 0.00372358
1 0.0394776 0.039954
1 0.00214465 0.00260787
1 0.00304215 0.00349962
0 0 0.000454442
2 0.0226354 0.0230877
1 0.011691 0.0121408
1 0.0349375 0.0353806
1 0.0621674 0.0626079
1 0.0667407 0.0671664
1 0.0025319 0.00295045
1 0.188686 0.189103
1 0.0497509 0.0501677
1 0.0386265 0.0390265
2 0.0123346 0.0127309
1 0.210227 0.210621
2 0.0501412 0.0505216
1 0.0131204 0.0134942
1 0.0576647 0.0580374
1 0.0300127 0.030375
1 0.192009 0.192364
2 0.0512988 0.0516489
1 0.0950492 0.0953962
1 0.00368366 0.00402702
1 0.0548562 0.0551939
0 0 0.000336662
1 0.0184152 0.0187315
2 0.0689386 0.06925
1 0.00780409 0.00810135
2 0.0207958 0.0210901
1 0.0509853 0.0512782
1 0.0189238 0.0192128
2 0.0400493 0.040335
1 0.0211495 0.0214231
1 0.00217233 0.00244537
1 0.13795 0.138222
2 0.224453 0.224722
2 0.0588234 0.0590888
1 0.013661 0.0139174
1 0.00915233 0.00940666
1 0.0113611 0.0116123
2 0.0301193 0.0303651
1 0.0156153 0.0158473
1 0.00398174 0.00421114
1 0.0107508 0.010979
1 0.0204807 0.0207072
1 0.0877153 0.0879407
0 0 0.000225056
2 0.19086 0.191084
2 0.0330963 0.0333142
1 0.0272502 0.0274618
1 0.0110556 0.0112612
2 0.0287018 0.0289067
1 0.0182296 0.0184322
2 0.0217924 0.0219946
2 0.0606635 0.0608636
1 0.0101095 0.0103094
1 0.255382 0.25558
1 0.00817101 0.00836675
2 0.22233 0.222523
2 0.014772 0.014962
1 0.0186336 0.0188191
1 0.0199767 0.0201617
1 0.0100279 0.0102102
2 0.193574 0.193753
1 0.137864 0.13804
1 0.14944 0.149616
1 0.0277791 0.0279532
2 0.0150595 0.0152326
1 0.00326697 0.0034357
1 0.022076 0.0222428
1 0.00380582 0.0039721
1 0.0123079 0.0124691
2 0.0311887 0.0313488
1 0.00558597 0.0057458
2 0.0198978 0.0200562
1 0.195896 0.196051
2 0.0451626 0.0453172
1 0.0326733 0.0328258
1 0.0709324 0.0710806
1 0.0061219 0.00626211
2 0.0452506 0.0453844
1 0.00204722 0.00218039
1 0.0532665 0.0533989
2 0.0301046 0.0302337
2 0.0130965 0.0132249
1 0.0103511 0.0104709
1 0.0011231 0.00123997
2 0.0344346 0.0345465
1 0.0227909 0.0228997
2 0.0253563 0.0254648
2 0.00438847 0.00449193
1 0.0716657 0.0717672
1 0.14344 0.143541
2 0.0305986 0.0306999
2 0.132973 0.133073
2 0.0253713 0.0254709
1 0.012191 0.01229
1 0.0319992 0.0320958
1 0.0658203 0.0659148
0 0 7.84546e-05
2 0.0341979 0.0342751
1 0.0901515 0.0902267
1 0.0114398 0.011509
1 0.0169291 0.0169966
1 0.00719233 0.00725898
1 0.00824619 0.00830944
1 0.00355496 0.00360869
1 0.0110332 0.0110847
2 0.213226 0.213275
1 0.0267915 0.0268402
2 0.523853 0.523899
1 0.0392568 0.0393024
2 0.552274 0.55232
1 0.00985533 0.00990025
2 0.0266743 0.0267176
1 0.0436851 0.043728
1 0.0313013 0.0313437
1 0.0299716 0.0300139
1 0.00589957 0.0059409
1 0.0118544 0.0118949
1 0.0602251 0.0602645
2 0.00401283 0.00405224
1 0.0364588 0.0364959
2 0.0272742 0.0273104
1 0.00385091 0.00388704
1 0.0278897 0.0279254
2 0.0810573 0.0810926
2 0.0508347 0.0508696
2 0.0868563 0.0868912
2 0.0248514 0.0248857
1 0.101101 0.101135
1 0.0171671 0.0172001
1 0.0112197 0.0112523
2 0.00373024 0.0037624
1 0.0155596 0.0155914
1 0.0180482 0.0180798
2 0.0392712 0.0393029
1 0.0126186 0.0126499
1 0.0433626 0.0433914
2 0.0691564 0.0691844
2 0.0235169 0.0235437
1 0.0139272 0.0139537
2 0.0556351 0.0556612
1 0.0173392 0.017365
1 0.0691173 0.0691425
2 0.0393623 0.0393868
1 0.00230864 0.00233198
2 0.0394016 0.0394237
2 0.00673862 0.00676063
1 0.0122055 0.0122267
2 0.0650658 0.0650867
2 0.0242575 0.024278
1 0.0159547 0.0159752
2 0.0394418 0.0394615
1 0.028337 0.0283563
2 0.0199978 0.0200164
1 0.447727 0.447744
1 0.00456098 0.00457737
1 0.00467891 0.00469345
2 0.0246017 0.0246159
2 0.0752265 0.0752387
1 0.0160658 0.0160776
2 0.208002 0.208014
2 0.00877479 0.00878559
1 0.0122041 0.0122145
2 0.00364846 0.00365857
1 0.0110024 0.0110122
1 0.00372807 0.00373711
1 0.00529639 0.00530453
1 0.0112291 0.0112362
1 0.111227 0.111234
1 0.0300214 0.0300282
2 0.0393643 0.0393706
2 0.0167694 0.0167756
2 0.0465525 0.0465584
1 0.00762715 0.00763281
1 0.0444614 0.0444667
1 0.0671113 0.0671166
2 0.216536 0.21654
1 0.0582054 0.05821
2 0.0355862 0.0355895
1 0.0650609 0.065064
1 0.0392327 0.0392356
2 0.637944 0.637946
1 0.00724967 0.00725224
1 0.0028581 0.00286052
1 0.0639616 0.0639639
2 0.0296528 0.0296551
2 0.0684496 0.0684517
1 0.523505 0.523506
1 0.00876041 0.00876191
1 0.00358602 0.00358752
2 0.0197711 0.0197723
1 0.0508301 0.0508313
1 0.00680576 0.00680667
2 0.0125484 0.0125492
2 0.0294789 0.0294794
1 0.025236 0.0252365
1 0.0349433 0.0349438
2 0.185139 0.185139
2 0.0396856 0.0396857
2 0.101507 0.101507
1 0.175018 0.175018
1 0.0180898 0.0180899
2 0.0831341 0.0831341
1 0.0288276 0.0288276
1 0.00292558 0.00292558
