0 0 inf
0 0 0.25083
0 0 0.213275
0 0 0.190941
1 0.400404 0.574255
0 0 0.167968
0 0 0.146046
1 0.242417 0.367004
1 0.118927 0.231477
1 0.0438235 0.148848
0 0 0.101322
0 0 0.0936845
1 0.0517378 0.141308
1 0.279995 0.362033
1 0.0318398 0.109017
0 0 0.0631597
2 0.367688 0.426565
0 0 0.0547829
1 0.182583 0.236279
0 0 0.0534853
1 0.101653 0.153951
0 0 0.0489056
0 0 0.0478357
1 0.349054 0.392138
0 0 0.0426046
0 0 0.0400221
0 0 0.0392442
0 0 0.0380369
0 0 0.0379897
0 0 0.0374517
0 0 0.0361178
0 0 0.0357871
1 0.152411 0.187778
0 0 0.0353151
0 0 0.0330152
2 0.419456 0.452404
0 0 0.0328851
1 0.240514 0.272967
1 0.0517036 0.0840214
0 0 0.0306763
0 0 0.0300874
0 0 0.0296867
0 0 0.0292405
1 0.0864112 0.114681
0 0 0.0272634
1 0.310831 0.337641
2 0.7107 0.737391
1 0.225274 0.25125
1 0.0375543 0.060285
0 0 0.0217843
1 0.207326 0.228641
1 0.047439 0.0675526
0 0 0.0197404
1 0.31302 0.332675
0 0 0.0196241
0 0 0.0195587
0 0 0.0194012
2 0.384219 0.403593
0 0 0.019086
0 0 0.0185585
0 0 0.0184802
0 0 0.018306
0 0 0.0182125
0 0 0.0180834
0 0 0.0180796
0 0 0.0180394
0 0 0.0180233
0 0 0.0176017
0 0 0.0173724
1 0.192096 0.209421
0 0 0.0173216
0 0 0.0168941
1 0.135794 0.1525
1 0.0120615 0.028261
1 0.102308 0.118447
0 0 0.0161226
1 0.0759438 0.0915216
0 0 0.0155757
0 0 0.0149767
0 0 0.0145456
0 0 0.0145067
0 0 0.0144975
1 0.12234 0.136828
0 0 0.0139319
0 0 0.0137179
0 0 0.0136918
0 0 0.0134512
0 0 0.0132789
1 0.692136 0.705243
0 0 0.012909
0 0 0.0126763
1 0.0448569 0.0575287
0 0 0.0123656
0 0 0.0119481
1 0.046663 0.058294
0 0 0.0115967
1 0.0135368 0.0249233
0 0 0.0113822
0 0 0.011351
0 0 0.0113114
0 0 0.0109567
0 0 0.0109112
0 0 0.0108156
0 0 0.0103289
0 0 0.0102782
0 0 0.010223
0 0 0.0102172
0 0 0.0100907
0 0 0.00989984
0 0 0.00975216
0 0 0.00960308
1 0.0616755 0.0711178
1 0.111031 0.120336
0 0 0.00929934
0 0 0.00919974
1 0.0597448 0.0688994
0 0 0.00914696
1 0.0478091 0.0569224
1 0.0216789 0.0307279
1 0.010455 0.0193373
0 0 0.00885628
0 0 0.00852618
0 0 0.00849081
0 0 0.00839456
0 0 0.00817449
0 0 0.00816285
2 0.369181 0.377313
0 0 0.00805345
0 0 0.00803733
1 0.0893376 0.0972562
0 0 0.0078738
0 0 0.00768845
1 0.0244155 0.0321015
0 0 0.00763432
0 0 0.00753418
1 0.0102795 0.0177891
0 0 0.00749416
1 0.0183214 0.025811
1 0.0692975 0.0766796
1 0.0490155 0.0562297
0 0 0.00721083
0 0 0.00718421
1 0.015496 0.0226134
1 0.0213446 0.0284171
0 0 0.00704138
0 0 0.00695
0 0 0.00672402
0 0 0.00658967
0 0 0.00651479
0 0 0.00639825
2 0.233022 0.239415
0 0 0.00638974
1 0.0155895 0.0219728
1 0.0179109 0.0242915
0 0 0.00626884
0 0 0.00625325
0 0 0.00622449
0 0 0.00622302
1 0.0439234 0.0501461
0 0 0.0062096
0 0 0.0061857
1 0.0345276 0.0407092
0 0 0.00610279
1 0.0530291 0.0589813
1 0.0562971 0.0622029
1 0.0241779 0.0300731
1 0.0361013 0.0419519
1 0.0578729 0.0635762
1 0.029352 0.035052
0 0 0.00564669
1 0.0789419 0.0845575
0 0 0.00561353
0 0 0.00544078
0 0 0.00535857
0 0 0.00533069
2 0.585448 0.590736
0 0 0.00513181
0 0 0.00504826
0 0 0.00500464
0 0 0.00495518
0 0 0.00490174
1 0.114509 0.119374
0 0 0.00484733
0 0 0.00481369
1 0.0196292 0.0243919
1 0.0216897 0.0263756
1 0.097212 0.101888
1 0.0257872 0.0304373
1 0.011811 0.0164235
1 0.057731 0.0623405
1 0.0154043 0.0199886
1 0.0609313 0.0654492
0 0 0.00451274
0 0 0.0044672
1 0.0181624 0.0225152
0 0 0.0043455
1 0.212153 0.216442
1 0.141427 0.1457
0 0 0.004226
2 0.152313 0.156522
0 0 0.0041534
0 0 0.00409986
0 0 0.00408847
0 0 0.00407051
1 0.12169 0.125697
0 0 0.00394536
0 0 0.00394399
1 0.311102 0.315022
0 0 0.00377678
0 0 0.00376712
1 0.0790734 0.0828347
2 0.142024 0.145764
1 0.0374492 0.0411683
0 0 0.00365099
0 0 0.00361153
1 0.0186376 0.0220663
1 0.158512 0.161935
1 0.164337 0.167742
0 0 0.00339639
0 0 0.00335364
0 0 0.00332233
2 0.119502 0.122778
1 0.0381901 0.0414495
0 0 0.00324329
2 0.119658 0.122896
1 0.0159702 0.0191993
0 0 0.0032218
1 0.23304 0.23626
1 0.0151375 0.0183413
1 0.0419632 0.0451288
1 0.0364616 0.0395744
0 0 0.00305879
0 0 0.00305836
0 0 0.00305664
1 0.0588046 0.0618104
0 0 0.0030041
1 0.0153806 0.0183636
1 0.00768793 0.010667
0 0 0.00294456
0 0 0.00292768
0 0 0.00292539
0 0 0.00281431
1 0.145398 0.148199
0 0 0.00278393
1 0.264696 0.267443
1 0.0107211 0.0134195
0 0 0.00269028
0 0 0.00264418
1 0.0141035 0.0166942
1 0.00825206 0.0108412
1 0.0165813 0.0191542
1 0.0373497 0.0399122
2 0.116284 0.118845
0 0 0.00253352
0 0 0.00252752
1 0.052904 0.0554093
1 0.142498 0.144988
1 0.283776 0.28626
0 0 0.00247034
1 0.00954317 0.0120067
0 0 0.00245643
1 0.057617 0.060053
1 0.0402996 0.0427225
0 0 0.002408
1 0.0632107 0.0656086
0 0 0.00236136
0 0 0.00234592
1 0.0163427 0.0186685
1 0.00555758 0.00788058
0 0 0.00231873
1 0.0569819 0.0592904
0 0 0.00225067
1 0.0350978 0.0373428
0 0 0.00223815
1 0.00660524 0.00880821
0 0 0.00217777
1 0.478745 0.480886
1 0.0254043 0.0275447
0 0 0.00212687
0 0 0.00211202
1 0.019908 0.0219224
1 0.0637283 0.065739
0 0 0.00195841
1 0.00801653 0.00994572
1 0.022008 0.023902
2 0.143658 0.145527
0 0 0.00186769
1 0.0663662 0.0682138
2 0.0198256 0.0216689
1 0.71307 0.71489
1 0.0148679 0.0166773
2 0.0343769 0.0361664
0 0 0.00177999
1 0.0138046 0.0155722
0 0 0.00176749
0 0 0.00175943
1 0.0140138 0.0157677
0 0 0.00173145
1 0.0719489 0.0736619
1 0.0136064 0.0152714
1 0.0183894 0.0200499
1 0.0291324 0.0307811
1 0.059729 0.0613773
1 0.018692 0.0203172
1 0.05086 0.0524432
2 0.0372404 0.0388004
1 0.013949 0.0155074
0 0 0.00152955
1 0.0174145 0.0189409
1 0.321124 0.322642
0 0 0.0015168
0 0 0.00149702
0 0 0.00148002
0 0 0.00146552
2 0.230946 0.232399
2 0.0245306 0.0259816
1 0.0121402 0.0135796
2 0.369448 0.370879
1 0.0534057 0.0548334
1 0.0616156 0.0629614
1 0.00717015 0.00849378
0 0 0.00132114
1 0.569044 0.57034
0 0 0.00126373
0 0 0.00126145
0 0 0.00126111
2 0.118508 0.119764
2 0.108388 0.10964
0 0 0.00124582
1 0.212981 0.214215
0 0 0.0012334
2 0.068402 0.0696263
1 0.018697 0.0199034
1 0.0106775 0.0118476
2 0.0220285 0.0231927
1 0.00762113 0.008782
1 0.0119871 0.0131426
2 0.0571918 0.0583441
0 0 0.00114134
0 0 0.00113198
0 0 0.00111031
1 0.0197967 0.0209039
0 0 0.00110348
1 0.0395095 0.0405807
1 0.0732653 0.0743349
1 0.0102603 0.0113266
1 0.0324068 0.0334586
2 0.0656921 0.0667353
2 0.03431 0.0353524
1 0.0105037 0.0115435
1 0.00839625 0.00942766
1 0.0181925 0.0192157
1 0.040072 0.0410749
0 0 0.000994271
2 0.0284038 0.0293855
1 0.0483527 0.0493322
0 0 0.00095633
1 0.232078 0.233032
1 0.0970823 0.0980338
1 0.110992 0.111931
2 0.0497108 0.0506289
0 0 0.000912762
2 0.373671 0.374581
1 0.0164029 0.0173078
2 0.0742604 0.0751559
1 0.00396635 0.00485227
1 0.115281 0.116165
1 0.0229645 0.0238465
1 0.0102759 0.0111405
2 0.0185591 0.0194169
1 0.00805687 0.00887524
2 0.202931 0.203727
2 0.0451636 0.045955
1 0.0332575 0.034036
1 0.0605587 0.0613232
1 0.456065 0.456829
0 0 0.000761454
0 0 0.000760644
1 0.101522 0.102277
1 0.0128897 0.0136408
1 0.00440194 0.00513933
1 0.0194884 0.0202159
1 0.0636967 0.0644211
0 0 0.000708115
1 0.00982356 0.0105307
1 0.0218764 0.0225781
1 0.00742383 0.00812319
1 0.0660969 0.0667933
1 0.0354299 0.036106
1 0.0108037 0.0114767
1 0.0140303 0.0146884
0 0 0.000656406
1 0.0201211 0.0207721
1 0.00639918 0.00703337
1 0.0169817 0.0176095
1 0.0135903 0.0142158
1 0.0153941 0.0160123
0 0 0.000616585
2 0.0623009 0.062912
0 0 0.000606458
1 0.00309664 0.00368476
1 0.0267077 0.027284
2 0.220588 0.221161
1 0.0149039 0.0154746
1 0.0141926 0.0147594
1 0.0486715 0.0492228
1 0.0272901 0.0278278
1 0.0358273 0.0363608
1 0.00737344 0.00789652
1 0.0598513 0.0603678
2 0.0247917 0.0253078
1 0.0262056 0.0267178
1 0.0154869 0.0159897
1 0.0029401 0.00343547
2 0.0150145 0.0155094
1 0.00896507 0.00943435
1 0.141009 0.141475
2 0.0099208 0.0103617
1 0.0616297 0.06207
2 0.229293 0.229733
1 0.00214377 0.00258213
1 0.00310514 0.00354308
1 0.00710011 0.00753232
1 0.0113383 0.011766
1 0.0160431 0.0164696
1 0.0270392 0.0274645
2 0.0951495 0.0955612
1 0.0218729 0.0222595
0 0 0.000378392
2 0.711505 0.711882
1 0.0203274 0.0206992
1 0.0158502 0.0162195
1 0.00741726 0.00778642
0 0 0.000367269
1 0.0552095 0.0555755
0 0 0.000360941
2 0.0112106 0.0115701
1 0.0088155 0.00916916
1 0.0138986 0.0142429
1 0.0887988 0.0891368
2 0.217902 0.218232
1 0.00914444 0.00946999
1 0.0101737 0.010493
2 0.39832 0.398638
2 0.0384787 0.0387936
1 0.0127556 0.0130677
1 0.0467868 0.0470946
1 0.0439193 0.0442268
1 0.00601899 0.00632018
1 0.00945846 0.00975858
1 0.106046 0.106345
2 0.0640812 0.0643739
0 0 0.000277693
1 0.00626067 0.00653248
1 0.107731 0.107999
1 0.225137 0.225398
1 0.0371153 0.0373748
1 0.0218845 0.02213
1 0.0168161 0.0170616
1 0.0611091 0.0613531
2 0.0284688 0.0287101
0 0 0.000238759
2 0.0857487 0.0859874
1 0.0194945 0.0197261
2 0.01906 0.0192893
1 0.00917689 0.00940562
1 0.0837122 0.0839399
2 0.0843846 0.0846111
2 0.0409265 0.0411518
1 0.0581042 0.058325
1 0.00541985 0.00563996
1 0.0157253 0.0159433
1 0.00452021 0.00473482
1 0.0148134 0.0150244
2 0.0746833 0.0748919
2 0.0491819 0.0493886
2 0.0202837 0.0204841
2 0.0170506 0.0172499
2 0.0248906 0.0250896
1 0.00434112 0.00453234
1 0.0044781 0.00466744
1 0.0914583 0.0916456
1 0.00950419 0.00969153
2 0.0710631 0.0712483
1 0.0167004 0.0168801
1 0.158628 0.158806
1 0.0105853 0.0107607
1 0.0372157 0.0373872
2 0.0315034 0.0316709
1 0.0237504 0.0239176
1 0.00923728 0.00940343
2 0.0581593 0.0583216
1 0.0489263 0.049088
1 0.010257 0.0104146
2 0.160292 0.160448
1 0.0221239 0.022275
1 0.0187115 0.0188569
1 0.00750557 0.00765015
1 0.0189204 0.0190648
1 0.229201 0.229344
1 0.00449036 0.00462981
1 0.0682257 0.0683646
1 0.0032459 0.00338135
1 0.048778 0.0489128
1 0.0039092 0.00403722
1 0.0241488 0.0242703
1 0.00579184 0.00591302
1 0.0152123 0.0153328
1 0.00409393 0.00421307
1 0.0198095 0.0199228
1 0.0736365 0.0737486
1 0.0588337 0.0589452
0 0 0.000110624
1 0.0204227 0.0205331
2 0.101834 0.101942
1 0.0500414 0.0501455
1 0.0235719 0.0236756
1 0.00588631 0.0059875
1 0.00836959 0.00847011
1 0.00321999 0.00331841
1 0.00641599 0.00651358
2 0.452164 0.452256
1 0.0236071 0.023698
1 0.017348 0.017438
1 0.074258 0.0743455
1 0.130064 0.130149
1 0.0180217 0.0181063
2 0.020627 0.020709
1 0.00126406 0.00134523
1 0.00504021 0.00512125
1 0.00383521 0.00391231
1 0.0032547 0.00333127
1 0.0522286 0.0523047
1 0.0131796 0.0132544
1 0.0490669 0.0491416
1 0.00221361 0.00228519
2 0.00713539 0.00720607
1 0.0808906 0.0809561
1 0.00196486 0.0020297
1 0.00122173 0.00128653
1 0.0228185 0.0228815
2 0.022357 0.0224196
2 0.0329723 0.0330333
1 0.008888 0.00894797
1 0.029082 0.0291384
1 0.0160538 0.016109
2 0.0494573 0.0495113
2 0.0656254 0.0656771
1 0.0563196 0.0563698
2 0.0198542 0.0199032
2 0.0133151 0.0133632
1 0.0240053 0.0240514
1 0.0176798 0.0177251
2 0.0100821 0.0101263
1 0.0148715 0.0149152
1 0.0155784 0.0156219
1 0.00782614 0.00786944
1 0.0257675 0.0258103
1 0.019879 0.0199208
2 0.05648 0.0565201
2 0.0117898 0.0118284
1 0.384196 0.384233
2 0.00552424 0.00556044
2 0.0448906 0.0449265
2 0.188811 0.188846
2 0.00538779 0.00542324
1 0.0152535 0.0152883
2 0.0332417 0.0332752
1 0.0101221 0.0101548
2 0.0397142 0.0397446
1 0.00851755 0.00854748
2 0.00945429 0.00948403
2 0.00228729 0.00231568
1 0.0135967 0.0136243
1 0.0116284 0.011656
1 0.0377564 0.0377838
1 0.0133523 0.0133772
2 0.0267558 0.0267799
1 0.00598477 0.00600884
1 0.0215075 0.0215313
2 0.0112687 0.0112922
1 0.00811642 0.00813936
2 0.0377554 0.0377776
2 0.0224958 0.0225169
1 0.011076 0.011096
1 0.00799181 0.00801171
2 0.370031 0.370051
1 0.0120438 0.0120627
1 0.211037 0.211055
1 0.00956687 0.0095849
1 0.00797551 0.00799295
2 0.143787 0.143804
1 0.0557325 0.0557484
2 0.0218758 0.021891
1 0.0402093 0.0402242
1 0.212661 0.212675
2 0.0104485 0.0104611
1 0.207622 0.207634
2 0.00616215 0.00617427
1 0.00548583 0.00549789
2 0.00686909 0.00688098
1 0.0247088 0.0247201
2 0.0592873 0.0592984
2 0.0185018 0.0185128
2 0.0154811 0.015491
2 0.0293748 0.0293837
1 0.0268208 0.0268297
1 0.213093 0.213101
1 0.0180889 0.0180967
1 0.0242871 0.0242939
1 0.00583513 0.00584189
2 0.00825548 0.00826186
1 0.00603714 0.00604281
2 0.0341686 0.0341741
2 0.229725 0.22973
2 0.715392 0.715397
1 0.00893346 0.00893807
2 0.0241225 0.0241267
2 0.161218 0.161222
1 0.00668277 0.00668625
2 0.130704 0.130707
1 0.00746187 0.00746481
1 0.0122509 0.0122534
1 0.0173416 0.0173439
2 0.0165879 0.0165896
1 0.0159068 0.0159081
2 0.0351298 0.0351309
2 0.0407068 0.0407079
1 0.00881073 0.00881178
1 0.0276814 0.0276822
2 0.0344945 0.0344951
1 0.0188022 0.0188027
2 0.0240919 0.0240922
1 0.0564768 0.0564769
2 0.017884 0.017884
2 0.0187695 0.0187696
2 0.0190982 0.0190982
1 0.0494219 0.0494219
1 0.0286716 0.0286716
2 0.0195336 0.0195336
