0 0 inf
0 0 0.265295
1 0.278987 0.421954
0 0 0.129607
0 0 0.11356
1 0.147306 0.255775
0 0 0.1078
0 0 0.0891145
0 0 0.087903
0 0 0.0873285
1 0.0252678 0.109803
0 0 0.0783219
1 0.0663501 0.125582
0 0 0.0484741
0 0 0.0481783
0 0 0.0455077
0 0 0.0452833
0 0 0.0396408
0 0 0.0382841
0 0 0.0364366
0 0 0.0352367
1 0.018139 0.0521043
0 0 0.0308251
0 0 0.030204
1 0.0203382 0.0504451
1 0.117808 0.147053
0 0 0.0290907
0 0 0.0277257
1 0.0772402 0.104946
0 0 0.02762
0 0 0.0272468
0 0 0.0266253
0 0 0.026386
1 0.500261 0.525981
0 0 0.0255337
1 0.0322579 0.056661
0 0 0.0232813
0 0 0.0230044
0 0 0.0229489
1 0.0311108 0.0539873
0 0 0.0224334
0 0 0.0217004
0 0 0.0216429
0 0 0.0212303
1 0.279853 0.301058
0 0 0.0209088
0 0 0.0204252
1 0.125183 0.144754
1 0.0108178 0.0296722
0 0 0.0188223
1 0.353052 0.371656
0 0 0.0180675
0 0 0.0178896
0 0 0.0172894
1 0.0986485 0.115355
0 0 0.0164695
0 0 0.0164225
0 0 0.0158965
1 0.125693 0.140931
0 0 0.014118
1 0.0400814 0.0540195
0 0 0.0137818
0 0 0.0137556
0 0 0.013529
0 0 0.0133963
0 0 0.0129409
0 0 0.0129332
0 0 0.0124959
0 0 0.0124202
1 0.16227 0.174431
0 0 0.0119009
0 0 0.0118607
1 0.0188326 0.030487
1 0.0179707 0.029618
0 0 0.0116379
1 0.0114442 0.0230009
0 0 0.0114518
0 0 0.0112978
0 0 0.0112918
1 0.0659208 0.0771981
0 0 0.0112718
1 0.106808 0.118027
2 0.0536697 0.0648637
0 0 0.0111882
1 0.0116608 0.0224059
0 0 0.0106319
1 0.0530859 0.0635726
1 0.0522695 0.0626483
0 0 0.0103181
0 0 0.0101814
0 0 0.00991359
0 0 0.00975554
1 0.0129767 0.0227158
0 0 0.00961576
0 0 0.00958789
0 0 0.00956708
0 0 0.00927942
0 0 0.0092034
0 0 0.00911459
0 0 0.00909957
0 0 0.00909846
0 0 0.00893548
0 0 0.00890964
1 0.170332 0.179078
0 0 0.00872883
1 0.0162643 0.0249147
1 0.0586907 0.0672486
0 0 0.00855692
1 0.0743596 0.0827094
0 0 0.00827607
0 0 0.00813469
0 0 0.0080596
0 0 0.00798239
0 0 0.00783137
0 0 0.00778954
0 0 0.00772244
0 0 0.0077171
0 0 0.00761753
0 0 0.0074711
0 0 0.00723124
0 0 0.00719529
1 0.0194994 0.0265671
0 0 0.00701307
0 0 0.00697315
0 0 0.00696608
0 0 0.0069189
1 0.031032 0.0379171
0 0 0.00681711
0 0 0.00677598
1 0.0141501 0.0209154
1 0.0777034 0.0844587
1 0.020362 0.0270671
0 0 0.00664861
2 0.296729 0.303367
0 0 0.00658872
0 0 0.00645219
1 0.0303775 0.036798
1 0.0083098 0.0147155
0 0 0.00638437
1 0.0475125 0.053841
1 0.0227654 0.0290503
1 0.277396 0.283636
0 0 0.00601428
0 0 0.00596662
0 0 0.00589339
0 0 0.00578394
1 0.0104953 0.0161225
0 0 0.00555972
0 0 0.00553566
0 0 0.00552358
0 0 0.00552009
1 0.0448683 0.0503657
0 0 0.00542425
1 0.016233 0.0216547
0 0 0.00533302
0 0 0.00531335
1 0.0333949 0.0386933
1 0.029019 0.0343098
0 0 0.00522086
1 0.0337676 0.0389663
0 0 0.00519819
1 0.0117037 0.016892
0 0 0.00516009
0 0 0.0050914
1 0.0711572 0.0761425
0 0 0.00496837
0 0 0.00492378
0 0 0.00491339
0 0 0.00488844
1 0.067235 0.0719302
1 0.0196691 0.024363
0 0 0.00464373
0 0 0.00463859
1 0.0240042 0.0285943
0 0 0.00458131
0 0 0.00457699
0 0 0.00457108
1 0.145879 0.150443
1 0.0475823 0.0521354
1 0.0110312 0.0155766
0 0 0.00453242
0 0 0.00448456
0 0 0.00447966
0 0 0.00442774
1 0.0963581 0.10075
0 0 0.00433949
0 0 0.00433096
0 0 0.00431333
1 0.0476547 0.0519546
1 0.0360258 0.0402808
1 0.0192081 0.0234473
1 0.0143949 0.0185517
0 0 0.00413175
0 0 0.00410291
0 0 0.00395491
0 0 0.00392458
1 0.0432458 0.0471518
0 0 0.0038377
1 0.0533845 0.057218
0 0 0.00380632
1 0.0124494 0.0162287
0 0 0.00376428
2 0.133164 0.136805
1 0.0650437 0.0686136
1 0.133901 0.137466
0 0 0.0035594
1 0.330095 0.333637
2 0.126492 0.13002
2 0.0559668 0.0594907
1 0.0503362 0.0538588
2 0.13697 0.140477
0 0 0.00345405
0 0 0.00341982
0 0 0.00340649
0 0 0.00338711
0 0 0.00334237
1 0.289006 0.292204
0 0 0.00317523
0 0 0.00315149
0 0 0.00310681
1 0.0905437 0.0936131
0 0 0.00299714
1 0.0244163 0.0273813
0 0 0.00295999
0 0 0.00291861
1 0.00777044 0.0106779
1 0.0490192 0.0519264
2 0.136682 0.13956
0 0 0.00287134
1 0.0449258 0.0477423
2 0.12932 0.132121
0 0 0.00279634
1 0.369135 0.371877
1 0.0101838 0.0129125
1 0.340317 0.343031
0 0 0.00268929
1 0.0126522 0.0153392
0 0 0.00267835
1 0.0147663 0.0174368
1 0.0132583 0.015922
1 0.0906144 0.0932706
0 0 0.00265015
1 0.00908121 0.0117224
1 0.316625 0.319254
0 0 0.00260643
1 0.0247252 0.0272947
1 0.00994602 0.0124647
1 0.0373532 0.0398687
2 0.134382 0.13688
1 0.0714662 0.0739144
0 0 0.00244204
0 0 0.00243391
1 0.0396888 0.0420551
0 0 0.00236223
0 0 0.00232216
1 0.134121 0.136395
2 0.128383 0.130651
1 0.015847 0.0180925
1 0.0320749 0.0343085
0 0 0.00222275
0 0 0.00221763
0 0 0.00218796
1 0.127429 0.129616
0 0 0.00217163
0 0 0.00214785
1 0.0132305 0.015364
0 0 0.00212678
1 0.0277262 0.0298239
1 0.130967 0.133061
1 0.0382886 0.0403314
0 0 0.00203879
0 0 0.00203764
0 0 0.00202961
0 0 0.00200294
0 0 0.00199054
0 0 0.00198496
1 0.0118951 0.0138673
1 0.0112572 0.0132153
0 0 0.00194435
1 0.0275927 0.0295339
0 0 0.00192552
0 0 0.0018898
0 0 0.00184994
0 0 0.00183497
2 0.386627 0.388453
1 0.0211801 0.0230037
1 0.0083068 0.0101254
1 0.0357684 0.0375868
0 0 0.0018079
1 0.0507562 0.0525635
0 0 0.00177729
0 0 0.00175994
1 0.0131176 0.0148619
1 0.00797346 0.00970938
1 0.0642232 0.0659256
0 0 0.00168186
1 0.100677 0.10235
1 0.100873 0.102542
0 0 0.00163304
1 0.0192723 0.0208845
1 0.0122132 0.0138002
0 0 0.00157703
1 0.123143 0.124695
2 0.0392672 0.0408103
0 0 0.0015364
0 0 0.00153302
1 0.0133069 0.0147501
0 0 0.00143727
1 0.0153528 0.016768
1 0.0245028 0.0258955
1 0.0875188 0.0889035
1 0.00860477 0.0099667
2 0.0940776 0.0954315
1 0.0113524 0.0126913
0 0 0.00131269
1 0.0452693 0.0465592
1 0.0273468 0.0286202
2 0.0328732 0.0341341
1 0.162112 0.163358
0 0 0.00123937
1 0.0553433 0.056579
0 0 0.00123465
1 0.110509 0.111741
1 0.0470347 0.0482641
1 0.0105687 0.011793
1 0.0178133 0.0190191
1 0.0350026 0.036193
1 0.0351988 0.036333
0 0 0.00113277
1 0.00351086 0.00461132
1 0.153378 0.154478
1 0.13751 0.138584
2 0.302881 0.30395
1 0.013181 0.0142459
1 0.00667018 0.00768651
1 0.00342833 0.00442259
1 0.00953738 0.0105197
0 0 0.000979427
0 0 0.000976657
1 0.0111805 0.0121567
1 0.0649872 0.0659617
1 0.0150392 0.0159946
1 0.0196528 0.020578
1 0.012918 0.0138357
1 0.0463841 0.047298
0 0 0.000901271
1 0.0141071 0.015005
0 0 0.000885837
1 0.0799407 0.0808234
1 0.125438 0.126319
2 0.0337535 0.0346099
1 0.0291799 0.0300154
1 0.0259337 0.0267611
1 0.00802663 0.00885175
1 0.107531 0.108343
1 0.0375401 0.0383499
1 0.0293148 0.0301235
0 0 0.000808664
1 0.0174239 0.0182305
1 0.0141622 0.014956
1 0.0588241 0.0595916
1 0.00904249 0.0097905
2 0.0168311 0.0175736
1 0.0376309 0.0383689
2 0.0163101 0.0170421
1 0.205535 0.206249
1 0.0366618 0.0373745
0 0 0.000711157
2 0.0292305 0.0299412
1 0.00925119 0.00996109
2 0.0101366 0.0108447
2 0.039983 0.0406899
1 0.00730002 0.00799101
1 0.12732 0.127996
2 0.127624 0.128295
1 0.0857084 0.0863787
1 0.0066673 0.0073362
2 0.0538698 0.0545342
1 0.0115682 0.0122191
1 0.0390342 0.0396821
1 0.0846718 0.085318
1 0.0315502 0.0321785
1 0.135918 0.136541
1 0.00769299 0.00831674
1 0.0180429 0.0186614
1 0.0834809 0.0840959
2 0.0312546 0.0318667
1 0.00846924 0.00907776
0 0 0.000560839
2 0.0402632 0.0408106
1 0.0181596 0.0186904
1 0.0150475 0.0155747
1 0.0205944 0.0211204
1 0.0189125 0.0194246
1 0.369241 0.369749
1 0.0176437 0.0181413
1 0.0732764 0.0737721
1 0.0113392 0.0118347
1 0.00358388 0.0040775
2 0.0309107 0.0314029
2 0.128811 0.129302
2 0.373989 0.374473
2 0.0327835 0.0332665
1 0.0137678 0.0142369
1 0.127969 0.128436
1 0.00332315 0.00378013
1 0.0197958 0.0202499
1 0.0920389 0.0924915
1 0.00319736 0.00363547
2 0.13814 0.138576
1 0.0557894 0.0562248
2 0.0753478 0.0757795
2 0.0226652 0.0230812
1 0.00560191 0.00601655
1 0.00926173 0.00967035
1 0.0396665 0.0400739
1 0.00922212 0.00962379
1 0.00855711 0.00895766
1 0.10492 0.105318
1 0.0234585 0.023854
1 0.0363169 0.0367114
1 0.00730248 0.00769547
1 0.00257127 0.0029566
1 0.0469944 0.0473552
2 0.0154956 0.0158543
1 0.0174923 0.0178492
2 0.0459665 0.0463232
1 0.0285044 0.0288589
2 0.0170984 0.0174497
2 0.0326388 0.0329841
0 0 0.000345058
1 0.00361377 0.00395468
1 0.0108145 0.0111537
1 0.00963112 0.00996932
0 0 0.000337615
2 0.0335669 0.0339001
1 0.0125044 0.0128365
2 0.025319 0.0256499
1 0.013049 0.0133797
2 0.115339 0.115669
2 0.128241 0.128567
1 0.0125235 0.0128459
2 0.0662094 0.0665309
1 0.00869385 0.00901537
1 0.0439509 0.0442683
2 0.0662986 0.0666154
1 0.00557004 0.00588604
1 0.0193483 0.019661
2 0.0154075 0.0157196
1 0.028438 0.0287451
1 0.0368554 0.037161
1 0.0371222 0.0374255
1 0.00837617 0.00867709
1 0.00988204 0.0101812
2 0.026695 0.0269932
0 0 0.000296303
2 0.0612055 0.0614993
1 0.00298814 0.00328113
1 0.00724458 0.00753267
1 0.246669 0.246946
1 0.056657 0.0569275
1 0.0782458 0.078511
1 0.0127447 0.0130095
2 0.045808 0.0460728
2 0.0414442 0.0417085
1 0.012418 0.0126768
0 0 0.000254851
1 0.00731698 0.00757043
2 0.0296765 0.0299287
2 0.0389375 0.0391881
1 0.0176751 0.0179226
1 0.00237939 0.00262476
1 0.020263 0.0205071
1 0.0075279 0.00777167
1 0.00633974 0.00658335
1 0.011161 0.0114011
2 0.0200498 0.0202896
1 0.0140754 0.0143128
1 0.00443063 0.00466641
1 0.0151857 0.0154212
1 0.0289473 0.0291786
1 0.010383 0.010612
1 0.006927 0.00715174
1 0.012781 0.0130019
2 0.0132564 0.013476
1 0.0148798 0.0150974
1 0.00847548 0.00868649
1 0.0156722 0.0158787
1 0.00292111 0.00312679
1 0.0112894 0.0114935
1 0.015105 0.0153054
1 0.0106267 0.010824
2 0.0211279 0.0213244
2 0.040648 0.0408441
2 0.0207953 0.0209859
1 0.0054712 0.00565932
1 0.00826164 0.00844716
1 0.0158966 0.0160814
1 0.072717 0.0729017
1 0.0131294 0.0133093
1 0.126178 0.126354
1 0.0278731 0.0280456
1 0.0110827 0.0112543
1 0.0369311 0.0371028
1 0.0116217 0.0117907
1 0.00536106 0.00552506
2 0.0247651 0.0249287
2 0.0272351 0.0273916
1 0.0135611 0.0137163
1 0.0125846 0.0127391
2 0.135052 0.135205
2 0.0155229 0.015673
2 0.0400046 0.0401531
1 0.0163706 0.0165184
1 0.0252195 0.0253666
1 0.0101635 0.0103093
0 0 0.000144901
2 0.015694 0.0158356
1 0.0270944 0.0272359
1 0.00698812 0.00712956
1 0.00780933 0.00795037
2 0.0653811 0.0655198
1 0.0118681 0.0120032
1 0.0132869 0.0134186
1 0.0260102 0.0261338
1 0.010558 0.0106813
1 0.00616854 0.00628877
1 0.0245694 0.0246866
2 0.0167121 0.0168284
2 0.00789205 0.00800781
2 0.018282 0.0183957
2 0.0188307 0.0189371
1 0.0375391 0.0376436
1 0.096421 0.096525
2 0.0215882 0.0216865
1 0.011612 0.0117085
2 0.0432128 0.0433092
1 0.0236199 0.0237159
1 0.0189773 0.0190693
2 0.0333988 0.0334906
1 0.0225895 0.0226791
1 0.00939708 0.00948613
1 0.00279852 0.00288747
2 0.139737 0.139825
1 0.0228465 0.0229332
1 0.0289195 0.0290052
2 0.00399014 0.00406973
1 0.021414 0.021489
2 0.0188406 0.0189128
2 0.0269498 0.0270219
2 0.0136665 0.0137373
1 0.0529828 0.0530534
1 0.0150828 0.0151528
1 0.00369296 0.00376282
1 0.0120008 0.0120701
2 0.114054 0.114123
1 0.0264163 0.0264829
1 0.00399735 0.00406073
1 0.0172766 0.0173392
1 0.0149769 0.0150389
2 0.0325134 0.0325735
1 0.0140663 0.0141243
1 0.0214913 0.0215486
2 0.0135914 0.0136477
2 0.0314584 0.0315146
2 0.016573 0.0166291
1 0.0287272 0.0287831
2 0.0169174 0.0169731
2 0.0848897 0.0849437
1 0.0205032 0.0205553
1 0.0100218 0.0100733
1 0.0111087 0.0111584
1 0.0169761 0.0170257
2 0.0154631 0.0155115
2 0.0773738 0.0774214
1 0.0157652 0.0158116
2 0.0112721 0.0113161
2 0.0391772 0.0392172
2 0.00592773 0.00596774
1 0.00169951 0.00173726
2 0.0146271 0.0146636
2 0.0257102 0.0257427
2 0.134112 0.134143
2 0.0543683 0.0543976
1 0.026869 0.026897
2 0.0108041 0.0108319
1 0.0290816 0.029109
1 0.0322535 0.0322804
1 0.0616627 0.0616892
1 0.00678483 0.00681028
1 0.00723652 0.00726155
2 0.0846918 0.0847166
2 0.0416922 0.0417156
2 0.0204588 0.0204822
1 0.0108546 0.0108773
2 0.0205399 0.020562
1 0.0170678 0.0170898
2 0.139866 0.139887
1 0.0374917 0.0375123
1 0.0190933 0.0191136
2 0.00912157 0.00914119
2 0.128981 0.129
2 0.0335627 0.0335817
2 0.0544211 0.0544388
1 0.00387015 0.00388779
1 0.0484386 0.048456
2 0.038387 0.0384043
1 0.0164551 0.016472
2 0.0127459 0.0127618
1 0.0212993 0.021315
2 0.0328922 0.0329067
1 0.0143154 0.0143298
1 0.00599491 0.00600816
2 0.00756396 0.00757693
2 0.125612 0.125624
2 0.0251371 0.0251492
2 0.0159505 0.0159621
1 0.00456147 0.00457277
2 0.00942462 0.00943568
2 0.0635797 0.0635904
1 0.0365437 0.0365544
1 0.0178985 0.0179081
1 0.00267035 0.00267976
2 0.0301337 0.0301425
1 0.0252151 0.0252233
1 0.0148919 0.0148989
1 0.0149527 0.0149593
2 0.0150876 0.0150936
1 0.139682 0.139688
1 0.0372123 0.037218
2 0.0893677 0.0893734
2 0.0109798 0.0109845
2 0.0645364 0.0645408
2 0.0211698 0.0211727
2 0.0375188 0.03752
2 0.0193201 0.0193212
2 0.0270157 0.0270167
2 0.018229 0.0182299
2 0.0136339 0.0136348
2 0.0401942 0.040195
2 0.127939 0.12794
1 0.00216684 0.00216699
1 0.0230066 0.0230067
1 0.0109123 0.0109124
1 0.0264447 0.0264448
2 0.0223817 0.0223818
1 0.0173765 0.0173765
2 0.0146505 0.0146505
2 0.175139 0.175139
2 0.456488 0.456488
