0 0 inf
0 0 0.0913159
0 0 0.0682969
0 0 0.0619495
1 0.0804014 0.136273
0 0 0.0501905
0 0 0.0490661
0 0 0.0422062
0 0 0.037495
0 0 0.0320144
1 0.128779 0.156058
0 0 0.0269475
0 0 0.0267986
0 0 0.0266831
0 0 0.0257873
0 0 0.022327
0 0 0.0217193
0 0 0.0205612
0 0 0.0198348
0 0 0.018496
0 0 0.0184921
0 0 0.0177315
1 0.0994314 0.116458
0 0 0.0164059
1 0.0226545 0.038822
0 0 0.0155139
1 0.045113 0.0604687
1 0.0215388 0.0362756
1 0.0160556 0.0307547
0 0 0.0145424
1 0.0970745 0.111604
0 0 0.0144955
1 0.0421985 0.0552709
0 0 0.0130237
0 0 0.0118449
0 0 0.0118321
1 0.0649909 0.0767399
1 0.141876 0.153344
1 0.0211485 0.0325652
0 0 0.0113198
0 0 0.011108
1 0.00764126 0.0187387
0 0 0.0103233
0 0 0.0101512
1 0.0181718 0.0282925
1 0.0374873 0.0475804
1 0.00541942 0.0151182
0 0 0.00930324
0 0 0.0089091
0 0 0.00850314
0 0 0.00786384
0 0 0.00780015
0 0 0.00766021
0 0 0.00760907
0 0 0.00760374
0 0 0.00755782
0 0 0.00744077
0 0 0.0073953
0 0 0.00731614
0 0 0.00710456
0 0 0.00707913
1 0.00754636 0.0144564
1 0.03 0.0366685
0 0 0.00661171
1 0.173868 0.180359
0 0 0.0064707
0 0 0.0063493
1 0.00776167 0.0140957
0 0 0.00627079
0 0 0.00626575
0 0 0.00607743
0 0 0.00605262
0 0 0.00591409
1 0.0239904 0.0298627
0 0 0.00585059
0 0 0.00571454
0 0 0.00554137
0 0 0.00546669
1 0.0445124 0.049608
1 0.020272 0.0252344
0 0 0.00493472
0 0 0.00488894
1 0.0596531 0.0644952
0 0 0.00483202
0 0 0.00482459
0 0 0.00480208
0 0 0.0047715
0 0 0.00472081
1 0.0465265 0.0512394
1 0.00555291 0.0101932
0 0 0.00455968
1 0.0145731 0.019061
0 0 0.00445257
0 0 0.00435994
0 0 0.0043314
0 0 0.00420435
0 0 0.00416765
1 0.0507834 0.0549473
0 0 0.00416357
0 0 0.00414897
1 0.0103228 0.0144579
0 0 0.00410089
0 0 0.00405442
0 0 0.00392944
0 0 0.00380497
1 0.0118024 0.0153837
0 0 0.00357632
1 0.00870959 0.0121753
0 0 0.00338897
0 0 0.00332077
1 0.00829397 0.0115893
1 0.0610352 0.0642341
1 0.0168941 0.0200821
0 0 0.00303044
0 0 0.00302099
1 0.0134952 0.0164619
0 0 0.00278738
1 0.0177551 0.0205397
0 0 0.00272917
0 0 0.00272148
0 0 0.00265335
1 0.0138155 0.0163973
1 0.00539693 0.00797388
1 0.00988255 0.0124303
0 0 0.00252816
1 0.00684961 0.00930556
0 0 0.00244362
0 0 0.00241482
0 0 0.00240558
1 0.00409628 0.00637566
0 0 0.00225147
1 0.00927176 0.0115163
0 0 0.00224314
1 0.0241671 0.0264004
0 0 0.00218958
1 0.0361477 0.0383341
1 0.00335739 0.00553938
0 0 0.00217523
2 0.17763 0.179786
0 0 0.00214367
0 0 0.00211832
0 0 0.00210585
1 0.0657146 0.0678141
0 0 0.00209541
0 0 0.00209038
1 0.00275588 0.00483635
0 0 0.00206808
1 0.0377958 0.0397495
0 0 0.00192257
0 0 0.00190638
2 0.0261546 0.0280485
1 0.00983998 0.0117112
0 0 0.00185217
0 0 0.00182794
1 0.0173784 0.0191999
0 0 0.0018024
1 0.00676931 0.00854937
1 0.00327354 0.00500049
2 0.0670606 0.0687762
0 0 0.00170906
1 0.0251683 0.0268643
0 0 0.00169472
0 0 0.00168879
1 0.0383132 0.0399931
0 0 0.00167915
1 0.00901726 0.0106672
2 0.0615914 0.0632363
0 0 0.00164048
0 0 0.00162008
0 0 0.00159821
0 0 0.00159335
0 0 0.00157768
0 0 0.00157722
0 0 0.00156042
0 0 0.00153365
0 0 0.00153052
0 0 0.00152974
0 0 0.00152805
1 0.00180084 0.00332372
1 0.00152298 0.00302447
0 0 0.00148934
1 0.0259826 0.0274608
0 0 0.00147232
0 0 0.00146828
0 0 0.00142886
0 0 0.00142823
1 0.0283095 0.0297139
0 0 0.00139632
0 0 0.00138631
1 0.0300875 0.0314552
1 0.0184081 0.0197531
0 0 0.00134185
1 0.00898633 0.0102796
1 0.00538448 0.00665128
0 0 0.00126394
1 0.00267797 0.00392217
0 0 0.0012396
1 0.00462463 0.00584439
1 0.0165448 0.0177622
1 0.0550663 0.0562783
0 0 0.00120462
1 0.00957935 0.0107626
1 0.00131558 0.00249539
1 0.00204535 0.00318454
1 0.00273976 0.00387456
1 0.0157072 0.0168346
1 0.00296898 0.00408337
0 0 0.00110785
0 0 0.0010804
0 0 0.00106009
0 0 0.00105709
0 0 0.00105527
0 0 0.00104542
1 0.00710193 0.00813464
1 0.00693425 0.00793902
1 0.0109849 0.0119763
1 0.0106406 0.011599
0 0 0.000957212
0 0 0.00095706
0 0 0.000956199
0 0 0.000939399
0 0 0.000939316
1 0.00742253 0.00835721
1 0.00609902 0.00703346
0 0 0.000923049
0 0 0.000918188
2 0.014947 0.0158638
1 0.0174857 0.0183991
0 0 0.000904496
1 0.00516897 0.00606636
0 0 0.000893829
0 0 0.000887407
0 0 0.000876838
0 0 0.000875675
0 0 0.000874561
1 0.011063 0.0119342
0 0 0.000867729
0 0 0.000865001
0 0 0.000845425
1 0.010492 0.011329
0 0 0.000835135
2 0.0873185 0.0881515
2 0.0401579 0.0409853
1 0.0255491 0.0263737
1 0.0124998 0.013322
2 0.115419 0.11623
0 0 0.000809594
0 0 0.000804301
2 0.0328236 0.0336263
0 0 0.000801159
0 0 0.000798073
0 0 0.00079668
0 0 0.000791175
0 0 0.000786946
2 0.0238541 0.0246388
0 0 0.000772999
1 0.00197793 0.00273278
0 0 0.000754679
2 0.0269686 0.0277164
1 0.0271454 0.0278913
1 0.17156 0.172296
1 0.0164434 0.0171634
0 0 0.000718884
1 0.0617473 0.0624638
0 0 0.000703334
0 0 0.000697961
0 0 0.000670386
1 0.00620547 0.00686901
0 0 0.000661262
1 0.110609 0.111264
2 0.0409536 0.0416048
0 0 0.00064817
1 0.0018164 0.00245834
1 0.0240979 0.0247392
0 0 0.000638987
2 0.117239 0.117876
1 0.0233645 0.0239951
1 0.173074 0.173702
1 0.0217839 0.0224105
1 0.059119 0.0597447
0 0 0.000625212
1 0.0034503 0.00407368
1 0.0405529 0.0411724
2 0.137174 0.137778
1 0.00140369 0.002001
0 0 0.000571914
1 0.00282735 0.00339885
1 0.0282603 0.0288316
2 0.0402371 0.0408047
0 0 0.000558271
1 0.00604693 0.00660395
0 0 0.000551475
1 0.00652801 0.0070544
1 0.00255426 0.00306739
0 0 0.000512411
1 0.0296583 0.0301665
1 0.00758701 0.00809187
0 0 0.000501544
1 0.0199411 0.0204413
0 0 0.000499075
1 0.00434869 0.00483041
1 0.00634935 0.00682664
1 0.00120161 0.00167138
2 0.0123037 0.012769
2 0.0144664 0.0149283
1 0.00257118 0.00303002
2 0.0304689 0.030927
1 0.00274833 0.00320383
2 0.0399964 0.040451
2 0.00708164 0.0075252
1 0.00124157 0.00168241
0 0 0.000438555
1 0.0116397 0.0120666
1 0.00112343 0.0015493
1 0.0140027 0.0144264
0 0 0.000415252
1 0.00733764 0.00775153
0 0 0.000405548
1 0.011806 0.0122084
0 0 0.000400745
2 0.00933027 0.00972886
1 0.00108873 0.00148413
1 0.0136367 0.014028
2 0.0175695 0.0179534
1 0.00166279 0.00204484
1 0.0144922 0.0148686
1 0.0157683 0.0161313
1 0.0158755 0.0162336
1 0.105522 0.105879
1 0.0014778 0.00183472
1 0.0292225 0.0295682
0 0 0.000333872
1 0.00454841 0.00488067
2 0.0158826 0.0162146
1 0.0194856 0.0198174
1 0.00396452 0.00428939
2 0.0151945 0.0155162
0 0 0.000319915
1 0.0113809 0.011699
1 0.0071159 0.00743266
1 0.00247314 0.00278982
1 0.021801 0.0221164
1 0.00282471 0.00313785
0 0 0.000306031
0 0 0.000303646
1 0.00894724 0.0092486
1 0.00170703 0.00200713
1 0.0165176 0.0168132
1 0.00853326 0.008826
1 0.0023824 0.00267004
1 0.00128372 0.00156855
1 0.00181606 0.00209488
0 0 0.000275018
1 0.0225048 0.0227793
1 0.00619485 0.0064673
0 0 0.000271925
1 0.0055363 0.00580754
1 0.00672337 0.00699436
1 0.00360994 0.00387956
1 0.00107902 0.0013471
1 0.0270261 0.0272907
0 0 0.000252109
0 0 0.000248359
1 0.0154585 0.0157036
1 0.00428679 0.00453145
1 0.000857284 0.00110137
1 0.0015796 0.0018233
1 0.00517749 0.00541801
1 0.00338152 0.0036217
1 0.00265143 0.00289046
1 0.00260186 0.00283869
1 0.00571545 0.00595084
1 0.00260907 0.00284258
1 0.0129779 0.0132102
1 0.00110283 0.00133385
1 0.0056816 0.00591182
0 0 0.000228731
1 0.0186955 0.0189205
0 0 0.000223839
1 0.00283775 0.00305804
1 0.00498654 0.00519917
1 0.00789579 0.00810829
1 0.0019682 0.00217695
1 0.000897982 0.00110136
1 0.0156944 0.0158959
1 0.00124609 0.00143932
0 0 0.000192116
1 0.00293351 0.00312517
0 0 0.000190823
1 0.00243522 0.00262564
1 0.00261169 0.00280189
1 0.0347796 0.0349619
2 0.00293717 0.00311892
1 0.00273422 0.00291123
1 0.00251475 0.00268912
1 0.00180559 0.00197865
1 0.00843648 0.00860861
1 0.00158103 0.00175264
1 0.00276301 0.0029343
2 0.0032338 0.00340475
1 0.0375726 0.0377432
2 0.0186302 0.0188004
0 0 0.000169845
1 0.00259808 0.00276393
1 0.0127077 0.0128734
0 0 0.000165379
1 0.000906525 0.00106716
1 0.0293397 0.0294963
0 0 0.000156378
1 0.00149916 0.0016552
1 0.00184734 0.00200317
2 0.00416864 0.00432382
1 0.000917169 0.0010709
1 0.00133168 0.00148138
1 0.0209312 0.0210793
0 0 0.0001477
1 0.00222272 0.00237011
2 0.0164275 0.0165738
2 0.0270025 0.0271486
1 0.00354953 0.00369258
1 0.00331668 0.00345579
2 0.00534935 0.00548502
1 0.00421742 0.0043524
1 0.00100876 0.00114352
1 0.00159019 0.00171944
1 0.0108559 0.0109839
1 0.00848344 0.00861016
1 0.0020387 0.00216322
1 0.0124819 0.0126047
1 0.00145517 0.00157556
1 0.0361356 0.0362553
1 0.00103191 0.00115095
1 0.00234155 0.0024602
2 0.00247809 0.00259287
1 0.00295951 0.00307358
1 0.00394599 0.00405743
1 0.0335169 0.0336224
1 0.00521712 0.00532148
1 0.0424339 0.0425381
2 0.139784 0.139884
2 0.192298 0.192399
1 0.0231578 0.0232577
1 0.0025314 0.00263059
1 0.00444411 0.00454258
1 0.044773 0.0448686
1 0.00320439 0.00329902
2 0.00367338 0.00376758
1 0.021358 0.021451
2 0.00330474 0.00339759
1 0.00291062 0.00300329
1 0.00312077 0.00321324
2 0.0077717 0.00786311
1 0.0177634 0.0178547
2 0.0113743 0.0114649
1 0.0371457 0.0372359
2 0.0395997 0.0396897
1 0.00273094 0.00281771
1 0.0026483 0.00273475
1 0.0029748 0.00306098
1 0.00128784 0.00137273
1 0.0106533 0.0107375
0 0 8.33166e-05
1 0.000913224 0.000996076
1 0.0181335 0.0182158
2 0.00520344 0.00528548
2 0.0115615 0.011643
1 0.00965211 0.00973304
2 0.011108 0.0111881
1 0.00517211 0.00524923
0 0 7.51302e-05
1 0.00373052 0.00380543
1 0.000534393 0.000608339
2 0.0065939 0.0066673
2 0.0235503 0.0236233
1 0.00432572 0.00439826
2 0.00601431 0.00608669
1 0.00283163 0.00290373
1 0.00327107 0.00334105
2 0.0669762 0.0670451
0 0 6.68596e-05
1 0.0127263 0.0127929
1 0.0184315 0.0184976
2 0.015389 0.015454
2 0.00162247 0.0016858
1 0.008851 0.00891346
1 0.0185519 0.0186139
1 0.00219878 0.00226019
1 0.00130987 0.00137087
2 0.0231171 0.0231773
2 0.00164212 0.00170008
1 0.00481423 0.00487183
2 0.00389779 0.00395472
2 0.0256604 0.0257173
2 0.136411 0.136468
2 0.0298466 0.0299023
2 0.00203076 0.00208275
0 0 5.15709e-05
2 0.0366641 0.0367152
1 0.000558538 0.000609321
1 0.0513216 0.0513723
1 0.00208037 0.00213098
1 0.00233463 0.00238357
1 0.00186886 0.00191657
1 0.00293373 0.0029813
1 0.00745185 0.00749899
1 0.00205073 0.00209781
1 0.00762086 0.00766767
1 0.00146097 0.0015068
1 0.00748655 0.00753207
1 0.027255 0.0273002
1 0.00458625 0.00463081
1 0.00184797 0.00189225
1 0.00371176 0.00375529
1 0.00208652 0.00212967
2 0.0598952 0.0599382
1 0.00119015 0.00123296
1 0.00598823 0.00603035
2 0.00880544 0.00884589
1 0.00298117 0.00302153
1 0.000945173 0.000985314
2 0.00421632 0.00425457
1 0.0626157 0.0626539
2 0.00240124 0.00243884
2 0.0111733 0.0112105
2 0.00490175 0.00493734
1 0.000192847 0.000228212
2 0.0102013 0.0102357
1 0.00999847 0.0100314
1 0.00032857 0.000360448
1 0.00319385 0.00322505
2 0.00215387 0.00218291
1 0.00183702 0.00186605
2 0.00715328 0.007182
1 0.00196985 0.00199847
1 0.0102908 0.010319
1 0.000877853 0.000905665
2 0.00372485 0.00375234
1 0.0140642 0.0140913
1 0.0161986 0.0162254
2 0.0380061 0.0380322
1 0.00989049 0.00991634
2 0.00156708 0.00159143
1 0.0183717 0.0183958
2 0.0597492 0.0597729
2 0.00237882 0.00240221
1 0.013487 0.0135104
2 0.00290037 0.00292276
1 0.00693216 0.00695313
2 0.00365816 0.00367766
1 0.00569595 0.00571539
2 0.00198289 0.00200224
1 0.00191733 0.00193621
1 0.0123238 0.0123423
2 0.0069214 0.00693987
1 0.00580883 0.0058273
1 0.00892022 0.00893821
1 0.00150523 0.00152292
2 0.00649124 0.00650846
1 0.000499321 0.000516534
1 0.0113261 0.0113431
2 0.0185028 0.0185197
2 0.0399926 0.0400089
2 0.009302 0.00931833
1 0.00204362 0.00205913
2 0.00812013 0.00813453
2 0.00341451 0.00342847
1 0.00361349 0.00362741
1 0.0122283 0.0122421
2 0.00287437 0.00288658
2 0.0099397 0.00995138
2 0.00304564 0.00305652
2 0.00662041 0.00663128
1 0.00206237 0.0020731
2 0.0186729 0.0186832
1 0.00524373 0.0052539
1 0.00772299 0.00773295
1 0.040512 0.0405219
1 0.00631596 0.00632519
1 0.011923 0.0119321
2 0.00635307 0.00636218
2 0.00623047 0.00623831
1 0.140158 0.140165
1 0.00550486 0.00551214
1 0.0306026 0.0306096
2 0.0685259 0.0685329
2 0.00523288 0.00523975
1 0.00742691 0.00743361
1 0.00457812 0.00458465
2 0.0153732 0.0153791
1 0.00611453 0.00612033
1 0.00299264 0.00299838
2 0.00208356 0.00208899
2 0.0017674 0.00177215
2 0.00172823 0.00173293
1 0.00708879 0.00709323
1 0.000796999 0.000801345
2 0.0185146 0.0185187
2 0.0197319 0.0197359
1 0.0467548 0.0467588
2 0.00339163 0.00339555
1 0.000759455 0.000763283
1 0.00893323 0.00893678
1 0.0154225 0.015426
2 0.0342778 0.0342811
2 0.00702001 0.00702317
1 0.00124273 0.00124577
1 0.00692176 0.00692478
2 0.0303985 0.0304015
2 0.00600403 0.00600698
2 0.00534826 0.00535116
2 0.00510706 0.00510995
1 0.00507734 0.00508019
1 0.00644539 0.00644814
2 0.0121233 0.012126
2 0.0135256 0.0135281
1 0.00304204 0.00304441
2 0.065023 0.065025
1 0.0136315 0.0136332
1 0.00245656 0.00245816
1 0.00242639 0.00242786
1 0.00180988 0.00181134
1 0.00303619 0.00303765
1 0.00442654 0.00442797
2 0.00313977 0.00314106
2 0.0399081 0.0399094
2 0.00173179 0.00173291
1 0.00273509 0.0027361
1 0.00171047 0.00171141
1 0.00678206 0.00678286
2 0.00327534 0.00327614
1 0.00091604 0.000916816
1 0.00368117 0.00368189
2 0.00686772 0.00686841
1 0.0060655 0.00606614
1 0.000606103 0.00060668
1 0.000469171 0.000469748
1 0.031314 0.0313145
2 0.0160477 0.0160482
1 0.00255161 0.00255211
1 0.0356182 0.0356186
2 0.00243049 0.00243098
2 0.00171728 0.00171772
2 0.0070452 0.00704563
2 0.003236 0.00323641
1 0.00607354 0.00607378
2 0.00645447 0.00645471
2 0.00251398 0.00251422
1 0.000728617 0.000728838
1 0.00111565 0.0011158
2 0.00171995 0.00172007
2 0.00223157 0.00223167
1 0.0137923 0.0137924
1 0.00878469 0.00878478
2 0.00339151 0.00339159
2 0.00761156 0.00761164
1 0.00429224 0.00429224
2 0.00662706 0.00662706
1 0.00319046 0.00319047
