0 0 inf
1 0.329797 0.563207
1 0.0779599 0.243236
0 0 0.162069
1 0.0396897 0.180999
0 0 0.135997
0 0 0.104521
1 0.0600858 0.16315
1 0.181055 0.274865
0 0 0.0923809
0 0 0.0919858
0 0 0.0812658
1 0.18573 0.26585
0 0 0.0795044
1 0.0840405 0.161322
0 0 0.0738097
1 0.162319 0.233373
0 0 0.0698814
1 0.118521 0.184517
0 0 0.0647949
0 0 0.0623544
1 0.165273 0.22047
1 0.0408793 0.0920734
0 0 0.0494411
0 0 0.0471435
0 0 0.0451552
0 0 0.0382027
0 0 0.0377441
0 0 0.0363197
1 0.0635584 0.0993128
0 0 0.035521
1 0.0330673 0.0681623
0 0 0.0346062
0 0 0.0337994
1 0.3572 0.390894
0 0 0.0334784
0 0 0.0319894
0 0 0.029777
0 0 0.0297025
2 0.261052 0.290515
0 0 0.0294432
0 0 0.0285258
0 0 0.0275886
2 0.588126 0.614703
0 0 0.0260029
1 0.0264757 0.0523068
0 0 0.0244606
0 0 0.0242235
1 0.505996 0.530046
0 0 0.0229851
0 0 0.0215688
2 0.292803 0.314353
1 0.24119 0.262684
0 0 0.0213441
0 0 0.0203804
0 0 0.019972
0 0 0.0195204
0 0 0.0194037
1 0.0342769 0.0532662
0 0 0.0189591
0 0 0.0188996
0 0 0.0180483
0 0 0.0176613
0 0 0.0174236
0 0 0.0171604
1 0.164406 0.181177
0 0 0.0157304
1 0.0147013 0.0302508
1 0.188863 0.204261
0 0 0.0150743
0 0 0.0148602
0 0 0.0147127
0 0 0.0139852
1 0.107218 0.121084
0 0 0.0135251
2 0.105936 0.119452
0 0 0.0134887
0 0 0.0134568
1 0.0195634 0.0330108
0 0 0.0130226
0 0 0.0129144
0 0 0.0124666
0 0 0.0122408
1 0.214043 0.226163
0 0 0.0120749
0 0 0.0119943
1 0.0990228 0.111009
1 0.041363 0.0532616
0 0 0.0116795
0 0 0.0115241
0 0 0.0114638
0 0 0.0113418
1 0.0331909 0.0444653
2 0.16361 0.174663
0 0 0.010959
0 0 0.0108149
1 0.0567938 0.0674924
0 0 0.0103624
1 0.0497755 0.0598253
0 0 0.00998936
1 0.05564 0.0655819
0 0 0.00987165
0 0 0.00980976
0 0 0.0096393
0 0 0.00949789
0 0 0.00947442
0 0 0.00942677
0 0 0.00938327
1 0.0194791 0.0287258
0 0 0.00910158
0 0 0.00909022
0 0 0.00904201
0 0 0.00899671
0 0 0.00878866
1 0.0441002 0.05269
0 0 0.00855977
1 0.111881 0.120321
0 0 0.00843339
1 0.0106851 0.018942
0 0 0.00816209
0 0 0.00814035
1 0.0901311 0.0982148
0 0 0.00794743
0 0 0.00784749
0 0 0.00784171
2 0.0899239 0.0977625
0 0 0.00782752
2 0.11165 0.119249
0 0 0.00746693
0 0 0.00745061
1 0.0301874 0.0374928
0 0 0.00730276
0 0 0.00728565
1 0.0172385 0.0244613
0 0 0.00712702
1 0.170276 0.177364
0 0 0.00706811
0 0 0.00705555
0 0 0.00690701
1 0.0119596 0.0187474
1 0.426884 0.433648
1 0.0250551 0.0317494
0 0 0.00659749
0 0 0.00645501
0 0 0.00641292
0 0 0.006331
1 0.0397073 0.0459708
1 0.243797 0.250055
0 0 0.00624064
1 0.0230876 0.0292473
0 0 0.00605794
1 0.282622 0.288626
0 0 0.00579733
0 0 0.0057388
1 0.0356816 0.0413492
0 0 0.00563324
1 0.0284528 0.0340803
2 0.234123 0.239723
0 0 0.0055603
1 0.0336729 0.039212
0 0 0.00552563
1 0.0237926 0.0293147
1 0.0585261 0.0639904
1 0.062735 0.0681927
0 0 0.00536733
1 0.0572596 0.0626266
0 0 0.00530518
1 0.0264829 0.0317733
1 0.0251477 0.0303491
1 0.0170804 0.0222794
0 0 0.00505477
1 0.208977 0.213995
1 0.0116687 0.0166549
0 0 0.00495965
1 0.0162447 0.0211654
1 0.0610206 0.065874
0 0 0.0048216
2 0.0704213 0.0751937
0 0 0.00474381
0 0 0.00457849
0 0 0.00456981
0 0 0.00452537
1 0.0414187 0.0458698
2 0.0431889 0.0475826
0 0 0.00439092
2 0.59434 0.598703
1 0.186533 0.190782
0 0 0.0042429
0 0 0.00422914
0 0 0.00422629
0 0 0.00419067
0 0 0.00418694
1 0.0284611 0.0325662
0 0 0.00410097
0 0 0.00409825
0 0 0.00401407
1 0.0265772 0.0305704
1 0.0397182 0.0435211
0 0 0.00379938
0 0 0.00370535
1 0.0482838 0.0519058
0 0 0.00361584
1 0.0820313 0.0856387
0 0 0.0035989
0 0 0.00356072
0 0 0.00354902
2 0.0695447 0.073057
0 0 0.0034378
1 0.00387627 0.00725484
0 0 0.00337559
0 0 0.00336352
0 0 0.00336244
0 0 0.00330448
0 0 0.00329294
0 0 0.00326392
1 0.174913 0.17804
1 0.0102323 0.0133019
0 0 0.00306833
0 0 0.00306733
0 0 0.00306657
1 0.0367491 0.0398121
0 0 0.00302941
0 0 0.0030251
1 0.0207835 0.0237975
1 0.229563 0.232569
0 0 0.00298503
0 0 0.00296687
0 0 0.00294723
1 0.0167026 0.0196343
0 0 0.00283707
1 0.0195451 0.0223703
0 0 0.00279082
1 0.177648 0.180409
0 0 0.00275586
0 0 0.00268523
1 0.143595 0.146116
0 0 0.00249972
1 0.536388 0.538878
0 0 0.00247107
2 0.641824 0.644294
1 0.0625321 0.0649671
1 0.0387153 0.0411489
0 0 0.0023462
0 0 0.00233777
0 0 0.00232267
1 0.0140497 0.0163634
0 0 0.00230943
1 0.00789514 0.0101946
1 0.0117728 0.0140447
1 0.0212487 0.0235124
1 0.0379315 0.0401596
0 0 0.00222777
1 0.0319555 0.0341804
0 0 0.0021967
0 0 0.00218238
1 0.0358655 0.0379876
1 0.0121429 0.0142593
0 0 0.00207973
1 0.0367664 0.0388319
0 0 0.00205519
1 0.231585 0.23363
0 0 0.00202952
0 0 0.00198882
1 0.0884292 0.0904054
0 0 0.00194846
1 0.0665442 0.068471
1 0.12638 0.128286
0 0 0.00190221
1 0.0832356 0.0851168
0 0 0.00187441
1 0.0170819 0.0189023
1 0.0108126 0.0125851
1 0.022286 0.0240506
2 0.228235 0.229995
1 0.0151624 0.0169022
0 0 0.00173713
2 0.0238684 0.0255879
0 0 0.00171806
0 0 0.00171436
2 0.0420555 0.0437685
0 0 0.00168398
1 0.0279674 0.0296396
2 0.588466 0.590136
1 0.0352677 0.0369334
1 0.00514062 0.00678996
1 0.0224532 0.0240899
1 0.017806 0.0194072
0 0 0.00153682
1 0.0511125 0.0526413
1 0.0120572 0.0135818
2 0.0374903 0.0390067
1 0.0254862 0.0269931
0 0 0.00148454
0 0 0.00146869
1 0.0403815 0.0417837
1 0.00522892 0.00661508
2 0.0347599 0.0361284
0 0 0.00135421
1 0.0171788 0.0185237
1 0.0231038 0.0244454
1 0.0473048 0.0486421
2 0.0711221 0.0724591
1 0.00845298 0.00978849
0 0 0.00131597
0 0 0.00131201
1 0.0133674 0.0146615
1 0.0052129 0.00649672
2 0.0344017 0.0356784
0 0 0.00127061
0 0 0.00125888
0 0 0.00124001
1 0.0087809 0.0100157
1 0.043246 0.0444721
1 0.0188972 0.0201087
1 0.0236662 0.024875
1 0.0504618 0.0516695
0 0 0.00120727
1 0.0669052 0.068112
1 0.58464 0.585835
1 0.0824526 0.0836411
2 0.216818 0.217934
1 0.00725894 0.00834073
0 0 0.00107946
1 0.0725395 0.0736182
0 0 0.00107872
1 0.155516 0.156587
1 0.0207335 0.0217736
2 0.0170279 0.0180502
1 0.00834262 0.00936117
1 0.0391133 0.0401162
2 0.0260135 0.0270111
1 0.215677 0.216675
1 0.137814 0.138803
0 0 0.000975419
0 0 0.000955062
2 0.192255 0.193204
1 0.00347242 0.00440709
0 0 0.000926078
1 0.00617323 0.00709527
0 0 0.000919793
0 0 0.000903646
1 0.0204706 0.0213729
1 0.0177085 0.0185984
0 0 0.000888276
1 0.0425191 0.0433892
2 0.070535 0.0714017
0 0 0.000865536
2 0.13861 0.139471
0 0 0.000851012
0 0 0.000823895
1 0.0158207 0.0166441
2 0.449112 0.449911
1 0.00349414 0.00429142
1 0.039993 0.0407727
1 0.0165962 0.0173384
1 0.0162876 0.0170277
1 0.0196499 0.0203842
0 0 0.000726911
0 0 0.000709267
0 0 0.000697669
1 0.0621688 0.062861
1 0.0382343 0.0389247
1 0.214645 0.215322
0 0 0.000667921
1 0.118055 0.118722
1 0.209588 0.21025
0 0 0.00065173
1 0.0120112 0.0126554
1 0.0184573 0.0190982
0 0 0.000639843
1 0.0197844 0.0204208
1 0.005376 0.00598664
1 0.0116192 0.0121998
1 0.0203232 0.0209029
1 0.0217614 0.0223389
0 0 0.000571043
1 0.0155718 0.0161342
1 0.375755 0.376317
1 0.0525892 0.0531334
2 0.0591923 0.0597354
1 0.010071 0.0106089
1 0.00356747 0.00410269
1 0.0676597 0.0681805
1 0.0105255 0.0110394
1 0.00894775 0.00945994
2 0.275406 0.275918
1 0.0351803 0.0356808
1 0.00668124 0.00716648
1 0.0260493 0.0265281
1 0.0944615 0.0949345
1 0.0172183 0.0176883
2 0.013467 0.0139346
1 0.00484396 0.00531146
2 0.0708787 0.071337
1 0.0197415 0.0201944
2 0.0509 0.0513506
2 0.531722 0.532172
2 0.0706529 0.0710904
2 0.163331 0.163761
1 0.535167 0.535592
2 0.00768117 0.0080936
1 0.0406638 0.0410683
1 0.0158971 0.0163012
1 0.00206019 0.00245211
1 0.00404478 0.004426
1 0.0463771 0.0467553
1 0.0171349 0.0175105
2 0.0556948 0.0560676
2 0.0237542 0.0241243
1 0.00543205 0.00580183
2 0.291671 0.29204
1 0.0027297 0.00309467
1 0.0172011 0.0175611
1 0.250813 0.251162
1 0.00234178 0.00268902
2 0.0272036 0.0275502
1 0.00796401 0.00829816
1 0.0362104 0.0365346
2 0.0503796 0.050703
2 0.237874 0.238197
2 0.705745 0.706067
1 0.00887223 0.00919043
2 0.0107573 0.0110691
1 0.0365279 0.0368374
1 0.0039323 0.00424168
1 0.0157057 0.0160106
1 0.0123516 0.0126493
2 0.0536834 0.053977
2 0.261562 0.261852
1 0.00497902 0.00526792
2 0.013049 0.0133358
1 0.0198335 0.0201189
1 0.030205 0.0304897
1 0.00133085 0.00161291
1 0.00548292 0.00576108
1 0.0175644 0.0178405
1 0.0138674 0.0141431
2 0.0970049 0.0972779
1 0.0064988 0.00676972
2 0.535847 0.536118
1 0.00515168 0.00541509
0 0 0.000262198
1 0.042172 0.0424276
2 0.117192 0.117446
2 0.018935 0.0191865
1 0.0339124 0.0341553
1 0.0101829 0.0104164
1 0.0054304 0.00566164
1 0.0335042 0.033734
1 0.0289966 0.0292213
1 0.0269047 0.0271233
2 0.013076 0.013292
2 0.0548241 0.0550377
2 0.0180272 0.0182369
1 0.00342403 0.00363135
1 0.0680762 0.0682826
1 0.0157098 0.0159109
2 0.124434 0.124633
1 0.012795 0.0129904
1 0.0360746 0.036269
2 0.0424197 0.042614
1 0.0139158 0.0141013
2 0.0189988 0.0191836
0 0 0.000177226
1 0.0534066 0.0535827
1 0.270509 0.270684
2 0.00725369 0.00741714
2 0.0415824 0.0417401
2 0.0275969 0.0277516
2 0.174425 0.174579
1 0.00741167 0.0075573
1 0.0166574 0.0168021
2 0.0329837 0.0331255
1 0.0197657 0.0199002
1 0.0354268 0.0355612
2 0.0231811 0.0233138
2 0.220174 0.220306
1 0.0121568 0.0122865
1 0.0664326 0.0665618
1 0.0500141 0.0501427
1 0.0477552 0.0478756
1 0.0071786 0.00729847
1 0.0222129 0.0223317
2 0.066085 0.0662038
1 0.031614 0.0317267
1 0.0187497 0.0188604
1 0.00412268 0.00423276
1 0.0170876 0.0171965
2 0.0413738 0.0414813
1 0.0508984 0.0510054
1 0.0980706 0.0981775
2 0.012599 0.0127029
2 0.0699504 0.0700499
2 0.546313 0.546408
2 0.029626 0.029721
1 0.0324542 0.032548
2 0.0110539 0.0111458
1 0.0387685 0.0388604
1 0.00473249 0.00481762
1 0.0481601 0.0482444
2 0.0364073 0.0364876
1 0.00287307 0.00295223
1 0.0191928 0.0192696
1 0.00326606 0.00334281
1 0.00583795 0.00591226
2 0.234718 0.234792
1 0.00384495 0.00391673
2 0.141068 0.141139
2 0.0337385 0.0338075
1 0.00175135 0.00181714
1 0.00667234 0.00673637
1 0.0410359 0.0410968
2 0.0233555 0.0234161
1 0.261281 0.261341
1 0.0285495 0.0286096
1 0.0424875 0.042544
1 0.00257647 0.00263214
2 0.00275154 0.00280578
1 0.0140114 0.0140655
1 0.0771555 0.0772093
2 0.0120999 0.0121523
1 0.00492539 0.00497712
2 0.535969 0.536021
2 0.0176487 0.0176996
1 0.0280983 0.0281492
1 0.0113162 0.0113666
1 0.00482678 0.00487713
1 0.00876395 0.00881351
2 0.264295 0.264344
1 0.0119708 0.0120157
2 0.240544 0.240589
1 0.0023898 0.00243423
1 0.0293522 0.029395
1 0.0109856 0.0110277
0 0 3.96565e-05
2 0.0436812 0.0437186
2 0.0299229 0.02996
1 0.0917718 0.0918051
1 0.0328727 0.032906
2 0.0191599 0.019192
2 0.00485846 0.00488817
2 0.00921344 0.00924263
1 0.0108175 0.0108464
1 0.0272302 0.0272588
2 0.540133 0.540161
1 0.0326244 0.0326513
2 0.281244 0.28127
1 0.0485671 0.0485923
2 0.103625 0.10365
1 0.00747985 0.00750348
1 0.118627 0.11865
1 0.00847651 0.00849888
1 0.0207994 0.0208216
1 0.0222871 0.0223092
2 0.228173 0.228194
1 0.0669508 0.0669716
1 0.10207 0.10209
0 0 1.98021e-05
2 0.0196564 0.0196757
1 0.0336417 0.0336607
2 0.0267997 0.0268162
1 0.00907737 0.00909206
1 0.026405 0.0264191
1 0.00688274 0.00689513
2 0.139391 0.139403
1 0.00494846 0.00496006
1 0.011328 0.0113394
1 0.012224 0.0122348
1 0.0081535 0.00816403
1 0.0124278 0.0124381
1 0.00664729 0.00665718
1 0.00995817 0.00996769
2 0.0211732 0.0211824
1 0.0299045 0.0299137
2 0.217871 0.21788
1 0.0124731 0.0124805
2 0.0595797 0.059587
1 0.0117749 0.0117818
2 0.166694 0.166701
1 0.00501936 0.00502528
2 0.0417684 0.0417728
1 0.00512374 0.00512744
1 0.080479 0.0804827
2 0.0724191 0.0724227
2 0.021243 0.0212465
2 0.0338914 0.0338947
2 0.0304954 0.0304978
1 0.0146099 0.0146122
1 0.0222432 0.0222451
2 0.00456187 0.00456353
1 0.0490242 0.0490252
2 0.0113816 0.0113826
1 0.0349272 0.0349279
1 0.0267162 0.0267169
1 0.160864 0.160865
2 0.0129236 0.0129239
1 0.0245568 0.0245571
1 0.00570469 0.00570477
1 0.0538848 0.0538849
2 0.271525 0.271525
1 0.0422338 0.0422339
1 0.051697 0.051697
