0 0 inf
0 0 0.163161
0 0 0.143663
0 0 0.136471
1 0.180103 0.305682
0 0 0.125077
0 0 0.116841
1 0.141113 0.256999
0 0 0.111915
0 0 0.107114
0 0 0.084369
1 0.0252092 0.0947827
1 0.044999 0.107859
0 0 0.0565142
0 0 0.0556621
0 0 0.0554355
0 0 0.05411
0 0 0.0535304
0 0 0.0534402
0 0 0.0496161
1 0.059467 0.108806
1 0.131595 0.178179
0 0 0.0455445
1 0.023341 0.0682305
0 0 0.043033
0 0 0.0416742
0 0 0.0388392
0 0 0.0362476
0 0 0.0350679
0 0 0.0342373
1 0.0220114 0.056133
0 0 0.0338097
0 0 0.0327378
1 0.277019 0.307955
1 0.0496666 0.0791278
1 0.0263928 0.0552263
1 0.439442 0.467787
0 0 0.0272092
0 0 0.0271282
1 0.0738939 0.100984
1 0.0569205 0.083982
1 0.0656687 0.0925758
1 0.0131618 0.0393727
1 0.0701939 0.0959592
0 0 0.0256543
0 0 0.0256448
1 0.123598 0.14909
1 0.0642647 0.0891916
0 0 0.0246245
0 0 0.0244858
0 0 0.0244452
1 0.0634234 0.0878399
1 0.0193772 0.0434865
0 0 0.0235295
0 0 0.0235026
0 0 0.0230554
0 0 0.023021
1 0.0128181 0.0353806
0 0 0.0224516
0 0 0.0223428
0 0 0.0222586
1 0.0364006 0.0584042
0 0 0.0219047
0 0 0.0215827
0 0 0.0213345
1 0.047229 0.0683309
0 0 0.0205196
0 0 0.0204956
0 0 0.020415
0 0 0.0199826
1 0.0402725 0.0601163
1 0.026865 0.046488
0 0 0.0191779
0 0 0.0190014
0 0 0.0187709
0 0 0.0187357
1 0.0351508 0.0537915
0 0 0.0186336
0 0 0.0184182
0 0 0.0182909
0 0 0.018243
1 0.035543 0.0536375
0 0 0.0180305
0 0 0.0178032
1 0.0413167 0.058414
1 0.0355311 0.0520039
1 0.0254616 0.0417869
0 0 0.016252
1 0.0464317 0.0625871
1 0.280675 0.296582
1 0.2542 0.269679
1 0.0169318 0.0323718
0 0 0.015287
0 0 0.0152041
0 0 0.0151823
0 0 0.0151149
0 0 0.0150744
1 0.0785909 0.093643
0 0 0.0149768
1 0.0136445 0.0284131
0 0 0.014496
1 0.226876 0.241075
0 0 0.0139263
0 0 0.0138516
0 0 0.0137225
0 0 0.0136223
0 0 0.0135184
0 0 0.0134477
1 0.0445149 0.0578706
0 0 0.0132079
0 0 0.0131597
0 0 0.0129585
0 0 0.0129558
0 0 0.0129546
2 0.101994 0.114824
0 0 0.0127287
0 0 0.0126065
0 0 0.012606
0 0 0.0125385
0 0 0.0125293
1 0.172461 0.184969
0 0 0.0123607
0 0 0.0123423
0 0 0.0122353
0 0 0.0122173
0 0 0.0121677
0 0 0.0118622
0 0 0.0117872
1 0.0176378 0.0294236
0 0 0.0116043
0 0 0.0114929
0 0 0.0114523
1 0.0387896 0.0502061
0 0 0.0112963
2 0.102626 0.113901
2 0.30806 0.319284
1 0.105736 0.11692
0 0 0.0110598
0 0 0.0108269
1 0.0414215 0.0517762
0 0 0.0103348
0 0 0.0103321
0 0 0.0102511
0 0 0.0100375
0 0 0.0100322
1 0.170131 0.18012
0 0 0.00998711
1 0.0459906 0.0559256
0 0 0.00953665
0 0 0.00952846
0 0 0.00944094
0 0 0.00930782
0 0 0.00921518
1 0.0562021 0.0653687
1 0.0212774 0.0304304
2 0.145911 0.15505
0 0 0.00905317
1 0.17071 0.179665
0 0 0.00885154
0 0 0.00809724
0 0 0.00807087
0 0 0.00806958
2 0.324042 0.331962
0 0 0.00780638
1 0.0220467 0.029598
0 0 0.00751916
0 0 0.00750436
1 0.0297773 0.037236
0 0 0.00737031
0 0 0.00733392
1 0.0808071 0.0881378
2 0.0721638 0.0793958
0 0 0.00718141
1 0.0809608 0.088138
0 0 0.00715083
0 0 0.00714813
0 0 0.00706625
2 0.0719398 0.078913
1 0.038077 0.0447867
0 0 0.00665692
1 0.0855156 0.0921352
0 0 0.00659407
1 0.022707 0.029248
0 0 0.00649073
1 0.0745028 0.080887
1 0.0701369 0.0763982
1 0.0373211 0.0434314
1 0.0504919 0.0565902
0 0 0.00606122
1 0.0135025 0.0195142
1 0.0393757 0.045234
0 0 0.00584117
0 0 0.00576543
2 0.079218 0.0849182
1 0.0399794 0.0455841
0 0 0.00558399
1 0.0174533 0.0230013
1 0.0404159 0.0459532
1 0.0696838 0.0751884
0 0 0.00550006
1 0.0660898 0.0715855
0 0 0.00540662
0 0 0.0053216
0 0 0.0053191
1 0.0617968 0.0670981
1 0.0158684 0.0210737
1 0.0283999 0.0335847
0 0 0.00517073
0 0 0.00512081
0 0 0.00511454
0 0 0.00507549
0 0 0.00507503
1 0.0186896 0.0237614
0 0 0.00504774
0 0 0.00499526
0 0 0.00493912
1 0.0565801 0.0614342
0 0 0.00480005
0 0 0.00474724
1 0.0308711 0.0356062
0 0 0.00469967
1 0.0502974 0.0549114
0 0 0.00461258
1 0.0419625 0.0464734
1 0.0142787 0.0187849
0 0 0.00449333
1 0.0705258 0.075005
1 0.0248649 0.0293348
0 0 0.00446623
0 0 0.00444159
1 0.0603921 0.0648208
1 0.164874 0.169229
1 0.448119 0.452339
0 0 0.00418538
2 0.113182 0.117362
0 0 0.004123
0 0 0.00398997
0 0 0.00396706
2 0.0444136 0.0483526
0 0 0.00388117
0 0 0.00388107
0 0 0.00383398
2 0.162386 0.166219
1 0.0440056 0.0478378
0 0 0.00380883
0 0 0.0038007
0 0 0.00374741
1 0.0279099 0.0316527
1 0.0707302 0.0744629
1 0.0261362 0.0298609
1 0.110195 0.113895
1 0.0404974 0.044187
2 0.149278 0.15296
0 0 0.00362048
1 0.023422 0.0270413
0 0 0.00361516
1 0.0826305 0.0862442
1 0.043504 0.0471153
2 0.0642928 0.0678988
0 0 0.00358736
1 0.0357637 0.039279
0 0 0.00351042
0 0 0.00349724
0 0 0.00347497
0 0 0.0034499
0 0 0.00340886
1 0.0068903 0.0102978
0 0 0.00336234
0 0 0.00334762
1 0.014545 0.0178898
0 0 0.00332101
0 0 0.00329225
1 0.0742691 0.0775166
1 0.0665789 0.0698189
0 0 0.00323846
1 0.0244051 0.0275977
1 0.0235138 0.0266917
0 0 0.00312349
0 0 0.00312311
1 0.0207549 0.0238501
1 0.112685 0.115773
1 0.0136023 0.0166841
0 0 0.00303189
1 0.0274323 0.0304572
1 0.0688402 0.0718221
1 0.158034 0.160977
1 0.513166 0.516106
1 0.0110801 0.0140138
2 0.114095 0.117022
1 0.0199065 0.0228202
0 0 0.0029116
0 0 0.00290444
0 0 0.00289541
1 0.0607927 0.0636791
0 0 0.00287434
0 0 0.00286593
0 0 0.00286018
1 0.00989015 0.012749
1 0.010554 0.0133768
1 0.0361242 0.0389368
2 0.0752363 0.0779787
1 0.106124 0.108862
1 0.0552133 0.0579071
1 0.0394896 0.0421822
1 0.0307171 0.0333474
1 0.0151757 0.0177774
0 0 0.00257481
0 0 0.00249786
1 0.0523682 0.0548128
0 0 0.00243955
1 0.0488396 0.0512577
1 0.0660726 0.0684734
1 0.0326385 0.0350386
1 0.117589 0.119963
0 0 0.00236848
2 0.0366061 0.0389613
1 0.108593 0.110848
1 0.415309 0.417559
1 0.023154 0.0253847
1 0.0248059 0.0270285
1 0.032719 0.0349337
1 0.0233468 0.0255504
0 0 0.00214465
0 0 0.00211285
1 0.0104116 0.0125211
0 0 0.00207481
1 0.00767597 0.00973949
0 0 0.00205657
1 0.301247 0.303263
1 0.021321 0.0232864
1 0.00786399 0.00978647
1 0.0452215 0.0471213
1 0.0553546 0.0572521
1 0.104578 0.106463
0 0 0.00185677
1 0.00562806 0.00748316
2 0.169251 0.171093
1 0.068 0.0698374
1 0.00716024 0.00896568
0 0 0.00180457
1 0.0603493 0.0621213
1 0.0109726 0.012743
1 0.0130433 0.0147968
1 0.416635 0.418362
1 0.0140145 0.0157389
2 0.112659 0.11434
0 0 0.00168062
1 0.0634148 0.0650946
2 0.0633632 0.0650391
1 0.0476883 0.0493394
2 0.0965045 0.0981429
1 0.286916 0.28855
1 0.0213885 0.0230185
2 0.0214841 0.0230998
1 0.0177988 0.0193961
1 0.0180545 0.0196263
2 0.0457506 0.047317
0 0 0.00153145
1 0.0265978 0.0281287
2 0.0952792 0.0967864
1 0.0356496 0.0371493
1 0.0199049 0.0214046
0 0 0.00147209
1 0.0081551 0.00962433
1 0.0184285 0.0198965
0 0 0.00145633
1 0.0129007 0.0143495
2 0.0299293 0.0313553
1 0.0698735 0.071292
2 0.102178 0.103579
1 0.0513048 0.0527047
1 0.264798 0.266187
1 0.00825361 0.00963792
1 0.0261198 0.0274991
1 0.0960247 0.0973989
1 0.0274634 0.0288137
1 0.176141 0.17749
0 0 0.00134056
1 0.00387632 0.0051966
1 0.267239 0.268552
2 0.107627 0.108927
2 0.101713 0.103007
0 0 0.00128492
1 0.0251065 0.0263821
2 0.32749 0.328759
1 0.0550776 0.056334
1 0.0183237 0.0195427
2 0.0725608 0.0737689
2 0.114822 0.116016
2 0.0566943 0.057875
2 0.103158 0.104309
1 0.0381469 0.0392947
1 0.0449501 0.0460699
1 0.0347357 0.0358525
2 0.0321849 0.0332994
2 0.0659277 0.0670361
1 0.0526701 0.0537651
1 0.0426685 0.0437625
1 0.0198852 0.0209776
1 0.0846838 0.0857753
1 0.06913 0.0702062
2 0.699032 0.700105
1 0.020451 0.0215229
1 0.162531 0.16359
1 0.0346996 0.0357527
0 0 0.00104265
1 0.00391005 0.00494669
2 0.0653224 0.0663569
1 0.0287127 0.0297361
2 0.0256352 0.0266567
1 0.0114761 0.0124916
1 0.0949262 0.0959411
1 0.0986736 0.0996736
1 0.0266234 0.027622
2 0.0584272 0.0594252
2 0.048708 0.0497049
1 0.028348 0.0293291
1 0.0170561 0.0180349
1 0.0182203 0.0191974
1 0.179511 0.180475
2 0.0909456 0.0919083
1 0.0520234 0.0529807
1 0.0368935 0.0378491
2 0.330498 0.331448
2 0.0356168 0.036561
1 0.0597031 0.0606407
1 0.0205661 0.0214885
2 0.0433409 0.0442614
2 0.0350579 0.0359718
1 0.00611858 0.0070315
1 0.0144616 0.0153636
1 0.00780541 0.00870084
1 0.00722994 0.00809143
2 0.0320062 0.0328587
1 0.0660518 0.0668997
1 0.0294599 0.0303044
1 0.0212046 0.0220411
1 0.0130254 0.0138532
2 0.116508 0.117309
1 0.0150412 0.0158361
1 0.13397 0.134762
2 0.0674413 0.0682327
2 0.0658076 0.0665977
1 0.0558933 0.0566826
2 0.0818303 0.0826069
1 0.0157969 0.0165606
1 0.00322984 0.00398769
1 0.0232934 0.0240427
1 0.00849157 0.00921856
1 0.0959709 0.0966784
1 0.0908491 0.0915502
1 0.00453428 0.00522205
1 0.00665937 0.00734178
2 0.0397155 0.040397
0 0 0.000679737
1 0.0351262 0.0358041
2 0.0310587 0.0317321
1 0.0106729 0.0113455
1 0.10842 0.109077
1 0.0648878 0.0655291
1 0.0142994 0.0149355
1 0.0102203 0.0108513
1 0.0171104 0.0177296
1 0.0152199 0.0158354
1 0.0543933 0.0550023
1 0.0700182 0.0706038
0 0 0.000584418
1 0.00694098 0.00752139
1 0.0347801 0.0353578
1 0.026931 0.027508
2 0.112202 0.112772
2 0.419417 0.419986
2 0.0324561 0.0330231
1 0.02164 0.0222042
2 0.0386876 0.0392477
1 0.0294434 0.0300004
1 0.0250397 0.025584
2 0.0541459 0.0546781
2 0.0400262 0.0405532
1 0.00465645 0.0051834
1 0.107899 0.108423
1 0.0141277 0.0146413
1 0.219233 0.219741
1 0.0217369 0.0222416
2 0.112119 0.112619
2 0.296735 0.297233
1 0.0494977 0.0499961
1 0.0681525 0.0686478
1 0.0060694 0.00656314
1 0.0251078 0.0255945
2 0.0869074 0.0873927
1 0.0056195 0.00610365
1 0.0212996 0.0217826
1 0.039024 0.0395061
1 0.00443803 0.00491491
1 0.103766 0.104242
1 0.065706 0.066178
1 0.112716 0.113187
2 0.073585 0.07405
1 0.0830011 0.0834648
2 0.301096 0.301558
1 0.0824909 0.0829528
1 0.016952 0.0174064
1 0.101402 0.101856
2 0.119504 0.119952
1 0.0365952 0.0370405
1 0.00886129 0.0093017
1 0.0339163 0.0343525
2 0.0682479 0.068673
2 0.0104282 0.0108428
2 0.075411 0.0758244
0 0 0.000403669
1 0.0340538 0.0344563
2 0.0704465 0.0708479
1 0.0266285 0.0270161
2 0.0256728 0.0260601
1 0.0078244 0.00820934
1 0.0050548 0.00543844
1 0.00988866 0.0102644
0 0 0.000371525
1 0.0163573 0.0167271
2 0.0831965 0.083561
1 0.0343689 0.0347326
1 0.0536219 0.0539725
1 0.0859966 0.0863364
1 0.0181774 0.018513
2 0.0470518 0.0473857
1 0.00746154 0.00778516
1 0.0302649 0.0305749
2 0.0675487 0.0678573
2 0.0996419 0.0999498
2 0.0439642 0.0442718
1 0.0573953 0.0577019
2 0.0568232 0.0571275
0 0 0.000304078
2 0.0447461 0.0450472
2 0.0378729 0.038172
1 0.00705341 0.00734982
1 0.046513 0.0468073
1 0.0235214 0.0238156
1 0.00169488 0.00198528
1 0.00446836 0.00475734
1 0.040157 0.040444
1 0.00572115 0.00600762
2 0.0838405 0.0841262
2 0.14933 0.149612
1 0.00379364 0.00405894
1 0.0557198 0.0559838
1 0.0235793 0.023839
0 0 0.000259507
1 0.0296043 0.0298607
2 0.0492024 0.0494561
2 0.113118 0.113367
1 0.0208586 0.021107
2 0.118042 0.118282
1 0.0782826 0.0785218
1 0.0410427 0.0412815
1 0.0840334 0.0842606
1 0.0240952 0.0243141
1 0.0701627 0.0703816
1 0.0349375 0.0351548
2 0.0679435 0.0681604
2 0.0358646 0.0360803
1 0.0331174 0.0333324
2 0.0362288 0.0364433
1 0.0384998 0.0387059
1 0.0168246 0.0170304
2 0.0488383 0.0490437
2 0.0301243 0.0303295
1 0.0107986 0.0110035
2 0.0520056 0.0522102
2 0.0101674 0.0103698
1 0.0635439 0.0637457
2 0.120384 0.120581
2 0.00611604 0.00631217
1 0.00609412 0.00628712
2 0.0891097 0.0892971
1 0.0166431 0.0168288
1 0.00785927 0.00804485
1 0.0216458 0.0218312
1 0.00897864 0.00915723
2 0.271465 0.271637
1 0.0623572 0.0625264
2 0.105405 0.105569
2 0.0919263 0.0920896
2 0.0273375 0.0275006
1 0.00558597 0.0057458
1 0.0378568 0.03801
2 0.0617382 0.0618887
2 0.0761219 0.0762723
1 0.00824953 0.0083988
2 0.0579653 0.0581121
1 0.481747 0.481892
1 0.051413 0.0515567
2 0.105641 0.105782
1 0.00911075 0.00925143
2 0.0307842 0.0309241
1 0.00622362 0.00636306
2 0.0490174 0.0491565
2 0.0135478 0.0136834
1 0.0422891 0.042422
1 0.0121976 0.0123294
2 0.0620108 0.0621419
1 0.0265007 0.0266316
2 0.103189 0.103318
1 0.0710851 0.0712125
1 0.0244613 0.0245884
1 0.137707 0.137833
1 0.013715 0.0138377
1 0.00908039 0.00920187
0 0 0.000116719
1 0.294883 0.294998
2 0.0252187 0.0253316
2 0.121985 0.122097
2 0.0494684 0.0495761
1 0.00442475 0.00453153
1 0.00326149 0.00336572
1 0.0301619 0.0302651
1 0.00828591 0.00838618
1 0.00676935 0.00686897
2 0.0993488 0.0994482
1 0.012191 0.01229
2 0.0105407 0.0106379
1 0.0238427 0.0239373
1 0.030714 0.0308082
1 0.573484 0.573572
2 0.113277 0.113364
1 0.0175035 0.0175897
1 0.00681479 0.0069007
1 0.0141758 0.0142613
2 0.0830945 0.0831787
1 0.0180119 0.018096
2 0.00716954 0.00724933
2 0.0721719 0.0722495
2 0.056147 0.0562246
1 0.0401476 0.0402233
1 0.0818822 0.0819565
2 0.0650593 0.0651328
1 0.00652655 0.00659432
2 0.0298297 0.0298958
1 0.110238 0.110302
1 0.244257 0.244321
1 0.0128339 0.0128964
2 0.0949554 0.0950133
1 0.011233 0.0112881
2 0.0348223 0.0348773
1 0.0638185 0.063873
2 0.0511416 0.0511959
2 0.0096968 0.00974941
2 0.109302 0.109354
1 0.0782378 0.0782885
1 0.0267915 0.0268402
2 0.0773634 0.0774118
1 0.0569931 0.0570407
2 0.418119 0.418164
1 0.0702638 0.0703072
2 0.0158795 0.01592
2 0.03456 0.0345988
1 0.0709027 0.0709404
1 0.00731049 0.00734756
1 0.239047 0.239082
2 0.0250179 0.0250515
2 0.0625486 0.0625804
2 0.109534 0.109565
1 0.0372119 0.0372433
1 0.0127357 0.0127669
2 0.111554 0.111584
1 0.0250835 0.0251138
2 0.537792 0.537822
2 0.00672897 0.00675848
1 0.0150609 0.0150887
2 0.0577663 0.0577925
1 0.00671591 0.00674126
1 0.0441406 0.0441631
1 0.00600929 0.00603165
1 0.0747331 0.0747552
1 0.0611861 0.061207
1 0.0863773 0.0863969
2 0.0426555 0.0426742
1 0.0278185 0.0278363
1 0.0466517 0.0466692
2 0.0181994 0.0182164
1 0.00938081 0.00939757
1 0.0159664 0.0159831
1 0.300741 0.300758
1 0.00666796 0.00668416
2 0.034297 0.0343131
1 0.0107323 0.0107471
2 0.102016 0.10203
2 0.0364199 0.0364337
1 0.0129161 0.0129298
2 0.0303742 0.0303854
1 0.0242585 0.024269
2 0.045173 0.0451835
1 0.0158177 0.0158272
2 0.0467306 0.04674
1 0.101945 0.101952
2 0.0620294 0.0620357
1 0.0459486 0.0459542
2 0.0255723 0.0255776
2 0.0575222 0.0575266
2 0.0584462 0.0584506
1 0.103532 0.103537
1 0.0113552 0.0113594
1 0.0219413 0.0219454
2 0.00604826 0.00605184
1 0.0948061 0.0948094
2 0.0707279 0.070731
1 0.0629715 0.0629745
2 0.0715177 0.0715197
2 0.0108794 0.0108813
2 0.0773797 0.077381
1 0.00864054 0.00864184
1 0.117377 0.117378
2 0.0531297 0.0531308
1 0.00811053 0.00811149
2 0.0636657 0.0636665
1 0.00741512 0.0074159
1 0.0544661 0.0544668
1 0.0342625 0.034263
2 0.0104649 0.0104655
2 0.0102774 0.0102778
2 0.0599224 0.0599228
1 0.00515629 0.00515656
1 0.0313993 0.0313995
2 0.0570396 0.0570398
1 0.0610513 0.0610515
1 0.119793 0.119793
2 0.00864825 0.0086484
2 0.0380753 0.0380754
2 0.116691 0.116691
1 0.0216037 0.0216038
2 0.0629804 0.0629804
1 0.0115688 0.0115688
2 0.0253728 0.0253728
