0 0 inf
0 0 0.268036
1 0.268052 0.498311
0 0 0.17633
0 0 0.104294
1 0.0528411 0.15181
1 0.0803659 0.17362
1 0.229032 0.320181
0 0 0.0905597
0 0 0.0852171
0 0 0.0847796
0 0 0.0811775
0 0 0.0768623
0 0 0.075715
1 0.057468 0.129427
0 0 0.0663685
0 0 0.0597315
0 0 0.05888
0 0 0.050434
0 0 0.0484577
1 0.137091 0.180809
1 0.323664 0.363476
0 0 0.0387219
1 0.266871 0.305493
0 0 0.0336721
0 0 0.0299119
0 0 0.0289804
0 0 0.0285735
1 0.40451 0.432773
0 0 0.0282475
1 0.179313 0.207522
1 0.0812154 0.108015
1 0.0277009 0.053423
1 0.0240745 0.0494854
0 0 0.0250002
0 0 0.0246108
1 0.063837 0.0869149
0 0 0.0226671
0 0 0.0222981
0 0 0.0214527
1 0.297366 0.318471
0 0 0.0210553
0 0 0.0210541
0 0 0.0210378
0 0 0.0209152
0 0 0.0206424
0 0 0.020391
0 0 0.020137
1 0.0272845 0.0464397
0 0 0.0189655
0 0 0.0189145
1 0.0219755 0.0408756
0 0 0.0188324
0 0 0.0188115
0 0 0.018247
0 0 0.0180706
1 0.461671 0.479582
1 0.0882019 0.105954
0 0 0.0175106
0 0 0.0174176
0 0 0.0173454
1 0.0123696 0.0293649
0 0 0.0166914
1 0.057936 0.0742116
0 0 0.0161709
0 0 0.0160343
2 0.395121 0.411141
1 0.0403839 0.0563982
0 0 0.016008
1 0.1665 0.182006
0 0 0.015365
0 0 0.015311
0 0 0.0151772
1 0.279882 0.294698
0 0 0.0147826
0 0 0.0141768
0 0 0.0139415
1 0.0201328 0.0338677
0 0 0.0135353
0 0 0.0129239
1 0.0163671 0.0291147
0 0 0.0126229
0 0 0.0125176
0 0 0.012492
0 0 0.0124179
0 0 0.0122512
0 0 0.0118938
0 0 0.0117712
0 0 0.0117168
2 0.200837 0.212548
0 0 0.0117103
0 0 0.0116373
0 0 0.0116143
1 0.149048 0.160625
0 0 0.0114201
0 0 0.0114024
0 0 0.0113427
0 0 0.0107284
0 0 0.0106592
1 0.0197502 0.0304001
0 0 0.0104427
0 0 0.0103858
0 0 0.0103323
0 0 0.0102435
1 0.0344203 0.044616
1 0.0177247 0.0279036
2 0.348947 0.359075
0 0 0.0100815
1 0.263205 0.273252
0 0 0.00999938
1 0.0319522 0.041883
0 0 0.00986859
0 0 0.00966702
0 0 0.00962637
1 0.0224378 0.0318847
1 0.138774 0.148147
0 0 0.00905353
0 0 0.00899384
0 0 0.00883426
1 0.0372372 0.046064
0 0 0.0088144
0 0 0.0087643
0 0 0.00873499
0 0 0.00866554
1 0.045749 0.0543103
0 0 0.00844556
1 0.189696 0.197956
0 0 0.00821966
1 0.173602 0.181678
0 0 0.00805428
0 0 0.00799104
1 0.018644 0.0265293
0 0 0.00788205
0 0 0.00777211
1 0.284496 0.292119
0 0 0.0075953
0 0 0.00746996
1 0.24404 0.251459
0 0 0.00725407
0 0 0.00725084
0 0 0.00721496
1 0.0230543 0.0302636
0 0 0.00720223
0 0 0.00714678
0 0 0.00706475
0 0 0.00705543
2 0.672208 0.679037
1 0.274788 0.281605
0 0 0.00678977
1 0.0489027 0.0556772
1 0.0288728 0.0355511
0 0 0.00658339
0 0 0.00645903
0 0 0.00639336
0 0 0.0062968
0 0 0.00628768
1 0.0871056 0.0933478
0 0 0.00616163
1 0.0274781 0.0335669
0 0 0.00602909
0 0 0.00596178
1 0.0225318 0.0284854
1 0.0138471 0.0197139
0 0 0.00584839
0 0 0.00571123
1 0.0130481 0.0187368
1 0.0253697 0.031027
0 0 0.00562603
0 0 0.00558554
0 0 0.00550997
0 0 0.00547367
1 0.0314893 0.0369303
1 0.296838 0.302155
0 0 0.00526796
1 0.0152289 0.0202922
1 0.0213678 0.0264285
1 0.0864101 0.0914561
0 0 0.00503611
0 0 0.00495326
0 0 0.00494814
0 0 0.00488642
0 0 0.00487516
0 0 0.00486152
0 0 0.00484105
0 0 0.00475746
0 0 0.00474566
1 0.00699642 0.0117076
1 0.273722 0.278401
1 0.04545 0.0501168
1 0.0125716 0.0172296
1 0.316932 0.32159
1 0.0211569 0.0257981
0 0 0.00461314
0 0 0.00457922
0 0 0.00453972
1 0.0203355 0.024758
0 0 0.00436577
1 0.02243 0.0267953
0 0 0.00432985
0 0 0.00431444
0 0 0.00423654
1 0.0258361 0.0300568
0 0 0.00419152
1 0.0413153 0.0454836
1 0.0130254 0.0171724
0 0 0.0041468
0 0 0.00412425
2 0.35354 0.357607
0 0 0.0040298
0 0 0.00402407
0 0 0.00400528
1 0.0286801 0.0326828
1 0.0222326 0.0262245
1 0.0409799 0.0449688
1 0.144113 0.148081
0 0 0.00385793
1 0.27351 0.277363
0 0 0.00373293
1 0.015186 0.0188799
1 0.0129647 0.0166447
0 0 0.00367511
0 0 0.00366735
1 0.0148341 0.0184856
0 0 0.00364722
0 0 0.00364389
0 0 0.00363913
1 0.0154693 0.0190814
0 0 0.00355648
0 0 0.00353574
0 0 0.00352507
0 0 0.00352279
0 0 0.00349164
1 0.0245901 0.0280797
0 0 0.00339455
0 0 0.00333129
0 0 0.00328807
1 0.0366427 0.0399278
1 0.0144895 0.0177479
1 0.00566445 0.00891708
0 0 0.003182
0 0 0.00318142
0 0 0.00317967
2 0.0585973 0.0617563
0 0 0.00314083
1 0.0288596 0.0319975
1 0.00576061 0.00888536
0 0 0.00312162
2 0.515419 0.518505
1 0.0221504 0.0252196
1 0.0284042 0.0314579
1 0.0343162 0.0373644
1 0.0118807 0.014882
1 0.0144217 0.0173787
1 0.023757 0.0266962
1 0.0279407 0.0308339
0 0 0.00285278
1 0.0407443 0.0435712
0 0 0.00282462
0 0 0.00275261
0 0 0.00272155
0 0 0.00270863
0 0 0.00270458
1 0.018193 0.0208744
0 0 0.00264515
1 0.0419414 0.0445572
1 0.00613355 0.00872899
1 0.0393743 0.0419374
1 0.0599883 0.0624612
1 0.034126 0.0365794
1 0.11695 0.119379
1 0.0247857 0.0271667
1 0.0518045 0.0541855
2 0.0293963 0.0316665
1 0.0191124 0.0213617
1 0.0153122 0.0175579
1 0.0203446 0.0225249
1 0.025766 0.0278698
1 0.0332122 0.0353035
2 0.0456829 0.0477628
1 0.0207085 0.0227576
0 0 0.00202868
2 0.0551094 0.0571356
2 0.0327336 0.0347559
2 0.0379174 0.0398788
1 0.0266744 0.028537
0 0 0.00184508
2 0.0446746 0.0464946
1 0.00741468 0.0092166
0 0 0.00179204
1 0.0161353 0.0179041
1 0.0168787 0.0186363
2 0.0559861 0.0577404
0 0 0.00175072
0 0 0.0017448
1 0.0255301 0.0272677
1 0.0158124 0.0175435
1 0.0672108 0.06893
0 0 0.00171323
1 0.0305808 0.0322866
1 0.0253353 0.0270198
1 0.00807151 0.00974201
1 0.0106219 0.0122668
1 0.0119839 0.0135881
1 0.016394 0.017916
1 0.0740068 0.0755163
1 0.033017 0.034517
0 0 0.00148757
0 0 0.00145379
1 0.0490426 0.0504868
0 0 0.00143183
1 0.0404682 0.0418984
2 0.0261488 0.0275782
1 0.0240838 0.0255105
1 0.0282768 0.0297011
0 0 0.00140396
1 0.0301049 0.0315073
0 0 0.00139023
1 0.0883805 0.0897472
1 0.0293193 0.0306773
0 0 0.00133267
0 0 0.00129238
0 0 0.00127348
1 0.0679526 0.0692191
1 0.0161922 0.0174493
1 0.0248081 0.0260569
2 0.375514 0.376755
2 0.182623 0.183841
1 0.0824763 0.0836755
0 0 0.00119892
0 0 0.00119466
1 0.0931079 0.0942758
0 0 0.00115841
1 0.00615146 0.00729872
2 0.028783 0.0299196
1 0.0263254 0.0274447
1 0.00640269 0.00752081
1 0.0252076 0.0263196
1 0.295188 0.296291
0 0 0.00108715
1 0.0395232 0.0405624
0 0 0.00100934
2 0.0947599 0.0957519
1 0.0162274 0.0172083
1 0.0862412 0.0872196
1 0.0187766 0.01975
1 0.00751525 0.00848248
2 0.434589 0.435549
1 0.0549124 0.0558695
1 0.025641 0.0265959
1 0.207808 0.208761
1 0.0103629 0.0113104
1 0.0775892 0.0785218
1 0.0185492 0.0194755
1 0.0316634 0.0325777
1 0.00590231 0.0068142
1 0.0111639 0.0120695
0 0 0.000902671
0 0 0.000895813
1 0.407612 0.408506
0 0 0.000878047
1 0.0290828 0.0299357
1 0.0154835 0.016317
2 0.0673899 0.0682068
1 0.0158474 0.0166532
1 0.02596 0.0267618
1 0.0163382 0.0171232
0 0 0.000783374
0 0 0.000755587
1 0.0176224 0.0183727
0 0 0.000748816
1 0.0196723 0.0204161
1 0.0051347 0.00586401
0 0 0.00071907
1 0.00616957 0.00688023
1 0.0084324 0.0091349
1 0.00736074 0.00805559
0 0 0.00069407
1 0.0210886 0.0217809
1 0.00973403 0.0104199
0 0 0.000682644
1 0.02472 0.0254004
1 0.0539771 0.0546402
1 0.00442759 0.0050877
1 0.0216098 0.0222626
2 0.207605 0.208249
1 0.00469778 0.00533366
1 0.00522783 0.00585842
1 0.0230009 0.0236289
1 0.0317707 0.0323978
1 0.0403531 0.0409796
2 0.0391497 0.0397416
1 0.0430438 0.0436304
2 0.0332639 0.0338402
1 0.0151318 0.0157016
1 0.164441 0.164991
1 0.0159287 0.0164759
1 0.0551133 0.0556549
2 0.0406055 0.0411397
1 0.0640628 0.0645882
1 0.0188126 0.0193349
2 0.322696 0.323217
0 0 0.000518214
1 0.0174959 0.0180022
1 0.00601758 0.00652261
2 0.00927685 0.00977727
0 0 0.000488272
1 0.00358435 0.00406933
2 0.035235 0.0357168
1 0.00402833 0.0045062
1 0.00397237 0.00444612
1 0.0111729 0.011644
1 0.0459241 0.0463923
1 0.00200824 0.00247597
2 0.0635592 0.0640134
2 0.0602412 0.0606861
2 0.0190551 0.0194991
1 0.010787 0.0112268
1 0.0330179 0.0334573
1 0.0084284 0.00886573
1 0.0292782 0.0297065
0 0 0.00042714
1 0.00841864 0.00883866
2 0.0180705 0.0184836
1 0.0536833 0.0540947
1 0.0090618 0.00946925
1 0.0111506 0.0115482
1 0.0130829 0.0134506
1 0.00787978 0.00824721
1 0.0249255 0.0252904
2 0.0341375 0.0344934
2 0.0288893 0.0292446
1 0.00813268 0.00848415
2 0.0303277 0.0306748
2 0.502902 0.503247
1 0.0228688 0.0232016
2 0.0390165 0.0393449
0 0 0.000326504
1 0.00376208 0.00408856
1 0.00195726 0.00227546
2 0.0447041 0.0450209
1 0.0358322 0.0361438
2 0.00999959 0.0103081
1 0.0129842 0.0132741
1 0.0507402 0.0510289
1 0.0290052 0.0292927
1 0.0388661 0.0391445
1 0.00655229 0.00682867
1 0.0067162 0.00699149
1 0.00798292 0.00825349
1 0.0211208 0.0213769
1 0.00431438 0.00456332
1 0.0242081 0.0244562
1 0.00667725 0.0069222
1 0.00964012 0.00988351
1 0.0384136 0.0386473
1 0.00745035 0.0076748
1 0.00767543 0.00789933
2 0.105961 0.106184
1 0.00343719 0.00365925
2 0.0287373 0.0289558
2 0.0201406 0.020359
1 0.0261951 0.0264126
1 0.0687518 0.0689689
1 0.0716384 0.0718528
1 0.002925 0.00313164
1 0.0131178 0.0133238
1 0.00410011 0.00430283
1 0.0205803 0.0207822
2 0.0232221 0.0234235
1 0.00564124 0.00583629
0 0 0.000193343
0 0 0.000192848
1 0.00453853 0.00472927
2 0.0390802 0.0392703
1 0.0176373 0.0178244
1 0.00568537 0.0058696
2 0.0947005 0.094877
2 0.0337471 0.0339151
2 0.0539738 0.0541387
1 0.0445013 0.044657
1 0.0451402 0.0452875
1 0.00584458 0.00599114
1 0.0192677 0.0194124
1 0.055479 0.0556148
2 0.663956 0.664091
1 0.00517578 0.00530766
1 0.00688229 0.00700918
1 0.0182054 0.018329
1 0.0262769 0.0263974
1 0.0221208 0.0222413
2 0.0473859 0.0475042
2 0.0356117 0.0357278
1 0.162383 0.162495
2 0.0460991 0.0462084
2 0.0265195 0.0266214
1 0.00458693 0.00468545
2 0.0673554 0.0674492
1 0.0319192 0.0320111
2 0.146916 0.147005
2 0.035041 0.0351293
1 0.00958435 0.00967216
1 0.0246939 0.0247785
1 0.0097884 0.00987042
2 0.0893211 0.089403
2 0.0406199 0.0407003
1 0.0597618 0.0598393
2 0.0186838 0.0187596
2 0.0085225 0.00859567
1 0.00988722 0.00995574
2 0.0238273 0.0238906
2 0.0132859 0.0133489
1 0.0402287 0.0402882
1 0.14136 0.141419
2 0.0603969 0.0604555
1 0.0806397 0.0806973
1 0.0196239 0.0196812
1 0.0336505 0.0337043
1 0.0410375 0.0410907
1 0.00163808 0.00168893
1 0.0100696 0.0101191
2 0.0326699 0.0327178
2 0.04587 0.045917
2 0.0318797 0.0319259
1 0.00740417 0.00745041
2 0.136585 0.136629
1 0.0270375 0.0270812
1 0.06451 0.064553
1 0.0187456 0.0187876
2 0.017625 0.0176656
1 0.0205012 0.0205405
2 0.082216 0.0822547
1 0.0109694 0.0110064
1 0.0181078 0.0181431
2 0.0406052 0.0406381
2 0.145992 0.146025
2 0.0569388 0.0569712
1 0.0374445 0.037476
2 0.0602667 0.0602979
2 0.058841 0.0588701
1 0.00933535 0.00936403
1 0.0863651 0.0863883
1 0.0587031 0.0587248
2 0.0194626 0.0194843
1 0.00879069 0.00881099
1 0.371265 0.371284
1 0.0306984 0.0307161
1 0.00813779 0.00815526
2 0.0568461 0.0568634
2 0.0588888 0.058906
2 0.038214 0.0382303
2 0.0228241 0.0228381
1 0.0454776 0.0454916
2 0.251617 0.25163
2 0.00938169 0.00939427
1 0.0379718 0.0379835
2 0.0343131 0.0343248
1 0.0282742 0.0282859
1 0.163076 0.163088
1 0.177894 0.177905
2 0.0316464 0.0316565
1 0.0047599 0.00476934
2 0.0238547 0.023864
2 0.039078 0.0390857
1 0.0311797 0.0311871
1 0.0451455 0.0451521
1 0.000849448 0.000855548
1 0.136434 0.13644
2 0.075464 0.0754693
1 0.192722 0.192727
2 0.034466 0.0344703
2 0.0324154 0.032419
2 0.184319 0.184322
2 0.0225567 0.0225602
1 0.0445096 0.0445128
1 0.0163659 0.0163686
2 0.0118835 0.0118862
1 0.0124001 0.0124027
1 0.0053726 0.00537513
2 0.0188059 0.0188079
1 0.0202797 0.0202817
1 0.47876 0.478762
2 0.0084016 0.00840313
1 0.0165945 0.016596
2 0.0311936 0.0311949
2 0.0285998 0.028601
2 0.0265699 0.026571
1 0.0694097 0.0694106
1 0.0333871 0.0333879
2 0.00915041 0.00915089
2 0.0257034 0.0257037
1 0.010285 0.0102853
2 0.00511105 0.00511123
1 0.0500193 0.0500194
1 0.0018069 0.00180704
2 0.0500221 0.0500221
