0 0 inf
0 0 0.172728
0 0 0.150839
0 0 0.118199
1 0.0611488 0.177353
1 0.160062 0.275975
1 0.0505342 0.147584
0 0 0.0823312
0 0 0.0809222
0 0 0.0803977
0 0 0.0778482
1 0.0326319 0.1091
1 0.107598 0.18357
1 0.0905685 0.159609
1 0.168852 0.231312
0 0 0.0582523
0 0 0.0581413
0 0 0.0552621
0 0 0.0526637
0 0 0.0522112
0 0 0.0505686
1 0.152474 0.201285
0 0 0.0451394
0 0 0.0451118
0 0 0.0450127
1 0.123944 0.165754
0 0 0.0410624
0 0 0.0389377
0 0 0.0380219
1 0.100145 0.13749
1 0.226243 0.263115
1 0.091844 0.128319
0 0 0.0338248
0 0 0.033123
0 0 0.0322318
0 0 0.0319493
0 0 0.0313582
0 0 0.0309281
1 0.194475 0.224865
0 0 0.0302285
1 0.0966324 0.126442
0 0 0.0294262
0 0 0.0287617
0 0 0.0286886
1 0.0388523 0.0673551
0 0 0.0276225
0 0 0.0269829
0 0 0.0263906
1 0.141877 0.167876
1 0.182701 0.208589
1 0.0618505 0.0868852
0 0 0.0226416
1 0.0159715 0.0370573
0 0 0.0205959
1 0.0208463 0.0409634
0 0 0.019996
1 0.0222513 0.0419695
0 0 0.0197106
0 0 0.0195805
1 0.105973 0.125232
0 0 0.0192329
0 0 0.0189032
2 0.234895 0.253133
0 0 0.0181405
0 0 0.0180097
1 0.0535961 0.0711862
0 0 0.0170487
1 0.0778557 0.0948802
0 0 0.0168834
2 0.295236 0.311693
0 0 0.0162359
0 0 0.0161974
0 0 0.0153928
0 0 0.0153706
0 0 0.0150126
1 0.0221919 0.0367458
0 0 0.0141895
0 0 0.0140841
0 0 0.0140009
1 0.0458353 0.0598044
0 0 0.0137608
1 0.0334328 0.0471921
0 0 0.013699
0 0 0.0131939
0 0 0.0131378
1 0.138945 0.152079
0 0 0.0129989
0 0 0.012874
0 0 0.012855
1 0.0598644 0.0725093
0 0 0.0125308
2 0.19058 0.202785
0 0 0.0121578
0 0 0.0119363
0 0 0.0117661
0 0 0.0116988
0 0 0.0116541
1 0.170097 0.181722
1 0.125155 0.136744
1 0.0775674 0.0890813
0 0 0.0115089
1 0.112657 0.123701
0 0 0.0109167
0 0 0.010773
1 0.0909809 0.101406
0 0 0.0103878
0 0 0.0103635
0 0 0.0102072
0 0 0.009971
2 0.0715985 0.0813896
1 0.0530139 0.0627364
0 0 0.00964898
1 0.0152681 0.0249035
0 0 0.00963104
0 0 0.00918366
0 0 0.00902602
1 0.0607096 0.0697316
0 0 0.00894316
0 0 0.00872924
1 0.0203564 0.028967
1 0.0878019 0.0963975
1 0.0318846 0.0403343
0 0 0.00843811
0 0 0.00822523
0 0 0.00817866
0 0 0.00813212
0 0 0.00790537
0 0 0.00788893
0 0 0.00783354
0 0 0.00781596
0 0 0.00771727
0 0 0.0076701
1 0.0346966 0.0423331
1 0.0131294 0.0207606
0 0 0.00754707
0 0 0.00753871
0 0 0.0074647
0 0 0.00730153
0 0 0.00714763
1 0.0128295 0.0198703
0 0 0.00700095
0 0 0.00699136
1 0.0101665 0.0170843
0 0 0.0067577
0 0 0.00674292
0 0 0.00670077
1 0.0929545 0.0995588
0 0 0.00658375
2 0.104981 0.11156
0 0 0.00650421
0 0 0.00645958
1 0.130377 0.136816
1 0.0447118 0.0511461
0 0 0.00634854
1 0.14537 0.15171
1 0.238807 0.245144
0 0 0.00622383
1 0.126389 0.132524
0 0 0.00606148
2 0.0965819 0.102628
0 0 0.00602729
2 0.196243 0.202172
0 0 0.00592595
0 0 0.00591693
0 0 0.00590852
0 0 0.00588682
1 0.0364626 0.0422049
1 0.0531885 0.0588546
1 0.140751 0.146378
0 0 0.00560587
1 0.0333994 0.0389873
0 0 0.00556361
1 0.0222708 0.0276924
0 0 0.00537093
2 0.284473 0.289797
2 0.181638 0.186758
0 0 0.00507917
1 0.0595531 0.0645945
0 0 0.00502208
1 0.0127073 0.0176982
1 0.0351282 0.0401178
0 0 0.00490512
0 0 0.00488948
1 0.0383013 0.0431601
0 0 0.00484407
1 0.0184946 0.0232965
0 0 0.00469476
1 0.0547896 0.0594043
1 0.00916565 0.0137555
2 0.0437845 0.0483053
1 0.0884951 0.0928667
0 0 0.00435995
1 0.129869 0.134217
0 0 0.00424315
1 0.0275416 0.0317663
0 0 0.00422297
0 0 0.00420424
1 0.0146805 0.0188111
0 0 0.00409816
1 0.0450986 0.0491584
1 0.150695 0.154744
1 0.0643817 0.0683894
0 0 0.00399412
1 0.172954 0.17691
1 0.0474089 0.0513024
1 0.0302943 0.0341538
0 0 0.00380628
0 0 0.0037586
0 0 0.00375224
0 0 0.00374713
0 0 0.00374027
0 0 0.003733
0 0 0.00370281
1 0.0214264 0.0250593
1 0.01834 0.0219378
0 0 0.00359374
0 0 0.00355981
0 0 0.00355692
0 0 0.003402
0 0 0.00338996
1 0.00998078 0.0133586
0 0 0.00337655
1 0.016392 0.0197491
0 0 0.00334325
0 0 0.00333867
1 0.017018 0.0203535
1 0.0192852 0.022619
0 0 0.00324067
0 0 0.00324018
0 0 0.00322041
1 0.0135227 0.0167073
1 0.117 0.120176
1 0.00534682 0.0083998
0 0 0.00304721
1 0.101386 0.104364
1 0.115651 0.118612
1 0.0845414 0.0874903
1 0.00775083 0.0106837
0 0 0.00291982
1 0.0694514 0.0723698
0 0 0.00284239
0 0 0.00281869
0 0 0.00279269
0 0 0.00277028
0 0 0.00276223
0 0 0.00272641
1 0.0984964 0.101203
1 0.125951 0.128638
0 0 0.00265571
0 0 0.00265204
0 0 0.00265032
1 0.375107 0.377734
0 0 0.00262276
1 0.0262425 0.0287843
0 0 0.0025021
0 0 0.00249231
0 0 0.00248997
1 0.0304081 0.0328874
1 0.0304077 0.0328628
0 0 0.00245232
1 0.0387976 0.0412479
0 0 0.00244792
0 0 0.00244727
1 0.184535 0.186936
2 0.283499 0.285898
2 0.183629 0.18602
1 0.0237176 0.0260878
0 0 0.00235963
0 0 0.00233248
1 0.00793302 0.0102562
0 0 0.00228118
1 0.0560708 0.0583027
1 0.0286085 0.0308243
0 0 0.00220191
1 0.0204577 0.0226334
1 0.0102622 0.0124347
1 0.0882795 0.0904416
1 0.0385804 0.0407131
0 0 0.0021139
1 0.0247397 0.0268506
2 0.178305 0.180373
2 0.171402 0.173469
1 0.0208374 0.0228827
1 0.0142497 0.0162882
1 0.0381425 0.0401565
1 0.0187689 0.0207796
1 0.25398 0.255975
1 0.0228342 0.0248195
1 0.0603238 0.062292
1 0.274665 0.276629
1 0.00648997 0.00843934
0 0 0.00194807
1 0.0214158 0.0233489
1 0.0199517 0.0218227
0 0 0.00180884
0 0 0.00179865
2 0.0430935 0.0448859
0 0 0.001763
0 0 0.00174409
0 0 0.00174243
2 0.108688 0.110421
1 0.0127636 0.0144882
1 0.0192686 0.0209731
1 0.008142 0.00983553
1 0.0663726 0.0680216
1 0.00565218 0.00730041
1 0.017267 0.0189084
1 0.0324091 0.0340472
2 0.237538 0.239159
2 0.220301 0.221901
0 0 0.00157183
0 0 0.00156744
2 0.103905 0.105407
1 0.0762095 0.0776824
1 0.0121165 0.0135428
1 0.00692581 0.00835103
1 0.00789486 0.00929578
1 0.102417 0.103817
2 0.138555 0.139952
1 0.0179802 0.0193658
0 0 0.00137046
1 0.0407075 0.0420639
1 0.0388766 0.0402282
0 0 0.00134732
0 0 0.00131992
2 0.0484125 0.0497249
0 0 0.00130508
0 0 0.00129652
1 0.0256299 0.0269214
1 0.0107431 0.012016
1 0.0446783 0.0459303
1 0.0365316 0.0377763
0 0 0.0012224
2 0.0458833 0.0471057
0 0 0.00121151
1 0.0305241 0.0317301
0 0 0.00120124
0 0 0.00117927
1 0.00431185 0.00548402
1 0.105094 0.106235
0 0 0.00114036
1 0.0146801 0.015814
0 0 0.00113096
1 0.0616336 0.0627592
1 0.0126375 0.0137441
0 0 0.0010638
1 0.0965641 0.0976226
0 0 0.00105281
1 0.0217269 0.0227444
1 0.016262 0.017272
1 0.0878613 0.0888671
0 0 0.000998663
0 0 0.000983477
1 0.0424024 0.0433658
2 0.0148989 0.0158611
1 0.0407177 0.0416793
1 0.00809038 0.00904189
2 0.0421602 0.0431115
1 0.0162716 0.0171791
1 0.0332931 0.0341893
1 0.0130332 0.0139142
2 0.132735 0.133584
1 0.0655582 0.0664036
1 0.146334 0.147168
1 0.0329118 0.0337392
1 0.00813811 0.00895695
2 0.0292285 0.0300401
1 0.0598524 0.0606632
0 0 0.000791013
1 0.0116615 0.0124523
2 0.0255082 0.0262945
1 0.0922431 0.0930248
0 0 0.000775035
1 0.0116825 0.0124569
1 0.0185396 0.0193029
1 0.00271858 0.00348165
1 0.0167672 0.017515
1 0.0163524 0.0170955
1 0.0133517 0.0140895
2 0.073845 0.0745807
1 0.0172262 0.017953
1 0.00742027 0.00813291
1 0.00815415 0.00885824
1 0.01066 0.0113507
0 0 0.000681461
2 0.310965 0.311633
2 0.0347709 0.0354345
1 0.0333661 0.0340279
2 0.10488 0.105531
0 0 0.000648937
1 0.0353349 0.0359805
0 0 0.000641514
0 0 0.000638088
0 0 0.00062399
1 0.00734482 0.0079688
1 0.174929 0.17552
2 0.07816 0.0787476
1 0.00465203 0.00523066
1 0.0107219 0.0112816
1 0.163413 0.163971
1 0.024032 0.0245887
0 0 0.000556735
1 0.01464 0.015196
2 0.0278428 0.0283694
2 0.046026 0.0465509
1 0.0528144 0.053338
1 0.0600407 0.0605582
0 0 0.000511364
1 0.0150066 0.0155158
1 0.012298 0.012797
1 0.0209921 0.0214546
1 0.00343376 0.00388891
1 0.0222216 0.0226721
1 0.0226603 0.0231062
0 0 0.000432407
1 0.0131394 0.0135694
1 0.0220964 0.022526
1 0.0872529 0.0876821
1 0.00436933 0.00479519
2 0.0724764 0.0728914
0 0 0.000412073
1 0.00504063 0.00544679
1 0.00755317 0.00795333
1 0.0414018 0.0417862
1 0.0314346 0.0318095
1 0.0180716 0.018442
2 0.029171 0.0295377
1 0.00884023 0.00919792
1 0.0538211 0.0541749
1 0.0108395 0.0111839
1 0.0126245 0.0129685
1 0.0144321 0.0147758
1 0.0055056 0.00584901
1 0.00510184 0.00543811
2 0.0976291 0.097965
2 0.0264282 0.0267616
1 0.0270439 0.0273767
1 0.00852847 0.0088486
2 0.0500367 0.0503476
1 0.0197727 0.0200737
1 0.00887248 0.00917279
1 0.00446484 0.004762
1 0.0257215 0.0260183
1 0.009671 0.00995395
2 0.0172822 0.0175586
1 0.0445988 0.0448752
1 0.25712 0.257396
0 0 0.000268909
2 0.140839 0.141089
1 0.0755225 0.0757696
2 0.0892834 0.0895267
2 0.0304774 0.0307188
1 0.224611 0.224849
2 0.137584 0.137819
1 0.010434 0.0106677
1 0.00805514 0.00828392
1 0.0222874 0.0225106
2 0.0154493 0.0156712
1 0.0127178 0.0129351
2 0.134789 0.134996
1 0.0052012 0.00540241
1 0.00323553 0.00343663
1 0.0385575 0.0387585
1 0.0122235 0.0124244
2 0.0218858 0.0220799
1 0.00518608 0.00537924
1 0.00343909 0.00360372
1 0.00993125 0.0100952
1 0.021313 0.0214754
1 0.0319863 0.0321471
1 0.017218 0.0173733
2 0.16072 0.160869
1 0.0227105 0.0228575
2 0.164898 0.165044
1 0.0148452 0.0149865
1 0.0185911 0.0187278
1 0.00296706 0.00309637
2 0.0698287 0.0699579
2 0.0527203 0.0528454
2 0.0412334 0.0413576
1 0.0554036 0.0555275
1 0.00268381 0.00280663
2 0.060429 0.0605517
1 0.000625258 0.000747989
2 0.0226523 0.0227708
1 0.00396202 0.00407908
2 0.0211181 0.021235
2 0.339167 0.339281
1 0.0118042 0.0119183
1 0.00711575 0.0072277
2 0.0722258 0.0723338
1 0.0149151 0.0150214
1 0.226086 0.226188
1 0.0212391 0.021339
1 0.0132822 0.013368
2 0.0464319 0.0465162
1 0.0131861 0.01327
2 0.00580518 0.00588864
1 0.157464 0.15754
1 0.14047 0.140545
1 0.0195469 0.0196197
1 0.124964 0.125035
1 0.00835151 0.00841944
1 0.048601 0.0486682
1 0.113928 0.113993
1 0.0263394 0.0263998
2 0.0348868 0.0349465
2 0.0555396 0.0555992
1 0.0332756 0.0333345
2 0.0541587 0.0542175
1 0.113312 0.11337
1 0.0219951 0.0220531
2 0.0306147 0.0306722
1 0.00445516 0.00451191
1 0.0595595 0.0596082
1 0.00718482 0.0072328
1 0.00607226 0.00611809
2 0.124148 0.124194
1 0.0118743 0.0119187
2 0.0125498 0.0125929
1 0.0320571 0.0320986
2 0.0358943 0.0359356
2 0.163977 0.164018
1 0.00437163 0.00440962
1 0.0255849 0.0256223
1 0.0432727 0.0433097
1 0.0360572 0.0360934
1 0.0204262 0.020462
1 0.204036 0.204071
1 0.0129779 0.0130131
2 0.0107834 0.0108152
2 0.0418406 0.0418721
1 0.0339039 0.0339337
2 0.0998853 0.0999144
1 0.0234288 0.0234573
1 0.0313139 0.0313418
1 0.136563 0.136589
2 0.0552464 0.055273
1 0.00276924 0.00279562
2 0.00437924 0.00440456
1 0.137388 0.137413
1 0.165263 0.165286
2 0.0305752 0.0305982
1 0.0123631 0.0123855
2 0.0213544 0.0213767
1 0.00799371 0.00801525
1 0.063096 0.0631172
1 0.0155868 0.0156079
1 0.0335699 0.0335892
2 0.276793 0.276811
2 0.330999 0.331017
1 0.00626358 0.00628065
2 0.054725 0.0547414
1 0.00577876 0.0057946
1 0.0121679 0.0121821
2 0.0195026 0.0195165
2 0.0263486 0.0263623
1 0.0455881 0.0456018
1 0.0201813 0.0201945
2 0.0156873 0.0156995
1 0.0171104 0.0171218
2 0.0124965 0.0125077
1 0.00382531 0.00383643
1 0.00962057 0.00963167
1 0.0608442 0.060854
2 0.0392804 0.0392899
2 0.0157455 0.015755
2 0.0305005 0.0305078
1 0.0033153 0.00332262
1 0.00586525 0.00587131
2 0.0608855 0.0608909
1 0.0254864 0.0254915
2 0.0299448 0.0299498
2 0.0516536 0.0516583
1 0.0105177 0.0105224
2 0.114336 0.11434
1 0.0698154 0.0698184
2 0.00585902 0.00586169
1 0.0774946 0.0774972
1 0.020389 0.0203911
2 0.0126829 0.0126848
1 0.0129675 0.0129694
2 0.0150249 0.0150268
1 0.00911648 0.00911829
1 0.0216205 0.0216222
1 0.0326541 0.0326555
2 0.00900266 0.00900335
2 0.0137104 0.0137109
1 0.0115117 0.0115121
1 0.147577 0.147577
1 0.0139555 0.0139558
2 0.253088 0.253088
2 0.0321851 0.0321853
