0 0 inf
0 0 0.189075
0 0 0.180401
1 0.0619879 0.199717
1 0.108354 0.222955
1 0.272047 0.37517
1 0.102412 0.196029
0 0 0.0913836
0 0 0.0907251
1 0.0769509 0.136262
0 0 0.0578896
1 0.0458276 0.103001
1 0.131015 0.187435
1 0.102838 0.158053
0 0 0.0542631
0 0 0.050945
0 0 0.0496711
0 0 0.0482301
0 0 0.0480174
0 0 0.0463532
0 0 0.0450063
0 0 0.0409708
1 0.090738 0.130432
0 0 0.0391701
0 0 0.038974
0 0 0.037911
0 0 0.0373889
0 0 0.0368301
0 0 0.0367446
0 0 0.0356236
1 0.0866014 0.12214
1 0.0486545 0.0835013
0 0 0.0347742
0 0 0.034679
0 0 0.0346138
1 0.0540943 0.0885145
0 0 0.0329122
0 0 0.0315791
0 0 0.0309387
1 0.0380418 0.0675322
0 0 0.0287266
1 0.309586 0.337901
2 0.123864 0.151901
1 0.0789464 0.106073
0 0 0.026861
0 0 0.0266549
1 0.107533 0.133223
0 0 0.0256628
0 0 0.0254076
1 0.131753 0.156929
0 0 0.0250314
0 0 0.0247174
0 0 0.0241466
0 0 0.0233528
0 0 0.0222456
0 0 0.0217219
0 0 0.0216066
1 0.0259985 0.0474612
0 0 0.021125
0 0 0.0207611
0 0 0.0205889
0 0 0.0202844
1 0.033724 0.0539347
0 0 0.0191983
1 0.0608793 0.0792316
0 0 0.0182325
0 0 0.0182279
1 0.0481916 0.0661404
1 0.0859786 0.103694
0 0 0.01696
0 0 0.0166075
0 0 0.0160915
0 0 0.0153052
0 0 0.0151644
0 0 0.0150472
0 0 0.0148092
1 0.0588751 0.0734967
1 0.0704112 0.0849865
1 0.065486 0.0798591
1 0.0490138 0.0632513
0 0 0.0138015
0 0 0.0137719
0 0 0.0135966
1 0.175533 0.189042
1 0.0456212 0.0588582
0 0 0.013231
1 0.0366304 0.0493692
0 0 0.0124524
0 0 0.0120316
0 0 0.0117762
1 0.0795882 0.0912674
0 0 0.0114619
0 0 0.0114161
0 0 0.0113497
0 0 0.0112977
0 0 0.0112034
0 0 0.011011
1 0.0207749 0.031496
0 0 0.0106262
0 0 0.0103645
0 0 0.0102675
0 0 0.0102413
1 0.104041 0.114226
1 0.103718 0.113838
0 0 0.00979787
1 0.0267137 0.0364713
0 0 0.00969732
0 0 0.00966005
1 0.0292466 0.0387422
1 0.0907203 0.099808
0 0 0.00907364
0 0 0.00904617
1 0.0325166 0.0415446
0 0 0.00872247
1 0.0608789 0.0695372
0 0 0.00855482
0 0 0.00841188
1 0.374605 0.382847
0 0 0.00821665
0 0 0.00819489
0 0 0.00811727
2 0.160754 0.168827
1 0.024312 0.0322766
0 0 0.00772428
0 0 0.00766301
0 0 0.00763297
0 0 0.00755685
0 0 0.00754803
0 0 0.00748408
0 0 0.00747792
0 0 0.00746554
0 0 0.00746235
0 0 0.00743508
0 0 0.00743342
0 0 0.00742968
0 0 0.00737424
0 0 0.00731914
0 0 0.00722558
0 0 0.00702953
1 0.0216821 0.0286879
1 0.0382698 0.0452079
2 0.0921979 0.0991336
1 0.0478552 0.0547387
0 0 0.00661958
0 0 0.00653593
1 0.0264133 0.0329209
1 0.0178404 0.024291
0 0 0.00624906
0 0 0.00615165
0 0 0.00607802
0 0 0.00606526
0 0 0.00586133
0 0 0.00584448
1 0.068306 0.0741143
0 0 0.00568226
0 0 0.00563235
1 0.0146016 0.0202327
1 0.0371439 0.04276
0 0 0.00559782
1 0.0513883 0.0569212
0 0 0.0054965
1 0.0130221 0.0185129
0 0 0.00547616
1 0.0133082 0.0187292
0 0 0.005361
2 0.0740179 0.0792935
0 0 0.00527002
1 0.137899 0.143121
0 0 0.00521133
0 0 0.00515524
0 0 0.0051272
0 0 0.00512185
1 0.0277478 0.0327437
0 0 0.00497945
0 0 0.00491768
0 0 0.00487857
0 0 0.004866
0 0 0.00486268
1 0.155527 0.160369
0 0 0.00483631
0 0 0.00475273
0 0 0.00467246
2 0.116105 0.12074
1 0.0242895 0.0288767
1 0.0537373 0.0583184
0 0 0.00455214
1 0.0130343 0.0175685
1 0.0175963 0.0221122
1 0.0221345 0.0266453
0 0 0.0044977
0 0 0.00440561
0 0 0.0043934
0 0 0.00435895
0 0 0.00433491
0 0 0.00433444
0 0 0.0043342
1 0.027302 0.0316237
1 0.0557995 0.0601112
0 0 0.00423168
0 0 0.00420668
1 0.0145288 0.0187189
0 0 0.00416838
0 0 0.00416045
0 0 0.00408218
0 0 0.00405647
0 0 0.00404073
0 0 0.00400377
0 0 0.00399243
1 0.0637335 0.0676931
1 0.0579934 0.0619516
1 0.00876498 0.0126695
1 0.0104055 0.0142406
1 0.138918 0.142718
1 0.182767 0.186566
0 0 0.00376029
1 0.0173696 0.0210839
0 0 0.00363829
0 0 0.00363272
1 0.0157115 0.0193437
1 0.025402 0.0289984
0 0 0.00352295
0 0 0.00351928
0 0 0.00348358
0 0 0.00347215
0 0 0.00339981
1 0.012291 0.015687
1 0.0801396 0.083493
2 0.0680062 0.0713269
1 0.0450215 0.0482693
1 0.0145601 0.0175765
1 0.0305133 0.0335095
0 0 0.00299387
1 0.062239 0.0652284
1 0.00972125 0.0127098
0 0 0.00296862
0 0 0.00296093
1 0.0582482 0.0612012
1 0.0198305 0.022731
1 0.0420498 0.0449346
0 0 0.00285104
0 0 0.0028296
0 0 0.00280793
1 0.0402153 0.0429956
1 0.0581195 0.0608907
1 0.0163196 0.0190694
1 0.0619508 0.0646881
0 0 0.00273625
2 0.0415454 0.0442703
0 0 0.00271704
1 0.0164915 0.0192056
0 0 0.002694
1 0.0420845 0.0447174
1 0.0144882 0.0171031
0 0 0.00260904
0 0 0.0025893
0 0 0.00257293
1 0.0212566 0.0238278
1 0.0178488 0.0204122
2 0.243928 0.246486
1 0.0769401 0.0794809
0 0 0.00253243
0 0 0.00246545
0 0 0.0024621
1 0.0135228 0.0159649
1 0.0712285 0.073661
0 0 0.00241806
0 0 0.00241425
1 0.0144633 0.0168683
0 0 0.00240191
1 0.116549 0.118897
1 0.0421422 0.044483
0 0 0.00227292
2 0.2238 0.226059
2 0.141424 0.14361
0 0 0.00215814
2 0.246472 0.248624
1 0.019672 0.0218045
0 0 0.00208246
2 0.0194864 0.0215648
2 0.0640787 0.0661507
1 0.0114407 0.0134792
0 0 0.002033
0 0 0.00200347
1 0.0330935 0.0350812
1 0.0603881 0.0623697
1 0.00818312 0.0101574
0 0 0.00190834
0 0 0.00189579
1 0.0627371 0.0645843
0 0 0.00182214
1 0.0100636 0.0118841
2 0.073278 0.0750744
1 0.0427737 0.0445636
1 0.0513553 0.0530958
2 0.0634187 0.065159
1 0.00624316 0.00798299
0 0 0.00165965
1 0.0124071 0.0140434
0 0 0.00163475
0 0 0.00159251
1 0.00825094 0.00984045
1 0.111386 0.112973
1 0.00860576 0.0101874
1 0.0306029 0.032169
1 0.0142391 0.0158042
1 0.00913728 0.0106648
1 0.017721 0.0192214
1 0.0530906 0.0545738
2 0.0800038 0.0814798
1 0.115769 0.117214
0 0 0.00138964
1 0.0269504 0.0283373
1 0.0674927 0.0688782
1 0.0563123 0.0576896
0 0 0.00136966
1 0.0398814 0.0412437
2 0.0668057 0.0681564
1 0.00363668 0.00497494
1 0.0893288 0.0906642
1 0.0647526 0.0660866
1 0.0154724 0.0167967
0 0 0.00122278
2 0.237705 0.238916
0 0 0.00119462
1 0.142408 0.1436
1 0.0427765 0.0439604
0 0 0.00117935
1 0.0182371 0.019411
0 0 0.00116447
1 0.00297629 0.00412208
2 0.0853341 0.086472
2 0.0214226 0.0225422
1 0.00855979 0.00967615
0 0 0.00107113
0 0 0.00106645
0 0 0.0010389
1 0.0641297 0.0651594
1 0.0183308 0.0193575
2 0.0439756 0.0450009
1 0.0086998 0.00970105
1 0.0482913 0.0492854
1 0.0064619 0.007436
1 0.107816 0.108789
0 0 0.000965044
1 0.00875272 0.00971393
1 0.300165 0.301113
1 0.00714783 0.00809327
0 0 0.000908683
0 0 0.000894536
1 0.0692981 0.0701911
1 0.0521478 0.0530211
1 0.0110169 0.0118856
1 0.0284129 0.0292449
2 0.144241 0.145065
0 0 0.000810827
1 0.0248462 0.025653
1 0.0187118 0.0195129
2 0.0333626 0.0341543
0 0 0.000790451
2 0.0903438 0.0911251
2 0.0773387 0.0781051
1 0.00877554 0.00953784
1 0.0367605 0.0375133
2 0.0472363 0.047989
2 0.0239228 0.0246439
1 0.0125946 0.0132726
2 0.142005 0.142679
1 0.0370279 0.0377004
0 0 0.000670628
1 0.0108142 0.0114823
1 0.0434627 0.044125
1 0.0226068 0.0232577
2 0.0291112 0.029756
2 0.033719 0.0343493
1 0.00549966 0.00612368
1 0.0104294 0.0110346
1 0.011282 0.0118776
1 0.0277176 0.0283103
1 0.0177553 0.0183446
2 0.360506 0.361077
2 0.382876 0.383446
1 0.00659676 0.00716272
1 0.00825535 0.00881459
1 0.00965735 0.0102113
2 0.055617 0.0561539
1 0.00893944 0.00946635
1 0.00745848 0.00797718
1 0.00707231 0.00757842
2 0.0500469 0.0505525
1 0.103626 0.104123
1 0.0188844 0.0193802
1 0.0111993 0.0116835
1 0.0169529 0.0174343
1 0.0120834 0.0125555
1 0.0465529 0.0470052
1 0.0292035 0.0296532
1 0.0969432 0.0973928
1 0.0109624 0.0114065
2 0.115763 0.116191
1 0.0117712 0.0121958
0 0 0.000416869
1 0.068745 0.0691478
2 0.14299 0.14339
2 0.0182541 0.018651
1 0.0335786 0.0339734
1 0.00228138 0.00267267
2 0.0229118 0.0232894
1 0.157322 0.157698
1 0.0171577 0.0175263
1 0.0085922 0.0089596
1 0.0682966 0.0686627
2 0.0195001 0.0198657
0 0 0.000363457
1 0.00206163 0.00241841
1 0.00369779 0.00405229
1 0.134034 0.134389
2 0.167285 0.167634
0 0 0.000340906
1 0.0155001 0.0158314
1 0.0193804 0.0197022
1 0.0709193 0.0712384
0 0 0.000311194
1 0.339395 0.339705
2 0.226956 0.227264
1 0.0753322 0.0756385
2 0.0207538 0.0210584
1 0.0594792 0.0597787
1 0.0397549 0.0400524
1 0.0154957 0.015791
2 0.037488 0.0377809
1 0.0235298 0.0238122
1 0.0640795 0.0643371
2 0.0910532 0.091306
1 0.0188801 0.0191326
1 0.056759 0.0570049
1 0.206991 0.207237
2 0.0219939 0.0222324
2 0.0297662 0.0300044
1 0.0155958 0.015831
1 0.00889309 0.00912524
1 0.0187759 0.0190076
2 0.0266081 0.0268358
1 0.107721 0.107938
1 0.105058 0.105268
0 0 0.000209707
1 0.0406657 0.0408743
1 0.0237828 0.0239899
2 0.114213 0.11442
2 0.0189287 0.0191249
1 0.0112781 0.0114702
2 0.0894729 0.0896628
1 0.199486 0.199675
2 0.0293824 0.0295697
1 0.0118203 0.0120068
1 0.0181593 0.0183428
1 0.00332279 0.00350491
1 0.0132584 0.0134357
1 0.0313602 0.0315353
1 0.0103745 0.0105489
1 0.0047346 0.00490715
1 0.0185495 0.0187157
1 0.00463398 0.00479957
0 0 0.000165219
2 0.096987 0.0971468
1 0.0880082 0.0881646
2 0.0197748 0.0199272
2 0.0773148 0.0774661
1 0.117802 0.117949
1 0.0258877 0.0260312
1 0.419158 0.419301
1 0.126293 0.126435
2 0.0642948 0.064435
2 0.019415 0.0195527
1 0.0490437 0.0491793
1 0.0656466 0.0657811
1 0.12824 0.128373
1 0.0022516 0.00238345
2 0.160776 0.160907
1 0.0568967 0.0570236
1 0.0156946 0.0158146
1 0.122298 0.122417
2 0.0479093 0.0480236
2 0.0858647 0.0859766
2 0.0224542 0.0225658
1 0.0147319 0.0148403
1 0.00186647 0.00197449
1 0.0312262 0.0313313
2 0.0332236 0.0333285
1 0.0267536 0.0268581
1 0.00685539 0.00695889
1 0.226634 0.226736
2 0.0695902 0.0696887
1 0.018568 0.0186657
2 0.012696 0.0127907
2 0.19876 0.198855
1 0.0428092 0.0428979
1 0.147748 0.147836
1 0.00358245 0.00366971
2 0.0196682 0.0197553
2 0.116254 0.116341
2 0.0192312 0.0193121
2 0.0486713 0.0487495
2 0.0660217 0.0660992
0 0 7.44358e-05
1 0.360171 0.360244
2 0.0195493 0.0196185
1 0.0108997 0.0109674
2 0.114835 0.114903
1 0.00556007 0.00562709
1 0.0193342 0.0194002
2 0.0209972 0.0210608
1 0.0196104 0.0196733
1 0.0151744 0.0152356
1 0.044469 0.0445266
1 0.0260954 0.0261463
2 0.0442103 0.0442608
1 0.053279 0.0533284
2 0.161424 0.161473
1 0.0444885 0.0445366
1 0.00551287 0.00556003
2 0.0706165 0.0706629
1 0.0184624 0.0185073
1 0.00373801 0.00378082
1 0.0521664 0.0522067
2 0.0175545 0.0175946
2 0.340382 0.34042
1 0.00209596 0.00213369
1 0.077077 0.0771116
2 0.0168582 0.0168923
2 0.0570398 0.0570727
2 0.0214438 0.0214754
1 0.047941 0.0479724
1 0.0306994 0.0307284
1 0.0491938 0.0492226
1 0.0761962 0.0762245
2 0.0433736 0.0434017
1 0.0131709 0.0131966
1 0.0139602 0.0139858
1 0.00267139 0.00269677
1 0.0116128 0.0116378
2 0.0213029 0.0213278
2 0.089648 0.0896729
2 0.0141933 0.0142145
2 0.0209298 0.0209509
1 0.0398698 0.0398894
1 0.0896117 0.0896301
2 0.0291314 0.0291474
1 0.0193895 0.0194048
2 0.0232453 0.0232604
1 0.042677 0.0426911
1 0.0143493 0.0143627
1 0.118131 0.118143
1 0.00226699 0.00227872
1 0.0254133 0.0254248
2 0.0230323 0.0230433
2 0.0687633 0.0687728
2 0.0124107 0.0124202
1 0.0640436 0.064053
2 0.0187625 0.0187719
1 0.00441341 0.00442231
1 0.0210948 0.0211035
2 0.0154026 0.0154111
1 0.0517142 0.0517226
1 0.113076 0.113082
2 0.0507998 0.0508057
1 0.0136041 0.0136092
2 0.064544 0.0645488
1 0.0138554 0.0138587
1 0.0183664 0.0183697
1 0.0259999 0.026003
2 0.0210394 0.0210424
2 0.0445442 0.0445472
2 0.0479767 0.0479794
2 0.0158901 0.0158923
1 0.0271439 0.027146
1 0.00195643 0.00195849
2 0.134909 0.13491
1 0.0186226 0.0186241
1 0.0158827 0.0158842
1 0.0259742 0.0259755
1 0.0156173 0.0156187
1 0.0442048 0.044206
1 0.116634 0.116635
2 0.0577553 0.0577561
1 0.0477801 0.0477808
1 0.00936064 0.00936137
1 0.00811784 0.00811848
1 0.0386544 0.038655
1 0.137127 0.137128
2 0.0142831 0.0142835
1 0.0828704 0.0828707
2 0.049539 0.0495393
1 0.0171716 0.0171719
1 0.00636702 0.00636726
2 0.0297412 0.0297413
2 0.0197305 0.0197306
2 0.0634364 0.0634365
2 0.0332102 0.0332103
1 0.135439 0.135439
2 0.0947654 0.0947654
