0 0 inf
0 0 0.17403
0 0 0.113552
0 0 0.0995022
0 0 0.0873285
1 0.0252678 0.109803
1 0.0958409 0.17961
0 0 0.0783219
0 0 0.0772402
0 0 0.0731527
0 0 0.0716213
0 0 0.046129
0 0 0.0452833
1 0.417462 0.461478
1 0.0324736 0.0748302
1 0.0540891 0.0947725
0 0 0.0396408
0 0 0.0392422
0 0 0.0378014
0 0 0.0364366
2 0.197986 0.234101
1 0.0777034 0.113344
0 0 0.0317863
1 0.0639513 0.0954192
0 0 0.0300687
0 0 0.0295613
0 0 0.0287404
0 0 0.02762
0 0 0.0274267
0 0 0.0272468
0 0 0.0266253
0 0 0.0255337
1 0.433808 0.458677
1 0.0475823 0.0721053
0 0 0.0237971
0 0 0.0229031
1 0.0291075 0.0520062
0 0 0.0224451
1 0.0426163 0.0647866
1 0.0394715 0.0612136
1 0.123417 0.144698
0 0 0.0212303
1 0.146448 0.167603
0 0 0.0209402
0 0 0.0209088
0 0 0.0204252
0 0 0.020362
0 0 0.0197563
0 0 0.0192446
0 0 0.0190753
0 0 0.0189021
0 0 0.0188223
1 0.015449 0.033839
0 0 0.018139
0 0 0.0180675
0 0 0.0180357
0 0 0.0178672
0 0 0.0177223
0 0 0.0174836
0 0 0.0168818
0 0 0.0165972
0 0 0.0164695
0 0 0.0164225
0 0 0.0159298
0 0 0.015847
0 0 0.0158063
1 0.0385956 0.0544008
0 0 0.0157652
1 0.0813172 0.097065
1 0.0857327 0.101344
1 0.0552933 0.0705206
1 0.0162643 0.0309469
1 0.0400814 0.053841
1 0.0266228 0.0402808
0 0 0.0131385
0 0 0.0129566
0 0 0.0127543
0 0 0.0126522
1 0.156702 0.169318
0 0 0.0123531
1 0.0659208 0.0781386
1 0.039657 0.0515827
0 0 0.0119009
0 0 0.0118154
0 0 0.0117037
1 0.0179707 0.029618
0 0 0.0116379
1 0.0114442 0.0230009
0 0 0.0114518
0 0 0.0112718
0 0 0.0111882
1 0.103642 0.114757
1 0.0786 0.0894667
0 0 0.0108178
0 0 0.010696
0 0 0.0106319
0 0 0.0105996
0 0 0.0104953
0 0 0.0104378
1 0.0188326 0.0290503
1 0.0352718 0.0451125
1 0.0860216 0.095704
0 0 0.00961576
0 0 0.00958789
0 0 0.00956708
1 0.012918 0.0224059
0 0 0.00947003
0 0 0.00943597
1 0.0170678 0.0264656
0 0 0.00938685
1 0.0381783 0.0474977
0 0 0.00927942
0 0 0.0091109
0 0 0.00907333
0 0 0.00893548
2 0.0808234 0.0896398
0 0 0.00879358
0 0 0.00872883
0 0 0.00861187
0 0 0.00847548
1 0.0281342 0.036558
0 0 0.0083068
0 0 0.00806276
0 0 0.00798239
0 0 0.00792006
0 0 0.00779866
0 0 0.00778954
0 0 0.00772244
0 0 0.0077171
1 0.0128802 0.020578
1 0.0083098 0.0159505
0 0 0.00758746
0 0 0.0075279
1 0.126128 0.133627
1 0.0226116 0.0300355
1 0.0194994 0.0265671
2 0.135625 0.142635
0 0 0.00698694
0 0 0.00697315
0 0 0.00696608
0 0 0.00688387
0 0 0.0068279
1 0.0143949 0.0212124
1 0.0522695 0.0590112
2 0.0792644 0.0860036
1 0.0256403 0.0321873
0 0 0.00645219
1 0.0303775 0.036798
0 0 0.00633958
1 0.009072 0.0151119
0 0 0.00601428
1 0.072717 0.0784825
2 0.107121 0.112857
1 0.0598168 0.06554
0 0 0.00570982
0 0 0.00568276
1 0.129828 0.135475
0 0 0.00555972
0 0 0.00552198
0 0 0.00552009
2 0.0540195 0.0594907
0 0 0.0054712
0 0 0.00542425
0 0 0.00535674
1 0.0190401 0.024363
1 0.029019 0.0343098
0 0 0.00519819
0 0 0.0051359
0 0 0.00513537
1 0.0475125 0.0525881
0 0 0.00503173
0 0 0.00500539
0 0 0.00500037
1 0.0711572 0.0761425
0 0 0.00492378
0 0 0.00489606
2 0.0987255 0.103529
1 0.0247252 0.0294678
1 0.124738 0.129461
0 0 0.00466664
1 0.159146 0.163812
0 0 0.00463859
1 0.0818998 0.086517
0 0 0.00455954
1 0.0782458 0.0828042
1 0.0554338 0.0599244
0 0 0.00442774
1 0.0963581 0.10075
1 0.356338 0.360692
0 0 0.00433949
0 0 0.00432409
1 0.0553433 0.059666
0 0 0.00431333
1 0.0218707 0.0261413
0 0 0.00424588
1 0.175298 0.179541
1 0.016233 0.0204715
2 0.514846 0.519015
1 0.0199751 0.0241254
0 0 0.00413175
0 0 0.00413079
0 0 0.00410291
0 0 0.00409727
0 0 0.00399164
1 0.0778694 0.0818248
0 0 0.00395491
0 0 0.00390572
1 0.0878812 0.0917733
0 0 0.00387015
0 0 0.00386081
1 0.0124494 0.0162287
1 0.0098005 0.013547
1 0.0245352 0.0282525
1 0.0133465 0.0170359
1 0.0234585 0.0270671
1 0.019833 0.0233985
1 0.133901 0.137466
2 0.13697 0.140499
1 0.0726392 0.0761671
1 0.0503362 0.0538588
1 0.589277 0.592796
1 0.0304487 0.0339659
0 0 0.00347724
1 0.037917 0.0413852
0 0 0.00345405
0 0 0.00345395
0 0 0.00341982
0 0 0.00334237
0 0 0.00334136
1 0.117808 0.121088
1 0.0545788 0.0578541
1 0.0191202 0.0223698
0 0 0.00323066
0 0 0.00322884
0 0 0.00317523
1 0.0196691 0.0228193
1 0.0516048 0.054754
1 0.0216521 0.0247668
1 0.02692 0.0300059
0 0 0.00300908
1 0.05284 0.0558416
1 0.0285719 0.0315026
1 0.0164361 0.0193329
0 0 0.00287134
1 0.0380115 0.0408246
2 0.0246969 0.0274975
0 0 0.00279852
0 0 0.00279634
1 0.00528248 0.00807685
2 0.030487 0.0332665
0 0 0.00275096
1 0.0101838 0.0129125
1 0.0385411 0.0412522
0 0 0.00267835
1 0.0906144 0.0932706
0 0 0.00265169
0 0 0.00265015
1 0.0615402 0.0641624
1 0.0307474 0.0333583
1 0.0196517 0.0222445
2 0.135529 0.13807
1 0.13435 0.13689
0 0 0.00252155
0 0 0.00250461
1 0.0147971 0.0172951
0 0 0.00244204
1 0.0306465 0.0330559
0 0 0.00238903
0 0 0.00236413
0 0 0.00236223
1 0.108378 0.110735
0 0 0.00233672
0 0 0.00232216
2 0.0309948 0.033312
1 0.134121 0.136395
0 0 0.00226123
1 0.0286293 0.0308633
1 0.0320749 0.0343085
1 0.0129969 0.0152204
1 0.378643 0.380806
1 0.105222 0.10735
0 0 0.00211107
1 0.0228893 0.0249995
2 0.0421906 0.0442846
0 0 0.00206668
0 0 0.00203879
0 0 0.00203764
0 0 0.00202961
0 0 0.00199054
0 0 0.00198496
1 0.0112572 0.0132153
1 0.222438 0.224349
2 0.101204 0.103091
1 0.0257624 0.027643
0 0 0.00184994
2 0.182326 0.184112
2 0.0524879 0.0542297
1 0.00797346 0.00970938
1 0.0431829 0.0449178
0 0 0.00171972
0 0 0.00169951
1 0.0183904 0.0200793
1 0.282115 0.283802
1 0.100677 0.10235
1 0.0994213 0.101093
1 0.031032 0.0327016
1 0.0308251 0.0324862
1 0.0445395 0.0461529
1 0.0108259 0.0124369
1 0.0122132 0.0138002
0 0 0.00157505
1 0.0800224 0.0815849
1 0.0241633 0.0257157
0 0 0.0015451
0 0 0.0015364
1 0.0274503 0.028961
1 0.103692 0.105187
1 0.0244163 0.0258955
1 0.022401 0.0238563
1 0.0112918 0.0127317
0 0 0.00143727
1 0.015162 0.0165416
1 0.00757034 0.00894534
0 0 0.00129686
1 0.0172766 0.0185517
1 0.13294 0.134189
0 0 0.00123937
0 0 0.00123149
1 0.0102578 0.0114603
1 0.0350026 0.036193
0 0 0.00118161
2 0.0550492 0.0562299
2 0.101996 0.103166
0 0 0.00116394
0 0 0.00113252
1 0.0119213 0.0130446
0 0 0.00111902
1 0.0255914 0.0267053
2 0.122175 0.123289
1 0.0278731 0.0289778
1 0.0498834 0.0509718
1 0.0956029 0.0966865
0 0 0.00106832
1 0.0295755 0.0306384
1 0.0523233 0.0533816
1 0.0595709 0.0606172
0 0 0.00102233
2 0.116683 0.117703
1 0.00625858 0.00725375
1 0.00342833 0.00442259
0 0 0.000992382
1 0.0124959 0.0134746
1 0.0212796 0.0222512
1 0.164361 0.165318
1 0.0150392 0.0159946
1 0.0360258 0.036975
1 0.0245028 0.0254467
1 0.0463841 0.047298
1 0.0141071 0.015005
1 0.00826164 0.00915632
1 0.0529828 0.0538698
1 0.0178133 0.0186924
1 0.00496837 0.00583726
0 0 0.000858767
1 0.0140819 0.0149379
1 0.00400271 0.0048464
1 0.0371249 0.0379591
1 0.0259337 0.0267611
0 0 0.000815446
1 0.017555 0.0183696
2 0.180039 0.180852
1 0.0375401 0.0383499
0 0 0.000808664
1 0.0141622 0.014956
0 0 0.000789488
1 0.00904249 0.0097905
2 0.0309972 0.0317365
1 0.0116546 0.0123738
1 0.0248904 0.0256086
1 0.0329845 0.0336995
1 0.00925119 0.00996109
1 0.00545359 0.00611283
1 0.0303746 0.0310329
2 0.0557583 0.056415
1 0.00399404 0.0046429
0 0 0.000631368
1 0.0183743 0.0190035
1 0.0202747 0.0208942
1 0.0180429 0.0186614
1 0.0287366 0.0293529
1 0.0834809 0.0840959
2 0.028035 0.0286449
1 0.0112948 0.0118922
1 0.00698812 0.00758441
1 0.0188388 0.0194293
0 0 0.000585487
0 0 0.000563721
0 0 0.000560839
2 0.107418 0.107967
1 0.0110827 0.0116313
2 0.0137057 0.0142427
1 0.0120008 0.0125115
0 0 0.000508836
1 0.0181769 0.0186841
1 0.0434871 0.0439942
1 0.0732764 0.0737721
1 0.0138629 0.0143495
1 0.0101814 0.0106625
1 0.0395414 0.0400158
1 0.0137678 0.0142369
2 0.167694 0.168161
1 0.00332315 0.00378013
1 0.0920389 0.0924915
2 0.0400402 0.0404915
0 0 0.000433493
1 0.0404867 0.0409172
1 0.0557826 0.0561988
1 0.00560191 0.00601655
1 0.0153719 0.0157858
1 0.0296253 0.0300344
0 0 0.000407843
1 0.01539 0.015793
1 0.0141501 0.014552
1 0.0225361 0.0229346
1 0.00730248 0.00769547
1 0.04271 0.0430963
1 0.00257127 0.0029566
0 0 0.000378805
1 0.0115784 0.0119487
2 0.0266801 0.02705
2 0.190247 0.190611
1 0.018356 0.0187153
2 0.0287487 0.0291068
1 0.0196528 0.0200099
1 0.00975085 0.0101051
1 0.013049 0.0133985
2 0.0326388 0.0329841
1 0.0522025 0.05254
2 0.122061 0.122397
1 0.0329556 0.0332904
1 0.0225895 0.0229221
1 0.022789 0.0231213
1 0.0318692 0.0322005
2 0.025319 0.0256499
0 0 0.000326803
1 0.00767522 0.00798071
1 0.0152463 0.0155463
2 0.364718 0.365017
1 0.00936722 0.00966379
1 0.0258208 0.0261155
1 0.0127447 0.0130354
1 0.169572 0.169863
1 0.0224404 0.0227277
2 0.0436956 0.0439796
1 0.0232813 0.0235575
1 0.027819 0.0280941
1 0.056657 0.0569275
2 0.0234853 0.0237516
1 0.012418 0.0126768
2 0.0156108 0.0158692
1 0.00731698 0.00757043
1 0.0176751 0.0179226
1 0.00633974 0.00658335
1 0.0060919 0.00633235
1 0.11144 0.111677
1 0.0102487 0.0104842
2 0.00812607 0.0083613
1 0.00816171 0.00839524
1 0.0250102 0.0252395
0 0 0.000206102
1 0.00341922 0.00362388
2 0.045808 0.0460103
1 0.00268046 0.00288209
2 0.014965 0.0151593
1 0.218428 0.218614
1 0.0105384 0.0107212
1 0.0392032 0.0393849
2 0.0537076 0.0538885
1 0.0291799 0.0293594
1 0.0412586 0.0414339
2 0.031457 0.0316313
1 0.00403495 0.0042071
1 0.0369311 0.0371028
1 0.0234325 0.0236016
1 0.0846718 0.0848373
2 0.0272351 0.0273916
2 0.0272557 0.02741
2 0.0155229 0.015673
1 0.0527637 0.0529132
1 0.00490145 0.00505044
2 0.0400046 0.0401531
2 0.0323455 0.0324936
0 0 0.000147406
2 0.0988688 0.0990127
2 0.0136665 0.013808
0 0 0.000140734
2 0.185911 0.186047
1 0.0151857 0.0153213
2 0.0744009 0.0745341
1 0.0196114 0.0197435
2 0.0314445 0.031575
1 0.0260102 0.0261338
1 0.0693093 0.0694314
1 0.00442781 0.00454638
2 0.0623073 0.0624248
1 0.0245694 0.0246866
1 0.0100218 0.0101366
2 0.0262836 0.0263959
1 0.0223349 0.0224467
1 0.0844112 0.0845204
1 0.00340649 0.00351187
2 0.022959 0.0230604
1 0.0174564 0.0175563
1 0.0110148 0.0111142
2 0.0215882 0.0216865
2 0.0350438 0.0351369
2 0.0911717 0.0912644
2 0.013482 0.0135715
1 0.00939708 0.00948613
1 0.00564024 0.00572843
2 0.139737 0.139825
1 0.0228465 0.0229332
1 0.0289195 0.0290052
2 0.0643651 0.0644507
1 0.106997 0.107081
1 0.0132019 0.013278
1 0.0117382 0.0118136
2 0.0150437 0.0151184
2 0.0969819 0.097054
2 0.0626483 0.0627198
1 0.00223616 0.0023056
2 0.100339 0.100405
2 0.0348571 0.0349202
1 0.0149769 0.0150389
2 0.0166021 0.0166625
1 0.0072645 0.00732308
1 0.0140663 0.0141243
1 0.0214913 0.0215486
1 0.0176784 0.0177353
2 0.100348 0.100405
1 0.0135611 0.0136169
1 0.0211672 0.0212208
2 0.0782866 0.0783387
1 0.00319736 0.00324836
2 0.140063 0.140114
1 0.0111087 0.0111584
1 0.0169761 0.0170257
2 0.0154631 0.0155115
2 0.0773738 0.0774214
1 0.0449081 0.0449525
1 0.0143145 0.0143578
1 0.00515422 0.00519727
2 0.0108041 0.0108447
2 0.0391772 0.0392172
2 0.0559668 0.0560028
2 0.0257102 0.0257427
1 0.0371222 0.0371545
2 0.0397871 0.0398192
1 0.00533302 0.00536344
2 0.0316517 0.0316816
2 0.0543683 0.0543976
2 0.0981872 0.0982163
1 0.058161 0.0581901
1 0.00595554 0.00598437
1 0.026869 0.026897
1 0.0616627 0.0616892
1 0.16227 0.162294
1 0.0300177 0.0300408
1 0.138964 0.138987
2 0.0205399 0.020562
1 0.0135254 0.0135475
2 0.0502559 0.0502779
1 0.0264238 0.0264432
2 0.0141262 0.0141456
2 0.0335627 0.0335817
1 0.000901271 0.000919627
1 0.0140754 0.0140934
2 0.0544211 0.0544388
2 0.0178801 0.0178972
1 0.0164551 0.016472
1 0.0129279 0.0129447
1 0.029791 0.0298065
2 0.0428374 0.0428509
1 0.00891828 0.00893105
2 0.0957472 0.095759
2 0.0432128 0.0432235
2 0.0265892 0.0265996
2 0.17003 0.17004
1 0.146795 0.146805
2 0.0956378 0.0956472
2 0.018014 0.0180228
1 0.0252151 0.0252233
1 0.0111338 0.011141
1 0.0087518 0.00875897
1 0.0670136 0.0670203
1 0.0390004 0.039007
2 0.0150876 0.0150936
1 0.139682 0.139688
1 0.0280405 0.0280461
2 0.0535252 0.0535301
1 0.00943544 0.00943999
1 0.0270656 0.0270701
2 0.0216445 0.0216483
2 0.0525635 0.0525669
2 0.095473 0.0954761
1 0.0839652 0.083968
2 0.097003 0.0970054
2 0.0197705 0.0197729
1 0.44713 0.447132
1 0.272933 0.272934
2 0.0159601 0.0159616
2 0.0193201 0.0193212
1 0.00817939 0.00818043
1 0.0747602 0.0747611
2 0.0167543 0.0167551
1 0.00175994 0.00176055
1 0.116828 0.116828
1 0.0331997 0.0331998
2 0.110342 0.110342
1 0.0669012 0.0669013
2 0.10636 0.10636
