0 0 inf
0 0 0.150839
1 0.0313582 0.178389
0 0 0.143874
1 0.157896 0.279038
0 0 0.0963439
0 0 0.091844
0 0 0.0876493
0 0 0.0845414
1 0.238807 0.319321
0 0 0.0778482
1 0.0287538 0.103817
1 0.0787648 0.152232
0 0 0.0718902
0 0 0.0690851
0 0 0.0629516
0 0 0.0594763
1 0.0416799 0.100963
0 0 0.0581413
0 0 0.0557009
1 0.123141 0.175741
1 0.092124 0.1421
1 0.12349 0.172818
0 0 0.0462781
1 0.120426 0.165291
0 0 0.0445086
1 0.0232465 0.0668492
1 0.137521 0.179938
0 0 0.0412801
0 0 0.0410651
1 0.0945749 0.132776
1 0.0343408 0.0720253
0 0 0.037378
1 0.158716 0.19461
0 0 0.0349123
0 0 0.0348848
2 0.351043 0.385317
0 0 0.033123
0 0 0.0321514
0 0 0.0318608
0 0 0.0306915
0 0 0.030652
0 0 0.0287617
1 0.156763 0.184611
0 0 0.0277168
1 0.299286 0.32692
0 0 0.0265309
1 0.124558 0.150476
0 0 0.025256
0 0 0.0251149
0 0 0.0244484
1 0.0208463 0.0449648
0 0 0.0226416
0 0 0.0219405
0 0 0.0214658
1 0.0818317 0.103199
0 0 0.0208374
1 0.109901 0.130442
0 0 0.0192228
0 0 0.0190068
1 0.134007 0.152938
0 0 0.0185911
0 0 0.0181405
0 0 0.0175999
0 0 0.0175998
1 0.0965641 0.113868
0 0 0.0169476
0 0 0.0168104
1 0.249421 0.265884
0 0 0.016392
0 0 0.0158635
0 0 0.0152771
0 0 0.0150269
0 0 0.0149834
1 0.0235759 0.0383934
0 0 0.0146593
1 0.152507 0.166909
1 0.12166 0.135762
2 0.179381 0.193057
0 0 0.0134974
1 0.0530139 0.0660812
0 0 0.0128044
1 0.0333994 0.0460844
0 0 0.0126739
0 0 0.0125366
0 0 0.012298
0 0 0.0121165
1 0.399608 0.411377
1 0.00933845 0.0207606
0 0 0.01138
1 0.0377671 0.0489268
1 0.0600407 0.0711862
1 0.00751336 0.0185529
1 0.126649 0.137584
0 0 0.0108299
1 0.0213413 0.031991
1 0.0378536 0.048336
2 0.0971258 0.107526
0 0 0.0102895
0 0 0.0101816
0 0 0.00996834
0 0 0.00986907
0 0 0.00977055
0 0 0.00968061
1 0.0899244 0.0995588
0 0 0.00963104
0 0 0.00962398
2 0.176228 0.185793
0 0 0.0094307
1 0.0775674 0.0866764
1 0.0122235 0.0209791
0 0 0.00873273
0 0 0.00865861
1 0.0246439 0.0330694
0 0 0.0081858
0 0 0.00817866
0 0 0.00812492
1 0.0876506 0.0957669
0 0 0.00809661
0 0 0.00806084
1 0.00798772 0.016025
0 0 0.0080353
0 0 0.00788431
0 0 0.00783599
0 0 0.00783354
0 0 0.00777514
1 0.0117202 0.0194267
2 0.195381 0.202941
0 0 0.00754707
1 0.0607096 0.0681932
0 0 0.00744557
0 0 0.00742902
0 0 0.00737692
1 0.193436 0.20073
0 0 0.00725894
1 0.161387 0.168376
0 0 0.00688209
0 0 0.0067577
1 0.0193985 0.0261159
0 0 0.00670077
0 0 0.00652502
0 0 0.00651207
0 0 0.00650421
1 0.10432 0.11077
1 0.0881946 0.0945936
2 0.0478367 0.0542282
0 0 0.00635947
2 0.270528 0.276871
0 0 0.00627689
2 0.290855 0.296946
0 0 0.005991
0 0 0.00596577
0 0 0.00594527
0 0 0.00593373
0 0 0.00592595
1 0.0331736 0.0390598
0 0 0.00587778
2 0.182574 0.188412
0 0 0.00583298
1 0.248187 0.254015
0 0 0.00579016
1 0.023073 0.0288322
1 0.246089 0.251818
1 0.0388602 0.0443226
0 0 0.0052461
1 0.048342 0.0535137
0 0 0.00508636
1 0.0351282 0.040053
0 0 0.00489383
0 0 0.00488948
1 0.0243878 0.0292725
0 0 0.00486815
1 0.0218412 0.0266754
0 0 0.00475951
2 0.035069 0.039732
1 0.0396542 0.0443073
0 0 0.00464796
0 0 0.00459689
0 0 0.00459115
0 0 0.00454322
0 0 0.00451014
1 0.0436994 0.0481709
2 0.105958 0.110421
0 0 0.00443265
1 0.110858 0.115235
0 0 0.00437163
0 0 0.00435995
0 0 0.00427938
0 0 0.00424315
0 0 0.00420424
0 0 0.00416773
1 0.0292543 0.0332851
1 0.0337028 0.0377082
0 0 0.00400012
0 0 0.00399717
0 0 0.00399573
1 0.299733 0.303563
0 0 0.00382531
0 0 0.00380628
2 0.10879 0.112584
0 0 0.00375224
0 0 0.00365097
0 0 0.00362111
0 0 0.00357977
0 0 0.00357718
0 0 0.00355981
0 0 0.00355516
0 0 0.00353262
0 0 0.00351003
0 0 0.00350067
1 0.101386 0.10488
0 0 0.00347943
1 0.00844196 0.0118722
0 0 0.00337655
0 0 0.00335228
0 0 0.00324128
0 0 0.00324018
1 0.0179535 0.0211915
0 0 0.00323697
0 0 0.00320641
0 0 0.00318961
2 0.195999 0.199156
0 0 0.00310735
0 0 0.00308752
1 0.0407177 0.0437805
0 0 0.00305776
0 0 0.00304721
1 0.0142497 0.0172822
1 0.00924538 0.0122683
0 0 0.00300683
1 0.0262425 0.0292285
0 0 0.00295959
0 0 0.00294461
1 0.0305241 0.0334156
1 0.0202321 0.0231023
1 0.19095 0.193808
1 0.0522112 0.0550691
0 0 0.00281869
0 0 0.00281006
1 0.0526637 0.0554467
1 0.0364332 0.0392139
0 0 0.00277731
1 0.112842 0.115583
1 0.0170707 0.0198043
1 0.1486 0.151272
0 0 0.00265571
0 0 0.00265032
0 0 0.00261565
0 0 0.00259391
1 0.178431 0.180988
1 0.0517248 0.0542811
0 0 0.00251227
1 0.0445446 0.04701
2 0.0425035 0.0449647
0 0 0.00245232
1 0.0269068 0.0293306
1 0.0311036 0.0335254
0 0 0.00233248
0 0 0.00232999
0 0 0.00231031
1 0.0321753 0.0344807
1 0.0249751 0.0272607
1 0.105139 0.107397
0 0 0.00225692
0 0 0.00224204
1 0.060745 0.062926
2 0.106741 0.108916
1 0.125155 0.127329
1 0.114542 0.116675
0 0 0.00211523
0 0 0.0021139
0 0 0.00207845
1 0.00526178 0.0073328
1 0.0208069 0.0228769
2 0.0297416 0.0317532
0 0 0.00200086
0 0 0.00200083
1 0.0474013 0.0493927
0 0 0.00195009
1 0.048601 0.0505481
0 0 0.0019067
1 0.018619 0.0205183
1 0.0199517 0.0218227
1 0.00842345 0.0102722
2 0.253306 0.255118
0 0 0.00180884
1 0.219081 0.220863
0 0 0.00176295
2 0.0724764 0.0742304
0 0 0.00171962
0 0 0.00170585
0 0 0.0017017
1 0.00737863 0.00905563
1 0.00355692 0.00523255
2 0.107755 0.109409
2 0.186445 0.188098
1 0.0435456 0.045174
1 0.0111093 0.0127169
1 0.0475524 0.0491585
0 0 0.00159789
0 0 0.00158029
0 0 0.00157183
2 0.413586 0.415067
2 0.0807872 0.0822631
0 0 0.00146132
0 0 0.00142213
1 0.00789486 0.00929578
2 0.197169 0.198567
0 0 0.00139144
0 0 0.00138903
0 0 0.00137937
1 0.111407 0.112748
1 0.0118043 0.0131273
2 0.0328619 0.0341435
1 0.0102072 0.0114731
0 0 0.00121151
1 0.0163757 0.0175824
1 0.062522 0.0637173
1 0.00680074 0.00794478
0 0 0.0011437
0 0 0.00114124
0 0 0.00114036
0 0 0.00113096
1 0.0394759 0.0405967
1 0.0885605 0.0896802
0 0 0.00111269
1 0.0835464 0.0846558
1 0.0525519 0.0536608
1 0.0135332 0.0146315
1 0.0267327 0.0278215
1 0.0228049 0.0238918
0 0 0.00105281
1 0.0359013 0.0369485
1 0.0127178 0.0137555
1 0.0398723 0.0409098
1 0.00381883 0.00485162
0 0 0.00102215
1 0.0617296 0.0627364
2 0.103382 0.104385
1 0.102417 0.10342
2 0.0449847 0.0459818
0 0 0.000983477
1 0.0106004 0.0115781
1 0.00996623 0.0109116
1 0.0504477 0.0513903
0 0 0.000934306
1 0.0155383 0.0164635
1 0.0113967 0.0123186
1 0.0198083 0.02072
1 0.00484407 0.00573358
1 0.006797 0.00768081
1 0.00730153 0.0081517
2 0.279333 0.28016
1 0.00812819 0.00895488
1 0.0312744 0.032078
1 0.0353952 0.0361888
2 0.11036 0.111144
1 0.00670223 0.00747016
1 0.00271858 0.00348165
2 0.121685 0.122446
1 0.0203725 0.021131
1 0.0159985 0.0167417
1 0.127641 0.128374
1 0.0533916 0.054121
2 0.197009 0.197729
2 0.148689 0.149406
0 0 0.000681461
2 0.284971 0.285648
1 0.0451138 0.0457765
2 0.426536 0.427188
2 0.0452534 0.045902
1 0.0184442 0.0190799
1 0.00861815 0.00924893
1 0.147154 0.147776
1 0.017354 0.0179716
1 0.0129384 0.0135497
1 0.0393875 0.0399818
1 0.0374608 0.0380492
2 0.270788 0.271368
1 0.0336814 0.0342593
1 0.0337143 0.0342896
1 0.00873708 0.00929954
1 0.024032 0.0245887
1 0.0532716 0.0538277
1 0.01464 0.015196
1 0.00441181 0.00496501
1 0.0153935 0.0159428
0 0 0.000547589
1 0.0103134 0.0108565
2 0.159687 0.160214
2 0.0576239 0.0581484
2 0.195378 0.195891
0 0 0.000511364
1 0.242445 0.242953
1 0.0276283 0.0281206
1 0.0929545 0.0934407
1 0.0188603 0.019335
1 0.00500327 0.00547684
0 0 0.000465337
1 0.0031813 0.00363841
1 0.00563998 0.0060815
1 0.008142 0.00858346
1 0.0119462 0.0123821
1 0.00710627 0.00753452
1 0.00674292 0.00716864
1 0.0108349 0.0112591
1 0.0163565 0.0167712
0 0 0.000412073
1 0.03358 0.0339885
1 0.003696 0.00410077
2 0.156322 0.156718
2 0.170318 0.170709
2 0.00936418 0.00974906
2 0.0401253 0.0405097
1 0.00880748 0.00916972
1 0.0525388 0.0528953
1 0.0578086 0.0581613
1 0.0126245 0.0129685
1 0.0286464 0.0289905
1 0.174652 0.174996
0 0 0.000340233
1 0.00686528 0.00719352
1 0.0191123 0.0194364
1 0.012615 0.0129385
1 0.00741895 0.00773768
2 0.0459157 0.0462272
1 0.0713217 0.0716318
2 0.0231082 0.0233996
2 0.1155 0.115786
1 0.0292172 0.0295019
1 0.00252031 0.0028044
1 0.137736 0.138018
2 0.00754674 0.00782623
2 0.00940074 0.00967934
1 0.0445988 0.0448752
0 0 0.00027307
1 0.00441073 0.00468286
1 0.0153928 0.0156644
1 0.0711334 0.0714026
1 0.00868387 0.00892762
1 0.00399412 0.00423693
1 0.00265204 0.00288726
1 0.0237086 0.0239427
1 0.00422297 0.00444759
1 0.0206679 0.0208924
1 0.0322102 0.0324268
1 0.0077277 0.00794368
1 0.0105565 0.0107714
1 0.0246854 0.0248968
1 0.0167575 0.0169656
1 0.01834 0.0185436
1 0.00934456 0.00954543
1 0.0120952 0.0122869
1 0.0309281 0.0311193
2 0.0670103 0.0672007
2 0.347296 0.347484
1 0.0117056 0.0118882
1 0.00681992 0.00699957
1 0.00371964 0.00389875
1 0.00999673 0.0101752
1 0.0556164 0.0557836
2 0.0349273 0.0350942
2 0.135594 0.135756
2 0.0200075 0.0201689
1 0.116503 0.116664
1 0.178995 0.179155
1 0.00339275 0.00354512
1 0.010773 0.0109246
1 0.00860376 0.00875489
2 0.00806834 0.00821757
2 0.0535942 0.0537204
1 0.0901004 0.0902227
2 0.100837 0.100959
1 0.0216931 0.0218154
1 0.151525 0.151646
1 0.00403676 0.00415794
2 0.0211181 0.021235
2 0.0464557 0.0465722
2 0.0228948 0.0230083
1 0.0106639 0.0107759
1 0.00711575 0.0072277
1 0.0119363 0.0120477
1 0.0125746 0.0126853
1 0.00895349 0.00906087
2 0.0403095 0.0404161
1 0.0149151 0.0150214
2 0.0118891 0.0119868
1 0.0159272 0.0160229
2 0.0186181 0.0187124
2 0.0114022 0.0114949
2 0.0294693 0.0295591
2 0.348594 0.348678
1 0.0318507 0.0319344
1 0.346759 0.346841
2 0.034777 0.0348584
1 0.0238684 0.0239489
1 0.0121679 0.0122451
1 0.0189024 0.0189789
2 0.0358363 0.0359101
1 0.0111999 0.0112718
2 0.0187912 0.0188607
1 0.106517 0.106587
2 0.0124908 0.0125555
2 0.0742165 0.0742807
1 0.012362 0.0124253
1 0.00174409 0.00180593
2 0.0485684 0.0486279
1 0.0337166 0.0337749
1 0.0603861 0.0604408
1 0.0640042 0.0640579
1 0.0325106 0.0325641
2 0.054825 0.054878
2 0.0349443 0.034997
1 0.0756821 0.0757339
2 0.0342937 0.0343447
1 0.0055287 0.00557819
2 0.0538346 0.0538801
1 0.00711059 0.00715406
2 0.0703282 0.0703705
2 0.110959 0.111001
0 0 4.1618e-05
2 0.156551 0.156592
2 0.0200962 0.0201372
2 0.0167802 0.0168211
1 0.0221802 0.0222198
1 0.0369597 0.0369986
1 0.0184981 0.0185357
1 0.0794557 0.0794927
1 0.00813102 0.00816649
2 0.0124041 0.0124389
1 0.0637575 0.0637921
2 0.0250742 0.0251079
1 0.000903212 0.000936201
1 0.0319547 0.0319863
1 0.0258069 0.0258369
1 0.0205959 0.0206244
1 0.00431185 0.00433964
2 0.02125 0.0212767
1 0.00222542 0.00225149
2 0.0537586 0.0537843
2 0.0332548 0.0332789
1 0.0943308 0.0943546
1 0.063096 0.0631172
2 0.0320809 0.032102
1 0.0380219 0.0380413
1 0.0164978 0.0165166
1 0.00626358 0.00628065
1 0.0162644 0.0162805
2 0.0218526 0.0218677
1 0.0423356 0.0423506
2 0.0191223 0.0191371
1 0.0404836 0.0404978
1 0.00264509 0.00265849
1 0.0116991 0.0117122
2 0.147388 0.147401
1 0.227118 0.227131
1 0.0348932 0.034906
2 0.00786558 0.00787795
1 0.0411559 0.0411678
2 0.356689 0.3567
2 0.0895257 0.0895361
2 0.0157455 0.015755
1 0.0320657 0.0320749
2 0.106439 0.106448
2 0.0275069 0.0275155
1 0.0239357 0.0239435
1 0.0159864 0.015994
2 0.0185781 0.0185856
1 0.0355443 0.0355512
2 0.411606 0.411612
1 0.0410298 0.0410354
1 0.0228342 0.0228397
1 0.114499 0.114504
2 0.0241377 0.0241423
2 0.150582 0.150585
1 0.0636065 0.0636094
2 0.221682 0.221685
2 0.0370632 0.0370658
1 0.107039 0.107042
2 0.0447589 0.0447613
1 0.00375866 0.00376087
1 0.021618 0.0216201
2 0.0217068 0.0217086
1 0.00911648 0.00911829
2 0.0353113 0.0353129
1 0.0178301 0.0178313
2 0.0196016 0.0196028
1 0.00805331 0.00805448
1 0.03255 0.0325508
1 0.0516811 0.0516819
2 0.116215 0.116215
2 0.0261255 0.026126
1 0.00785695 0.00785741
1 0.0344306 0.034431
1 0.0115117 0.0115121
2 0.0295489 0.0295493
2 0.0435714 0.0435717
1 0.0312498 0.0312499
1 0.00166296 0.00166305
2 0.0163947 0.0163947
1 0.00775083 0.00775087
2 0.330663 0.330663
