0 0 inf
0 0 0.226006
1 0.0816531 0.222147
0 0 0.098437
1 0.16539 0.258915
1 0.0655582 0.146094
0 0 0.0795927
0 0 0.0786181
0 0 0.0774946
1 0.0979542 0.175271
0 0 0.0717006
0 0 0.0699606
0 0 0.065055
1 0.33558 0.398973
0 0 0.0611488
1 0.0326261 0.0915517
1 0.170097 0.227044
0 0 0.0568835
0 0 0.0554426
1 0.305175 0.359464
0 0 0.0526699
1 0.0772045 0.128598
1 0.0838704 0.133483
0 0 0.049565
0 0 0.0483529
0 0 0.0453125
1 0.0341176 0.0782117
0 0 0.0397627
0 0 0.0391412
0 0 0.0372556
0 0 0.0362378
0 0 0.0360443
0 0 0.0353171
0 0 0.0310822
0 0 0.0304408
0 0 0.0303948
1 0.04501 0.074983
0 0 0.0285192
0 0 0.0284877
0 0 0.0279045
0 0 0.0276504
2 0.279478 0.307085
0 0 0.0275263
0 0 0.0273878
0 0 0.0270095
0 0 0.0269829
0 0 0.0264461
0 0 0.0263906
0 0 0.0261961
0 0 0.0236685
1 0.0782364 0.099954
0 0 0.0206511
1 0.0919301 0.112448
0 0 0.0203124
1 0.0122955 0.0324439
0 0 0.0199468
0 0 0.0196937
0 0 0.0187274
1 0.0287563 0.0472169
1 0.0599035 0.0778397
0 0 0.0177236
1 0.372326 0.389882
0 0 0.0174158
1 0.300992 0.318396
0 0 0.0170734
1 0.0349162 0.051794
1 0.0664427 0.082934
0 0 0.0161974
0 0 0.0161516
1 0.0299108 0.0458121
0 0 0.0157611
0 0 0.015526
0 0 0.0152162
1 0.0984964 0.113607
0 0 0.0150066
1 0.0783546 0.0933321
0 0 0.0146592
1 0.112705 0.127317
1 0.324877 0.339363
0 0 0.0144502
0 0 0.0143338
0 0 0.0142665
0 0 0.0141364
0 0 0.0138119
0 0 0.0137981
0 0 0.0136853
0 0 0.0134269
1 0.0567892 0.0701173
2 0.142916 0.156172
0 0 0.0130376
0 0 0.0129548
1 0.0605557 0.073501
1 0.0125064 0.025343
1 0.309014 0.32168
1 0.0617781 0.0739396
1 0.0334328 0.0455521
0 0 0.0117989
0 0 0.0117771
0 0 0.0114936
2 0.0460501 0.0573025
1 0.0106182 0.0217068
0 0 0.0110477
2 0.135995 0.146969
0 0 0.010784
2 0.280347 0.291007
0 0 0.0104292
0 0 0.0103912
0 0 0.0102837
1 0.035817 0.0460349
0 0 0.0101665
1 0.0492593 0.0593908
1 0.0302943 0.0404153
0 0 0.0100515
1 0.115431 0.125108
0 0 0.00962057
0 0 0.00949926
1 0.031568 0.0408658
1 0.117748 0.127045
0 0 0.00911758
1 0.0211283 0.0301993
1 0.0863594 0.0952593
1 0.0305291 0.0394247
0 0 0.00872451
0 0 0.00868834
1 0.106476 0.11505
0 0 0.0085424
0 0 0.00852282
0 0 0.00844118
0 0 0.00832716
0 0 0.00825805
0 0 0.0081522
0 0 0.00799371
0 0 0.00793561
1 0.0476902 0.0555121
0 0 0.00777883
0 0 0.00776817
0 0 0.00776624
0 0 0.00776538
0 0 0.00774212
0 0 0.00768805
0 0 0.00761949
0 0 0.00759744
1 0.0173669 0.0249258
2 0.0962302 0.103678
0 0 0.00739655
1 0.0847235 0.0920907
0 0 0.00714763
1 0.0128295 0.0198703
1 0.0165442 0.0235617
0 0 0.00692581
0 0 0.00683451
1 0.157464 0.164234
0 0 0.00641554
0 0 0.00637083
0 0 0.00631518
1 0.251366 0.25767
0 0 0.00627286
0 0 0.00623425
0 0 0.00622383
0 0 0.00603491
0 0 0.00589274
0 0 0.00585562
0 0 0.00571992
0 0 0.00569769
2 0.118196 0.12389
0 0 0.00565111
1 0.0146815 0.0203281
0 0 0.00559519
1 0.0214573 0.0267837
0 0 0.00528605
0 0 0.00521151
1 0.0693215 0.0744705
0 0 0.0051488
0 0 0.0051434
0 0 0.0051188
0 0 0.00510828
0 0 0.00509788
0 0 0.0050618
0 0 0.00501361
1 0.27443 0.279442
0 0 0.00500036
0 0 0.00495748
1 0.168921 0.17387
0 0 0.00490512
0 0 0.00481714
1 0.103861 0.108676
2 0.129204 0.133953
0 0 0.00472311
1 0.0432722 0.0479731
0 0 0.00467947
1 0.116124 0.120757
1 0.0114184 0.0160247
1 0.0307918 0.0353456
0 0 0.00449449
1 0.0381302 0.0425971
1 0.0423692 0.0468253
0 0 0.00439548
0 0 0.00439239
0 0 0.00427175
0 0 0.00425566
1 0.0267189 0.0309376
1 0.0589732 0.0631567
0 0 0.00417683
0 0 0.00413999
1 0.0413113 0.0454206
0 0 0.00410234
0 0 0.00409816
1 0.0222513 0.0263158
1 0.00812744 0.0121828
1 0.0411405 0.0451184
1 0.119101 0.12307
0 0 0.00396202
2 0.0571411 0.0610934
0 0 0.00395134
1 0.00914806 0.013092
2 0.284589 0.288482
0 0 0.00384145
1 0.0379919 0.0417612
1 0.042002 0.0457683
1 0.0855952 0.0893223
0 0 0.00370281
1 0.0302365 0.0338495
0 0 0.00359512
0 0 0.00351756
1 0.0454827 0.0489833
1 0.0231208 0.0265936
2 0.0480203 0.0514826
0 0 0.00344993
1 0.0580823 0.0615201
0 0 0.00341995
0 0 0.00341903
1 0.071615 0.0750166
1 0.0974433 0.100842
1 0.0229348 0.026311
1 0.0290807 0.0324403
0 0 0.00334986
1 0.0514789 0.0547952
0 0 0.00330382
1 0.0155868 0.0188789
1 0.00674205 0.0100077
1 0.031012 0.03427
0 0 0.00324112
1 0.0248218 0.028054
1 0.00892018 0.0120652
1 0.0263211 0.0294399
2 0.0133631 0.0164535
0 0 0.00304598
1 0.0160074 0.0190454
0 0 0.00302778
0 0 0.00302402
1 0.0111932 0.0142149
0 0 0.00300946
1 0.019172 0.0221726
1 0.0159454 0.0189147
0 0 0.00296688
1 0.340077 0.343044
1 0.0366079 0.0395697
0 0 0.00295796
0 0 0.00295692
0 0 0.00295002
2 0.105951 0.108897
1 0.0138293 0.0167665
0 0 0.00291639
0 0 0.00291091
0 0 0.00286606
1 0.0387976 0.0416605
1 0.0128825 0.0157097
2 0.0963286 0.0991355
0 0 0.00273842
1 0.0167314 0.0194352
0 0 0.00270045
0 0 0.00269215
0 0 0.00268381
1 0.0340131 0.0366668
1 0.0162431 0.0188839
1 0.0149245 0.0175529
1 0.00839741 0.010989
1 0.00602729 0.00856136
1 0.021313 0.0238087
0 0 0.00246457
0 0 0.0024569
2 0.0434616 0.0459128
0 0 0.0024344
0 0 0.0024311
1 0.0311035 0.0335162
2 0.124804 0.127186
0 0 0.00232336
0 0 0.00222904
1 0.0157287 0.0179423
1 0.00973282 0.0119287
1 0.00868569 0.0108282
1 0.0130094 0.0151469
1 0.0462176 0.0483538
0 0 0.00213299
1 0.0345802 0.0366487
2 0.558361 0.560413
0 0 0.00204281
1 0.0122204 0.0142564
0 0 0.00202522
0 0 0.00198738
0 0 0.00198365
0 0 0.00195301
1 0.011736 0.0136797
0 0 0.00192539
0 0 0.00190857
1 0.0686123 0.070505
0 0 0.00188994
1 0.044512 0.0463759
1 0.0100952 0.0119115
0 0 0.00179865
1 0.0387615 0.0405137
0 0 0.00173445
1 0.014534 0.0162344
0 0 0.00167047
1 0.0175377 0.0192014
1 0.336496 0.338158
1 0.0641452 0.0657941
2 0.0622865 0.0639147
1 0.0340414 0.0356618
1 0.0520832 0.053702
0 0 0.00161733
1 0.180497 0.182066
1 0.0186033 0.0201629
1 0.0102655 0.0118151
0 0 0.00154134
1 0.0436082 0.0451463
0 0 0.00153128
0 0 0.00152485
1 0.00544676 0.00696493
1 0.00557032 0.00705653
1 0.127634 0.129059
1 0.0200489 0.021434
1 0.0623223 0.0637048
1 0.121566 0.122946
1 0.110988 0.112328
2 0.225863 0.2272
1 0.00646241 0.00779335
1 0.023074 0.0243875
1 0.0197727 0.0210858
1 0.00733781 0.0086477
2 0.224698 0.226003
1 0.0217747 0.0230716
0 0 0.0012658
2 0.0340801 0.0353385
1 0.0182294 0.0194601
1 0.0695447 0.0707606
1 0.113706 0.114889
1 0.0142453 0.0154243
0 0 0.00116748
1 0.0153861 0.0165469
1 0.0913012 0.092446
1 0.105094 0.106235
0 0 0.00113418
1 0.0126375 0.0137441
1 0.0201204 0.0212233
1 0.00922744 0.010276
1 0.0479191 0.0489355
1 0.0147553 0.0157697
1 0.0206471 0.021641
0 0 0.000967231
1 0.0331795 0.0341452
1 0.00306669 0.00402329
1 0.0857958 0.086749
1 0.01912 0.0200715
2 0.147314 0.148243
1 0.0297594 0.030684
1 0.0447907 0.0457139
1 0.0139094 0.0147933
1 0.0521541 0.0530353
1 0.0124601 0.0133377
1 0.0134544 0.0143281
1 0.011921 0.0127818
2 0.0217147 0.0225703
1 0.014844 0.0156884
1 0.0373052 0.0381466
1 0.0147251 0.0155542
1 0.0399869 0.0408055
1 0.156182 0.156998
1 0.00746509 0.00827956
1 0.0207802 0.0215885
2 0.0470315 0.0478246
1 0.0254864 0.0262579
2 0.0980263 0.0987922
1 0.00861569 0.00938113
1 0.0167672 0.017515
1 0.0168153 0.0175608
1 0.0456745 0.0464185
1 0.0163524 0.0170955
1 0.0886186 0.0893305
0 0 0.000695459
1 0.0093799 0.0100738
2 0.260246 0.260905
0 0 0.000648937
1 0.10661 0.107257
1 0.0343052 0.0349484
0 0 0.000638088
2 0.0289818 0.0296062
1 0.013326 0.0139445
1 0.0600993 0.0607099
1 0.00286941 0.00347597
1 0.0134305 0.0140357
0 0 0.00059164
1 0.015373 0.0159633
2 0.0179648 0.018554
1 0.0404637 0.0410451
1 0.0105735 0.0111515
0 0 0.00057632
0 0 0.000573847
2 0.0148242 0.0153783
1 0.0210512 0.0216025
2 0.0296207 0.0301677
1 0.230188 0.230726
1 0.0098819 0.0104147
1 0.0114669 0.0119856
1 0.00826682 0.00878136
2 0.0557051 0.0562174
1 0.00715175 0.0076632
1 0.168314 0.168822
0 0 0.000504964
0 0 0.00050239
1 0.145232 0.145732
1 0.0383048 0.0388043
1 0.05302 0.0535059
0 0 0.000484176
1 0.0135185 0.014002
2 0.114494 0.114959
0 0 0.00045785
2 0.146927 0.147382
1 0.0169111 0.0173629
1 0.0101459 0.010585
2 0.339416 0.339844
2 0.11876 0.119175
2 0.0934576 0.0938661
1 0.0410431 0.0414499
1 0.00320743 0.003613
1 0.0888832 0.0892871
0 0 0.000400463
2 0.0320266 0.0324264
1 0.0427862 0.0431853
2 0.0229514 0.0233207
2 0.0158667 0.0162317
1 0.00884023 0.00919792
2 0.0345761 0.0349266
1 0.0489692 0.0493154
1 0.0447479 0.0450918
1 0.0543248 0.0546686
2 0.0489503 0.049289
2 0.0199183 0.0202532
1 0.00545009 0.00577765
1 0.079306 0.0796291
2 0.0179173 0.0182401
1 0.093523 0.0938451
1 0.061846 0.0621678
2 0.0480449 0.0483665
1 0.0360572 0.0363749
1 0.0044312 0.00474863
1 0.0192852 0.0196012
1 0.0167147 0.0170299
1 0.00169547 0.0020101
2 0.226324 0.226637
1 0.00783061 0.00813908
1 0.0456871 0.0459946
0 0 0.000302582
1 0.00483076 0.0051314
2 0.0194671 0.0197628
2 0.012336 0.0126306
1 0.0290869 0.0293748
1 0.0510233 0.051294
1 0.00514595 0.00541472
2 0.00828085 0.00854069
1 0.00713334 0.00739065
1 0.0417755 0.0420268
1 0.00982722 0.0100784
1 0.2402 0.240449
2 0.0560012 0.0562497
2 0.283303 0.283549
1 0.224611 0.224849
1 0.0326847 0.0329216
1 0.0110621 0.011298
2 0.019169 0.0193974
2 0.0253549 0.0255756
1 0.0172559 0.0174718
1 0.033405 0.0336205
1 0.006582 0.006788
1 0.0467358 0.0469411
1 0.0838297 0.0840331
2 0.186797 0.186999
1 0.00777975 0.00797513
1 0.0882231 0.088415
1 0.00969594 0.00988186
2 0.0713489 0.071531
1 0.0112944 0.0114686
1 0.00510247 0.00527525
1 0.00871982 0.00889153
2 0.0312786 0.0314494
2 0.0502324 0.0503958
1 0.0205985 0.020761
1 0.00363571 0.00379743
2 0.0336866 0.0338475
1 0.0142791 0.0144344
1 0.00553549 0.00568679
1 0.129333 0.129478
1 0.0257215 0.0258652
1 0.0255651 0.025708
1 0.0281411 0.0282836
1 0.0148452 0.0149865
2 0.0169031 0.0170428
1 0.00220191 0.00233927
1 0.105051 0.105186
2 0.0393723 0.0395074
0 0 0.000131514
2 0.101867 0.101994
1 0.00873243 0.00883749
1 0.112511 0.112615
1 0.018489 0.0185877
1 0.00462115 0.00471217
2 0.0459517 0.0460415
1 0.0103581 0.010447
2 0.0160554 0.0161425
2 0.0160366 0.0161183
2 0.383821 0.383902
1 0.032719 0.0327977
2 0.0120265 0.0121044
1 0.0101448 0.0102226
2 0.0277986 0.0278722
1 0.000827675 0.000900814
2 0.0596652 0.059738
1 0.262029 0.262102
2 0.146755 0.146825
1 0.0389442 0.0390129
1 0.0344032 0.0344714
2 0.0596414 0.0597085
2 0.020606 0.0206692
1 0.00534682 0.00540935
2 0.0311583 0.0312194
1 0.0648109 0.0648715
2 0.0458017 0.0458617
1 0.0177002 0.0177596
2 0.0350475 0.0351052
1 0.0235393 0.0235937
1 0.0153104 0.0153641
1 0.0151633 0.0152168
1 0.0558484 0.0558992
2 0.0187685 0.0188187
1 0.0014454 0.00149535
2 0.0130422 0.0130919
1 0.00464652 0.0046945
2 0.119829 0.119874
2 0.0852919 0.0853367
2 0.0115441 0.0115867
2 0.14765 0.147692
1 0.0210398 0.0210817
2 0.0570758 0.0571169
1 0.117919 0.117958
1 0.0312234 0.0312626
2 0.0365719 0.0366105
2 0.0239845 0.0240227
2 0.38768 0.387714
1 0.125689 0.12572
1 0.00840809 0.00843939
1 0.258407 0.258435
1 0.00916288 0.00918918
1 0.00245591 0.00248194
2 0.128412 0.128438
2 0.0740106 0.0740351
2 0.0497262 0.0497506
1 0.0181279 0.0181522
2 0.107655 0.107678
1 0.0180158 0.0180379
2 0.107512 0.107533
2 0.0523772 0.0523975
1 0.0314439 0.0314637
2 0.0484032 0.0484228
2 0.014509 0.0145275
1 0.0127559 0.0127743
1 0.0204089 0.020426
2 0.111718 0.111734
1 0.0416643 0.0416792
1 0.0500218 0.0500361
1 0.00384635 0.00385851
2 0.0562967 0.0563086
1 0.0180044 0.0180161
1 0.00645673 0.00646782
1 0.0076251 0.00763609
2 0.0526796 0.0526906
1 0.0126998 0.0127107
2 0.0561247 0.0561348
2 0.0104202 0.0104298
2 0.0214429 0.0214522
2 0.0302742 0.0302832
1 0.0109115 0.0109205
1 0.0521582 0.0521672
1 0.0107144 0.0107231
2 0.103024 0.103033
1 0.183077 0.183086
2 0.0887313 0.0887394
1 0.0538211 0.053829
1 0.0425933 0.0426001
2 0.0182078 0.0182136
2 0.0276839 0.0276891
1 0.125983 0.125988
1 0.00896889 0.00897391
1 0.0508007 0.0508056
1 0.0526409 0.0526456
1 0.00879375 0.00879793
1 0.0823403 0.0823443
2 0.0108102 0.0108138
2 0.0468036 0.0468071
1 0.00834741 0.00835083
2 0.075154 0.0751571
1 0.011846 0.011849
1 0.0562895 0.056292
1 0.0877309 0.087733
2 0.046674 0.0466757
2 0.270853 0.270855
1 0.0251647 0.0251659
1 0.0852857 0.0852869
1 0.0501572 0.0501581
2 0.0154839 0.0154847
1 0.0121023 0.0121028
2 0.253088 0.253088
1 0.0155314 0.0155315
