0 0 inf
0 0 0.0561384
0 0 0.0552417
0 0 0.0379924
1 0.0296255 0.063757
1 0.0151458 0.0459259
0 0 0.0303728
0 0 0.027432
0 0 0.0269687
0 0 0.0263865
1 0.0157393 0.0396479
0 0 0.0233402
0 0 0.0228342
0 0 0.0219215
0 0 0.0198433
0 0 0.0197854
0 0 0.0194277
0 0 0.0193825
0 0 0.0188586
0 0 0.0185902
0 0 0.0182081
0 0 0.0170174
0 0 0.0157396
0 0 0.0154239
0 0 0.0149321
1 0.0559362 0.0707865
0 0 0.0147829
1 0.0196799 0.0343304
0 0 0.0140829
0 0 0.013736
0 0 0.0133707
0 0 0.0129799
0 0 0.0129307
1 0.0880267 0.100455
0 0 0.0123651
0 0 0.0122236
1 0.0808037 0.092833
0 0 0.0114464
0 0 0.0113739
0 0 0.0110002
0 0 0.010294
1 0.0198046 0.0300553
0 0 0.0101903
1 0.0288457 0.0389631
1 0.0883823 0.0983559
0 0 0.00988947
0 0 0.00983794
0 0 0.00966732
0 0 0.00956281
1 0.146878 0.15644
0 0 0.009271
0 0 0.00848176
1 0.0436515 0.0520019
0 0 0.00789566
0 0 0.00774287
0 0 0.00769863
0 0 0.00766583
0 0 0.00744584
0 0 0.00729264
1 0.00970331 0.0169715
0 0 0.00714458
1 0.0395439 0.0464103
0 0 0.00683463
0 0 0.00669532
1 0.0169401 0.0236234
0 0 0.00658531
0 0 0.00638796
1 0.234585 0.240882
1 0.0687755 0.0750479
1 0.0125993 0.0188196
0 0 0.00621614
0 0 0.0061819
0 0 0.00595002
0 0 0.00591129
1 0.00326155 0.0091596
2 0.0622859 0.068159
1 0.043038 0.0486572
0 0 0.00521834
0 0 0.00521651
0 0 0.00518534
0 0 0.00510782
0 0 0.00510211
1 0.00333596 0.00841686
0 0 0.00503794
0 0 0.00486567
1 0.0136693 0.0183741
1 0.00618799 0.0107971
0 0 0.00459833
0 0 0.00456661
1 0.00623388 0.0107949
0 0 0.00447334
1 0.0171658 0.0216045
0 0 0.00442121
0 0 0.00440732
0 0 0.00430706
1 0.0083589 0.0126311
1 0.0180222 0.0222474
0 0 0.00419354
2 0.169534 0.173623
0 0 0.0040257
1 0.00391537 0.00789996
1 0.0261333 0.0300753
1 0.0217274 0.0256648
1 0.0243557 0.028134
1 0.0249206 0.0286548
1 0.0149841 0.0186808
1 0.0477354 0.0513775
1 0.0223216 0.0259265
0 0 0.00359426
0 0 0.00347076
0 0 0.00345197
1 0.0574109 0.0608304
1 0.0316049 0.0350181
0 0 0.00339771
0 0 0.00338649
0 0 0.00338403
0 0 0.00331896
0 0 0.00329666
0 0 0.00328716
0 0 0.00324749
1 0.00696773 0.010169
0 0 0.00308307
1 0.162397 0.165427
1 0.00407996 0.00707879
0 0 0.00294499
1 0.0369349 0.0398651
0 0 0.00291926
0 0 0.00283679
0 0 0.00282205
1 0.0157498 0.0185205
0 0 0.00270856
1 0.0111326 0.0137832
1 0.00401033 0.00662639
0 0 0.00253966
0 0 0.00252529
1 0.0268185 0.0293228
1 0.00370968 0.00621062
0 0 0.00248567
0 0 0.0024701
1 0.0288458 0.031312
0 0 0.00246164
1 0.0110131 0.0134672
0 0 0.00243472
1 0.00509465 0.00752495
0 0 0.00240178
0 0 0.00240018
0 0 0.00237949
1 0.089589 0.0919586
0 0 0.00236801
0 0 0.00236186
0 0 0.00235867
2 0.0380821 0.0404396
0 0 0.00229341
0 0 0.00227521
1 0.0117657 0.0140358
1 0.0278203 0.0300834
0 0 0.00218628
0 0 0.00217086
1 0.0258062 0.0279565
1 0.0153757 0.0175085
0 0 0.00211764
1 0.122742 0.124845
1 0.0105673 0.0126448
0 0 0.00203642
0 0 0.00202443
0 0 0.00201451
1 0.00489118 0.00687442
0 0 0.00197844
0 0 0.00192763
1 0.0240865 0.0260017
0 0 0.00188714
0 0 0.00187115
1 0.056295 0.0581384
1 0.00531674 0.00715595
0 0 0.00183625
0 0 0.00183183
1 0.0100858 0.0118549
0 0 0.00175469
0 0 0.001735
0 0 0.00168318
1 0.0246372 0.0263192
1 0.0324954 0.0341756
0 0 0.00167935
1 0.00339923 0.00507688
0 0 0.00166631
1 0.0142767 0.0159254
1 0.0090879 0.0107288
0 0 0.00162337
1 0.01357 0.0151927
1 0.0267988 0.0284159
0 0 0.00157412
0 0 0.00157199
0 0 0.00155169
1 0.0135739 0.0151123
0 0 0.00151431
0 0 0.00150561
1 0.0199863 0.0214838
1 0.00804517 0.00952814
1 0.0483555 0.0498307
2 0.0647659 0.0662141
1 0.00400391 0.00544962
0 0 0.0014445
0 0 0.00144348
0 0 0.00142958
0 0 0.00142373
0 0 0.00141867
1 0.0593103 0.0607063
1 0.00574652 0.00713721
1 0.0571794 0.0585624
1 0.00724819 0.00862518
0 0 0.0013655
1 0.00242833 0.00379133
0 0 0.00135443
1 0.0236483 0.024998
1 0.0160219 0.0173714
0 0 0.00133359
1 0.00231941 0.00364716
0 0 0.00132716
0 0 0.00132326
1 0.0268022 0.0281212
1 0.0272846 0.0285969
0 0 0.00131218
1 0.120471 0.121763
0 0 0.00128342
2 0.0265177 0.0277963
0 0 0.00126089
0 0 0.00125926
2 0.0803004 0.0815549
0 0 0.0012504
0 0 0.00124078
2 0.100609 0.101849
1 0.0432966 0.0445364
0 0 0.00123927
1 0.00668216 0.00788074
0 0 0.00119627
0 0 0.00118653
0 0 0.0011865
0 0 0.00115819
0 0 0.00115759
1 0.0133758 0.0145265
0 0 0.00113542
0 0 0.00111057
1 0.00939079 0.0104997
0 0 0.00110741
1 0.00175453 0.00284829
1 0.00248506 0.00355956
1 0.0250844 0.0261311
2 0.129408 0.130449
1 0.0803119 0.0813457
2 0.0469849 0.048017
1 0.0112129 0.0122401
1 0.0066124 0.00762311
1 0.011127 0.0121372
1 0.00440882 0.00541502
1 0.0152157 0.016217
1 0.00187619 0.00286866
0 0 0.000980895
1 0.0156414 0.0166145
1 0.0042263 0.00519582
0 0 0.000959708
2 0.153695 0.154654
1 0.00420031 0.0051546
0 0 0.00094289
1 0.0026789 0.00361839
2 0.00932258 0.0102511
1 0.00222858 0.00315554
0 0 0.00092499
0 0 0.000915333
0 0 0.000904367
1 0.0239198 0.0248162
1 0.00204357 0.00293399
2 0.0511042 0.0519921
1 0.0256431 0.0265283
1 0.00637181 0.00725707
0 0 0.000877758
1 0.0114769 0.0123447
0 0 0.000860784
2 0.020869 0.0217267
1 0.00249946 0.00335518
0 0 0.000854814
0 0 0.000849287
1 0.0133172 0.0141646
1 0.0164298 0.0172751
0 0 0.000842018
1 0.00591668 0.00675804
1 0.00413501 0.00496477
2 0.0293057 0.0301253
1 0.00393796 0.0047573
0 0 0.000806834
0 0 0.000805094
0 0 0.000801059
0 0 0.000793335
1 0.0129026 0.0136916
1 0.0224582 0.023231
1 0.00954193 0.0103126
1 0.00579017 0.00655457
1 0.0145913 0.0153429
1 0.152803 0.153551
0 0 0.000742425
1 0.00314396 0.00386356
1 0.0582736 0.0589874
0 0 0.000711716
0 0 0.000711327
1 0.025265 0.0259726
1 0.0744991 0.075206
1 0.0125524 0.0132464
1 0.00139985 0.00209123
1 0.00362344 0.00431079
2 0.00990247 0.0105864
0 0 0.00066919
1 0.0248112 0.0254723
2 0.0413755 0.0420224
1 0.0234956 0.0241389
0 0 0.00064247
1 0.0814024 0.0820361
1 0.0131492 0.0137812
0 0 0.000627311
1 0.00396884 0.00458882
1 0.00433985 0.00495697
1 0.0066246 0.00723531
0 0 0.000608612
0 0 0.000595438
0 0 0.000595299
1 0.0355396 0.0361338
1 0.0271419 0.0277296
2 0.0196609 0.0202479
1 0.00679392 0.00737345
0 0 0.000572172
1 0.00719314 0.00776476
0 0 0.000567798
1 0.00918814 0.00975491
1 0.00592638 0.00649012
1 0.00354209 0.00410001
0 0 0.000557893
1 0.00148045 0.00203697
1 0.012018 0.0125612
1 0.00602587 0.00656473
1 0.0269869 0.0275169
0 0 0.000525442
0 0 0.000523728
1 0.00392761 0.00445051
2 0.0311739 0.0316906
0 0 0.000499091
1 0.00332517 0.00382281
0 0 0.000497594
2 0.123226 0.123723
1 0.00445283 0.00494564
0 0 0.000490113
1 0.00165757 0.00213842
0 0 0.00048052
1 0.012674 0.0131544
2 0.0315644 0.0320375
1 0.00100517 0.00147613
1 0.00202985 0.0024994
0 0 0.000467886
2 0.0550593 0.0555267
1 0.0692716 0.0697344
1 0.00446344 0.00491798
2 0.0301166 0.0305561
2 0.0152742 0.0157135
1 0.00333583 0.00377317
1 0.0284792 0.0289165
1 0.000987136 0.00142237
1 0.0164981 0.0169254
1 0.00422334 0.00464699
0 0 0.000417826
1 0.0168721 0.0172864
1 0.00393676 0.00435017
1 0.00313287 0.00354595
0 0 0.000397151
1 0.00239431 0.00278825
2 0.00721564 0.00760583
1 0.002718 0.00310498
1 0.00160262 0.00198377
1 0.00264337 0.00301863
1 0.0145632 0.0149318
1 0.00404688 0.00440925
1 0.00652715 0.00688884
1 0.00196611 0.00232192
2 0.0320798 0.0324321
1 0.00468646 0.00503105
0 0 0.000341534
1 0.00156748 0.00190713
0 0 0.000336968
0 0 0.000330482
2 0.0160809 0.0164107
1 0.0045132 0.00483721
2 0.0045075 0.00482613
2 0.0264223 0.0267342
1 0.00139147 0.00170201
0 0 0.000297458
1 0.00817041 0.00846449
1 0.00251895 0.00281023
1 0.066294 0.0665852
1 0.00902966 0.00931902
0 0 0.000289325
1 0.00359013 0.00387521
1 0.00272215 0.00300314
0 0 0.000265923
1 0.0036139 0.00387908
2 0.0156156 0.0158792
2 0.0160514 0.016312
1 0.00373018 0.00398824
1 0.00230461 0.00256202
1 0.0175957 0.017848
1 0.0253229 0.0255706
1 0.0180121 0.0182598
1 0.0123236 0.01257
2 0.0319619 0.0322058
1 0.00209247 0.00233112
2 0.04005 0.040288
2 0.130617 0.130852
2 0.0133216 0.0135552
1 0.0127213 0.0129512
1 0.00352975 0.00375909
1 0.010244 0.0104728
1 0.00194803 0.00217632
0 0 0.00022638
1 0.0143787 0.0146014
1 0.00628967 0.00651201
1 0.00420307 0.00442479
1 0.00428111 0.00449871
1 0.017131 0.0173466
1 0.0395192 0.0397339
1 0.0719335 0.0721469
1 0.00901984 0.00922963
2 0.00497809 0.00518729
1 0.0147845 0.0149927
1 0.00532672 0.00553306
0 0 0.000202412
1 0.0406056 0.0408041
1 0.00508465 0.00528159
0 0 0.000195966
2 0.0651479 0.0653436
1 0.00371133 0.00390677
2 0.00309147 0.00328599
1 0.00371411 0.00390732
2 0.0110349 0.0112272
0 0 0.000189579
1 0.00104922 0.00123805
2 0.157803 0.157991
1 0.00483726 0.00502485
1 0.00262409 0.0028101
1 0.00953467 0.00971864
1 0.0040073 0.00419101
1 0.00957495 0.00975839
2 0.0310512 0.0312315
1 0.000649659 0.000829796
1 0.0389954 0.0391743
1 0.00422473 0.00439997
2 0.00480954 0.00498044
2 0.0175634 0.0177335
1 0.00208342 0.0022535
2 0.0556708 0.0558406
1 0.0128584 0.0130268
1 0.0036509 0.00381758
2 0.00557872 0.00574487
1 0.00458234 0.00474769
1 0.00871138 0.00887421
0 0 0.000162048
1 0.0184143 0.0185754
2 0.017097 0.0172573
1 0.00586146 0.00602143
1 0.00128706 0.00144696
2 0.0177329 0.0178926
2 0.00298394 0.00313824
1 0.0102408 0.0103945
1 0.00455738 0.00470939
1 0.00164261 0.00179307
1 0.00479905 0.00494928
1 0.00306434 0.0032145
1 0.00185328 0.00200341
1 0.00141976 0.00156734
1 0.00211126 0.00225835
2 0.00552228 0.00566853
2 0.0384235 0.038569
1 0.00058757 0.000731051
1 0.0317624 0.0319058
2 0.0115739 0.0117158
2 0.0495629 0.049703
1 0.0120676 0.0122075
2 0.0185929 0.0187326
2 0.0220887 0.0222277
1 0.0201644 0.0202979
1 0.000893974 0.00102635
1 0.00543897 0.00557051
2 0.0110795 0.0112108
2 0.00910304 0.00923273
2 0.0279084 0.0280355
1 0.00149893 0.00161879
2 0.0210418 0.02116
2 0.00687386 0.00699156
1 0.00208566 0.00220195
1 0.0280597 0.0281748
1 0.00481296 0.00492479
1 0.0101103 0.0102189
1 0.00181042 0.00191701
1 0.0141478 0.0142537
0 0 0.000105515
1 0.00192782 0.00203286
1 0.00295505 0.00305944
2 0.00468225 0.00478571
1 0.0296774 0.0297808
1 0.000987142 0.0010865
1 0.0284735 0.0285634
2 0.0120096 0.0120994
1 0.0118208 0.0119095
1 0.0139861 0.0140744
1 0.000860762 0.000948834
1 0.00106975 0.00115735
1 0.0312475 0.0313349
1 0.00193311 0.00201847
1 0.00289968 0.00298492
1 0.113383 0.113468
1 0.0309332 0.0310175
1 0.00204636 0.00213031
1 0.00758217 0.00766593
1 0.00261322 0.00269668
1 0.00344315 0.00352628
1 0.00435046 0.00443287
2 0.00988252 0.00996473
1 0.00554046 0.00562208
2 0.00308225 0.00316362
1 0.00331921 0.00339993
2 0.0660981 0.0661772
2 0.0827321 0.0828111
2 0.0257611 0.0258388
1 0.00267335 0.0027506
2 0.013858 0.0139348
1 0.00282471 0.00290106
1 0.0044789 0.00455473
1 0.00279358 0.00286744
1 0.00132173 0.00139142
2 0.0920645 0.0921332
1 0.00112293 0.00118918
1 0.0388244 0.0388899
1 0.00708709 0.00715083
1 0.00232514 0.00238857
1 0.00114335 0.00120594
2 0.00869969 0.00876136
2 0.00776529 0.00782676
2 0.0188893 0.0189505
1 0.00208045 0.00214126
0 0 5.95221e-05
2 0.0031339 0.00319246
1 0.00743093 0.00748921
1 0.00140378 0.00146166
1 0.0025316 0.00258939
1 0.00217828 0.00223478
1 0.00329102 0.00334727
0 0 5.59355e-05
1 0.00569119 0.00574664
1 0.0972855 0.0973403
1 0.00250688 0.00256121
1 0.0297282 0.0297818
1 0.00963643 0.00968925
2 0.00258721 0.00263982
1 0.00513668 0.00518824
1 0.0288088 0.0288591
2 0.0141636 0.0142138
1 0.00138415 0.00143352
2 0.00319615 0.00324506
1 0.00200946 0.00205799
2 0.0939888 0.0940365
1 0.00188036 0.00192786
0 0 4.56849e-05
1 0.00622779 0.00627303
2 0.00555121 0.00559584
1 0.00181576 0.00185947
1 0.129244 0.129285
1 0.00325622 0.00329604
1 0.00675715 0.00679683
1 0.0115931 0.0116327
1 0.00523782 0.0052767
2 0.0153723 0.0154111
1 0.00163787 0.00167669
2 0.0100804 0.0101184
2 0.00524067 0.00527769
1 0.00751409 0.00755105
2 0.0291926 0.0292288
2 0.00236367 0.00239982
1 0.00265188 0.00268802
1 0.0160799 0.0161153
2 0.00186158 0.00189639
1 0.00239675 0.00243123
1 0.00095046 0.000982459
1 0.010009 0.0100404
2 0.00898499 0.00901613
1 0.0075181 0.00754924
1 0.0264619 0.0264909
1 0.00246415 0.00249288
1 0.00997462 0.0100031
2 0.0150545 0.0150828
2 0.00303275 0.00306104
1 0.00601295 0.00604071
1 0.000959749 0.000987238
2 0.0315899 0.0316172
1 0.0189456 0.0189723
2 0.0123429 0.0123695
2 0.00829163 0.00831774
1 0.0110049 0.0110303
1 0.00254408 0.0025692
2 0.00282082 0.00284529
1 0.00367891 0.00370315
2 0.0382529 0.0382771
2 0.00304289 0.00306708
2 0.00398545 0.00400887
1 0.00294973 0.00297247
2 0.0105492 0.0105717
1 0.0142825 0.0143046
2 0.0172317 0.0172519
2 0.00388716 0.0039071
2 0.00632681 0.00634624
1 0.00439268 0.00441165
2 0.011437 0.0114556
1 0.00158494 0.00160325
2 0.0221681 0.0221851
1 0.0533893 0.0534058
2 0.0118102 0.0118259
1 0.00617332 0.00618886
1 0.020141 0.0201564
2 0.0150753 0.0150902
2 0.00540159 0.00541626
1 0.0131298 0.0131442
1 0.00336576 0.00337924
1 0.0043814 0.00439479
2 0.00439777 0.00441064
1 0.0335723 0.0335848
2 0.0385282 0.0385407
1 0.00417661 0.00418888
2 0.0135177 0.0135296
1 0.00166021 0.00167178
1 0.000505731 0.000517259
1 0.00234857 0.00235984
1 0.00624544 0.00625647
1 0.00309796 0.00310875
2 0.0138701 0.0138808
1 0.0117858 0.011796
2 0.0172337 0.0172436
2 0.0974356 0.0974451
1 0.00069215 0.000701574
1 0.0343848 0.0343939
2 0.00265806 0.002667
2 0.00983607 0.00984463
1 0.00321312 0.00322154
2 0.00923729 0.00924544
1 0.00661361 0.00662173
2 0.00736997 0.00737807
2 0.0149697 0.014977
2 0.0302078 0.0302151
2 0.00110279 0.00111002
1 0.0031368 0.00314345
2 0.0104084 0.010415
2 0.0370279 0.0370339
1 0.126302 0.126307
1 0.00194742 0.00195309
1 0.00139559 0.00140126
2 0.00613719 0.0061425
1 0.00464206 0.00464731
1 0.00138581 0.00139105
1 0.0112444 0.0112496
1 0.0378453 0.03785
1 0.00200387 0.00200843
1 0.000937798 0.000942133
1 0.00283395 0.00283811
1 0.0117656 0.0117696
1 0.0171669 0.0171701
1 0.0206953 0.0206985
2 0.00311512 0.00311807
1 0.00664838 0.00665121
1 0.00162837 0.00163115
1 0.0136705 0.0136729
2 0.00913949 0.00914166
2 0.00693377 0.00693591
2 0.0188834 0.0188855
1 0.00274177 0.0027438
1 0.00260128 0.0026032
2 0.00940446 0.00940629
2 0.0069141 0.0069154
1 0.0177195 0.0177206
1 0.00356904 0.00357011
1 0.00436286 0.00436386
1 0.0350174 0.0350183
2 0.00468563 0.00468653
2 0.0113122 0.0113131
2 0.00781492 0.00781576
1 0.000780499 0.000781234
1 0.00312322 0.00312392
2 0.0104138 0.0104144
1 0.0259232 0.0259238
2 0.00475911 0.00475968
1 0.0017343 0.00173482
1 0.00809919 0.00809966
1 0.0036976 0.00369804
2 0.0156715 0.0156719
2 0.00443581 0.00443623
1 0.0374738 0.0374741
2 0.00427039 0.00427056
2 0.0201265 0.0201266
1 0.0184249 0.0184249
2 0.00228628 0.0022863
1 0.00257593 0.00257594
1 0.0270029 0.0270029
2 0.00658291 0.00658291
2 0.00142591 0.00142591
