0 0 inf
1 0.167968 0.329432
0 0 0.154996
1 0.108632 0.262004
0 0 0.119843
0 0 0.118541
0 0 0.0795997
0 0 0.0792664
1 0.0835032 0.157592
0 0 0.0735962
0 0 0.0708001
0 0 0.0691575
1 0.0378766 0.104228
1 0.0451698 0.108434
0 0 0.0588046
1 0.0339659 0.0840207
0 0 0.0489056
1 0.479752 0.527445
1 0.468998 0.515421
0 0 0.0460471
0 0 0.0437208
0 0 0.0425193
0 0 0.0424373
1 0.0246249 0.0670568
0 0 0.0412851
1 0.11307 0.152404
1 0.242531 0.280713
0 0 0.0376574
0 0 0.0360598
0 0 0.0358136
0 0 0.0354299
0 0 0.0331344
0 0 0.0325703
1 0.0972991 0.129431
0 0 0.0313735
1 0.240514 0.271787
0 0 0.0311777
0 0 0.0311243
1 0.0410985 0.0708417
0 0 0.0292405
0 0 0.0286345
0 0 0.0280526
0 0 0.027705
0 0 0.0272712
0 0 0.0272634
0 0 0.0271563
1 0.0616297 0.0884679
1 0.0495289 0.0755928
2 0.441935 0.46694
0 0 0.0247582
1 0.330157 0.354761
1 0.0597448 0.0839843
0 0 0.0241779
0 0 0.023506
0 0 0.0234956
1 0.0402996 0.0635762
1 0.0387447 0.0617274
0 0 0.0226934
1 0.0160318 0.0379419
0 0 0.0217852
0 0 0.0216789
0 0 0.0215907
0 0 0.0213702
0 0 0.0210623
0 0 0.0209565
1 0.0466364 0.0675163
0 0 0.0208573
0 0 0.0206635
2 0.368282 0.388748
0 0 0.0200408
0 0 0.0198299
0 0 0.019513
0 0 0.0192777
1 0.0128292 0.0320743
0 0 0.0190798
0 0 0.0188731
1 0.0183894 0.0367693
1 0.101384 0.119616
1 0.0793726 0.0975761
0 0 0.0180906
0 0 0.0179244
0 0 0.0178353
0 0 0.0178328
0 0 0.0176779
0 0 0.0173284
0 0 0.0173216
1 0.38457 0.401876
1 0.0655184 0.0819401
0 0 0.0159085
0 0 0.0155757
0 0 0.0149767
1 0.0671253 0.0818503
0 0 0.0145067
1 0.0144268 0.0288264
0 0 0.0140569
2 0.366186 0.38014
1 0.135974 0.149903
0 0 0.0138149
0 0 0.0136918
0 0 0.013605
1 0.0490155 0.0626052
0 0 0.0134408
0 0 0.0131796
1 0.0282324 0.0413719
0 0 0.0131031
0 0 0.0129068
0 0 0.0126209
0 0 0.012129
0 0 0.0119755
0 0 0.0119237
0 0 0.0115967
2 0.369497 0.380934
1 0.0383321 0.0497565
2 0.163691 0.175092
1 0.0425368 0.0534959
0 0 0.0109043
0 0 0.0108016
1 0.0236396 0.0343887
0 0 0.010739
0 0 0.0106935
0 0 0.0106772
0 0 0.0105595
1 0.0222333 0.032738
0 0 0.0104741
1 0.0241318 0.0344625
1 0.0433835 0.0537091
0 0 0.0102172
0 0 0.010089
0 0 0.00996084
1 0.0334055 0.0432185
0 0 0.00975216
0 0 0.00944797
1 0.0162085 0.0256557
1 0.0616755 0.0711178
0 0 0.00932939
0 0 0.00929827
1 0.14817 0.157349
2 0.517109 0.525955
1 0.0113383 0.019998
0 0 0.00857777
0 0 0.00855667
0 0 0.00841862
0 0 0.00816285
0 0 0.00803733
0 0 0.0079193
1 0.385267 0.393178
2 0.0870492 0.0949431
0 0 0.00781991
1 0.0335648 0.0413555
0 0 0.00777521
1 0.0133523 0.0210081
0 0 0.00765224
0 0 0.00759685
0 0 0.00759347
0 0 0.00740402
0 0 0.00722518
0 0 0.00717398
1 0.019536 0.0265621
0 0 0.00699219
0 0 0.00695
0 0 0.006814
1 0.0330695 0.0398479
1 0.0648273 0.0715709
0 0 0.00673878
0 0 0.00672402
0 0 0.00668868
0 0 0.00668168
1 0.0683918 0.0750254
0 0 0.00662476
0 0 0.00651479
0 0 0.00639825
1 0.0179109 0.0242915
1 0.0162779 0.0226246
2 0.707531 0.713851
1 0.219387 0.225695
1 0.027285 0.0335499
0 0 0.00625562
0 0 0.00622302
0 0 0.0062096
0 0 0.00603714
0 0 0.00597362
1 0.0610012 0.0667279
0 0 0.00570176
1 0.029352 0.035052
1 0.0179281 0.0235659
1 0.00915701 0.0147634
1 0.0334273 0.0388508
2 0.100217 0.105456
0 0 0.00522289
1 0.0601872 0.0653808
0 0 0.00513594
1 0.0224434 0.0275447
2 0.278042 0.283103
0 0 0.00504826
1 0.00910291 0.0141428
1 0.0438425 0.048879
0 0 0.00490493
0 0 0.00490174
0 0 0.00479357
1 0.0373226 0.0420639
1 0.0174381 0.022171
1 0.0483644 0.0530462
0 0 0.00467007
0 0 0.00459711
2 0.0231404 0.027653
0 0 0.0044781
1 0.229525 0.233971
1 0.0164029 0.0208332
0 0 0.00436426
1 0.113702 0.11799
0 0 0.00427543
0 0 0.004226
1 0.0257872 0.0299958
1 0.0672444 0.0714034
0 0 0.00415461
0 0 0.00413328
1 0.0671719 0.0712894
0 0 0.00409206
0 0 0.00408847
0 0 0.00407051
1 0.057731 0.0617315
2 0.237918 0.241911
0 0 0.00399012
0 0 0.00397301
0 0 0.00395135
0 0 0.00385236
1 0.123986 0.127819
1 0.0202666 0.0240138
1 0.211037 0.214752
1 0.0168745 0.0205729
1 0.248925 0.252581
0 0 0.00359781
2 0.163852 0.167435
1 0.0478091 0.051384
1 0.0465537 0.0500167
0 0 0.00339852
0 0 0.00339639
0 0 0.00338082
2 0.219092 0.222463
1 0.0747401 0.0780002
1 0.0322956 0.0355331
0 0 0.00321999
1 0.0522286 0.0554321
2 0.0461888 0.0493863
1 0.0567209 0.0598563
2 0.0886245 0.0917356
0 0 0.00305879
0 0 0.00305836
0 0 0.00303266
1 0.0120464 0.0150458
1 0.0694774 0.0724725
1 0.14951 0.152501
1 0.117837 0.120827
1 0.0204283 0.0234131
1 0.0322444 0.0352106
0 0 0.00294456
0 0 0.0029425
0 0 0.00286892
1 0.040072 0.042922
1 0.119613 0.122458
0 0 0.00281431
0 0 0.00279206
1 0.0272901 0.0300731
1 0.0478357 0.0506114
1 0.00766136 0.0104252
1 0.0189515 0.0216888
0 0 0.00273276
1 0.0204611 0.0231376
0 0 0.00264418
2 0.0304373 0.0330731
1 0.0307686 0.0333971
1 0.0213446 0.023902
0 0 0.00253369
0 0 0.00252752
0 0 0.00247373
1 0.704727 0.707167
1 0.0107211 0.0131426
1 0.00555758 0.00788058
0 0 0.00231873
1 0.0360896 0.0383337
0 0 0.00223815
0 0 0.00223713
1 0.0318783 0.0340683
1 0.0103143 0.0124721
0 0 0.00215028
1 0.401451 0.40359
1 0.0261055 0.0282222
0 0 0.00211202
1 0.0146961 0.0167953
1 0.0380404 0.0401378
0 0 0.00208063
1 0.0193402 0.0213521
2 0.152555 0.154562
1 0.337849 0.339846
2 0.0425918 0.0445781
0 0 0.00197668
0 0 0.00196708
1 0.0161259 0.0180818
1 0.0264375 0.0283402
1 0.042993 0.0448808
1 0.027965 0.0298527
2 0.0916106 0.0934968
1 0.050714 0.0525891
0 0 0.00181588
2 0.0448463 0.0466544
1 0.022008 0.0238107
1 0.0840385 0.0858394
0 0 0.00179997
1 0.0379948 0.0397862
0 0 0.00179012
0 0 0.00177999
1 0.0361256 0.0379053
1 0.0254043 0.0271546
0 0 0.00173145
1 0.0142148 0.0159403
1 0.042889 0.0446005
2 0.0713327 0.07302
0 0 0.00167143
1 0.0407105 0.0423819
1 0.0400154 0.041648
1 0.0250501 0.0266804
2 0.0564912 0.0581128
1 0.121366 0.122983
1 0.0264312 0.0280313
0 0 0.00159899
1 0.013949 0.0155074
1 0.0381901 0.0397469
2 0.0340414 0.035589
1 0.00313475 0.00465834
0 0 0.00149702
1 0.0100541 0.0115379
1 0.018878 0.0203303
1 0.0106856 0.0121312
0 0 0.00139333
1 0.0428204 0.04421
1 0.0616156 0.0629614
1 0.00868626 0.0100074
0 0 0.00130139
1 0.0339638 0.0352479
0 0 0.00126373
0 0 0.00126153
0 0 0.00126145
2 0.104686 0.105943
1 0.0692975 0.0705522
0 0 0.00124582
1 0.00401815 0.00525557
1 0.00573352 0.0069008
1 0.0709132 0.0720644
1 0.0158709 0.0170066
1 0.0152123 0.0163435
0 0 0.00110269
1 0.0110056 0.0121029
1 0.108397 0.109488
1 0.0295033 0.0305859
0 0 0.00107954
0 0 0.00107414
0 0 0.00107125
1 0.0324068 0.0334586
1 0.0105037 0.0115435
2 0.0299786 0.0310084
0 0 0.00101627
1 0.0140098 0.0149977
1 0.0543943 0.0553731
2 0.0727977 0.073765
2 0.0380243 0.0389472
0 0 0.000902367
0 0 0.000828653
1 0.036757 0.037572
1 0.0228185 0.0236291
1 0.00253352 0.00333127
1 0.0120615 0.0128417
1 0.285804 0.28658
1 0.0990652 0.0998347
1 0.0201981 0.0209617
1 0.0593275 0.0600877
1 0.0372651 0.0380096
1 0.042094 0.0428365
1 0.0298571 0.0305991
1 0.0552985 0.0560345
1 0.00897786 0.00970929
0 0 0.000728483
1 0.12169 0.122416
1 0.00905655 0.00978053
0 0 0.00071552
1 0.0660969 0.0667933
2 0.0384612 0.0391571
1 0.0108037 0.0114767
0 0 0.000669837
1 0.0119871 0.0126463
1 0.0291425 0.0298011
1 0.0411137 0.0417657
2 0.0295532 0.0301989
1 0.0984892 0.0991319
2 0.0578084 0.0584382
2 0.0725783 0.0732071
1 0.0210266 0.021655
2 0.0965484 0.0971767
0 0 0.000614331
0 0 0.000611184
0 0 0.000606458
1 0.0101176 0.0107124
1 0.0382002 0.0387807
1 0.0233546 0.0239292
2 0.262404 0.262975
1 0.0262056 0.0267558
1 0.0580388 0.0585793
2 0.0914689 0.0920052
2 0.159537 0.160069
1 0.0615358 0.0620648
1 0.054896 0.0554248
2 0.100565 0.101092
1 0.00984056 0.0103606
1 0.0187921 0.0192941
1 0.251299 0.251799
1 0.0146048 0.0151042
1 0.0029401 0.00343547
2 0.0666962 0.0671809
0 0 0.000479061
1 0.0172885 0.017758
1 0.0170937 0.0175632
1 0.0118749 0.0123395
2 0.0775218 0.0779736
1 0.00223138 0.00267732
1 0.00214377 0.00258213
1 0.00922867 0.00965771
1 0.00354703 0.0039709
2 0.0393514 0.0397671
1 0.0124167 0.0128271
1 0.0477655 0.0481713
1 0.0528062 0.0532076
1 0.0153468 0.0157472
1 0.0234252 0.0238094
2 0.0694683 0.069847
1 0.0132195 0.0135978
0 0 0.000374502
1 0.0877709 0.088142
2 0.0491762 0.0495436
2 0.0254547 0.0258096
2 0.0309068 0.0312543
1 0.00172314 0.00206924
0 0 0.000344743
1 0.0138986 0.0142429
1 0.273815 0.274159
1 0.00282996 0.00317355
2 0.0263269 0.0266596
1 0.00352298 0.00385124
2 0.0270677 0.027395
1 0.00914444 0.00946999
1 0.0298102 0.030133
1 0.00406254 0.00437603
1 0.0708025 0.0711125
1 0.00880576 0.00911498
1 0.0188298 0.0191379
2 0.059509 0.0598161
1 0.0389254 0.0392215
2 0.0258613 0.0261472
2 0.047903 0.0481875
0 0 0.000278936
0 0 0.000277693
1 0.0453152 0.0455884
1 0.0360557 0.0363183
1 0.0163073 0.0165658
2 0.0676032 0.0678586
1 0.00670047 0.0069505
1 0.0439171 0.0441626
1 0.0097228 0.00996734
1 0.0302966 0.0305381
0 0 0.000238759
1 0.0223183 0.0225503
1 0.0157669 0.0159972
1 0.0724728 0.0727015
1 0.00459937 0.00481898
1 0.00452021 0.00473482
2 0.0277624 0.0279669
1 0.0211681 0.0213705
2 0.0194474 0.0196471
1 0.0268663 0.0270603
2 0.059946 0.0601336
1 0.00608293 0.00626978
1 0.0233406 0.0235171
2 0.0452959 0.0454708
1 0.0536104 0.0537828
2 0.0884612 0.0886283
1 0.0808959 0.0810619
1 0.00879806 0.00896023
2 0.0447087 0.0448678
1 0.0144797 0.014638
1 0.010889 0.011037
1 0.0493093 0.0494465
1 0.225387 0.225523
1 0.0032459 0.00338135
1 0.0311683 0.0313037
1 0.027067 0.0271995
1 0.0105555 0.0106867
1 0.02962 0.0297501
1 0.0039092 0.00403722
1 0.0912367 0.0913644
1 0.0195894 0.019716
1 0.0176798 0.0178032
1 0.106046 0.106169
1 0.00622026 0.00633723
1 0.00917732 0.0092901
1 0.0144741 0.0145861
1 0.00312625 0.00323748
1 0.00196486 0.00207454
1 0.00401939 0.00412844
2 0.142002 0.142109
2 0.0391153 0.0392217
1 0.103958 0.104062
2 0.0333746 0.0334772
0 0 9.33725e-05
1 0.00852618 0.00861859
2 0.0449161 0.0450067
1 0.00268633 0.00277489
1 0.074258 0.0743455
2 0.0222448 0.0223313
1 0.0690146 0.0691007
2 0.0363399 0.0364197
1 0.0432126 0.0432897
2 0.0507172 0.050794
2 0.0756816 0.0757554
1 0.00231987 0.00239342
1 0.118084 0.118157
2 0.23282 0.232893
2 0.0420244 0.0420894
1 0.0280977 0.0281614
2 0.277093 0.277155
1 0.0581042 0.0581641
1 0.0337424 0.0338018
2 0.0410235 0.0410825
1 0.029082 0.0291384
2 0.0469784 0.0470344
1 0.014116 0.0141709
2 0.0780046 0.0780558
2 0.0313184 0.0313673
2 0.286784 0.286832
1 0.0813873 0.0814347
1 0.0223695 0.0224165
1 0.384661 0.384708
2 0.0933311 0.0933753
2 0.0384179 0.0384613
2 0.0376457 0.0376884
2 0.0417147 0.0417555
2 0.0445781 0.0446171
1 0.0096338 0.00966965
1 0.0152535 0.0152883
2 0.00983256 0.0098671
2 0.0142732 0.0143076
1 0.00756118 0.00759302
2 0.125823 0.125853
2 0.0717725 0.0718022
2 0.106345 0.106374
1 0.00160676 0.00163478
1 0.0375223 0.03755
2 0.00506765 0.00509438
1 0.0295884 0.0296081
2 0.0341174 0.0341362
2 0.0308236 0.030842
1 0.0367636 0.0367818
1 0.0215617 0.0215796
1 0.0389841 0.0390016
1 0.0350796 0.035095
2 0.0217465 0.021761
1 0.0660085 0.0660226
1 0.382646 0.382658
1 0.0445416 0.0445534
2 0.0405659 0.0405774
2 0.0379886 0.038
1 0.0251834 0.0251945
1 0.0138461 0.0138572
1 0.0602961 0.0603072
1 0.340992 0.341003
1 0.0842921 0.0843024
1 0.0452359 0.0452448
1 0.0105996 0.0106084
2 0.0652528 0.0652611
1 0.0248933 0.0249003
1 0.0420115 0.0420168
2 0.0125421 0.0125469
1 0.0310643 0.0310691
2 0.0150876 0.0150917
2 0.0492558 0.0492599
2 0.0281918 0.0281957
2 0.0769203 0.0769242
2 0.0495381 0.0495419
2 0.033821 0.0338247
2 0.0226632 0.0226669
1 0.153584 0.153587
2 0.00337529 0.00337865
1 0.0258417 0.025845
1 0.0377751 0.0377779
2 0.00328063 0.00328312
2 0.0849293 0.0849313
1 0.0385372 0.0385387
1 0.00441736 0.0044188
1 0.00182751 0.00182889
2 0.0297532 0.0297546
1 0.00154833 0.00154943
2 0.0407068 0.0407079
1 0.0172702 0.0172709
2 0.0645761 0.0645766
1 0.0489263 0.0489268
1 0.0188022 0.0188027
1 0.0450868 0.0450872
2 0.0423835 0.0423838
2 0.0284011 0.0284013
2 0.0385923 0.0385925
1 0.00351292 0.00351306
1 0.537609 0.537609
1 0.0416089 0.0416089
