0 0 inf
1 0.165131 0.298532
1 0.291495 0.420791
0 0 0.120232
0 0 0.119843
0 0 0.116738
1 0.0536799 0.167691
1 0.0465213 0.15807
0 0 0.108632
0 0 0.0824301
0 0 0.0788357
0 0 0.0735962
0 0 0.072862
0 0 0.0721693
1 0.0246892 0.0775825
0 0 0.0493245
1 0.0995458 0.145428
0 0 0.0454803
0 0 0.0440274
0 0 0.042637
1 0.0793726 0.120643
0 0 0.0376705
0 0 0.0353539
0 0 0.0349954
0 0 0.034036
0 0 0.0328598
0 0 0.0321885
0 0 0.0302511
0 0 0.0300027
0 0 0.0298239
0 0 0.0283222
0 0 0.0282683
1 0.0322956 0.0604975
0 0 0.0281455
0 0 0.0279029
0 0 0.027705
0 0 0.0271563
1 0.0416001 0.0686924
1 0.0867891 0.113387
1 0.213048 0.239038
1 0.0410985 0.0667279
1 0.0756281 0.10073
0 0 0.0249787
0 0 0.0247281
1 0.0431739 0.0663674
0 0 0.0229696
0 0 0.0228578
0 0 0.0226934
0 0 0.0226927
0 0 0.0224021
0 0 0.0222104
0 0 0.021126
1 0.0966279 0.11756
1 0.273574 0.293919
0 0 0.0200408
0 0 0.0200173
0 0 0.0197622
0 0 0.0195256
0 0 0.0194791
1 0.0525802 0.0718448
0 0 0.0187895
0 0 0.0185432
1 0.0251505 0.0436777
0 0 0.0184792
1 0.0479861 0.0663618
0 0 0.0181246
0 0 0.0177811
0 0 0.0176779
0 0 0.0176188
0 0 0.0170212
0 0 0.0166608
0 0 0.0162085
0 0 0.0155114
0 0 0.0151758
0 0 0.0149495
1 0.0478144 0.0624165
1 0.074303 0.0888826
1 0.0315155 0.0459691
0 0 0.0141092
0 0 0.0138149
0 0 0.0137463
1 0.0387447 0.0522269
0 0 0.0132393
0 0 0.0131031
1 0.082726 0.0957946
1 0.0893273 0.102204
0 0 0.0126209
0 0 0.012222
1 0.0399736 0.052192
0 0 0.011962
0 0 0.0119237
0 0 0.0119125
1 0.0530223 0.0649266
0 0 0.0118965
1 0.079322 0.0911784
0 0 0.0118417
0 0 0.0117533
0 0 0.0117282
0 0 0.0117153
0 0 0.011457
1 0.305572 0.316781
0 0 0.0111871
0 0 0.0109198
1 0.0504493 0.0612318
0 0 0.010739
0 0 0.0106629
0 0 0.0106575
0 0 0.0104996
0 0 0.0104895
0 0 0.0102704
0 0 0.0102375
0 0 0.0101727
1 0.013607 0.0237728
1 0.0204069 0.0304136
0 0 0.00986738
0 0 0.00983077
1 0.0363837 0.0457981
0 0 0.00929827
0 0 0.00917462
0 0 0.00913913
0 0 0.00903846
0 0 0.00894594
0 0 0.0089319
0 0 0.00892457
1 0.0392381 0.0481476
2 0.0977491 0.106615
0 0 0.00886163
0 0 0.00885808
1 0.0493378 0.0581894
1 0.193678 0.202493
0 0 0.00876319
0 0 0.00872496
0 0 0.0086708
0 0 0.00863938
1 0.0398661 0.0480784
1 0.0233448 0.0315026
0 0 0.00814064
0 0 0.0081315
0 0 0.00812825
0 0 0.0080229
0 0 0.00798309
0 0 0.00797804
0 0 0.0078364
0 0 0.00781991
0 0 0.00761634
2 0.0856362 0.0932429
0 0 0.00759685
0 0 0.00755406
0 0 0.00727477
0 0 0.00725354
0 0 0.00699219
0 0 0.00693884
0 0 0.0068076
0 0 0.00673878
1 0.022366 0.0290612
1 0.0298324 0.0364448
1 0.02781 0.0343022
1 0.217286 0.223724
1 0.020087 0.0265054
0 0 0.00639698
0 0 0.00630141
0 0 0.00629964
1 0.0204611 0.0266725
0 0 0.00620482
0 0 0.00616808
1 0.0380743 0.0442026
2 0.578061 0.584188
0 0 0.00611695
0 0 0.00598585
0 0 0.00590468
0 0 0.00588779
0 0 0.00588503
0 0 0.0058246
0 0 0.00572119
0 0 0.0056789
0 0 0.00567069
1 0.0501828 0.055777
0 0 0.00546619
1 0.0334055 0.0388508
1 0.00793523 0.0133767
1 0.0527377 0.0581671
1 0.0458741 0.0512851
0 0 0.00538903
1 0.0292483 0.0345787
0 0 0.00525493
0 0 0.00522289
1 0.0381319 0.0433514
1 0.21279 0.21797
0 0 0.00504167
0 0 0.0050366
1 0.029696 0.0347023
2 0.0448155 0.0497685
1 0.0650905 0.0700033
1 0.0141713 0.0190716
1 0.0377751 0.0426641
1 0.0179755 0.0228212
0 0 0.00479357
0 0 0.0047033
1 0.0133019 0.0179501
1 0.0293751 0.0338858
0 0 0.00441467
0 0 0.00441117
1 0.0344555 0.0388466
0 0 0.00438163
1 0.0233546 0.0277273
0 0 0.00436426
0 0 0.00433996
0 0 0.00427543
2 0.17221 0.176418
1 0.0190855 0.0232812
0 0 0.00419479
1 0.0534927 0.057642
0 0 0.00413328
1 0.0368476 0.0409618
1 0.0173184 0.0214077
1 0.0300103 0.0340921
1 0.0230985 0.0271294
0 0 0.00401906
1 0.0267592 0.0307533
1 0.0432949 0.0472546
1 0.0835032 0.0873941
0 0 0.00386698
1 0.0575421 0.0614007
1 0.0229032 0.0267321
1 0.00568805 0.00951348
1 0.0580695 0.0618864
0 0 0.00372908
0 0 0.00370393
1 0.0221274 0.0257858
2 0.0426731 0.0463066
1 0.19805 0.201625
1 0.0569774 0.0605439
1 0.0298102 0.0333746
1 0.0297819 0.0333412
1 0.0541076 0.0576646
2 0.0557546 0.0593055
0 0 0.00339852
1 0.0691614 0.0725511
0 0 0.00338082
0 0 0.00331037
0 0 0.00328497
0 0 0.00325824
1 0.142236 0.145468
1 0.0806445 0.0838688
1 0.0154527 0.0185382
1 0.027338 0.0304114
0 0 0.00303887
2 0.128399 0.131431
1 0.0451322 0.0481323
1 0.0322444 0.0352106
0 0 0.00295943
0 0 0.0029425
2 0.0625821 0.0655218
0 0 0.00286892
1 0.119613 0.122458
0 0 0.00280672
0 0 0.00279464
1 0.0701253 0.0729102
2 0.0649345 0.0676316
0 0 0.00264866
1 0.0233993 0.0260477
1 0.0307686 0.0333971
1 0.119925 0.122536
1 0.0180396 0.0206091
1 0.0339771 0.0365329
0 0 0.00253369
1 0.0577116 0.0602302
0 0 0.00247373
1 0.0202001 0.0226697
1 0.0545239 0.0569519
2 0.0430247 0.0454403
0 0 0.00241122
1 0.175819 0.178194
1 0.0117977 0.0141634
1 0.0298507 0.0322096
1 0.11307 0.115367
0 0 0.00228571
2 0.0715709 0.073765
0 0 0.0021654
1 0.0382867 0.0404512
0 0 0.00212186
1 0.023881 0.0258775
1 0.0583779 0.0603477
2 0.0538851 0.0558159
0 0 0.00191583
1 0.0529557 0.0548566
1 0.0486926 0.0505843
1 0.042993 0.0448808
1 0.0656926 0.0675775
1 0.274536 0.276384
2 0.0469404 0.0487822
0 0 0.00183227
1 0.0175827 0.0194139
1 0.0382002 0.0399882
1 0.0146048 0.0163761
1 0.0130846 0.0148288
1 0.0114983 0.013237
1 0.0197911 0.0215164
0 0 0.00172314
1 0.0270336 0.0287272
1 0.0412595 0.0429488
0 0 0.00167143
1 0.00701862 0.00868291
0 0 0.00165948
0 0 0.00165581
1 0.0283373 0.029972
1 0.058593 0.0602049
0 0 0.00161081
1 0.129659 0.131257
0 0 0.00159108
1 0.0316353 0.0332255
1 0.0308333 0.0324234
2 0.0988889 0.100476
0 0 0.00156022
1 0.0109265 0.0124835
1 0.0102458 0.0117924
0 0 0.00152366
1 0.0359455 0.0374244
1 0.0114529 0.0129307
1 0.298576 0.300048
2 0.224789 0.226258
1 0.018878 0.0203303
2 0.0760745 0.0775266
1 0.0243453 0.0257742
1 0.0210672 0.0224918
1 0.0798055 0.0812268
2 0.295911 0.297323
1 0.0251647 0.0265749
1 0.014051 0.0154527
2 0.0323766 0.0337762
1 0.0171703 0.0185645
0 0 0.00139333
1 0.0122338 0.0136098
1 0.242531 0.243907
0 0 0.00136865
0 0 0.0013682
1 0.0284581 0.0298004
1 0.0953289 0.0966449
1 0.0586817 0.0599902
1 0.0593407 0.0606331
1 0.0647176 0.0659988
1 0.0913686 0.0926396
0 0 0.00126153
1 0.0182159 0.0194564
1 0.0399842 0.0412198
2 0.0688863 0.0701171
0 0 0.00121108
2 0.0486963 0.049904
1 0.0104039 0.0116063
1 0.0648273 0.0660253
0 0 0.00119475
1 0.00154833 0.00273641
1 0.124818 0.126003
2 0.302197 0.303382
1 0.02069 0.0218487
1 0.273815 0.274973
1 0.0709132 0.0720644
2 0.0375909 0.038734
1 0.0542209 0.0553584
1 0.0702638 0.0713782
2 0.0670672 0.0681721
1 0.0119204 0.0130239
0 0 0.00109552
1 0.0123165 0.0133985
0 0 0.00107414
0 0 0.00107069
1 0.0852842 0.0863516
1 0.016635 0.017692
2 0.0610148 0.0620556
2 0.0701394 0.07113
1 0.0624453 0.0634344
2 0.0656726 0.0666422
1 0.0413771 0.0423388
1 0.0648008 0.0657593
0 0 0.000949004
2 0.0966316 0.0975717
1 0.0119614 0.0128732
1 0.0262675 0.0271777
2 0.118108 0.119002
1 0.00891144 0.00979155
1 0.0301866 0.0310594
0 0 0.000868317
1 0.576769 0.577633
1 0.0158766 0.0167353
1 0.0103297 0.0111852
1 0.0043521 0.00520187
1 0.0127343 0.0135714
1 0.0402907 0.0411247
0 0 0.000827884
1 0.286238 0.287048
2 0.0439005 0.0446814
1 0.0127016 0.0134764
1 0.00668168 0.00744725
1 0.0026022 0.00335074
1 0.0115878 0.0123361
1 0.0298571 0.0305991
1 0.0733636 0.0740913
0 0 0.00071552
1 0.00413005 0.00484421
1 0.378048 0.37876
1 0.220385 0.221078
1 0.00858963 0.00927411
1 0.00940759 0.0100877
1 0.0181666 0.0188355
1 0.0848525 0.0854973
0 0 0.000639344
2 0.175882 0.17652
1 0.0101204 0.0107529
1 0.0123978 0.0130035
1 0.0244132 0.0250152
1 0.00750513 0.00810532
1 0.049746 0.0503357
0 0 0.000586587
1 0.0389788 0.0395645
0 0 0.000583295
1 0.0348111 0.0353898
1 0.0177986 0.0183747
1 0.0464252 0.0469961
1 0.00883229 0.00939987
1 0.0259315 0.0264969
1 0.0610012 0.0615628
2 0.289336 0.289898
2 0.179112 0.179671
1 0.0257407 0.0262984
1 0.0422742 0.0428289
1 0.0110056 0.0115592
0 0 0.000539213
1 0.0615358 0.0620648
2 0.0149237 0.0154485
1 0.0113262 0.0118412
1 0.017332 0.0178406
1 0.0327617 0.0332651
2 0.0126503 0.0131466
1 0.00162112 0.00211572
0 0 0.000490224
1 0.0581036 0.0585904
0 0 0.000479061
2 0.189382 0.189857
1 0.0102907 0.0107471
0 0 0.000451973
2 0.277093 0.277537
1 0.0139258 0.0143636
1 0.0509856 0.0514031
2 0.231092 0.231508
1 0.0205422 0.0209142
0 0 0.000367976
1 0.0279437 0.0282987
1 0.0419655 0.0423124
0 0 0.000344743
0 0 0.000343192
1 0.0129249 0.0132657
1 0.00222117 0.00256112
1 0.00131599 0.00164338
2 0.0648161 0.0651413
0 0 0.000325089
1 0.0160466 0.0163633
1 0.294299 0.294614
2 0.0401228 0.040437
2 0.0368428 0.0371442
1 0.0161741 0.0164697
2 0.0697416 0.0700359
2 0.0406859 0.0409751
1 0.0105942 0.0108804
2 0.0204267 0.0207025
2 0.093107 0.0933758
1 0.0506727 0.0509399
1 0.0238922 0.0241584
1 0.263067 0.263333
1 0.0964177 0.0966799
2 0.0449538 0.0452155
1 0.0153317 0.0155883
1 0.0332493 0.0335041
1 0.14949 0.149741
2 0.178656 0.178905
2 0.0383887 0.0386304
1 0.00520412 0.00543795
1 0.0116582 0.0118773
1 0.0372722 0.0374907
2 0.0895213 0.0897395
1 0.0125902 0.0128075
2 0.060116 0.0603287
1 0.00654837 0.00675761
1 0.0129708 0.0131761
2 0.0431112 0.043316
2 0.020725 0.0209277
1 0.0460697 0.046256
1 0.02682 0.0270032
1 0.00879806 0.00896023
1 0.0386629 0.0388202
1 0.00508512 0.00524206
2 0.113841 0.113994
1 0.00467385 0.00482586
2 0.0653223 0.0654701
1 0.00285239 0.00299641
1 0.00405175 0.00418976
1 0.100937 0.101074
1 0.0493093 0.0494465
2 0.0145411 0.0146739
2 0.0351829 0.035314
1 0.0195894 0.019716
1 0.175486 0.175611
1 0.0234315 0.0235514
2 0.0190814 0.0192012
2 0.0714652 0.0715759
1 0.0220793 0.0221868
1 0.0065511 0.00665835
2 0.0894358 0.0895415
1 0.117408 0.117512
2 0.075058 0.0751561
2 0.0142702 0.0143678
1 0.0387902 0.0388846
2 0.109529 0.109619
1 0.0279755 0.028065
1 0.0116466 0.011733
1 0.00409206 0.00417834
1 0.00560952 0.00569573
2 0.0333695 0.0334541
1 0.178076 0.178156
2 0.0129589 0.0130355
1 0.000894089 0.000960587
1 0.0027192 0.00278564
1 0.00699693 0.00706293
1 0.0280977 0.0281614
1 0.0224747 0.0225359
1 0.0202405 0.0203016
2 0.0354984 0.0355593
1 0.0666133 0.0666737
2 0.0284722 0.028532
2 0.052612 0.0526709
1 0.0706858 0.0707435
1 0.0159029 0.0159594
2 0.0107954 0.0108507
1 0.0477589 0.0478141
2 0.00706753 0.00712136
1 0.02888 0.0289319
2 0.136526 0.136576
2 0.013661 0.0137082
1 0.0330509 0.0330964
1 0.0698104 0.0698554
2 0.0379506 0.0379923
2 0.0383929 0.0384333
2 0.303276 0.303316
1 0.0127809 0.0128192
1 0.0474463 0.0474841
1 0.0389254 0.0389629
1 0.00849749 0.00853367
1 0.136448 0.136483
1 0.0171081 0.0171406
2 0.132184 0.132215
1 0.131971 0.132002
2 0.0187066 0.0187372
1 0.0160527 0.016081
1 0.0324239 0.0324519
1 0.134766 0.134793
1 0.0977365 0.0977623
1 0.0391783 0.039204
2 0.0195881 0.0196137
1 0.0200938 0.0201191
1 0.032736 0.0327604
1 0.0163858 0.0164086
1 0.0186582 0.0186809
1 0.0649687 0.0649902
1 0.0170469 0.017068
1 0.141175 0.141194
2 0.211096 0.211116
1 0.0507113 0.0507305
1 0.00620413 0.00622314
1 0.0427747 0.0427928
1 0.0206443 0.020662
2 0.23079 0.230806
1 0.0258561 0.0258704
1 0.00919298 0.00920685
2 0.109648 0.109662
2 0.0321126 0.0321261
1 0.00262973 0.00264155
2 0.157874 0.157886
2 0.0122573 0.0122684
1 0.047409 0.0474202
1 0.0251834 0.0251945
1 0.00187459 0.00188519
1 0.0139606 0.0139697
2 0.0506936 0.0507023
2 0.189453 0.189461
1 0.014151 0.0141593
2 0.0117384 0.0117466
1 0.034589 0.0345968
2 0.0180912 0.0180987
1 0.0372651 0.0372704
2 0.00275864 0.00276379
1 0.025215 0.0252193
1 0.00457963 0.00458377
2 0.00956911 0.0095732
2 0.01688 0.016884
1 0.00285518 0.00285836
2 0.0717847 0.0717876
2 0.040025 0.0400274
1 0.00182811 0.00182997
1 0.0302051 0.0302066
1 0.0353121 0.0353135
1 0.00182751 0.00182889
1 0.00835773 0.00835907
1 0.0714204 0.0714215
2 0.0327182 0.0327191
2 0.0643136 0.0643144
2 0.584178 0.584179
1 0.120593 0.120593
1 0.0670579 0.0670586
1 0.0184925 0.0184931
2 0.0325058 0.0325061
1 0.00263567 0.00263592
2 0.0166601 0.0166603
2 0.0394267 0.0394269
2 0.0331276 0.0331276
