0 0 inf
0 0 0.225677
0 0 0.124033
1 0.170664 0.288354
0 0 0.111669
0 0 0.098437
0 0 0.0979577
0 0 0.0892357
0 0 0.0843421
0 0 0.0772837
0 0 0.0762667
0 0 0.0740885
1 0.281177 0.354498
1 0.271757 0.335474
1 0.0310822 0.0947793
0 0 0.063582
0 0 0.0617364
1 0.0313797 0.0880048
0 0 0.0563193
0 0 0.0561376
0 0 0.0527751
1 0.195672 0.248429
0 0 0.0526024
0 0 0.0503334
0 0 0.0502608
0 0 0.0494333
1 0.0772045 0.124264
1 0.199923 0.246024
0 0 0.0453125
1 0.17321 0.21812
0 0 0.0431862
0 0 0.0415888
0 0 0.0412551
0 0 0.0409598
1 0.055128 0.0910165
1 0.0189728 0.05336
1 0.0169068 0.0512288
0 0 0.0286348
2 0.358998 0.386193
0 0 0.0269496
0 0 0.0266545
1 0.0656178 0.0922213
0 0 0.0263792
0 0 0.0255974
0 0 0.0251048
0 0 0.0247972
0 0 0.0243849
1 0.104682 0.128598
1 0.0841729 0.107919
1 0.0571861 0.0807777
1 0.185216 0.208314
0 0 0.0224506
1 0.0144977 0.0369093
1 0.0167973 0.0387704
1 0.0220295 0.0439331
0 0 0.0210244
0 0 0.0207007
0 0 0.0204504
2 0.392666 0.413071
1 0.0315992 0.0517496
1 0.262491 0.28198
1 0.014305 0.033029
0 0 0.0186846
0 0 0.0186819
0 0 0.0184047
0 0 0.0181143
0 0 0.0180529
0 0 0.0179418
1 0.772088 0.789708
2 0.268569 0.286116
1 0.267828 0.285324
0 0 0.0174478
1 0.268898 0.286277
1 0.0610215 0.0783166
0 0 0.0172888
0 0 0.0171953
0 0 0.0170892
1 0.0301691 0.0472399
1 0.0352486 0.0519003
0 0 0.0164851
1 0.02945 0.0455843
0 0 0.0160897
0 0 0.0159618
0 0 0.0159181
1 0.241392 0.257059
0 0 0.0145953
0 0 0.0140711
1 0.207715 0.221774
0 0 0.0138825
0 0 0.0138756
0 0 0.0136409
0 0 0.0135478
0 0 0.0135235
1 0.150105 0.16333
0 0 0.0131409
1 0.0682941 0.0814053
0 0 0.0129644
1 0.0274406 0.0402863
1 0.0157744 0.0285722
0 0 0.0126891
0 0 0.0126863
0 0 0.0125857
0 0 0.0123819
0 0 0.0123246
1 0.0278167 0.0397268
0 0 0.0117057
0 0 0.0116588
0 0 0.011649
0 0 0.011586
0 0 0.0115588
0 0 0.0113556
1 0.030672 0.0414632
0 0 0.0107459
0 0 0.0105874
0 0 0.0103724
0 0 0.0103699
0 0 0.0103644
0 0 0.0103283
0 0 0.0100899
1 0.0211627 0.0312107
1 0.0270599 0.0370303
2 0.303798 0.313695
0 0 0.00987042
1 0.0183941 0.0282513
1 0.0196937 0.0294713
0 0 0.00969929
0 0 0.00966175
0 0 0.00963139
1 0.0947348 0.104293
0 0 0.0093673
1 0.0425157 0.0517314
1 0.0609187 0.0699822
1 0.0863594 0.0952593
1 0.199747 0.2086
0 0 0.00867008
0 0 0.00861561
1 0.0221988 0.0307139
1 0.0834888 0.0919511
0 0 0.00844758
1 0.0795548 0.0879814
0 0 0.00840183
2 0.0348432 0.0431282
0 0 0.00826103
0 0 0.00822561
0 0 0.00821932
1 0.0260485 0.034254
1 0.0295801 0.0377551
1 0.0186878 0.0267759
0 0 0.00801198
0 0 0.00801115
0 0 0.00797512
1 0.20859 0.21649
0 0 0.00788532
2 0.298078 0.305927
0 0 0.00777883
1 0.0540794 0.0618191
0 0 0.00769293
1 0.277973 0.285603
2 0.288786 0.296401
0 0 0.00757581
0 0 0.00754343
2 0.339067 0.346426
1 0.109352 0.116675
1 0.029334 0.0366541
1 0.0670337 0.0743012
0 0 0.00720772
1 0.0364183 0.0436129
0 0 0.0071602
0 0 0.00713012
0 0 0.00712868
0 0 0.00711472
1 0.0347833 0.0418852
1 0.0162414 0.0232919
1 0.021153 0.0281913
1 0.0782364 0.0852649
0 0 0.00701852
0 0 0.00691626
1 0.0336685 0.0405415
0 0 0.00677891
0 0 0.00676097
0 0 0.00674515
0 0 0.00668971
0 0 0.00667954
0 0 0.00650319
0 0 0.00649209
2 0.28573 0.292141
0 0 0.00640788
0 0 0.00633171
1 0.316647 0.322947
0 0 0.0062766
1 0.0710046 0.0772702
1 0.0569814 0.0631919
1 0.00913209 0.0152631
0 0 0.00609903
0 0 0.00609501
1 0.027185 0.0332491
1 0.0475759 0.0535168
0 0 0.00592644
0 0 0.00581243
0 0 0.00580945
0 0 0.0057474
2 0.795887 0.801632
0 0 0.00559519
0 0 0.00555991
0 0 0.00552271
1 0.308988 0.314503
0 0 0.00546629
1 0.121132 0.126573
1 0.0273892 0.0327722
0 0 0.00537242
1 0.0179687 0.0233275
1 0.0185458 0.0238288
0 0 0.00527103
2 0.055669 0.0609184
0 0 0.00523242
0 0 0.00509813
1 0.0391938 0.0442598
0 0 0.00506176
0 0 0.00505828
0 0 0.00502967
1 0.02911 0.0341268
1 0.0711786 0.0760966
2 0.117124 0.122026
2 0.141553 0.146417
0 0 0.00483759
0 0 0.00480849
2 0.129204 0.133953
0 0 0.00473388
0 0 0.00454954
0 0 0.00454548
1 0.0853299 0.0898647
1 0.113686 0.118132
1 0.103861 0.108294
0 0 0.00435127
0 0 0.00434696
2 0.0356053 0.039948
1 0.0336173 0.0379317
0 0 0.00431105
1 0.228974 0.233272
2 0.0404517 0.0446638
0 0 0.0041605
1 0.036808 0.0409473
1 0.0139762 0.0180572
0 0 0.00406423
0 0 0.00404863
1 0.0547148 0.0586961
0 0 0.00397711
0 0 0.00396819
0 0 0.00394829
1 0.0221382 0.02602
0 0 0.00384111
1 0.275111 0.278847
1 0.109832 0.113551
0 0 0.00370343
1 0.0234465 0.027116
1 0.0715701 0.0752357
0 0 0.00359563
1 0.270028 0.273623
0 0 0.00358509
1 0.0277803 0.0312944
1 0.0235732 0.0270727
1 0.0724572 0.0758785
0 0 0.00341607
1 0.0220406 0.0254273
1 0.0466693 0.0500256
2 0.337679 0.340979
0 0 0.00329232
1 0.0837186 0.0869961
2 0.0550495 0.0583014
1 0.0366298 0.0398675
1 0.0901283 0.0933558
0 0 0.00322249
1 0.0825942 0.0857997
2 0.0519134 0.0550513
0 0 0.00311044
1 0.0248331 0.0279275
1 0.0362315 0.0392977
1 0.00847498 0.0115394
0 0 0.00302778
1 0.109269 0.112276
0 0 0.00298851
0 0 0.00298118
0 0 0.00297693
0 0 0.00297279
0 0 0.00293346
0 0 0.00289851
2 0.143362 0.146249
1 0.0182229 0.021096
0 0 0.00286535
2 0.350852 0.353673
1 0.0237263 0.0265477
0 0 0.00273384
1 0.0397764 0.0424804
0 0 0.00267686
1 0.0213907 0.0240615
0 0 0.00261806
0 0 0.00257067
2 0.0425962 0.0451491
1 0.290062 0.29254
2 0.0520629 0.0545391
0 0 0.00244473
0 0 0.0024311
1 0.0248777 0.0272655
2 0.0537929 0.0561739
1 0.0354711 0.0378477
2 0.140164 0.142534
0 0 0.00236689
1 0.0200996 0.0224584
1 0.0688742 0.0712218
1 0.0150315 0.0173673
0 0 0.00232994
1 0.0166376 0.0189642
2 0.0488568 0.0511766
1 0.0284854 0.0307965
0 0 0.00228395
1 0.195697 0.197964
0 0 0.00226148
0 0 0.00225863
2 0.0782254 0.0804139
2 0.286381 0.288565
0 0 0.00212158
0 0 0.0021179
2 0.117495 0.11961
1 0.0468027 0.04891
1 0.548566 0.550644
1 0.0675246 0.0695845
1 0.0471822 0.0492312
1 0.0384192 0.0404525
0 0 0.00198412
1 0.242237 0.24421
1 0.269924 0.271895
0 0 0.00196717
0 0 0.00196518
1 0.129274 0.131234
1 0.0219629 0.0239179
0 0 0.00190359
1 0.167906 0.169794
1 0.0903476 0.0922203
1 0.0199423 0.0218036
1 0.0296159 0.0314675
0 0 0.00182324
1 0.0215342 0.0233319
0 0 0.00179744
1 0.0351857 0.0369807
1 0.00896092 0.0107183
0 0 0.00174039
1 0.0164783 0.0182021
1 0.0136908 0.0153993
1 0.013049 0.0147316
2 0.0498284 0.0514891
0 0 0.00165836
1 0.0159454 0.0175635
2 0.0988472 0.100453
1 0.0446449 0.0462298
1 0.0302359 0.031818
1 0.0267092 0.0282812
1 0.112087 0.113642
1 0.026826 0.0283711
1 0.0172837 0.0188261
0 0 0.00152485
0 0 0.00150373
1 0.0396867 0.0411858
1 0.120546 0.122037
0 0 0.00148745
1 0.0317112 0.0331766
1 0.0569912 0.0584554
0 0 0.0014454
0 0 0.00139528
0 0 0.00138725
1 0.117275 0.118661
2 0.0476758 0.0490557
0 0 0.00134608
0 0 0.00132028
1 0.0251728 0.0264454
2 0.0450601 0.0463309
1 0.00957717 0.0108422
1 0.00362782 0.00488974
0 0 0.00126093
1 0.0311629 0.0324233
1 0.00385038 0.00509734
1 0.0374435 0.0386835
2 0.0522574 0.0534942
2 0.0352198 0.0364403
1 0.0424548 0.0436593
2 0.0948284 0.0960323
1 0.0586507 0.0598529
1 0.00819122 0.00938967
2 0.130297 0.131464
2 0.0783803 0.0795287
1 0.015861 0.0170084
1 0.0620909 0.0632219
2 0.593673 0.594799
0 0 0.00110425
1 0.00732506 0.00841738
1 0.0731576 0.0742495
1 0.0344876 0.0355743
1 0.00928027 0.0103421
1 0.0329527 0.0340142
2 0.0761405 0.0771976
1 0.0172094 0.0182652
1 0.0130544 0.0140796
1 0.00633353 0.00733593
1 0.0609042 0.0618919
1 0.00825279 0.00922667
1 0.0134626 0.0144362
1 0.03039 0.0313615
0 0 0.000953884
1 0.0442261 0.0451648
1 0.031568 0.0324689
1 0.0272196 0.0281194
2 0.0459846 0.0468842
2 0.0318029 0.0326934
0 0 0.000890205
1 0.008549 0.00943896
1 0.0410431 0.0419158
1 0.0251521 0.0260155
1 0.0293368 0.0301999
1 0.0260309 0.0268903
1 0.0258823 0.0267345
2 0.11874 0.119585
1 0.00757363 0.00840625
1 0.0244316 0.0252585
1 0.0705286 0.0713539
1 0.00491527 0.00574024
1 0.0117735 0.0125699
1 0.0232442 0.0240252
1 0.0208091 0.021588
1 0.0310407 0.0318163
2 0.0375854 0.0383449
1 0.0638596 0.0646157
2 0.118911 0.119666
2 0.127387 0.128143
1 0.0345552 0.0353098
2 0.0247724 0.0255048
1 0.00622021 0.00695216
1 0.0753337 0.0760341
1 0.0459087 0.0465903
1 0.201048 0.201728
1 0.103599 0.104259
1 0.0381616 0.0388146
1 0.0249095 0.0255553
0 0 0.000642951
1 0.0102681 0.0109075
1 0.00865845 0.00929785
1 0.0034982 0.00413579
1 0.0435271 0.044157
1 0.322075 0.322702
2 0.0320629 0.0326837
1 0.0135603 0.0141725
2 0.0502437 0.0508491
1 0.0383232 0.0389272
1 0.00803883 0.00864148
1 0.129579 0.130173
2 0.340287 0.340879
2 0.0270717 0.0276626
1 0.0228807 0.0234656
2 0.0242546 0.0248387
1 0.0354773 0.036061
2 0.0442461 0.0448296
1 0.00293358 0.0035133
1 0.00441127 0.00498297
1 0.126946 0.127517
2 0.275332 0.275898
1 0.0056955 0.00625639
2 0.0356064 0.0361666
1 0.0258042 0.0263623
1 0.0038277 0.00438557
0 0 0.000556493
2 0.0421111 0.042662
1 0.0184122 0.0189613
1 0.0788898 0.0794253
1 0.206709 0.207244
1 0.0370769 0.0376082
1 0.0161848 0.0167037
1 0.00620862 0.00672626
1 0.0182951 0.018811
2 0.0541891 0.0547039
1 0.0264462 0.0269584
0 0 0.000511339
2 0.0807385 0.0812458
1 0.0876229 0.0881246
1 0.0239509 0.0244174
1 0.045794 0.0462572
1 0.0336578 0.0341163
1 0.00883299 0.00928656
1 0.106476 0.106929
1 0.0372971 0.037749
2 0.0554598 0.05591
2 0.0452942 0.0457372
1 0.0351463 0.0355763
1 0.00823188 0.00866055
1 0.00683932 0.00726593
2 0.0765871 0.0770093
1 0.0167693 0.017188
1 0.0410631 0.0414737
1 0.00287855 0.0032889
1 0.0579459 0.0583494
1 0.0313969 0.0317942
1 0.022834 0.023222
1 0.00857512 0.00896285
1 0.0511914 0.0515789
1 0.0050678 0.0054539
2 0.143689 0.14407
1 0.0208376 0.0212091
1 0.034587 0.034958
1 0.0842571 0.0846206
1 0.00327571 0.00363775
1 0.00378586 0.00414229
1 0.0224251 0.0227767
1 0.012173 0.0125189
1 0.0428636 0.0432089
1 0.0135871 0.0139019
1 0.0333114 0.0336213
1 0.0489695 0.0492746
1 0.0725847 0.0728888
2 0.0353275 0.0356137
1 0.0303418 0.0306263
2 0.0116156 0.011887
2 0.0392935 0.0395643
2 0.0444486 0.044708
1 0.0232885 0.0235431
1 0.0152244 0.0154756
2 0.0425606 0.0428072
1 0.0210987 0.021344
1 0.0418572 0.0421013
1 0.0290807 0.0293185
2 0.0507559 0.0509894
1 0.03463 0.034863
1 0.0197975 0.0200295
2 0.0377679 0.037992
1 0.0042053 0.00442607
2 0.0262425 0.0264585
2 0.0290134 0.0292276
1 0.0111873 0.0113996
2 0.0299445 0.030153
1 0.0420832 0.0422897
2 0.0217504 0.0219517
1 0.00949792 0.00969892
2 0.0312185 0.0314179
1 0.0119755 0.0121746
2 0.0397981 0.039996
1 0.0182825 0.0184748
2 0.00527083 0.0054631
1 0.0105536 0.0107456
2 0.0515943 0.0517812
1 0.0424399 0.0426254
1 0.0203801 0.020565
1 0.228378 0.228562
1 0.0398182 0.0400023
1 0.009126 0.00930695
2 0.107308 0.107487
2 0.0476469 0.0478228
2 0.034297 0.0344628
1 0.0158662 0.0160315
0 0 0.000165215
1 0.100277 0.100441
1 0.0391431 0.0393053
2 0.0443807 0.0445314
2 0.0932201 0.0933644
1 0.0102373 0.0103811
1 0.053967 0.0541097
2 0.0444164 0.0445521
1 0.055717 0.0558425
1 0.0405251 0.0406494
1 0.00641215 0.00653531
2 0.0402913 0.0404142
1 0.0459121 0.0460339
1 0.00799095 0.00811155
1 0.00423977 0.00436028
2 0.0551169 0.055235
1 0.0496435 0.0497572
1 0.00588814 0.00600049
1 0.0564716 0.0565826
2 0.036071 0.0361793
1 0.0260673 0.026175
2 0.0743981 0.074501
2 0.044597 0.0446996
2 0.049508 0.0496092
2 0.0163737 0.0164718
2 0.0897126 0.0898043
2 0.0283621 0.0284499
1 0.0151688 0.0152552
1 0.0124522 0.0125353
1 0.0208219 0.0209008
1 0.0154846 0.0155634
1 0.018279 0.0183564
1 0.0678884 0.0679646
1 0.00492411 0.00499983
0 0 7.4988e-05
1 0.0223821 0.0224547
2 0.0674559 0.067527
1 0.0167068 0.0167776
1 0.107162 0.107232
1 0.0178895 0.0179545
1 0.00130631 0.00136408
1 0.014736 0.0147917
1 0.0146172 0.0146709
2 0.0591422 0.0591953
1 0.0104459 0.0104983
1 0.00521373 0.00526429
2 0.0236185 0.023669
1 0.0150721 0.015121
1 0.0118888 0.0119364
1 0.0430352 0.0430826
2 0.0295715 0.0296168
2 0.00540052 0.00544425
1 0.078124 0.0781667
2 0.0534686 0.0535107
2 0.098362 0.0984026
1 0.0099641 0.0100046
1 0.0440286 0.0440629
1 0.0126259 0.01266
2 0.030847 0.0308806
2 0.111421 0.111454
2 0.0132772 0.0133102
1 0.00956702 0.00959982
2 0.101248 0.10128
1 0.0108206 0.01085
2 0.0954661 0.0954952
2 0.102259 0.102288
1 0.0333145 0.0333414
1 0.0472118 0.0472384
1 0.0294063 0.0294311
2 0.0406997 0.0407233
2 0.0121991 0.012222
2 0.0680958 0.0681182
2 0.0283861 0.0284085
1 0.0168225 0.0168439
1 0.0950492 0.0950691
1 0.0431905 0.0432089
2 0.0561116 0.0561273
2 0.111729 0.111745
1 0.0257095 0.0257247
1 0.0232771 0.0232921
2 0.00987832 0.00989249
2 0.0572516 0.0572654
2 0.0722746 0.0722873
2 0.0386127 0.0386253
2 0.370331 0.370341
2 0.0990878 0.0990981
2 0.198015 0.198025
1 0.0229688 0.0229782
2 0.0434126 0.0434212
1 0.0110709 0.0110792
1 0.0443213 0.0443293
1 0.0306236 0.0306314
1 0.097823 0.0978307
2 0.0998827 0.0998904
1 0.011108 0.0111157
2 0.0541498 0.054157
1 0.217683 0.217689
1 0.0091019 0.00910831
1 0.0880342 0.0880405
2 0.0565145 0.0565206
2 0.0516096 0.0516156
2 0.0525716 0.052577
1 0.00919891 0.00920373
1 0.0279441 0.0279485
1 0.0407927 0.040796
2 0.010245 0.0102478
1 0.0046088 0.00461158
1 0.0110174 0.0110199
1 0.0258251 0.0258275
1 0.0279162 0.0279187
1 0.0147251 0.0147269
2 0.12739 0.127391
2 0.0295749 0.0295761
2 0.0355318 0.0355329
2 0.0300403 0.0300412
1 0.0271086 0.0271096
2 0.0488421 0.048843
1 0.0901431 0.0901439
2 0.0647945 0.0647951
2 0.0142216 0.0142221
1 0.00748229 0.0074828
2 0.0161729 0.0161733
2 0.0209894 0.0209898
2 0.0683002 0.0683005
2 0.0407858 0.040786
1 0.00761574 0.00761586
1 0.0181589 0.0181589
2 0.278997 0.278997
1 0.0315884 0.0315884
1 0.0104806 0.0104806
