0 0 inf
0 0 0.285498
1 0.177724 0.408714
0 0 0.176904
0 0 0.164597
0 0 0.159005
1 0.0732215 0.229331
1 0.0859566 0.219536
0 0 0.118485
1 0.183323 0.299392
0 0 0.107558
0 0 0.0990243
0 0 0.0887252
1 0.114066 0.199922
1 0.0959708 0.176114
1 0.398732 0.478764
0 0 0.0762566
1 0.125034 0.200888
0 0 0.070459
0 0 0.0630332
0 0 0.0604033
0 0 0.0567173
1 0.036162 0.089271
0 0 0.05262
0 0 0.0501828
1 0.0200173 0.0691397
0 0 0.0482981
0 0 0.0476379
0 0 0.0469633
0 0 0.042236
0 0 0.0416001
0 0 0.0382327
0 0 0.0378595
1 0.0483691 0.0843312
0 0 0.0355081
0 0 0.0334744
0 0 0.0316578
1 0.0642359 0.0949089
1 0.106332 0.135962
0 0 0.0286288
0 0 0.0284124
0 0 0.0283508
2 0.411301 0.438339
1 0.0508499 0.0778878
0 0 0.0259315
0 0 0.0258454
0 0 0.0258219
1 0.347161 0.372567
0 0 0.0245698
2 0.507928 0.532259
0 0 0.0238671
0 0 0.023462
0 0 0.0233775
0 0 0.0231371
0 0 0.0227257
1 0.301871 0.324448
2 0.220396 0.242852
0 0 0.0217518
0 0 0.021382
1 0.0279029 0.0490305
1 0.194392 0.215118
1 0.024002 0.044532
0 0 0.0205141
0 0 0.0199392
1 0.0174085 0.0370828
0 0 0.019533
1 0.325896 0.345234
0 0 0.0188885
0 0 0.0187316
0 0 0.0185817
0 0 0.0185408
0 0 0.0176129
1 0.0399562 0.056773
0 0 0.0161332
0 0 0.0157848
1 0.0368699 0.0524252
0 0 0.0155114
1 0.0793517 0.0947587
1 0.0503016 0.0656916
0 0 0.0147805
0 0 0.0147532
0 0 0.0147382
2 0.490236 0.504925
0 0 0.0146522
0 0 0.0141109
2 0.0821462 0.0958726
1 0.0649736 0.0784025
0 0 0.0132393
0 0 0.0131728
0 0 0.0129001
0 0 0.0125936
1 0.0134456 0.0259377
0 0 0.0124375
0 0 0.0122232
0 0 0.0121801
1 0.0324233 0.0445404
0 0 0.0120767
0 0 0.0120196
0 0 0.0118965
0 0 0.0118304
0 0 0.0114954
1 0.0759893 0.087322
1 0.185279 0.196528
0 0 0.0110769
0 0 0.0110459
1 0.0253609 0.0363625
1 0.0655106 0.0763646
0 0 0.0106888
0 0 0.0105772
0 0 0.0105588
0 0 0.0104484
0 0 0.0103842
0 0 0.01038
0 0 0.0102391
0 0 0.0101667
0 0 0.0101657
1 0.0913055 0.101471
1 0.019677 0.0296206
1 0.0913686 0.101109
0 0 0.00956502
1 0.0871436 0.0966874
1 0.078242 0.0875839
0 0 0.00896947
0 0 0.00883528
0 0 0.00877231
0 0 0.00814485
0 0 0.0081315
0 0 0.00808228
0 0 0.00807634
0 0 0.00806211
0 0 0.00804235
1 0.0198708 0.0278364
1 0.02274 0.0306338
0 0 0.00775804
0 0 0.00771441
1 0.291495 0.299083
0 0 0.00752027
0 0 0.00743009
0 0 0.00741663
1 0.0727451 0.0801135
0 0 0.00731024
0 0 0.00710906
1 0.384751 0.391858
0 0 0.00699693
1 0.0386679 0.0456499
1 0.0286494 0.0356053
1 0.015674 0.0226195
0 0 0.00689904
0 0 0.00688148
1 0.0490767 0.0558949
0 0 0.00679144
0 0 0.0067889
0 0 0.0067788
1 0.0469864 0.0537089
1 0.055548 0.0622698
1 0.139979 0.146673
0 0 0.00664622
2 0.339211 0.345776
0 0 0.00656179
1 0.0702907 0.0768133
0 0 0.00648016
0 0 0.00631036
0 0 0.00628313
1 0.0212977 0.0275627
0 0 0.00626491
0 0 0.00620413
1 0.0648008 0.0707974
0 0 0.00592648
1 0.0214042 0.0272942
1 0.0290257 0.034898
0 0 0.00581853
0 0 0.00579157
1 0.0662565 0.072038
0 0 0.00568122
1 0.0292872 0.0348333
0 0 0.0055206
0 0 0.00540645
0 0 0.00538903
0 0 0.0053814
0 0 0.00535103
0 0 0.00531095
2 0.0919718 0.0972599
1 0.0289799 0.0342416
1 0.0245444 0.0297137
2 0.324563 0.329619
0 0 0.00504167
0 0 0.00489011
0 0 0.00488575
1 0.0454071 0.0502876
0 0 0.0048657
1 0.351933 0.356792
0 0 0.00480155
1 0.0422746 0.047002
2 0.0976372 0.102288
1 0.013511 0.0181515
1 0.0121397 0.0166724
0 0 0.00452796
1 0.337751 0.342214
1 0.0852851 0.0897332
1 0.326027 0.330462
1 0.382841 0.387224
0 0 0.0043758
0 0 0.00424948
1 0.0572488 0.0614881
0 0 0.00422679
0 0 0.00415638
0 0 0.00414518
1 0.0298498 0.0339872
1 0.0675829 0.0716919
1 0.166725 0.170799
0 0 0.00405175
0 0 0.00397922
0 0 0.00397142
1 0.0644159 0.0683739
0 0 0.00395619
0 0 0.00395487
0 0 0.00381154
1 0.0174229 0.0211598
1 0.0432581 0.0469923
0 0 0.00367771
0 0 0.00367499
0 0 0.0036724
2 0.52371 0.527347
1 0.124818 0.128399
1 0.0799839 0.0834815
0 0 0.0034144
1 0.0125105 0.0159037
1 0.0121328 0.015519
0 0 0.00335687
1 0.200602 0.203929
0 0 0.00332262
1 0.137146 0.140447
0 0 0.0032376
0 0 0.00322998
0 0 0.0032145
0 0 0.00321385
1 0.0300708 0.033263
0 0 0.00316569
0 0 0.00316543
1 0.0396869 0.0428427
1 0.0737144 0.0768446
2 0.0271063 0.0302358
1 0.0175271 0.0206394
1 0.0129032 0.0160154
0 0 0.00309831
1 0.0365304 0.0395939
2 0.237298 0.240308
0 0 0.00297694
0 0 0.00288819
0 0 0.00288486
1 0.0299923 0.0328324
1 0.026678 0.029497
0 0 0.00279768
1 0.00712585 0.00989611
2 0.104332 0.107036
1 0.0167581 0.0194582
1 0.0500137 0.0526485
0 0 0.00262572
1 0.195081 0.19769
0 0 0.00258107
0 0 0.00257963
0 0 0.00257683
1 0.0280253 0.0305853
2 0.235866 0.238412
0 0 0.0025441
0 0 0.00247965
1 0.0342508 0.0367232
0 0 0.00241246
1 0.0165324 0.0188884
1 0.091637 0.0939833
1 0.15701 0.159347
1 0.0307851 0.0330632
1 0.0396579 0.0419203
1 0.0390967 0.0412918
0 0 0.00218264
2 0.0518003 0.0539804
0 0 0.00217976
1 0.00558804 0.00775418
2 0.502557 0.504695
1 0.040783 0.0428934
1 0.0526792 0.0547816
1 0.0264744 0.0285663
0 0 0.0020892
0 0 0.00208044
1 0.0292811 0.0313024
1 0.119925 0.121928
0 0 0.00199129
0 0 0.00197844
1 0.0761393 0.0781125
1 0.276978 0.278942
0 0 0.0019011
1 0.00885463 0.0107327
0 0 0.00186394
1 0.0121026 0.0139582
2 0.0949946 0.0968464
0 0 0.00184399
1 0.01179 0.0136316
2 0.0373304 0.0391585
0 0 0.00182664
1 0.0193806 0.0211983
1 0.186107 0.187908
1 0.00755659 0.00934718
0 0 0.00176503
1 0.28857 0.29033
0 0 0.00175487
0 0 0.0017261
1 0.0520732 0.0537969
1 0.0184266 0.0201245
0 0 0.00169511
1 0.0598154 0.0615003
2 0.0574086 0.0590331
2 0.253958 0.255547
0 0 0.00158386
1 0.0371175 0.0386384
1 0.0378649 0.0393833
1 0.042266 0.0437759
1 0.0859869 0.0874709
1 0.0659673 0.0674438
1 0.0281372 0.0296048
1 0.0278855 0.0293405
2 0.21084 0.212276
1 0.0917405 0.093177
0 0 0.00143374
0 0 0.00143279
2 0.0362887 0.037707
0 0 0.00139166
1 0.132946 0.134328
0 0 0.00137596
1 0.00740539 0.0087725
1 0.0195755 0.020942
2 0.0479215 0.049281
1 0.0115597 0.0129042
1 0.0183368 0.0196718
1 0.0235273 0.0248614
0 0 0.00133258
1 0.0446992 0.0460169
1 0.0220212 0.0233318
1 0.00786529 0.00917517
0 0 0.00129632
1 0.319831 0.321125
1 0.128522 0.129786
2 0.0460048 0.0472621
1 0.181427 0.182671
2 0.315957 0.317197
0 0 0.0012091
1 0.0166682 0.0178711
1 0.00798646 0.00917598
2 0.0442847 0.0454408
1 0.0612716 0.0624268
2 0.0475153 0.048669
1 0.0698177 0.0709683
0 0 0.00108656
1 0.280234 0.281312
2 0.257116 0.258152
0 0 0.00103374
1 0.00879475 0.00980985
1 0.0137945 0.014805
1 0.00757778 0.00858725
2 0.141582 0.14259
1 0.0146509 0.0156469
1 0.0454785 0.0464691
1 0.018067 0.0190552
1 0.0394426 0.0404293
0 0 0.000972904
1 0.163915 0.164887
2 0.281333 0.282301
2 0.047781 0.048744
2 0.197447 0.198404
0 0 0.000955611
1 0.00342017 0.00436873
1 0.0189451 0.0198777
2 0.0388897 0.0398215
1 0.0246132 0.0255211
2 0.0805233 0.0814253
2 0.0141348 0.0150279
1 0.0412211 0.0421105
0 0 0.000874927
1 0.0430105 0.0438508
1 0.0527377 0.0535615
1 0.0514906 0.0523117
1 0.00625477 0.00707316
0 0 0.000792675
1 0.0130471 0.0138391
1 0.212283 0.213069
2 0.0979621 0.0987348
2 0.0646454 0.0654033
1 0.0561725 0.0569286
2 0.0109839 0.0117228
1 0.00538321 0.00611927
0 0 0.00073052
2 0.330761 0.331487
1 0.0406824 0.0413981
2 0.0448143 0.0455184
1 0.0492118 0.0499155
1 0.0129708 0.0136733
1 0.0221898 0.022883
1 0.00720713 0.00789996
0 0 0.000680119
1 0.00914098 0.0098094
1 0.0260475 0.0267119
1 0.0383174 0.0389732
0 0 0.0006454
1 0.0510029 0.0516425
1 0.0400518 0.0406839
1 0.0226667 0.0232866
1 0.00592901 0.00653029
1 0.0177587 0.0183508
2 0.393225 0.39381
1 0.0461755 0.04676
1 0.0184158 0.0189889
1 0.029966 0.0305333
1 0.0233993 0.023963
2 0.0204624 0.0210186
1 0.00368278 0.00423328
0 0 0.000539213
1 0.00375441 0.0042889
0 0 0.000527632
0 0 0.000521742
2 0.0767581 0.0772791
1 0.0108532 0.0113711
1 0.068915 0.0694316
0 0 0.000515559
1 0.00509672 0.00559572
1 0.0240423 0.0245406
1 0.00237574 0.00286298
2 0.0139304 0.0144108
1 0.00323172 0.00370157
1 0.00675243 0.00720957
1 0.0091352 0.00958802
1 0.0254793 0.0259266
1 0.0306341 0.0310663
1 0.0218874 0.0223169
1 0.0867044 0.0871179
1 0.0471971 0.0476075
0 0 0.000408252
1 0.0237197 0.0241091
1 0.3912 0.39159
2 0.0621695 0.0625588
1 0.0197089 0.0200889
1 0.138228 0.138608
1 0.0369647 0.0373439
1 0.0292158 0.0295926
1 0.00640531 0.00677982
1 0.00159095 0.00195945
2 0.0298176 0.0301852
2 0.0533837 0.0537501
1 0.0037829 0.00414442
1 0.0748411 0.0751958
1 0.0446952 0.0450498
2 0.0621124 0.0624619
1 0.0328315 0.0331778
1 0.00439276 0.00473655
0 0 0.000343192
1 0.0472059 0.0475477
0 0 0.000341507
2 0.362094 0.362435
2 0.0286943 0.0290299
1 0.0279973 0.0283294
1 0.014265 0.0145943
1 0.2194 0.219726
2 0.100394 0.100718
2 0.0103575 0.0106775
2 0.00982869 0.0101365
1 0.0436146 0.0439219
1 0.0299056 0.0302103
2 0.485237 0.485536
2 0.122741 0.123036
1 0.0186207 0.0189132
1 0.0100062 0.0102983
2 0.0302127 0.0305
1 0.00693884 0.00722557
2 0.0624632 0.0627456
1 0.00264073 0.00292068
1 0.0334543 0.0337339
1 0.0142749 0.0145522
1 0.0193391 0.0196077
1 0.075202 0.0754702
2 0.0834739 0.0837391
1 0.0152187 0.0154838
1 0.0252113 0.0254713
2 0.141221 0.141471
1 0.0641351 0.0643824
1 0.0447961 0.0450297
1 0.0297711 0.0300046
2 0.0296896 0.029922
1 0.0034461 0.00366735
2 0.229824 0.230035
1 0.00326239 0.00347328
1 0.12577 0.125978
1 0.0394584 0.0396631
1 0.126204 0.126403
2 0.0567988 0.056988
1 0.0522347 0.0524224
1 0.0164037 0.0165892
1 0.00507221 0.00525377
1 0.0202265 0.0204072
1 0.00199315 0.00217203
1 0.122386 0.12256
1 0.0043994 0.00457293
1 0.226793 0.226966
2 0.0954245 0.0955963
1 0.152329 0.1525
1 0.00342295 0.00359162
2 0.0289315 0.0290999
2 0.0451491 0.0453173
0 0 0.00016772
1 0.00924168 0.00940934
2 0.0945827 0.09475
2 0.0534911 0.0536576
1 0.00113875 0.00130497
2 0.0411081 0.0412589
1 0.0429681 0.0431185
1 0.00758294 0.00773117
2 0.00637059 0.00651333
1 0.0212184 0.0213599
1 0.0902023 0.0903427
1 0.00760775 0.007748
1 0.0147503 0.0148891
2 0.241456 0.241594
2 0.0260599 0.0261976
1 0.0211734 0.0213104
1 0.513567 0.513702
1 0.0274495 0.0275833
1 0.00678833 0.0069203
0 0 0.000124932
2 0.0502959 0.0504194
1 0.0234315 0.0235514
1 0.0413545 0.0414731
1 0.00205063 0.00216837
1 0.00617491 0.00629224
2 0.0195545 0.0196697
1 0.00730055 0.00741467
1 0.0230089 0.0231193
1 0.0220793 0.0221868
2 0.126582 0.126689
1 0.00764993 0.00775478
2 0.0527358 0.0528398
1 0.0149157 0.0150167
1 0.00217426 0.00227492
1 0.0104311 0.0105289
2 0.0374608 0.0375566
2 0.00397645 0.00406766
1 0.0403513 0.0404419
1 0.0266237 0.0267022
1 0.0131852 0.0132599
2 0.0263605 0.026435
1 0.038104 0.0381769
1 0.0384785 0.0385499
1 0.00262156 0.00269284
1 0.140944 0.141014
2 0.10084 0.100909
1 0.00565172 0.0057197
1 0.0117464 0.0118137
2 0.0923952 0.0924623
2 0.0239446 0.0240097
1 0.108568 0.108634
2 0.00426348 0.00432807
1 0.0410678 0.0411316
1 0.00956436 0.00962763
1 0.0570136 0.0570713
1 0.00542303 0.00548055
2 0.0467142 0.0467706
1 0.0618125 0.0618681
2 0.0871478 0.0872027
1 0.0090976 0.00915221
1 0.361192 0.361246
2 0.018678 0.0187292
1 0.0295447 0.0295959
1 0.0199929 0.0200437
2 0.0772609 0.0773117
1 0.0110357 0.0110854
2 0.113957 0.114005
1 0.0192203 0.0192687
1 0.0300783 0.0301247
2 0.0762313 0.0762774
1 0.0157726 0.0158179
1 0.0619248 0.0619698
1 0.0359944 0.0360385
1 0.0964432 0.0964872
1 0.015279 0.0153229
1 0.0111474 0.0111901
2 0.0462048 0.0462473
2 0.0835419 0.083582
1 0.00467713 0.00471315
1 0.0422153 0.0422497
2 0.00916217 0.00919598
1 0.0876914 0.0877237
2 0.0105057 0.0105375
1 0.0145865 0.0146181
2 0.132184 0.132215
1 0.131971 0.132002
1 0.0398201 0.0398504
1 0.0294802 0.0295092
1 0.00397311 0.00400211
2 0.00826597 0.00829445
1 0.0308048 0.030833
2 0.0661225 0.0661498
2 0.0150595 0.0150866
1 0.278379 0.278406
2 0.0334866 0.0335127
2 0.151058 0.151083
1 0.00864022 0.00866511
2 0.0592047 0.0592295
2 0.0311085 0.0311327
1 0.0148401 0.0148641
2 0.136022 0.136046
1 0.0409748 0.0409986
2 0.0214807 0.0215032
1 0.00644541 0.00646379
2 0.0428317 0.0428493
1 0.0792661 0.0792829
1 0.0449779 0.044994
1 0.0516691 0.0516845
1 0.045129 0.0451437
1 0.00316594 0.00317962
2 0.0167083 0.0167208
1 0.0137276 0.0137396
1 0.0484148 0.0484263
1 0.00446898 0.00448013
2 0.0955161 0.0955253
1 0.0329531 0.0329608
1 0.0121966 0.0122039
1 0.0121856 0.0121919
1 0.00690435 0.00691061
1 0.0841492 0.0841546
1 0.0182338 0.0182391
1 0.0132353 0.0132401
1 0.0760833 0.0760878
1 0.0426538 0.0426582
1 0.0234141 0.0234183
1 0.00165243 0.00165616
1 0.0078338 0.00783722
1 0.00606422 0.00606618
1 0.0133781 0.01338
2 0.0158154 0.0158171
1 0.0670241 0.0670256
2 0.0478957 0.0478971
1 0.0513086 0.0513099
2 0.291482 0.291483
1 0.009022 0.00902311
2 0.0452406 0.0452416
2 0.061255 0.0612557
2 0.0272968 0.0272974
1 0.00351268 0.0035133
1 0.0724149 0.0724155
1 0.183253 0.183253
1 0.0604908 0.0604912
1 0.0137121 0.0137124
1 0.0258052 0.0258055
1 0.0181819 0.0181821
1 0.0257154 0.0257155
2 0.113702 0.113702
2 0.0351184 0.0351185
1 0.0789658 0.0789658
2 0.013198 0.013198
