0 0 inf
0 0 0.270904
1 0.0488823 0.196196
0 0 0.138539
1 0.0692815 0.201732
1 0.0809754 0.196375
0 0 0.111916
1 0.12349 0.2226
0 0 0.0876506
0 0 0.0856872
0 0 0.0694888
1 0.0242382 0.0878518
0 0 0.062047
0 0 0.0605475
0 0 0.0588751
0 0 0.057999
1 0.0268702 0.0779527
0 0 0.0427737
0 0 0.0424348
0 0 0.0423942
0 0 0.040245
0 0 0.0394592
0 0 0.038974
0 0 0.037911
0 0 0.0372577
1 0.090738 0.126812
0 0 0.0355443
1 0.381505 0.416676
1 0.0353952 0.0701257
1 0.0369526 0.0698177
1 0.0706868 0.102563
0 0 0.0307081
0 0 0.0302424
1 0.0302624 0.0602155
0 0 0.0276556
0 0 0.0273825
1 0.0711076 0.0983562
0 0 0.0267536
0 0 0.0266789
0 0 0.0264384
0 0 0.0247174
0 0 0.0244484
1 0.131073 0.155449
0 0 0.0231624
0 0 0.0231098
1 0.026714 0.0496874
1 0.0351624 0.0578508
1 0.0450215 0.0676931
0 0 0.0224041
0 0 0.0213788
0 0 0.0213695
0 0 0.0213413
0 0 0.0208069
0 0 0.0203725
0 0 0.0203692
1 0.120399 0.139528
0 0 0.0189783
0 0 0.0185814
0 0 0.0185643
0 0 0.0184631
0 0 0.0182732
0 0 0.0181595
1 0.0235759 0.0415096
1 0.156763 0.174522
1 0.357479 0.37517
0 0 0.0174888
1 0.137127 0.154166
0 0 0.0161939
1 0.0338113 0.0499385
0 0 0.0160306
0 0 0.015111
2 0.107269 0.122005
1 0.108354 0.123009
0 0 0.0146477
0 0 0.0146262
1 0.0617855 0.0760269
1 0.172512 0.186589
0 0 0.0139561
1 0.103718 0.117571
0 0 0.0135966
1 0.224565 0.23741
0 0 0.0128413
1 0.0281323 0.0406123
0 0 0.012298
1 0.0745984 0.0868341
0 0 0.0121805
0 0 0.0117897
0 0 0.0114161
0 0 0.0113042
0 0 0.0112781
0 0 0.0111807
0 0 0.0110578
0 0 0.0109624
0 0 0.0107371
0 0 0.0106966
1 0.0548039 0.0652905
0 0 0.0102895
0 0 0.0102492
0 0 0.0100268
0 0 0.00999761
1 0.053279 0.0632513
0 0 0.00996834
0 0 0.00984196
0 0 0.00979787
1 0.108125 0.117793
0 0 0.00965617
0 0 0.00962398
0 0 0.0095879
1 0.0459194 0.0554499
0 0 0.0095268
1 0.0286464 0.038104
0 0 0.00944542
0 0 0.00934039
0 0 0.00931956
1 0.023073 0.031991
0 0 0.00872247
0 0 0.00865861
1 0.0377125 0.0463317
2 0.205304 0.21391
0 0 0.00854157
1 0.00825535 0.0166736
0 0 0.00834929
1 0.0752391 0.083428
1 0.0111796 0.0193679
0 0 0.00806084
2 0.222955 0.230857
0 0 0.00788431
0 0 0.00784242
0 0 0.00759527
0 0 0.00754803
0 0 0.00747792
0 0 0.00743249
0 0 0.00740652
1 0.0253955 0.0327423
2 0.109357 0.116654
0 0 0.0072553
1 0.0555588 0.0627962
0 0 0.00717843
0 0 0.00711997
1 0.021618 0.02869
0 0 0.0070612
0 0 0.00702953
0 0 0.00701175
0 0 0.00689293
0 0 0.00677549
1 0.023843 0.0305896
0 0 0.00669137
1 0.0170707 0.0236366
0 0 0.00652255
0 0 0.00647242
1 0.0482913 0.0547539
1 0.0409388 0.0473953
1 0.0181837 0.0244569
0 0 0.00624316
1 0.0680959 0.0743361
0 0 0.00619189
1 0.131015 0.137044
2 0.0663289 0.0723506
1 0.0898853 0.0958808
1 0.0547181 0.0606758
1 0.0457439 0.0516837
0 0 0.00587778
0 0 0.00585378
0 0 0.00582529
0 0 0.00564399
0 0 0.00542149
1 0.10432 0.109738
2 0.0738205 0.0792387
1 0.0111993 0.0165824
0 0 0.00531666
0 0 0.00525101
0 0 0.00522132
0 0 0.00521224
0 0 0.00514989
0 0 0.00512272
2 0.260461 0.26555
0 0 0.00502295
0 0 0.00493956
1 0.0243878 0.0292725
0 0 0.004866
1 0.028099 0.0328977
1 0.0345036 0.0392816
0 0 0.00475155
0 0 0.0047346
0 0 0.00464796
0 0 0.0044977
0 0 0.00446541
0 0 0.00441181
0 0 0.00441073
0 0 0.0043934
1 0.0963439 0.100719
0 0 0.00433491
0 0 0.00424493
1 0.474156 0.478393
0 0 0.00420965
0 0 0.00419349
0 0 0.00418804
0 0 0.00416598
0 0 0.00409153
0 0 0.00408218
0 0 0.00400377
0 0 0.00396826
0 0 0.00391336
0 0 0.00388778
1 0.0603861 0.0642494
1 0.0526115 0.0564533
0 0 0.00383226
1 0.0246854 0.0284677
0 0 0.00369779
1 0.114339 0.118028
0 0 0.00368854
0 0 0.00365152
0 0 0.00363272
1 0.025402 0.0289984
2 0.0775872 0.0811808
0 0 0.00357977
2 0.0447263 0.0482862
1 0.12084 0.124393
0 0 0.00352839
0 0 0.00351928
0 0 0.00351003
0 0 0.00348358
0 0 0.00347215
1 0.0206679 0.0241377
1 0.0412309 0.0446829
0 0 0.00342186
0 0 0.00339275
0 0 0.0033923
1 0.177725 0.181096
0 0 0.0032655
1 0.0271499 0.0304135
1 0.0546387 0.0578866
0 0 0.00323697
1 0.0362705 0.0394413
0 0 0.00316647
0 0 0.00316167
0 0 0.00315837
1 0.0135996 0.0167571
0 0 0.0031339
1 0.0445976 0.0476738
1 0.0135896 0.0165962
1 0.0825885 0.0855904
1 0.0913836 0.0942717
1 0.0503815 0.0532642
0 0 0.00282143
1 0.104769 0.107581
0 0 0.00279607
0 0 0.0027731
1 0.398721 0.401448
0 0 0.00270586
1 0.19831 0.200995
0 0 0.00268424
0 0 0.00267139
0 0 0.00265422
0 0 0.00263826
0 0 0.00259391
1 0.0153232 0.0178785
1 0.048924 0.051451
1 0.022449 0.0249484
1 0.0445446 0.04701
1 0.0606948 0.0631497
0 0 0.00241806
2 0.208409 0.210797
1 0.175533 0.17792
0 0 0.0023262
0 0 0.00231031
0 0 0.00229611
2 0.2238 0.226059
1 0.399608 0.401828
1 0.0108489 0.0130525
0 0 0.00215814
0 0 0.00212532
1 0.0466832 0.0487984
1 0.0214658 0.0235631
1 0.0199894 0.0220661
1 0.0081037 0.0101756
0 0 0.002033
2 0.408751 0.410773
1 0.00737863 0.00939902
2 0.0297416 0.0317532
1 0.0470381 0.0490347
1 0.038145 0.040108
0 0 0.00190834
0 0 0.0019067
1 0.00924544 0.0111168
0 0 0.00186647
1 0.0180441 0.0198883
1 0.057961 0.0597292
1 0.0667859 0.0685482
0 0 0.00175792
0 0 0.00171962
1 0.0455535 0.0472678
0 0 0.0017017
1 0.0410138 0.0427087
1 0.0389625 0.0406466
2 0.0407571 0.0424361
0 0 0.00165965
1 0.0693808 0.0710236
1 0.129049 0.130691
0 0 0.00158029
0 0 0.00153439
1 0.0119367 0.0134509
1 0.00557489 0.00708003
0 0 0.00150329
1 0.0659896 0.067491
1 0.0276288 0.0290947
1 0.0145425 0.0159641
0 0 0.00138534
0 0 0.00137937
1 0.0705334 0.0719074
1 0.0436643 0.0449774
1 0.164164 0.16547
0 0 0.00130268
1 0.0226201 0.0238321
1 0.0163757 0.0175824
1 0.0216931 0.0228948
2 0.054922 0.0561183
0 0 0.00119462
1 0.00747453 0.00866315
1 0.0314029 0.0325274
1 0.012637 0.013755
1 0.00713073 0.00823262
2 0.239019 0.240119
1 0.00817047 0.00926647
1 0.137033 0.138122
1 0.0145288 0.0156163
1 0.0185515 0.019639
1 0.0855195 0.0865819
1 0.0148443 0.0158968
1 0.0159046 0.0169503
1 0.00381883 0.00485162
1 0.302089 0.303118
1 0.0251102 0.0261255
2 0.16653 0.167539
0 0 0.000969268
1 0.0110208 0.0119835
2 0.0425584 0.0435033
0 0 0.0009156
0 0 0.000909014
1 0.0110006 0.0119067
1 0.00758484 0.00848091
1 0.00969732 0.0105876
2 0.0553187 0.0561814
1 0.00986907 0.0107233
1 0.003696 0.0045284
1 0.137127 0.137934
1 0.0264123 0.0272037
1 0.00629433 0.00708231
1 0.0320267 0.0328118
1 0.0163784 0.0171399
2 0.121685 0.122446
1 0.00652465 0.00728167
1 0.135569 0.136322
1 0.0608789 0.0616312
1 0.0112219 0.0119732
1 0.00488072 0.0056234
1 0.014321 0.0150595
1 0.019501 0.0202213
1 0.16838 0.169092
1 0.00391136 0.00461726
1 0.0274454 0.0281496
1 0.0788021 0.079497
0 0 0.000691754
1 0.0260975 0.0267824
1 0.0184442 0.0191223
2 0.0824475 0.0831193
1 0.0637335 0.0644033
1 0.150502 0.151164
1 0.0110189 0.0116785
1 0.00812819 0.00878732
1 0.0398723 0.040507
2 0.0557296 0.0563454
1 0.00728805 0.00788233
1 0.0385735 0.0391607
1 0.00861815 0.00916972
0 0 0.000550771
1 0.0947111 0.0952604
1 0.0125348 0.0130825
2 0.0221323 0.022667
2 0.187733 0.188263
1 0.0264927 0.0270219
1 0.00345625 0.00398195
1 0.0521005 0.0526245
2 0.208434 0.208957
1 0.00404874 0.00456171
0 0 0.000503221
1 0.0517248 0.0522255
1 0.260572 0.261063
1 0.0081277 0.00861414
2 0.0660672 0.0665467
1 0.0510855 0.0515599
2 0.0388428 0.0393144
1 0.156973 0.157442
1 0.0706388 0.0711056
1 0.0514043 0.0518579
1 0.00665443 0.00710556
1 0.00541197 0.00583594
2 0.0725138 0.0729235
1 0.00342498 0.00383139
2 0.0170965 0.0174939
0 0 0.000394045
1 0.00647188 0.00686418
1 0.00453357 0.0049018
1 0.0146476 0.0149983
1 0.0126441 0.0129905
2 0.0332288 0.0335711
0 0 0.000340233
1 0.0116123 0.0119476
1 0.0359124 0.0362454
2 0.0668249 0.0671415
1 0.00767898 0.00799451
1 0.0117202 0.0120323
1 0.205395 0.205687
1 0.0410211 0.0413094
2 0.0773247 0.0776034
1 0.0329929 0.0332675
2 0.0606981 0.0609694
1 0.0703632 0.0706299
0 0 0.000263459
1 0.257094 0.257343
1 0.200557 0.200802
1 0.10494 0.105182
1 0.0391961 0.0394288
1 0.0304894 0.0307212
1 0.0218907 0.0221219
2 0.230202 0.23043
2 0.218439 0.218658
2 0.21234 0.212552
1 0.0662973 0.0665076
2 0.0502691 0.0504752
1 0.0695761 0.0697791
1 0.0423475 0.0425503
2 0.239145 0.239339
2 0.0296922 0.0298822
1 0.033724 0.0339115
2 0.402901 0.403085
2 0.0653506 0.0655344
1 0.0168327 0.0170096
0 0 0.000176467
1 0.00582809 0.00599514
0 0 0.000165219
1 0.0186949 0.0188596
1 0.0277201 0.0278775
0 0 0.000154974
2 0.0744991 0.0746432
1 0.0490138 0.0491577
1 0.0136947 0.0138318
1 0.0772089 0.0773426
2 0.0704888 0.0706219
2 0.039848 0.0399781
1 0.0116128 0.0117388
2 0.0432575 0.0433677
2 0.205987 0.206091
1 0.0734051 0.0735078
2 0.0168881 0.0169908
1 0.0123776 0.0124781
1 0.00268746 0.00278607
1 0.00957346 0.00967166
1 0.005361 0.00545834
2 0.0728923 0.0729874
2 0.04135 0.041445
1 0.0202844 0.0203794
1 0.0114981 0.011593
2 0.121191 0.121285
1 0.00926576 0.00935946
1 0.0103548 0.0104452
2 0.0767012 0.0767897
1 0.115093 0.11518
1 0.0636727 0.0637568
1 0.0111326 0.0112164
2 0.137032 0.137115
1 0.0633954 0.0634737
1 0.0353595 0.035435
0 0 7.44358e-05
2 0.0345777 0.0346516
1 0.0395785 0.0396521
1 0.00735211 0.00742523
1 0.00793209 0.0080035
1 0.0204639 0.0205352
1 0.0501728 0.0502432
2 0.11784 0.11791
2 0.048286 0.0483455
2 0.00950738 0.00956478
1 0.0284822 0.0285358
1 0.00851541 0.00856818
1 0.0280695 0.0281212
1 0.0394387 0.0394893
2 0.0795241 0.0795637
2 0.0795729 0.0796122
1 0.0595451 0.0595821
1 0.00910511 0.00913908
1 0.0651258 0.0651544
1 0.0324686 0.0324959
1 0.0101279 0.0101545
1 0.178995 0.17902
1 0.0105749 0.0105999
1 0.0385351 0.038559
2 0.0226299 0.0226524
2 0.0239648 0.0239866
1 0.00563998 0.00566039
1 0.0159985 0.0160175
2 0.00905217 0.00907064
1 0.0689158 0.0689332
1 0.0113066 0.0113225
1 0.00689991 0.00691527
1 0.0762953 0.0763098
2 0.05315 0.0531643
2 0.0765704 0.0765836
1 0.0372904 0.0373031
1 0.00671064 0.00672226
2 0.201573 0.201584
1 0.0161216 0.0161321
1 0.0589499 0.0589603
2 0.0186732 0.0186834
1 0.0082314 0.00823938
1 0.0916758 0.0916832
1 0.0123051 0.012312
2 0.137458 0.137465
1 0.0177551 0.0177616
1 0.062763 0.0627694
2 0.118299 0.118306
1 0.114499 0.114504
1 0.16558 0.165583
2 0.0520231 0.0520266
2 0.127255 0.127258
1 0.0151644 0.0151672
2 0.0370632 0.0370658
1 0.0155156 0.0155182
1 0.00842345 0.00842577
1 0.0174428 0.0174439
1 0.00774055 0.00774112
2 0.098656 0.0986566
1 0.0285352 0.0285357
1 0.0344306 0.034431
1 0.00333176 0.00333221
1 0.0267327 0.0267331
1 0.0278165 0.0278168
1 0.0210275 0.0210278
2 0.119719 0.119719
1 0.0312498 0.0312499
1 0.0387952 0.0387953
2 0.0484459 0.048446
1 0.0214923 0.0214924
2 0.0695372 0.0695373
1 0.0167627 0.0167627
