0 0 inf
0 0 0.237488
1 0.151782 0.349215
1 0.0479198 0.179631
0 0 0.106546
0 0 0.105496
1 0.475568 0.577688
1 0.128924 0.230349
0 0 0.0646196
0 0 0.0640222
1 0.0475898 0.107255
1 0.160496 0.219488
1 0.0704209 0.127862
1 0.13239 0.184979
0 0 0.0518043
1 0.0541975 0.103346
0 0 0.0490691
0 0 0.045094
0 0 0.0439674
0 0 0.043538
0 0 0.0433892
1 0.0948629 0.138113
0 0 0.042019
0 0 0.0414488
0 0 0.0393481
0 0 0.0381545
0 0 0.0370344
1 0.0506562 0.0875179
0 0 0.0362401
1 0.105613 0.141653
0 0 0.0344991
1 0.0404087 0.0747527
1 0.0327797 0.0666659
0 0 0.0328015
0 0 0.0327495
1 0.0549017 0.0873761
1 0.0724462 0.104825
2 0.185283 0.216837
1 0.147984 0.179434
0 0 0.0309992
1 0.0563073 0.0868419
0 0 0.0303087
0 0 0.0294253
0 0 0.0287994
1 0.0548026 0.0833115
0 0 0.0283734
0 0 0.0281038
0 0 0.0278686
0 0 0.0275069
0 0 0.0271695
0 0 0.0259662
0 0 0.0255286
1 0.158184 0.183402
1 0.0154545 0.0399922
0 0 0.0243912
1 0.0267165 0.0506979
2 0.181071 0.204668
1 0.0256483 0.0487966
0 0 0.0227159
1 0.0645302 0.0869559
0 0 0.0223765
0 0 0.0223349
1 0.0677678 0.0900759
0 0 0.021973
0 0 0.0219654
1 0.0448677 0.0663632
0 0 0.0213094
1 0.0364197 0.0576324
0 0 0.0209698
0 0 0.0207178
0 0 0.0206666
1 0.0176358 0.0372528
1 0.167215 0.186785
0 0 0.0195241
1 0.156207 0.175725
0 0 0.0189857
0 0 0.0187271
2 0.111162 0.129448
0 0 0.0182852
1 0.017748 0.0358821
0 0 0.0177655
0 0 0.0174053
0 0 0.0170835
0 0 0.0168758
0 0 0.0165126
0 0 0.0162083
1 0.0497817 0.0659628
1 0.0435999 0.0595517
0 0 0.0157054
0 0 0.0156821
0 0 0.0154677
0 0 0.01542
0 0 0.0153522
0 0 0.0152616
0 0 0.0150856
0 0 0.0149859
1 0.0315577 0.0465364
0 0 0.0148231
2 0.231275 0.246023
0 0 0.0146897
0 0 0.0146564
0 0 0.0144482
0 0 0.0143196
0 0 0.0140123
0 0 0.013931
0 0 0.0137502
0 0 0.013606
0 0 0.0134632
0 0 0.0133071
0 0 0.0132951
1 0.0643769 0.077437
1 0.0534535 0.0662498
0 0 0.0127016
0 0 0.0125587
0 0 0.0123359
0 0 0.012235
2 0.139216 0.151269
0 0 0.0116035
0 0 0.011539
0 0 0.0107923
0 0 0.0107528
0 0 0.0105251
0 0 0.0104446
0 0 0.0103551
2 0.0422749 0.0526266
0 0 0.0101776
0 0 0.0101341
1 0.0366391 0.0467289
0 0 0.00990997
0 0 0.00986235
1 0.00748979 0.0170532
0 0 0.00924012
1 0.0181007 0.0273289
0 0 0.0089341
0 0 0.00865767
0 0 0.00863083
1 0.128378 0.136958
0 0 0.00854533
0 0 0.00847541
0 0 0.00816706
0 0 0.0081618
0 0 0.00815558
1 0.00953288 0.0176701
1 0.0561305 0.0642047
0 0 0.00804375
1 0.292556 0.300422
1 0.0133647 0.0209234
0 0 0.00746315
0 0 0.00741131
0 0 0.0073583
1 0.0466306 0.0538803
1 0.138132 0.145353
0 0 0.00721141
0 0 0.00719172
1 0.0210431 0.0281748
0 0 0.00702152
0 0 0.00698866
1 0.0265471 0.0335333
0 0 0.00691217
1 0.0380011 0.0447915
0 0 0.00675024
0 0 0.00669332
2 0.13116 0.13783
0 0 0.0065466
1 0.059331 0.0658482
2 0.182889 0.189404
0 0 0.00645654
0 0 0.00644018
1 0.0286215 0.0350543
1 0.0275202 0.0339377
0 0 0.00625164
0 0 0.00623353
1 0.034393 0.0405979
0 0 0.00611773
0 0 0.00602196
1 0.0967972 0.102815
0 0 0.00596708
1 0.0223796 0.0283227
1 0.0435846 0.0494561
0 0 0.00583043
0 0 0.00582796
2 0.61366 0.619458
1 0.044116 0.0498535
1 0.0225053 0.028197
0 0 0.00556179
1 0.0297075 0.0351683
0 0 0.00543572
1 0.0190373 0.0244336
1 0.0453534 0.0506731
1 0.0534079 0.0586911
0 0 0.00526329
2 0.150083 0.155267
0 0 0.00515422
2 0.320522 0.325661
0 0 0.0051276
1 0.036381 0.0413459
1 0.0240533 0.0289417
0 0 0.00481229
0 0 0.00478152
0 0 0.00471497
0 0 0.00469514
0 0 0.00466169
1 0.183265 0.18785
1 0.0236999 0.0281838
0 0 0.00445005
0 0 0.0044435
1 0.0190944 0.0235241
0 0 0.00440849
2 0.106036 0.110409
0 0 0.00431067
0 0 0.00426228
1 0.0544427 0.0586839
0 0 0.00423234
1 0.0179305 0.0220507
0 0 0.00410253
1 0.0583679 0.0623889
1 0.0261382 0.0301228
0 0 0.00386212
0 0 0.00382501
1 0.11144 0.11526
1 0.111828 0.115642
0 0 0.00377115
0 0 0.00374408
1 0.047197 0.0509316
0 0 0.0037214
0 0 0.00365865
0 0 0.00364571
1 0.0428777 0.0464626
1 0.0285728 0.0321415
0 0 0.00346908
1 0.0174092 0.0208376
0 0 0.00338199
1 0.105146 0.108473
1 0.0947362 0.0980413
0 0 0.00326568
2 0.185471 0.188735
1 0.0207469 0.0240015
1 0.00955943 0.0127744
0 0 0.00314897
0 0 0.00312205
1 0.0265719 0.0296823
2 0.113066 0.116155
0 0 0.00307055
0 0 0.00306567
1 0.0202174 0.023259
0 0 0.00300252
0 0 0.00298424
0 0 0.00298215
0 0 0.00292611
0 0 0.00290433
0 0 0.00283285
0 0 0.00278903
1 0.0256904 0.0284522
1 0.089863 0.0926182
1 0.0829103 0.085663
1 0.012071 0.0148158
1 0.135723 0.138466
1 0.0701254 0.0728373
0 0 0.00268823
0 0 0.00268615
1 0.187536 0.190191
0 0 0.00262188
2 0.122874 0.125422
0 0 0.00252202
0 0 0.00252155
0 0 0.00250461
0 0 0.00248577
0 0 0.00248069
0 0 0.00244356
0 0 0.00242138
1 0.0156228 0.0180161
1 0.00648126 0.00882673
1 0.0265605 0.0288853
0 0 0.0023165
0 0 0.00225137
2 0.145856 0.148097
0 0 0.00222033
0 0 0.00219175
1 0.00768705 0.00985505
0 0 0.00215429
1 0.0280712 0.0302195
1 0.0985856 0.100726
0 0 0.00213502
0 0 0.00211641
1 0.0464781 0.0485747
0 0 0.00207438
0 0 0.00206387
0 0 0.0020519
1 0.0810724 0.0831122
1 0.0776045 0.0795973
1 0.0125243 0.0145055
1 0.0472383 0.049197
1 0.024598 0.026553
1 0.0851945 0.0871315
1 0.0259539 0.027889
1 0.0299358 0.0318499
0 0 0.00190106
1 0.0396536 0.041552
1 0.101934 0.103823
1 0.0221106 0.0239803
1 0.131997 0.133835
1 0.0193386 0.0211501
0 0 0.00180272
1 0.00783912 0.00962328
0 0 0.0017779
1 0.112614 0.114382
0 0 0.00175664
1 0.0252467 0.0269722
1 0.017812 0.0194793
1 0.0418855 0.0435438
0 0 0.00162045
1 0.0848209 0.0863467
0 0 0.00149378
1 0.0190868 0.0205291
1 0.0131004 0.0145266
2 0.0388657 0.04027
2 0.059489 0.0608646
1 0.00480351 0.00617565
0 0 0.00137201
1 0.0318214 0.03319
2 0.046731 0.0480957
1 0.0147866 0.0161362
0 0 0.00134019
0 0 0.00133628
0 0 0.0013259
1 0.0295654 0.0308285
0 0 0.00125113
2 0.0342637 0.0355011
1 0.0242566 0.0254613
0 0 0.00120186
1 0.130752 0.13195
1 0.0242348 0.0254309
1 0.0414565 0.0426146
1 0.0114753 0.0126013
2 0.326341 0.327424
0 0 0.00107694
0 0 0.00107643
0 0 0.00106877
1 0.0268544 0.0279183
1 0.0552737 0.0562968
1 0.00460847 0.00562378
1 0.0863784 0.0873879
1 0.00599805 0.00698619
0 0 0.000982233
1 0.00568276 0.00666245
1 0.0826606 0.083635
0 0 0.000964111
2 0.111991 0.112955
2 0.018764 0.0197112
2 0.0480275 0.0489628
1 0.0142612 0.0151815
1 0.0377694 0.0386868
1 0.178362 0.179257
1 0.159467 0.160355
1 0.0155318 0.0164002
1 0.0070445 0.00790937
1 0.0309326 0.0317939
0 0 0.000842877
0 0 0.000832016
1 0.0128371 0.0136584
1 0.224662 0.225479
1 0.178696 0.179497
1 0.0730749 0.0738438
2 0.0568163 0.0575623
1 0.0138035 0.0145417
1 0.0102815 0.0110194
1 0.0593073 0.0600391
1 0.0187905 0.019474
1 0.0160507 0.0167149
1 0.0660548 0.0667138
0 0 0.000636597
1 0.0325925 0.0332266
2 0.124882 0.125516
2 0.0966653 0.0972514
0 0 0.000564416
1 0.00978916 0.0103528
2 0.0724489 0.0730104
1 0.0252691 0.0258274
1 0.00373956 0.00429523
1 0.0091109 0.00964971
1 0.111725 0.112261
1 0.00855358 0.00908754
1 0.168682 0.169201
2 0.0254964 0.0260127
1 0.00944742 0.0099605
1 0.101808 0.10232
0 0 0.000508836
1 0.0417437 0.0422433
2 0.206092 0.206582
1 0.0821653 0.082655
1 0.124009 0.124498
1 0.036879 0.0373655
1 0.00545893 0.00593621
1 0.0178173 0.0182932
1 0.0569125 0.0573833
0 0 0.000465854
1 0.121764 0.122228
2 0.153759 0.154221
1 0.00656439 0.00702343
1 0.0150193 0.0154675
1 0.0129969 0.0134447
2 0.0291106 0.0295573
0 0 0.000443826
1 0.0991168 0.0995604
1 0.0789553 0.0793974
2 0.103753 0.104191
1 0.0525637 0.0529873
1 0.0239319 0.0243533
1 0.17712 0.177538
1 0.013382 0.0137908
1 0.0298951 0.0302954
1 0.00424206 0.00463329
2 0.0795757 0.0799614
2 0.025783 0.0261595
1 0.0616454 0.0620146
1 0.0208746 0.0212364
2 0.0208028 0.0211625
2 0.0172351 0.0175938
1 0.378024 0.37838
0 0 0.000355672
1 0.116861 0.117209
1 0.0388577 0.0392022
2 0.179114 0.179453
2 0.18368 0.184014
1 0.0466805 0.0470107
2 0.047048 0.0473712
2 0.040634 0.0409572
1 0.0104962 0.0108192
1 0.0223788 0.0226902
1 0.0409198 0.0412274
1 0.00736988 0.00766644
1 0.0892902 0.0895856
2 0.189235 0.189524
2 0.067409 0.0676981
2 0.153542 0.153816
2 0.181674 0.181948
1 0.00203897 0.00230886
1 0.07749 0.0777562
1 0.00280709 0.0030732
1 0.206071 0.206334
1 0.0058565 0.00611751
1 0.00277685 0.00303124
2 0.0468009 0.0470537
1 0.00295309 0.00320271
1 0.129207 0.129449
1 0.0596966 0.0599334
1 0.0502586 0.050484
2 0.0721436 0.0723635
2 0.0700139 0.0702248
1 0.0235267 0.0237375
1 0.0682515 0.0684622
1 0.00883889 0.00904836
1 0.00801744 0.00821248
2 0.0489075 0.04909
1 0.0136861 0.0138679
1 0.00617096 0.00635271
2 0.32321 0.323388
1 0.00282112 0.00299431
2 0.0283556 0.0285238
2 0.141942 0.142109
1 0.00674817 0.00691039
1 0.0134157 0.0135741
1 0.0658496 0.0660047
1 0.0139824 0.0141287
1 0.00102499 0.00116837
2 0.0861039 0.0862449
1 0.0139441 0.0140837
2 0.0454045 0.0455395
2 0.115119 0.11525
2 0.115578 0.115708
1 0.0184384 0.0185675
2 0.0211471 0.0212685
2 0.0299417 0.0300589
1 0.0698284 0.069945
1 0.0416235 0.0417375
1 0.0253353 0.0254479
1 0.0710203 0.0711321
2 0.0591131 0.0592248
1 0.0370749 0.0371864
2 0.0145761 0.0146863
2 0.0164072 0.0165173
1 0.00711241 0.00722178
2 0.0449972 0.0451058
2 0.0339967 0.0341008
1 0.0158221 0.0159141
1 0.0143816 0.01447
1 0.0344769 0.0345634
1 0.00390704 0.00399317
1 0.00434965 0.00443561
1 0.0161723 0.0162579
1 0.0249727 0.0250577
2 0.103864 0.103947
1 0.0493512 0.0494313
1 0.020491 0.0205702
1 0.00328261 0.00336141
1 0.0421977 0.0422742
2 0.0469002 0.0469744
1 0.0791842 0.0792578
2 0.0900527 0.0901213
1 0.0691868 0.069253
2 0.103944 0.104011
1 0.00890616 0.00896403
1 0.0293738 0.0294239
2 0.0700143 0.0700642
1 0.0129879 0.0130378
2 0.08855 0.0885982
2 0.0667381 0.0667861
2 0.105801 0.105847
2 0.0348725 0.0349156
2 0.0773465 0.0773885
1 0.00450097 0.00454256
1 0.00374078 0.00378114
2 0.016438 0.0164755
1 0.0853136 0.0853505
1 0.0206856 0.0207212
2 0.0627556 0.0627908
1 0.114307 0.11434
1 0.0170704 0.0171028
1 0.00595554 0.00598437
2 0.0148871 0.0149152
1 0.0317722 0.031797
1 0.0106369 0.0106599
2 0.125098 0.12512
1 0.0239079 0.02393
2 0.111994 0.112016
1 0.04994 0.0499607
1 0.0575313 0.0575517
1 0.348086 0.348106
1 0.0580164 0.0580328
1 0.0120917 0.0121064
2 0.033775 0.0337889
1 0.047107 0.0471208
2 0.237289 0.237303
1 0.238096 0.238108
1 0.018017 0.0180278
1 0.0170386 0.0170491
2 0.0915295 0.0915394
1 0.0258066 0.0258153
2 0.013797 0.0138054
2 0.188092 0.1881
2 0.0965186 0.0965259
2 0.181321 0.181328
2 0.0423678 0.0423744
1 0.114738 0.114744
1 0.00269058 0.00269643
1 0.174362 0.174366
2 0.0465426 0.0465457
2 0.0172455 0.0172486
2 0.0470607 0.0470635
2 0.00579852 0.00580092
1 0.0138141 0.0138159
1 0.0286337 0.0286347
1 0.0107746 0.0107753
2 0.238109 0.23811
1 0.00780815 0.00780858
1 0.0173319 0.0173322
2 0.0943151 0.0943153
2 0.0377703 0.0377704
2 0.047173 0.047173
2 0.0759908 0.0759909
2 0.0600636 0.0600637
1 0.0104641 0.0104641
1 0.0135232 0.0135232
2 0.0709175 0.0709175
