0 0 inf
0 0 0.115945
0 0 0.0663509
0 0 0.0532297
0 0 0.0516151
0 0 0.0488658
0 0 0.0485791
0 0 0.0428614
1 0.0790814 0.11737
0 0 0.0378524
0 0 0.0348174
0 0 0.0335812
0 0 0.032598
0 0 0.0320375
0 0 0.0317835
0 0 0.0305287
1 0.0590965 0.0893109
0 0 0.025333
0 0 0.0233584
0 0 0.0222473
0 0 0.0217198
1 0.0394156 0.0602615
0 0 0.0205563
1 0.0699153 0.0891925
0 0 0.0182544
1 0.160019 0.177566
1 0.100597 0.116968
1 0.106777 0.122846
0 0 0.0160129
0 0 0.0157606
1 0.0144897 0.0295915
0 0 0.014442
0 0 0.0134161
1 0.0213169 0.0345508
1 0.0339881 0.046133
1 0.125722 0.137164
0 0 0.0110954
0 0 0.0110134
1 0.0170101 0.0274637
1 0.0281977 0.0381439
0 0 0.00985279
0 0 0.00975766
1 0.0123234 0.0212873
1 0.051659 0.060593
0 0 0.00811025
0 0 0.00797396
0 0 0.00718962
1 0.0760683 0.082811
2 0.104854 0.111401
0 0 0.0064747
1 0.0377623 0.0442137
0 0 0.0064416
0 0 0.00629797
0 0 0.00624196
0 0 0.00595326
0 0 0.00594985
0 0 0.0059395
0 0 0.00588625
1 0.0198808 0.0257516
0 0 0.00587077
1 0.0464087 0.0522481
0 0 0.00572445
0 0 0.00566774
1 0.187372 0.193012
1 0.0413245 0.0468763
0 0 0.00544739
1 0.0590342 0.064372
0 0 0.00533642
0 0 0.0052881
0 0 0.00525279
0 0 0.00519058
0 0 0.0050272
1 0.161358 0.166328
1 0.00611543 0.0110585
1 0.0918144 0.0967311
0 0 0.00465923
0 0 0.00459361
0 0 0.00448019
1 0.0670017 0.0714389
0 0 0.00439934
0 0 0.00439797
1 0.0832445 0.0875549
0 0 0.00418531
0 0 0.004113
0 0 0.00405401
1 0.0205159 0.024451
1 0.0646303 0.0685295
0 0 0.0038603
0 0 0.00385823
1 0.00627005 0.010028
0 0 0.00371835
1 0.0232577 0.0269491
0 0 0.00360574
0 0 0.00360422
0 0 0.00348636
0 0 0.00346865
0 0 0.00343644
1 0.0162749 0.0196823
0 0 0.00339691
1 0.00283879 0.00613211
0 0 0.00328419
0 0 0.00328396
0 0 0.00327632
1 0.108616 0.11174
0 0 0.00312232
0 0 0.00306711
0 0 0.00305167
0 0 0.00305051
0 0 0.00301466
0 0 0.00292242
0 0 0.0029059
0 0 0.00284903
2 0.129139 0.131972
1 0.00925558 0.0120034
0 0 0.00265143
1 0.00236445 0.00496706
0 0 0.00255828
1 0.0716087 0.074101
0 0 0.00247266
0 0 0.00246094
2 0.0478884 0.0503212
1 0.0225912 0.0250152
1 0.0726654 0.0750785
0 0 0.00228016
0 0 0.00224255
0 0 0.00215858
0 0 0.00215774
0 0 0.00214244
0 0 0.00212366
1 0.00252326 0.00463217
0 0 0.00207773
1 0.0640105 0.0660824
1 0.00221586 0.00425931
0 0 0.00202323
1 0.0407955 0.042815
1 0.00883515 0.0108345
0 0 0.00194702
0 0 0.0019368
2 0.0360176 0.0379477
1 0.00247908 0.00439412
0 0 0.00189843
0 0 0.00189841
0 0 0.00188457
0 0 0.00187633
1 0.0232306 0.025104
1 0.095201 0.097071
1 0.0053725 0.00723636
1 0.0921925 0.0940439
0 0 0.00184152
0 0 0.00184103
0 0 0.00180934
1 0.00227865 0.00408058
0 0 0.00177905
2 0.129349 0.131109
0 0 0.00173893
0 0 0.00171354
1 0.0611794 0.0628896
0 0 0.00170697
0 0 0.00166201
1 0.0531241 0.0547575
1 0.00268603 0.00429996
1 0.00669323 0.00830637
1 0.0090291 0.0106134
0 0 0.00157894
0 0 0.00157596
1 0.00369276 0.00526817
0 0 0.00155677
0 0 0.00153814
0 0 0.00153403
2 0.0700901 0.0716098
0 0 0.00151406
2 0.116692 0.118204
1 0.0373917 0.0388675
1 0.037922 0.0393701
1 0.113381 0.114826
1 0.0175581 0.0189739
0 0 0.00140557
0 0 0.00140001
1 0.0885169 0.0899169
0 0 0.00138448
1 0.0370878 0.0384569
0 0 0.00134855
0 0 0.00134453
1 0.00449622 0.00583
0 0 0.00133153
0 0 0.00131511
0 0 0.00129636
1 0.00229715 0.00359347
0 0 0.00128081
1 0.00472284 0.00600021
1 0.00251491 0.00378183
0 0 0.0012641
1 0.0220507 0.0233135
0 0 0.00124056
1 0.00773219 0.008969
0 0 0.00123057
1 0.00627192 0.00750047
0 0 0.00122708
0 0 0.00122605
0 0 0.00122572
0 0 0.001222
1 0.00131784 0.00252201
1 0.00806542 0.0092633
1 0.0672424 0.0684231
1 0.00644721 0.00761157
1 0.00329197 0.00444716
1 0.0329785 0.034113
2 0.0162374 0.0173704
0 0 0.00112573
0 0 0.00112145
0 0 0.00111902
1 0.0232194 0.0243295
1 0.00697857 0.00808598
1 0.047932 0.049023
0 0 0.00108423
1 0.00222192 0.0033057
1 0.00197863 0.00305432
1 0.00595347 0.00702501
1 0.0237037 0.0247742
2 0.120581 0.121633
1 0.0499718 0.0510171
0 0 0.00104235
0 0 0.00104135
0 0 0.00103207
1 0.00918555 0.0102173
1 0.126438 0.127455
1 0.0091631 0.0101711
0 0 0.00100655
1 0.00968408 0.0106712
0 0 0.000980792
2 0.027838 0.028817
1 0.00201159 0.00298533
0 0 0.00096647
0 0 0.000958801
2 0.189067 0.190014
0 0 0.000945419
1 0.00335737 0.00428755
0 0 0.000925985
1 0.0172158 0.0181376
2 0.0977781 0.0986968
2 0.025819 0.0267363
1 0.00381148 0.00472402
0 0 0.000906803
0 0 0.000905408
0 0 0.000899474
1 0.0039423 0.00484135
1 0.0225301 0.0233984
0 0 0.000866671
1 0.00815468 0.00901126
1 0.0111152 0.0119717
0 0 0.000852122
1 0.0841797 0.0850318
1 0.00665276 0.00749526
2 0.0478908 0.0487194
0 0 0.000822624
1 0.0175823 0.0184047
1 0.00251643 0.00333664
1 0.00533733 0.00615192
0 0 0.000814379
1 0.00625713 0.00706603
0 0 0.000804516
0 0 0.000795535
0 0 0.000786758
0 0 0.00078564
2 0.0381586 0.0389434
0 0 0.000781498
0 0 0.00077635
1 0.00925094 0.0100139
0 0 0.000755195
2 0.0511109 0.0518615
1 0.00426787 0.0050101
0 0 0.000733162
1 0.00287664 0.00360959
0 0 0.000714127
1 0.0166342 0.0173358
1 0.00430345 0.00499983
0 0 0.000694555
1 0.00776003 0.00844612
1 0.00307475 0.00375949
0 0 0.000683315
0 0 0.000662628
0 0 0.000657095
0 0 0.00065164
0 0 0.000650222
0 0 0.000644247
0 0 0.000639712
1 0.00797786 0.00861234
0 0 0.000633709
0 0 0.000630121
1 0.0038835 0.00451314
0 0 0.000627131
1 0.00454316 0.00515319
0 0 0.000608396
0 0 0.000605932
1 0.00181123 0.00241673
0 0 0.000598769
1 0.001363 0.00194899
0 0 0.00057451
1 0.00365126 0.00422073
0 0 0.000567115
1 0.00804305 0.0086095
0 0 0.000566401
2 0.0673067 0.067863
1 0.0516067 0.0521592
1 0.186704 0.187246
1 0.0027004 0.00324012
1 0.0115083 0.0120466
0 0 0.000535873
1 0.00586835 0.00639978
1 0.0213457 0.0218726
1 0.00236844 0.00289236
1 0.0459228 0.0464448
1 0.0271703 0.0276893
2 0.132449 0.132968
0 0 0.000512606
2 0.0121628 0.0126644
0 0 0.00047894
0 0 0.00047561
1 0.0109401 0.0114109
2 0.0968355 0.0972911
1 0.102035 0.102491
1 0.00289826 0.00335294
1 0.0205605 0.0210151
1 0.00548184 0.00593418
1 0.0324195 0.0328708
0 0 0.000451225
1 0.0335019 0.0339478
1 0.0148131 0.0152554
2 0.0342839 0.0347213
2 0.0634287 0.0638632
1 0.00303829 0.00346887
0 0 0.000428069
1 0.0280414 0.0284676
1 0.021053 0.0214738
0 0 0.000415823
1 0.00856433 0.00897999
1 0.00321606 0.00363121
1 0.00712007 0.00752858
2 0.0924463 0.0928473
0 0 0.000400015
1 0.0245264 0.0249233
1 0.00686289 0.00725901
1 0.00276762 0.00315908
1 0.0387577 0.0391483
1 0.00154371 0.00193253
0 0 0.000384248
2 0.0615014 0.0618852
0 0 0.000383242
1 0.00542527 0.00580688
2 0.0284822 0.0288623
1 0.00933203 0.00971106
1 0.000817265 0.00119272
0 0 0.000370737
1 0.00499348 0.00535982
0 0 0.000361149
1 0.0174423 0.0177952
0 0 0.000352727
1 0.00238688 0.00273951
1 0.0250015 0.0253525
0 0 0.000346376
1 0.00976316 0.0101076
1 0.00869271 0.00903094
0 0 0.000335254
1 0.0142852 0.0146115
0 0 0.000325963
1 0.0309983 0.031312
1 0.00189563 0.00220849
1 0.00637191 0.00668041
1 0.00479259 0.00509913
1 0.00540729 0.00570363
1 0.00228496 0.00258001
1 0.00778124 0.00807414
1 0.0162998 0.0165862
1 0.017353 0.0176365
1 0.0903201 0.0906001
1 0.0391686 0.0394485
2 0.010072 0.0103463
1 0.00388354 0.00415099
1 0.00202927 0.00229235
1 0.0246049 0.0248668
2 0.00269654 0.00295393
1 0.0144866 0.0147365
1 0.00721474 0.00746239
0 0 0.000246167
1 0.123866 0.124109
1 0.00884068 0.00908158
1 0.00429089 0.00453178
1 0.00878409 0.00902077
1 0.00149007 0.00172035
1 0.00219353 0.0024178
1 0.00483136 0.00505291
2 0.030325 0.0305455
1 0.00351407 0.00373428
2 0.015069 0.0152828
1 0.0285899 0.0287973
1 0.00252774 0.00273185
1 0.0107819 0.0109835
1 0.00333923 0.00354048
1 0.0204773 0.0206763
2 0.00683797 0.00703601
2 0.0375495 0.0377475
1 0.00613205 0.00632585
1 0.00129796 0.001489
1 0.00222453 0.00240698
2 0.0188274 0.0190067
1 0.00666391 0.00683923
1 0.0301941 0.0303692
0 0 0.000171435
1 0.000948674 0.00111923
1 0.0120893 0.012259
0 0 0.000168658
1 0.00138433 0.00155025
1 0.00129823 0.00146107
1 0.0035793 0.003742
0 0 0.000160698
1 0.00343581 0.00359605
1 0.0230426 0.0232028
1 0.00188227 0.00204094
0 0 0.000158073
2 0.0220259 0.0221832
1 0.00186881 0.00202576
1 0.0036002 0.00375518
1 0.00260213 0.00275629
1 0.00387113 0.00402486
1 0.000865018 0.0010174
2 0.0712959 0.0714482
1 0.00378836 0.00393345
2 0.0046318 0.00477314
1 0.00267437 0.0028118
1 0.0267914 0.0269271
1 0.0115564 0.0116912
1 0.0476745 0.0478086
2 0.0580381 0.0581709
1 0.0108284 0.0109572
1 0.00396955 0.00409691
1 0.000635508 0.000761624
1 0.00421764 0.0043437
1 0.00150745 0.00163322
1 0.00133707 0.00145987
1 0.00415335 0.00427458
1 0.0314769 0.0315981
1 0.0159303 0.0160489
1 0.00276956 0.00288656
1 0.00366974 0.00378503
1 0.00646173 0.00657565
2 0.00517054 0.00528288
1 0.0963825 0.0964923
2 0.00594492 0.00605444
1 0.00431497 0.00441942
2 0.00465002 0.0047543
1 0.0272975 0.0274017
1 0.00133072 0.00143247
1 0.00358873 0.00368815
1 0.00732457 0.00742393
2 0.0484791 0.048575
1 0.00300622 0.00310141
1 0.00351123 0.00360502
2 0.00628955 0.00638306
1 0.00757596 0.00766925
2 0.0112108 0.0113027
1 0.000993126 0.00108431
1 0.0182746 0.0183653
1 0.0725525 0.0726428
1 0.0413542 0.041443
1 0.0882883 0.0883771
2 0.00753577 0.00762386
1 0.018311 0.018399
1 0.00498512 0.00507235
1 0.00471031 0.00479714
1 0.00395232 0.00403864
2 0.0121672 0.0122534
1 0.00283938 0.00292305
1 0.00486907 0.00494943
2 0.0308222 0.0308999
2 0.0103212 0.0103981
1 0.0016142 0.00168957
1 0.005041 0.00511636
2 0.0347546 0.0348299
1 0.00207848 0.0021521
0 0 7.35586e-05
1 0.00887639 0.00894857
0 0 7.12276e-05
1 0.00196085 0.00203081
2 0.0190976 0.0191663
1 0.000904509 0.000972512
2 0.0111447 0.0112121
1 0.0153401 0.0154069
1 0.00237474 0.00244113
1 0.00169567 0.00176132
1 0.00321594 0.00328028
2 0.0266646 0.0267248
1 0.00494556 0.00500563
1 0.00229 0.0023492
2 0.0259218 0.025979
1 0.00131705 0.00137406
1 0.00142715 0.00148403
0 0 5.50492e-05
1 0.00166952 0.00172429
2 0.00453184 0.0045864
1 0.00386625 0.00392055
1 0.0540216 0.0540757
2 0.0276088 0.0276628
2 0.00372568 0.00377947
1 0.00114046 0.00119307
0 0 5.22615e-05
2 0.00553621 0.00558842
2 0.00290246 0.00295421
1 0.0265755 0.026627
0 0 5.05732e-05
1 0.00315175 0.00320176
1 0.00601895 0.00606853
1 0.00295069 0.00300012
1 0.00239417 0.00244349
1 0.00192032 0.00196813
1 0.00131552 0.00136301
1 0.0163912 0.0164384
1 0.00145182 0.00149805
1 0.00402636 0.00407242
2 0.0144082 0.0144541
1 0.00578023 0.00582569
1 0.00175734 0.00180279
1 0.0971602 0.0972039
2 0.0191648 0.019208
2 0.00150927 0.00155218
1 0.00953194 0.00957364
0 0 4.1233e-05
1 0.00114278 0.00118201
2 0.00764089 0.00767887
1 0.000922361 0.000960315
1 0.00586495 0.00590265
0 0 3.74679e-05
1 0.00113178 0.00116908
1 0.00283402 0.00287121
0 0 3.63236e-05
1 0.0217046 0.0217408
1 0.0330425 0.0330784
1 0.00267138 0.00270727
1 0.00153888 0.00157394
2 0.0030748 0.00310911
1 0.00160274 0.00163676
2 0.00260966 0.00264311
1 0.0140095 0.0140418
2 0.0754792 0.0755113
1 0.0102598 0.0102918
1 0.00414872 0.00418056
1 0.00302457 0.00305635
1 0.00324789 0.00327859
2 0.00666095 0.00668909
2 0.00993036 0.00995845
2 0.00383618 0.00386321
1 0.00254899 0.00257513
1 0.00149535 0.0015207
2 0.00572333 0.00574864
2 0.00772072 0.00774599
2 0.00467211 0.00469683
2 0.00365465 0.00367917
1 0.00382664 0.0038508
2 0.00473807 0.00476208
1 0.0226966 0.0227205
1 0.0030482 0.00307202
1 0.0185848 0.0186081
1 0.0010873 0.00111049
1 0.0293808 0.0294035
1 0.00296177 0.0029842
1 0.0303902 0.0304124
2 0.0218403 0.0218625
2 0.0336821 0.0337043
2 0.0494248 0.0494464
1 0.00556215 0.00558313
2 0.0120407 0.0120614
2 0.0127233 0.0127438
2 0.00615849 0.00617865
1 7.12626e-05 8.83023e-05
1 0.00820913 0.00822604
1 0.00148726 0.00150372
1 0.00215313 0.00216937
1 0.00110427 0.00112027
2 0.0263096 0.0263255
1 0.00339391 0.00340883
2 0.0038252 0.00383882
2 0.00268509 0.00269862
1 0.00287878 0.00289223
2 0.00401351 0.00402629
2 0.0117325 0.011745
1 0.00408831 0.0041006
2 0.00484552 0.00485736
1 0.015474 0.0154854
1 0.00141492 0.0014262
1 0.00566893 0.0056795
1 0.00281884 0.00282867
1 0.00175063 0.0017602
1 0.0129964 0.0130051
2 0.00559489 0.00560319
1 0.00665064 0.00665754
2 0.00275673 0.00276299
2 0.0120738 0.0120798
1 0.000664989 0.000670619
2 0.00136527 0.00137084
2 0.00581387 0.00581939
2 0.00198275 0.00198773
1 0.00154223 0.00154712
1 0.000640395 0.000645275
2 0.0109635 0.0109684
1 0.0531273 0.0531321
2 0.00448928 0.00449399
1 0.00412442 0.00412837
1 0.0046275 0.00463138
1 0.00751957 0.00752309
1 0.00610529 0.00610872
1 0.00405488 0.00405824
2 0.00780473 0.00780803
1 0.00464346 0.00464676
1 0.00218894 0.00219187
1 0.00194817 0.00195107
2 0.00406558 0.00406845
2 0.0239641 0.0239667
2 0.0052727 0.00527516
1 0.00404969 0.00405206
1 0.0018747 0.001877
1 0.00448104 0.00448327
2 0.00618624 0.00618827
2 0.00308584 0.00308759
2 0.00443282 0.00443451
1 0.0032327 0.00323432
1 0.0012088 0.00121014
1 0.00367994 0.00368128
2 0.00379732 0.00379858
1 0.00374528 0.00374634
2 0.00569749 0.0056985
1 0.0075618 0.00756281
1 0.00441825 0.00441922
2 0.0333413 0.0333423
2 0.00270661 0.00270749
2 0.0220266 0.0220274
2 0.00200162 0.00200225
1 0.0161961 0.0161966
2 0.00574245 0.00574275
2 0.00253692 0.00253721
1 0.00482532 0.00482557
2 0.00915014 0.00915034
1 0.00135998 0.00136017
1 0.0184612 0.0184614
1 0.00161159 0.00161175
1 0.00404587 0.00404603
2 0.0120639 0.012064
1 0.000884907 0.000885035
1 0.037324 0.0373241
1 0.00430944 0.00430951
2 0.103516 0.103516
2 0.061413 0.061413
1 0.00933356 0.00933357
2 0.0048305 0.00483051
1 0.011083 0.011083
