0 0 inf
0 0 0.267176
0 0 0.190553
0 0 0.177317
1 0.112916 0.289319
1 0.0556055 0.204178
0 0 0.140991
0 0 0.140018
1 0.568611 0.686825
0 0 0.104726
1 0.221989 0.29925
1 0.121406 0.196513
1 0.0812619 0.153323
1 0.334641 0.404936
0 0 0.0647468
1 0.239753 0.303768
0 0 0.0615502
0 0 0.0590931
0 0 0.0532293
0 0 0.0531827
0 0 0.0529146
1 0.0640875 0.114389
0 0 0.0484577
0 0 0.047684
0 0 0.0465777
1 0.200848 0.24658
1 0.0864112 0.131719
1 0.249281 0.292192
0 0 0.0424339
0 0 0.0399526
0 0 0.039293
0 0 0.038781
2 0.246903 0.284316
0 0 0.035778
0 0 0.0340815
0 0 0.0328851
1 0.0697644 0.10024
0 0 0.0300028
0 0 0.0299592
0 0 0.0276644
0 0 0.0275571
1 0.256204 0.283198
1 0.0203952 0.0473541
0 0 0.0267079
0 0 0.0263137
0 0 0.0262416
1 0.315399 0.340925
1 0.221249 0.245516
0 0 0.0241228
0 0 0.0234294
0 0 0.0224611
0 0 0.0218845
0 0 0.021555
0 0 0.0208064
0 0 0.0206424
0 0 0.0200377
1 0.12383 0.143149
0 0 0.0192983
0 0 0.0191182
0 0 0.0190187
1 0.119599 0.138251
1 0.0163671 0.0348953
1 0.0997611 0.117873
0 0 0.0178132
0 0 0.016728
0 0 0.0161709
1 0.0144755 0.0305525
1 0.0323493 0.0480997
0 0 0.015363
0 0 0.0152289
0 0 0.0149547
0 0 0.0148596
0 0 0.0143572
1 0.0173706 0.0315543
1 0.0292163 0.0433645
1 0.0555088 0.0693286
1 0.438212 0.451257
0 0 0.0130254
0 0 0.0129441
0 0 0.0129168
0 0 0.0129084
0 0 0.0125716
0 0 0.0125269
0 0 0.0124887
0 0 0.0124627
0 0 0.0122622
1 0.0379672 0.0501404
0 0 0.0121225
0 0 0.0121216
1 0.0144217 0.0265046
0 0 0.0118807
0 0 0.011685
0 0 0.0116264
0 0 0.011447
1 0.0156397 0.0270814
0 0 0.0113999
0 0 0.0112353
2 0.188322 0.199474
0 0 0.0110349
0 0 0.0106974
0 0 0.0106198
0 0 0.0105467
0 0 0.0104794
0 0 0.0103836
1 0.0182848 0.0286357
0 0 0.0102138
0 0 0.0101744
0 0 0.00990273
1 0.0149194 0.0246823
1 0.232399 0.242098
0 0 0.00966702
0 0 0.00963818
0 0 0.00958349
0 0 0.00923732
0 0 0.00920302
1 0.0408909 0.0500737
2 0.0337766 0.0429294
1 0.139524 0.148669
0 0 0.00905353
2 0.754025 0.763057
0 0 0.00903035
1 0.0287016 0.0377296
0 0 0.00887038
0 0 0.00883426
0 0 0.00883218
0 0 0.00874192
1 0.120748 0.129479
0 0 0.00866113
2 0.0534095 0.0619095
1 0.318248 0.32665
0 0 0.00837857
1 0.128465 0.136832
0 0 0.00833417
1 0.02197 0.0302636
0 0 0.00824525
1 0.0209383 0.02918
1 0.149048 0.157264
1 0.0267082 0.0348668
0 0 0.00797423
2 0.455373 0.463286
0 0 0.00759529
0 0 0.00751914
0 0 0.00748858
1 0.0330852 0.0405556
0 0 0.0073812
0 0 0.00728855
0 0 0.00725456
0 0 0.00723252
0 0 0.00717714
1 0.0198816 0.0270499
0 0 0.00690851
1 0.0290141 0.0358596
0 0 0.00656942
0 0 0.00656292
1 0.0283138 0.0347599
0 0 0.00640218
1 0.0248795 0.0312512
1 0.0655411 0.0715453
1 0.0151699 0.0211716
1 0.366306 0.372182
0 0 0.0058268
0 0 0.00581755
0 0 0.00575368
1 0.0358142 0.0415364
0 0 0.00566238
0 0 0.00563418
0 0 0.00560805
2 0.268051 0.273649
0 0 0.00556412
0 0 0.0054623
2 0.0602403 0.0656296
0 0 0.0052832
0 0 0.00521418
1 0.0313282 0.0365161
1 0.463121 0.468289
1 0.0993276 0.104487
1 0.0285781 0.0336897
0 0 0.00507395
1 0.0221989 0.0272685
1 0.257778 0.26284
0 0 0.0050438
1 0.0211569 0.0261488
0 0 0.00494814
2 0.253739 0.258652
0 0 0.00482899
0 0 0.00479225
0 0 0.00479191
2 0.25376 0.25855
2 0.252475 0.25708
0 0 0.00458482
1 0.0526961 0.0572716
1 0.0416793 0.0462499
0 0 0.00456636
1 0.0291031 0.0336448
0 0 0.00453972
0 0 0.00452071
1 0.0304046 0.0347955
1 0.0243338 0.0286619
0 0 0.00422806
0 0 0.00419124
0 0 0.00414139
0 0 0.00402833
1 0.0474956 0.0514805
1 0.0356886 0.0396355
0 0 0.00383521
0 0 0.00383279
0 0 0.00381657
0 0 0.00373798
1 0.0379025 0.0416116
0 0 0.00358526
2 0.0418115 0.0453883
0 0 0.00356712
0 0 0.00355648
2 0.14517 0.148613
0 0 0.00335052
0 0 0.00333129
0 0 0.00332858
0 0 0.00332163
0 0 0.00326899
0 0 0.00326027
1 0.138835 0.142079
0 0 0.00315847
2 0.0389901 0.0420992
1 0.120833 0.12394
1 0.0203163 0.0234185
1 0.0563098 0.0594099
1 0.00779123 0.0108565
1 0.0255481 0.0285651
0 0 0.0030117
1 0.148793 0.151784
0 0 0.00295277
1 0.0211208 0.023975
1 0.163068 0.165918
1 0.112333 0.115159
0 0 0.00274847
0 0 0.00274247
0 0 0.00273362
0 0 0.00270458
0 0 0.00267268
0 0 0.0026544
1 0.0345173 0.0371713
0 0 0.00265198
2 0.0408531 0.0435027
0 0 0.00264534
2 0.308096 0.310713
1 0.0709944 0.0735381
2 0.123368 0.125867
1 0.00901053 0.0114982
0 0 0.00247276
1 0.058726 0.0611952
1 0.277097 0.279549
0 0 0.00245081
2 0.245601 0.248036
1 0.232664 0.235099
2 0.520419 0.522844
1 0.248866 0.251264
1 0.0141768 0.0165461
1 0.0486016 0.0509705
0 0 0.00236885
1 0.00883594 0.0111678
1 0.0150144 0.0173184
1 0.0295869 0.0318859
0 0 0.00227206
0 0 0.00224589
1 0.0102787 0.0125185
1 0.12117 0.123404
1 0.0361493 0.0383572
0 0 0.00219876
1 0.0371653 0.0393185
1 0.0705988 0.0727476
0 0 0.00214718
1 0.0168008 0.0189445
0 0 0.00212478
2 0.255483 0.257595
1 0.030664 0.0327728
0 0 0.00207125
0 0 0.00205102
1 0.0207085 0.0227576
1 0.0908904 0.0929312
0 0 0.00202868
1 0.00901711 0.0110213
2 0.204243 0.206244
1 0.110355 0.112317
0 0 0.00195766
0 0 0.00191387
1 0.216245 0.218141
1 0.021498 0.0233902
2 0.286583 0.28846
1 0.0235093 0.0253422
1 0.0133339 0.0151633
1 0.0262134 0.0280369
0 0 0.00181715
1 0.0994364 0.101243
0 0 0.0017954
1 0.109128 0.11084
1 0.0245444 0.0262481
1 0.027006 0.0286919
2 0.0406269 0.0422228
1 0.261788 0.263376
1 0.0167675 0.0183314
1 0.0247565 0.0263086
0 0 0.00154395
0 0 0.00151574
2 0.0633407 0.0648372
1 0.0275286 0.0290167
0 0 0.00146839
1 0.156358 0.157821
1 0.0175178 0.0189695
1 0.0500938 0.0515432
0 0 0.0014249
0 0 0.00141863
0 0 0.00140396
0 0 0.00138176
1 0.0322991 0.0336561
1 0.00707726 0.00843219
0 0 0.00135147
0 0 0.0013413
1 0.00616999 0.0074931
1 0.0223647 0.0236701
0 0 0.00130445
1 0.0105537 0.0118544
1 0.00513408 0.0064298
0 0 0.00128935
0 0 0.00126793
1 0.0094374 0.010694
1 0.00912493 0.0103784
1 0.0109605 0.0122049
1 0.0228501 0.0240558
1 0.00870133 0.00988551
1 0.013796 0.0149797
1 0.0033146 0.00447809
0 0 0.00115059
1 0.00353536 0.00468065
0 0 0.00110348
0 0 0.0010753
1 0.0236299 0.0247025
1 0.034651 0.0357189
1 0.0215392 0.0226038
1 0.00989829 0.0109424
1 0.0627227 0.0637395
0 0 0.00101243
0 0 0.00100934
1 0.0690944 0.0700775
2 0.029585 0.0305428
2 0.0475727 0.0485218
0 0 0.000932923
0 0 0.000924495
1 0.0170356 0.0179587
2 0.0338474 0.0347652
1 0.0305368 0.0314469
1 0.00600421 0.00689404
1 0.00926363 0.0101489
2 0.0392405 0.0401231
2 0.00859216 0.00944338
1 0.249631 0.250473
1 0.0185134 0.0193519
1 0.0253967 0.0262201
1 0.031421 0.0322234
1 0.0225726 0.023369
0 0 0.000783374
0 0 0.000776273
1 0.0847838 0.0855475
1 0.0696914 0.0704527
1 0.0322023 0.0329632
1 0.073746 0.0745045
1 0.0319192 0.0326699
2 0.150386 0.151134
1 0.0980168 0.0987597
1 0.0427481 0.0434891
1 0.259518 0.260256
1 0.0230543 0.0237775
1 0.0311106 0.0318328
1 0.144708 0.145428
2 0.187722 0.188442
1 0.00574301 0.00645659
1 0.089808 0.0905182
1 0.0123353 0.0130438
1 0.191516 0.19222
1 0.110467 0.111165
2 0.30879 0.309475
1 0.0068752 0.00755375
1 0.0108247 0.0114836
2 0.0369522 0.0375983
1 0.0150762 0.015719
1 0.0125102 0.0131484
0 0 0.000636942
1 0.0175119 0.0181468
2 0.0129899 0.0136066
1 0.0115527 0.0121607
1 0.00776943 0.00836999
1 0.0323353 0.0329153
1 0.022572 0.0231504
2 0.106979 0.107545
0 0 0.000563731
1 0.0487481 0.0493067
2 0.392081 0.392628
1 0.00868688 0.00922849
1 0.0693731 0.0699147
0 0 0.000536049
2 0.0122213 0.0127551
1 0.165603 0.16613
2 0.0752321 0.0757583
0 0 0.000518214
1 0.024399 0.0249161
1 0.0591515 0.0596543
1 0.0848643 0.085365
1 0.0117425 0.0122396
1 0.140811 0.141305
1 0.252633 0.253121
1 0.0313238 0.0318055
1 0.467326 0.467807
2 0.458174 0.458646
0 0 0.000465554
1 0.00864508 0.00910337
2 0.159374 0.159828
1 0.0100014 0.010443
0 0 0.000433833
1 0.00306777 0.00349858
0 0 0.000420429
1 0.0248657 0.0252847
1 0.0238727 0.0242901
1 0.0536833 0.0540947
0 0 0.00040911
1 0.00716647 0.00757275
1 0.00664891 0.00705159
2 0.0181535 0.0185541
2 0.23635 0.236748
0 0 0.000378392
1 0.0257596 0.026124
1 0.00500691 0.00536902
1 0.00512535 0.00548689
1 0.0102707 0.0106295
2 0.270497 0.270854
1 0.0264483 0.0267974
1 0.00272155 0.00306842
2 0.0131282 0.0134724
1 0.0193681 0.0197047
1 0.279623 0.279938
1 0.182878 0.18319
1 0.0438985 0.0442013
1 0.0446294 0.0449301
0 0 0.000295976
1 0.677195 0.677488
1 0.00495326 0.00524462
1 0.0102262 0.0105129
1 0.117021 0.117306
1 0.0201774 0.0204603
1 0.0170706 0.0173499
2 0.0110548 0.0113298
0 0 0.000270926
1 0.00295477 0.00320482
0 0 0.000247394
2 0.0187962 0.0190402
1 0.0225884 0.022831
2 0.0198807 0.0201199
2 0.0326522 0.0328914
2 0.085769 0.0860069
2 0.0271351 0.0273689
2 0.0397891 0.0400222
2 0.0162513 0.0164807
0 0 0.000229311
1 0.0938964 0.0941204
1 0.00343719 0.00365925
1 0.0151743 0.0153952
1 0.0222088 0.0224246
1 0.0129747 0.0131902
1 0.264229 0.264445
1 0.00621715 0.00642419
2 0.115365 0.115569
1 0.0339362 0.0341396
1 0.00725244 0.0074532
2 0.111204 0.1114
1 0.0103813 0.0105761
1 0.150948 0.151132
1 0.038953 0.0391358
1 0.00595401 0.00613605
2 0.056848 0.0570254
1 0.0493985 0.0495708
1 0.0109108 0.0110813
1 0.0365238 0.0366872
1 0.022772 0.0229351
1 0.00314083 0.00330378
1 0.00331818 0.00347685
2 0.125642 0.125792
2 0.135724 0.135873
1 0.00967408 0.00982064
1 0.0435973 0.0437438
2 0.367273 0.367415
2 0.0535121 0.053652
2 0.0425112 0.0426483
1 0.0152959 0.0154312
1 0.180512 0.180644
2 0.0119261 0.0120561
1 0.0274781 0.0276064
1 0.0261363 0.0262619
1 0.0249945 0.0251193
2 0.027123 0.0272478
2 0.0278691 0.0279889
2 0.0452174 0.0453366
2 0.266733 0.26685
1 0.166788 0.1669
1 0.001515 0.00161986
1 0.0243174 0.0244198
1 0.0191053 0.0192077
2 0.25613 0.256231
1 0.0220934 0.0221901
2 0.377206 0.377302
1 0.240695 0.24079
2 0.146301 0.146393
2 0.169969 0.170059
1 0.00382815 0.00391788
2 0.0120363 0.0121252
1 0.0126169 0.0126996
1 0.00473944 0.0048156
1 0.00145544 0.00153114
2 0.0146472 0.0147192
1 0.0132572 0.0133272
1 0.0105037 0.0105695
1 0.0157244 0.0157897
1 0.028619 0.0286834
2 0.0114033 0.0114648
2 0.0109537 0.0110151
2 0.114678 0.114738
1 0.00341401 0.00347307
1 0.00738208 0.00743611
2 0.0313594 0.0314133
1 0.0324929 0.0325451
1 0.0529338 0.052986
1 0.0374492 0.0375007
1 0.0143231 0.0143737
2 0.021812 0.0218608
1 0.0224372 0.0224838
1 0.0766976 0.0767425
2 0.0236471 0.0236916
1 0.0214265 0.0214708
2 0.0410623 0.0411054
1 0.019227 0.0192647
1 0.0342897 0.0343265
1 0.00159873 0.00163386
1 0.466231 0.466266
1 0.00703287 0.00706215
1 0.0203419 0.0203703
1 0.0224637 0.0224878
2 0.00332109 0.00334493
1 0.12075 0.120774
2 0.11158 0.111603
1 0.0255173 0.0255381
2 0.0198282 0.0198489
1 0.286896 0.286913
1 0.0115823 0.0115995
1 0.00646148 0.00647792
1 0.0157724 0.0157883
1 0.00873749 0.00875242
1 0.0103553 0.0103702
2 0.0409259 0.04094
2 0.0406467 0.0406608
1 0.111371 0.111384
1 0.120148 0.120161
1 0.14074 0.140753
2 0.0420736 0.0420851
2 0.0293141 0.0293252
2 0.0400231 0.0400341
1 0.261591 0.261601
2 0.120792 0.120802
1 0.0075953 0.00760474
2 0.296797 0.296805
1 0.00349628 0.00350405
1 0.00543799 0.00544523
1 0.0534279 0.0534335
1 0.0165829 0.0165884
2 0.126886 0.126891
2 0.128576 0.12858
1 0.0279728 0.0279772
1 0.0080952 0.00809887
2 0.0199619 0.0199652
1 0.0103681 0.0103711
1 0.114496 0.114499
1 0.00525426 0.00525696
1 0.00321663 0.00321927
2 0.0261305 0.026133
1 0.00626546 0.00626782
1 0.00602318 0.00602478
2 0.0409408 0.0409422
2 0.0529227 0.052924
2 0.035406 0.0354069
1 0.16973 0.16973
1 0.027247 0.0272479
1 0.00321169 0.00321251
2 0.0397664 0.039767
1 0.0105139 0.0105144
1 0.0105762 0.0105766
2 0.0094394 0.00943952
1 0.0237303 0.0237303
2 0.185474 0.185474
