0 0 inf
0 0 0.150839
0 0 0.143874
1 0.157896 0.279038
1 0.0313582 0.148506
1 0.0718902 0.18357
0 0 0.0977913
0 0 0.0876493
0 0 0.0823312
1 0.238807 0.319321
0 0 0.0778482
1 0.0787648 0.152232
1 0.0326319 0.103817
0 0 0.0690851
1 0.091844 0.157772
0 0 0.0629516
0 0 0.0582523
0 0 0.0581413
0 0 0.0557009
0 0 0.0522112
0 0 0.0505686
0 0 0.0462781
0 0 0.0451118
1 0.0226416 0.0668492
0 0 0.0412801
0 0 0.0410651
1 0.137592 0.178305
0 0 0.0389377
1 0.0343408 0.0718205
0 0 0.037378
1 0.158716 0.19461
1 0.291566 0.32692
0 0 0.0351282
0 0 0.0348848
0 0 0.033123
0 0 0.0321514
0 0 0.0309281
0 0 0.0306915
0 0 0.030652
1 0.0416799 0.0716318
1 0.318666 0.347627
0 0 0.0287617
0 0 0.0277168
1 0.107598 0.132776
0 0 0.0251149
0 0 0.0244484
0 0 0.0237176
1 0.0208463 0.0437845
0 0 0.0226603
2 0.362688 0.385317
0 0 0.0214658
0 0 0.0208374
1 0.109901 0.130442
2 0.349784 0.369985
1 0.0818317 0.101119
1 0.105973 0.125232
0 0 0.0185911
0 0 0.018419
0 0 0.0181405
0 0 0.0180097
1 0.0965641 0.113868
0 0 0.0169476
0 0 0.0168834
0 0 0.0168104
0 0 0.0167767
0 0 0.016392
0 0 0.0158635
1 0.134007 0.149136
0 0 0.0149834
1 0.140751 0.155425
0 0 0.0146593
2 0.0922593 0.106551
1 0.12166 0.135762
0 0 0.0134974
0 0 0.0131939
0 0 0.0129675
0 0 0.0128044
1 0.0333994 0.0460844
0 0 0.0126739
1 0.0598644 0.0725093
0 0 0.0125308
1 0.0152681 0.027484
1 0.0221919 0.034358
1 0.0728277 0.0849908
0 0 0.0119363
1 0.399608 0.411377
1 0.0775674 0.0892834
0 0 0.0116988
0 0 0.0115089
1 0.00933845 0.0207606
1 0.0497756 0.0611792
1 0.0377671 0.0489268
1 0.0600407 0.0711862
1 0.0240549 0.035069
1 0.126649 0.137584
0 0 0.0108593
1 0.134424 0.145158
1 0.00787366 0.0185529
0 0 0.01066
1 0.0549494 0.0654622
1 0.0378536 0.048336
0 0 0.01041
0 0 0.0103134
0 0 0.0102895
2 0.178112 0.18826
0 0 0.00996834
0 0 0.00977055
1 0.0530139 0.0627364
0 0 0.00971746
0 0 0.00968061
1 0.00798772 0.0176417
1 0.0899244 0.0995588
0 0 0.00963104
0 0 0.00962398
0 0 0.00946252
0 0 0.00918366
1 0.0607096 0.0697316
1 0.110858 0.119787
0 0 0.00887248
0 0 0.00877217
0 0 0.00874949
0 0 0.00865861
1 0.0246439 0.0330694
0 0 0.0081858
0 0 0.00817866
0 0 0.00812492
0 0 0.00809661
0 0 0.00806084
0 0 0.0080353
0 0 0.00783599
0 0 0.00783354
0 0 0.00781596
0 0 0.00777514
1 0.0117202 0.0194267
0 0 0.0076701
0 0 0.00754707
1 0.00742902 0.0148989
0 0 0.00744557
0 0 0.00741895
0 0 0.00737692
1 0.193436 0.20073
1 0.179225 0.186445
0 0 0.00688209
0 0 0.0067577
0 0 0.00670077
0 0 0.00652502
0 0 0.00650421
0 0 0.00635947
1 0.12852 0.134857
0 0 0.00627689
2 0.290855 0.296946
0 0 0.0060139
0 0 0.005991
1 0.0265309 0.0324827
0 0 0.00594527
0 0 0.00594294
0 0 0.00593373
0 0 0.00592595
0 0 0.00587778
0 0 0.00579016
1 0.246089 0.251818
2 0.121685 0.127225
1 0.0175999 0.0231023
1 0.0229696 0.0283904
0 0 0.0052461
0 0 0.00508636
1 0.012298 0.0172822
1 0.0320945 0.0369985
0 0 0.00488948
0 0 0.00484407
1 0.0218412 0.0266754
0 0 0.00475951
0 0 0.00471393
1 0.0396542 0.0443073
0 0 0.00459115
0 0 0.00454322
0 0 0.00451014
1 0.0436994 0.0481709
2 0.105958 0.110421
0 0 0.00443265
1 0.0247397 0.029171
0 0 0.00437163
0 0 0.00435995
0 0 0.00431185
0 0 0.0042715
0 0 0.00424315
1 0.0275416 0.0317663
0 0 0.00422297
0 0 0.00420424
2 0.159609 0.163766
1 0.0481418 0.0522274
1 0.150695 0.154744
1 0.0337028 0.0377082
0 0 0.00400012
0 0 0.00399573
0 0 0.00382531
0 0 0.00380628
1 0.0180716 0.0218475
0 0 0.00375224
0 0 0.003733
0 0 0.00365097
0 0 0.00362111
0 0 0.00357977
0 0 0.00357718
0 0 0.00355981
1 0.0220964 0.0256177
0 0 0.00350067
1 0.101386 0.10488
0 0 0.00347943
1 0.00861815 0.0120859
1 0.00844196 0.0118891
0 0 0.00343909
1 0.0503104 0.053725
0 0 0.00337655
2 0.0478367 0.0512024
0 0 0.00335228
0 0 0.0033153
0 0 0.00324128
0 0 0.00324018
1 0.0179535 0.0211915
0 0 0.00320641
0 0 0.00318961
0 0 0.00313806
2 0.0440097 0.047124
0 0 0.00310735
1 0.11793 0.121032
0 0 0.00308752
0 0 0.00305776
0 0 0.00304721
0 0 0.00302695
1 0.00924538 0.0122683
1 0.0262425 0.0292285
0 0 0.00295959
0 0 0.00295456
1 0.0845414 0.0874903
0 0 0.00294461
0 0 0.00291982
0 0 0.00284239
1 0.0142497 0.0170843
0 0 0.00281869
0 0 0.00281006
1 0.0526637 0.0554467
1 0.0364332 0.0392139
0 0 0.00272641
0 0 0.00265571
0 0 0.00265032
0 0 0.00262276
0 0 0.00261565
1 0.178431 0.180988
0 0 0.00252031
0 0 0.0025021
0 0 0.00248997
0 0 0.00245232
0 0 0.00244792
1 0.0129384 0.0153848
1 0.0269068 0.0293306
1 0.0311036 0.0335254
2 0.183629 0.18602
1 0.103361 0.105731
0 0 0.00233248
0 0 0.00228118
1 0.0560708 0.0583027
0 0 0.00222542
2 0.0413921 0.0436135
1 0.060745 0.062926
2 0.106741 0.108916
1 0.125155 0.127329
1 0.0125746 0.0147149
1 0.114542 0.116675
0 0 0.00211523
0 0 0.0021139
1 0.0208069 0.0228769
1 0.13364 0.135704
1 0.0052012 0.00722447
0 0 0.00200083
1 0.0474013 0.0493927
1 0.337456 0.33944
1 0.0603238 0.062292
1 0.0214158 0.0233489
1 0.0935989 0.0955197
1 0.00996623 0.0118722
1 0.0199517 0.0218227
1 0.0122235 0.0140831
1 0.00842345 0.0102722
2 0.253306 0.255118
0 0 0.00180884
1 0.219081 0.220863
0 0 0.001763
0 0 0.00176295
0 0 0.00174409
0 0 0.00171962
1 0.0192686 0.0209731
1 0.00355692 0.00523255
2 0.107755 0.109409
1 0.0435456 0.045174
0 0 0.00157183
2 0.03851 0.0400432
0 0 0.00152635
1 0.111826 0.113339
1 0.0554036 0.0569118
2 0.413586 0.415067
2 0.079496 0.0809713
2 0.125781 0.12725
1 0.0121165 0.0135428
1 0.00789486 0.00929578
1 0.00526178 0.00665737
0 0 0.00138903
2 0.367816 0.369195
0 0 0.00134324
0 0 0.00131992
0 0 0.00129652
2 0.0328619 0.0341435
1 0.0102072 0.0114731
1 0.0108299 0.0120628
0 0 0.00121151
1 0.0163757 0.0175824
1 0.0305241 0.0317301
0 0 0.00117927
1 0.00680074 0.00794478
0 0 0.00114124
0 0 0.00114036
0 0 0.00113096
1 0.0616336 0.0627592
1 0.0885605 0.0896802
1 0.0835464 0.0846558
1 0.0525519 0.0536608
1 0.0135332 0.0146315
0 0 0.0010638
0 0 0.00105281
1 0.0359013 0.0369485
1 0.0127178 0.0137555
0 0 0.00102215
1 0.116733 0.11774
1 0.102417 0.10342
0 0 0.000984306
0 0 0.000983477
1 0.123703 0.124685
2 0.389905 0.390886
1 0.0106004 0.0115781
1 0.0407177 0.0416793
0 0 0.000934306
1 0.00742027 0.00835103
1 0.0113967 0.0123186
1 0.0342947 0.0351469
1 0.00730153 0.0081517
1 0.0329118 0.0337392
1 0.00399412 0.00480182
1 0.0103878 0.011185
0 0 0.000791013
2 0.11036 0.111144
1 0.33474 0.335519
1 0.0116825 0.0124569
1 0.00670223 0.00747016
1 0.00271858 0.00348165
1 0.0203725 0.021131
0 0 0.000745402
2 0.073845 0.0745807
1 0.00681992 0.00754554
1 0.00711059 0.00782584
0 0 0.000681461
2 0.0381508 0.0388164
1 0.0451138 0.0457765
2 0.426536 0.427188
1 0.0353349 0.0359805
1 0.0184442 0.0190799
2 0.12484 0.125468
0 0 0.00062399
1 0.017354 0.0179716
1 0.0393875 0.0399818
1 0.174929 0.17552
2 0.270788 0.271368
1 0.00381396 0.00437347
1 0.024032 0.0245887
1 0.01464 0.015196
2 0.201843 0.202391
1 0.299286 0.299832
1 0.0118544 0.0123936
2 0.0409491 0.0414877
2 0.159687 0.160214
2 0.0576239 0.0581484
0 0 0.000511364
1 0.0331519 0.0336515
1 0.0404836 0.0409743
1 0.0929545 0.0934407
2 0.0755982 0.0760714
1 0.150141 0.150594
2 0.0720253 0.0724685
2 0.0871781 0.0876199
1 0.008142 0.00858346
0 0 0.000432407
1 0.00436933 0.00479519
1 0.00674292 0.00716864
1 0.0108349 0.0112591
2 0.0724764 0.0728914
1 0.0163565 0.0167712
0 0 0.000412073
1 0.0909809 0.0913893
2 0.192489 0.192883
2 0.0393446 0.039732
2 0.0401253 0.0405097
1 0.0333661 0.0337362
1 0.248187 0.248557
1 0.00880748 0.00916972
1 0.0111093 0.0114689
1 0.0126245 0.0129685
1 0.0286464 0.0289905
1 0.0055056 0.00584901
1 0.0292172 0.0295489
2 0.0123996 0.0127253
1 0.012615 0.0129385
1 0.00446484 0.004762
2 0.028838 0.029135
1 0.0142624 0.0145517
1 0.0071309 0.00741891
1 0.125104 0.12539
1 0.0190617 0.0193465
1 0.009671 0.00995395
1 0.00700095 0.00727978
1 0.0445988 0.0448752
1 0.0153928 0.0156644
0 0 0.000268909
1 0.0656912 0.0659536
1 0.0258069 0.0260624
1 0.00937721 0.00962701
1 0.142889 0.143137
1 0.0755225 0.0757696
2 0.180577 0.180822
1 0.00265204 0.00288726
1 0.0237086 0.0239427
1 0.00170585 0.00193935
1 0.0511383 0.0513688
2 0.0413784 0.0416089
1 0.0222874 0.0225106
2 0.0538346 0.0540518
1 0.0257007 0.0259157
2 0.0352044 0.035414
1 0.01834 0.0185436
1 0.00323553 0.00343663
1 0.00518608 0.00537924
2 0.0670103 0.0672007
2 0.347296 0.347484
1 0.00371964 0.00389875
1 0.00333867 0.00351364
2 0.0156873 0.0158611
1 0.0556164 0.0557836
2 0.135594 0.135756
1 0.116503 0.116664
1 0.0319863 0.0321471
2 0.192408 0.192568
1 0.178995 0.179155
2 0.0123752 0.0125319
1 0.0167575 0.0169142
1 0.00465203 0.00480588
1 0.00339275 0.00354512
1 0.010773 0.0109246
1 0.00860376 0.00875489
1 0.0403162 0.0404627
1 0.00306807 0.00321288
1 0.192253 0.192396
2 0.151902 0.152034
1 0.0167837 0.0169139
1 0.000625258 0.000747989
2 0.181236 0.181356
2 0.0211181 0.021235
2 0.0464557 0.0465722
1 0.0118042 0.0119183
1 0.0106639 0.0107759
1 0.00711575 0.0072277
2 0.126065 0.126176
2 0.0403095 0.0404161
1 0.0149151 0.0150214
2 0.00793103 0.00803406
1 0.0407727 0.0408701
2 0.0114022 0.0114949
1 0.0281383 0.02823
1 0.0101716 0.0102562
2 0.348594 0.348678
1 0.0131861 0.01327
1 0.346759 0.346841
1 0.0238684 0.0239489
1 0.0121679 0.0122451
2 0.0504368 0.0505117
1 0.0111999 0.0112718
2 0.0187912 0.0188607
1 0.106517 0.106587
1 0.048601 0.0486682
2 0.0124908 0.0125555
1 0.00700422 0.00706861
1 0.00498959 0.00504985
1 0.0337166 0.0337749
1 0.0116045 0.0116621
2 0.125787 0.125841
1 0.0640042 0.0640579
2 0.0164635 0.0165168
1 0.0756821 0.0757339
2 0.163293 0.163343
2 0.0443121 0.0443604
1 0.158174 0.158222
2 0.0408784 0.0409241
2 0.12041 0.120453
2 0.110959 0.111001
1 0.00889134 0.00893258
2 0.0167802 0.0168211
1 0.0221802 0.0222198
2 0.0882083 0.0882448
1 0.0204262 0.020462
2 0.0250742 0.0251079
1 0.0319547 0.0319863
1 0.151525 0.151554
1 0.0205959 0.0206244
1 0.0313139 0.0313418
1 0.00276924 0.00279562
2 0.0354366 0.0354617
1 0.0943308 0.0943546
1 0.00622072 0.0062421
1 0.063096 0.0631172
1 0.00142213 0.00144248
1 0.0380219 0.0380413
1 0.0669359 0.0669541
2 0.00771993 0.00773788
1 0.00626358 0.00628065
1 0.00577876 0.0057946
2 0.0191223 0.0191371
2 0.343221 0.343235
1 0.0116991 0.0117122
1 0.227118 0.227131
1 0.0150269 0.015039
1 0.00962057 0.00963167
1 0.00999673 0.0100078
2 0.0157455 0.015755
2 0.0121157 0.0121251
1 0.0409958 0.0410051
1 0.0320657 0.0320749
2 0.106439 0.106448
2 0.0415854 0.0415938
1 0.018619 0.0186264
1 0.0081714 0.00817877
2 0.411606 0.411612
2 0.124921 0.124927
1 0.0410298 0.0410354
2 0.0121736 0.0121791
1 0.0228342 0.0228397
1 0.00852847 0.0085338
2 0.0241377 0.0241423
1 0.048342 0.0483464
1 0.0762888 0.0762927
1 0.0698154 0.0698184
1 0.0636065 0.0636094
2 0.221682 0.221685
2 0.0248195 0.0248222
2 0.00585902 0.00586169
1 0.0774946 0.0774972
1 0.00698405 0.00698644
1 0.00894316 0.00894544
1 0.00375866 0.00376087
1 0.021618 0.0216201
1 0.00911648 0.00911829
2 0.0336745 0.0336759
1 0.0178301 0.0178313
1 0.00805331 0.00805448
1 0.03255 0.0325508
1 0.0344306 0.034431
1 0.0115117 0.0115121
2 0.0321851 0.0321853
1 0.0116615 0.0116616
1 0.00775083 0.00775087
1 0.132144 0.132144
2 0.330663 0.330663
