0 0 inf
0 0 0.316336
0 0 0.180511
0 0 0.135249
0 0 0.131879
1 0.154175 0.2779
0 0 0.104457
1 0.319831 0.42293
0 0 0.0942307
0 0 0.0917405
1 0.0424079 0.130039
0 0 0.0822393
0 0 0.0789469
1 0.162822 0.24069
0 0 0.0766272
0 0 0.0701927
1 0.61035 0.679916
1 0.195827 0.265233
1 0.315408 0.377625
0 0 0.0569626
0 0 0.055521
0 0 0.0550359
0 0 0.0538807
0 0 0.0484991
0 0 0.0484434
0 0 0.0461019
1 0.049229 0.09515
1 0.32571 0.371371
1 0.0606327 0.105866
0 0 0.0445081
1 0.0549665 0.0973888
0 0 0.0419952
0 0 0.0419215
0 0 0.0419127
0 0 0.0418646
0 0 0.0408587
0 0 0.0401595
0 0 0.0396171
1 0.474669 0.514252
0 0 0.0387069
1 0.0486346 0.0856883
0 0 0.037038
0 0 0.0367763
0 0 0.0366344
0 0 0.0365521
1 0.0583903 0.0948401
1 0.040215 0.0760648
0 0 0.0352989
0 0 0.0347341
1 0.0408553 0.0753308
1 0.0634081 0.0957735
0 0 0.0322779
1 0.196137 0.22727
1 0.190968 0.219522
0 0 0.0285143
0 0 0.0275394
0 0 0.0273752
2 0.0952036 0.12212
0 0 0.0263215
2 0.429027 0.454944
0 0 0.0257734
1 0.0636525 0.0891422
1 0.0506695 0.0756888
0 0 0.0247835
0 0 0.0246359
1 0.0345994 0.0592209
1 0.0341505 0.0584592
1 0.0229487 0.0467667
0 0 0.0236545
1 0.0419397 0.0655559
0 0 0.0234419
0 0 0.0234203
0 0 0.023202
1 0.22415 0.247301
0 0 0.0224981
1 0.337056 0.359426
0 0 0.021838
0 0 0.0213335
0 0 0.0210668
0 0 0.0209719
0 0 0.0208295
1 0.0250637 0.0457304
1 0.134667 0.155282
1 0.0251428 0.0455167
1 0.0664189 0.0863207
0 0 0.0198947
1 0.0558394 0.0755073
0 0 0.0193669
1 0.0536782 0.0729388
1 0.22334 0.242441
0 0 0.0187787
0 0 0.0187002
0 0 0.0184666
2 0.21617 0.234526
1 0.451335 0.469198
0 0 0.0178632
0 0 0.0177089
0 0 0.0171223
1 0.0775594 0.0942879
1 0.0331661 0.04988
1 0.0579858 0.0744542
0 0 0.0164521
0 0 0.0160218
0 0 0.01585
0 0 0.0157726
0 0 0.0157303
0 0 0.0153616
0 0 0.0153552
0 0 0.015249
0 0 0.0152253
0 0 0.0149689
0 0 0.0148441
0 0 0.0146856
1 0.341539 0.356119
0 0 0.0144825
0 0 0.0144522
1 0.0136902 0.0279433
0 0 0.0139376
0 0 0.0137433
0 0 0.0136328
2 0.0375587 0.0510477
0 0 0.0131624
1 0.045334 0.0583089
0 0 0.0129222
1 0.0778314 0.0907217
0 0 0.0128781
0 0 0.0126934
0 0 0.012544
0 0 0.0124864
1 0.0536504 0.0659237
0 0 0.0121994
0 0 0.0121567
0 0 0.0119054
0 0 0.0118567
1 0.0361809 0.0479334
0 0 0.0117502
1 0.0462505 0.0578957
0 0 0.0115369
0 0 0.0114771
0 0 0.0113417
0 0 0.01106
0 0 0.0110444
1 0.0602199 0.0711796
0 0 0.010869
0 0 0.0108009
1 0.0534242 0.0642128
0 0 0.0107808
1 0.0203914 0.0308077
1 0.256462 0.266835
0 0 0.0103722
0 0 0.00996574
1 0.0414781 0.0514401
0 0 0.00987611
1 0.0138778 0.0237094
1 0.0347984 0.0445474
1 0.0209306 0.0306675
1 0.0613202 0.0709489
0 0 0.00948973
1 0.0925042 0.10194
1 0.102522 0.111861
2 0.437374 0.446699
0 0 0.00914691
0 0 0.00912873
0 0 0.00906615
0 0 0.00888036
0 0 0.00855671
1 0.0289926 0.0374316
0 0 0.00839914
1 0.0345521 0.0429313
1 0.0322997 0.0405475
1 0.0116832 0.0198616
2 0.078022 0.0860126
0 0 0.00794358
0 0 0.00791322
0 0 0.00783482
0 0 0.00775916
1 0.0302576 0.0379899
1 0.272394 0.280015
1 0.0117278 0.019342
0 0 0.0076028
0 0 0.00759278
0 0 0.00755659
1 0.111902 0.119431
0 0 0.00744977
0 0 0.00741153
0 0 0.00739369
1 0.0156818 0.0230563
0 0 0.00729914
0 0 0.00729108
0 0 0.0072588
0 0 0.00722539
1 0.0174599 0.024667
1 0.0458988 0.0530682
0 0 0.00706153
0 0 0.00703889
0 0 0.0069935
2 0.681026 0.687936
1 0.0564264 0.0632967
1 0.0140169 0.0208545
1 0.0452864 0.0521047
1 0.0854149 0.0922167
2 0.104377 0.111172
0 0 0.00670008
0 0 0.00665161
0 0 0.00663931
0 0 0.00663415
1 0.0366697 0.0432865
0 0 0.00655502
1 0.039875 0.0463564
0 0 0.00635484
2 0.241882 0.248233
0 0 0.00631373
1 0.0228777 0.029172
1 0.123056 0.12922
0 0 0.00612893
1 0.0390934 0.0452055
0 0 0.00600627
0 0 0.0059633
0 0 0.00595811
1 0.077491 0.0834484
0 0 0.00593431
2 0.0522171 0.0581317
1 0.189324 0.195146
1 0.199292 0.20493
2 0.135374 0.141001
1 0.0141735 0.0197872
0 0 0.00560128
0 0 0.00556709
0 0 0.00542303
1 0.0385388 0.0438385
0 0 0.00519415
1 0.0472632 0.0524523
2 0.079176 0.0841729
0 0 0.00499655
1 0.0210367 0.0259389
0 0 0.00480324
1 0.00874415 0.0135418
0 0 0.00478186
1 0.197123 0.201887
1 0.0476 0.0522904
0 0 0.00467342
2 0.282058 0.286709
1 0.0271535 0.0317938
0 0 0.004622
0 0 0.00461325
1 0.00857993 0.013163
1 0.0705244 0.0750466
0 0 0.00450301
1 0.0381595 0.0426546
0 0 0.0044806
2 0.274092 0.27856
1 0.0643261 0.0687395
0 0 0.00439732
1 0.0232227 0.0276191
0 0 0.00439635
1 0.0363828 0.0407565
1 0.0280497 0.0324187
1 0.157418 0.161761
0 0 0.00427421
0 0 0.00426297
1 0.267011 0.271232
0 0 0.0042089
0 0 0.00417681
0 0 0.00416203
2 0.0726683 0.076823
1 0.674328 0.67842
1 0.0405219 0.0445745
0 0 0.00405084
0 0 0.00403923
0 0 0.00397965
1 0.0147052 0.0186071
0 0 0.00383813
1 0.0100689 0.0137858
1 0.0149572 0.0186428
1 0.199285 0.202956
1 0.0305749 0.0342351
0 0 0.00365886
2 0.0602436 0.0638907
1 0.0357265 0.0392575
2 0.534344 0.537867
1 0.143461 0.146982
1 0.0528679 0.0563613
0 0 0.00343543
1 0.0867466 0.0901574
1 0.0492951 0.0525893
1 0.0634345 0.0667163
0 0 0.00327358
0 0 0.00318718
0 0 0.00318033
0 0 0.00317967
1 0.0251594 0.0283056
1 0.0709913 0.0741347
1 0.0446599 0.0477961
1 0.132138 0.135241
1 0.0628707 0.0659661
0 0 0.00308943
0 0 0.00303369
1 0.0129809 0.0160115
1 0.0432097 0.0462264
0 0 0.002997
1 0.0653292 0.0683163
1 0.0216015 0.0245867
1 0.0145951 0.0175503
2 0.106299 0.109232
1 0.0681968 0.0711246
1 0.158281 0.161206
2 0.0953279 0.0982476
2 0.0518393 0.0547561
0 0 0.00291466
1 0.099456 0.102328
1 0.0419336 0.0448026
0 0 0.0028585
1 0.089552 0.0923784
1 0.0569422 0.0597163
1 0.0269785 0.0297415
0 0 0.00275582
1 0.0718643 0.0746141
2 0.0790576 0.0818046
2 0.0455169 0.0482565
0 0 0.00271186
2 0.278209 0.280919
1 0.0125734 0.0152754
2 0.058137 0.0608273
1 0.07397 0.0766482
0 0 0.00266511
1 0.0105472 0.013204
2 0.470739 0.473388
0 0 0.00259077
1 0.0203553 0.0229339
2 0.048261 0.0508364
1 0.0160137 0.0185513
1 0.0134652 0.0159919
0 0 0.00247904
2 0.0757475 0.0782263
2 0.0820338 0.0844963
1 0.0215184 0.0239757
1 0.0221898 0.0246253
1 0.145469 0.147871
1 0.0588251 0.0612136
2 0.0557011 0.0580818
0 0 0.00237198
1 0.071551 0.073918
1 0.0295394 0.0319058
1 0.106508 0.10887
1 0.133379 0.135707
0 0 0.00231449
2 0.28133 0.283626
1 0.0928018 0.0950952
0 0 0.00228246
2 0.100659 0.102936
2 0.270169 0.27242
1 0.0076953 0.00991652
0 0 0.0021844
2 0.281052 0.283215
1 0.0321231 0.0342632
1 0.0193298 0.0214579
0 0 0.00212223
1 0.01039 0.0124682
2 0.0767398 0.0788031
0 0 0.0020453
0 0 0.00202393
0 0 0.00201016
0 0 0.00200951
1 0.0344503 0.0364275
1 0.0763128 0.0782568
0 0 0.00193321
1 0.0493784 0.0513044
0 0 0.00191827
2 0.11279 0.114694
1 0.0159157 0.0178187
1 0.022862 0.0247233
1 0.0357112 0.0375603
2 0.0540078 0.0558478
0 0 0.00182502
1 0.0219727 0.0237786
1 0.0339672 0.0357344
1 0.0308724 0.0326307
1 0.0388769 0.0406247
2 0.149167 0.150914
1 0.102039 0.103759
0 0 0.00167945
1 0.00715739 0.0088329
2 0.0620577 0.0637244
1 0.0398854 0.0415403
1 0.146748 0.148388
1 0.0928339 0.0944711
0 0 0.001637
0 0 0.00161354
2 0.102204 0.103816
1 0.0516371 0.0532327
0 0 0.00158091
1 0.0591929 0.0607727
1 0.0117397 0.0132949
1 0.0390888 0.0406203
2 0.244657 0.246172
1 0.0151962 0.0167049
1 0.071146 0.0726424
2 0.0752484 0.07674
0 0 0.00143873
1 0.0392575 0.0406848
1 0.00725996 0.00867342
1 0.0767523 0.0781515
1 0.0338828 0.0352758
1 0.0105427 0.0119333
1 0.0128238 0.0141633
1 0.0359279 0.0372554
1 0.0169469 0.0182358
0 0 0.00127759
0 0 0.00125907
0 0 0.00125281
1 0.0413582 0.0426064
1 0.0360991 0.0373253
2 0.373938 0.375152
1 0.0138321 0.0150234
1 0.0098603 0.0110419
1 0.0798479 0.0810194
1 0.0527451 0.0539032
1 0.0276117 0.0287511
1 0.0571216 0.0582462
1 0.0263779 0.027488
1 0.00921147 0.0103187
1 0.018261 0.0193625
1 0.0291985 0.0302995
1 0.0475707 0.0486664
1 0.0385942 0.0396872
1 0.0246531 0.025732
0 0 0.00106943
2 0.0606115 0.0616581
1 0.0442877 0.0453194
1 0.0139557 0.0149804
1 0.0314418 0.0324616
2 0.0802361 0.0812392
2 0.0430608 0.0440119
1 0.0518768 0.0528192
2 0.0132715 0.0142061
1 0.0110555 0.0119874
1 0.0220632 0.0229941
2 0.157654 0.158572
1 0.0866961 0.0876051
1 0.0078728 0.00878144
1 0.006855 0.00774201
1 0.0113941 0.0122804
1 0.0184246 0.0192955
1 0.0930048 0.0938548
2 0.473784 0.474632
1 0.0912605 0.0920709
2 0.161844 0.16264
1 0.0102388 0.0110264
1 0.264025 0.264812
2 0.0486243 0.0494062
1 0.0125353 0.0133144
2 0.0209687 0.0217475
2 0.0248049 0.0255785
2 0.0764182 0.0771889
1 0.11581 0.11658
1 0.0110226 0.011792
2 0.161468 0.162222
1 0.0298642 0.0305919
2 0.0532241 0.0539427
1 0.0325508 0.0332606
1 0.0436145 0.0443229
1 0.0194118 0.0201185
1 0.106049 0.106754
2 0.0797525 0.0804559
1 0.029176 0.0298778
1 0.00877154 0.00944584
1 0.029589 0.0302609
1 0.00570793 0.0063573
1 0.078764 0.0794095
1 0.0210236 0.0216685
2 0.0792967 0.079938
2 0.152275 0.152911
2 0.0990929 0.0997186
1 0.0462076 0.0468284
1 0.0492383 0.0498494
1 0.012017 0.0126239
2 0.0482093 0.0488152
1 0.0285713 0.0291766
1 0.0739431 0.0745365
1 0.0216244 0.0222134
1 0.0345942 0.0351824
1 0.679537 0.680114
1 0.0217084 0.0222823
1 0.0686237 0.0691948
2 0.680413 0.680974
1 0.0256434 0.0261985
1 0.0112418 0.0117921
1 0.0106009 0.0111494
1 0.00967285 0.0102145
1 0.090459 0.0909981
2 0.108152 0.108686
2 0.0311644 0.0316936
1 0.0401874 0.0407085
1 0.0134685 0.0139886
1 0.00190609 0.00242385
1 0.0495559 0.0500735
1 0.0509953 0.0515029
1 0.023723 0.0242252
1 0.0161387 0.0166368
2 0.157191 0.157687
2 0.0806976 0.0811897
1 0.00685874 0.00734832
1 0.0691581 0.0696471
0 0 0.000486998
1 0.0141216 0.0146011
2 0.0760082 0.0764845
1 0.0397069 0.0401742
1 0.00880349 0.00926894
2 0.317982 0.318447
1 0.0177935 0.0182583
1 0.0269515 0.0273975
2 0.110548 0.110994
2 0.194466 0.194909
2 0.022335 0.0227721
1 0.0215811 0.0220164
1 0.00913951 0.00957311
0 0 0.00042711
0 0 0.00041629
1 0.0551098 0.0555255
1 0.0718638 0.0722625
1 0.073471 0.0738667
1 0.011543 0.0119349
2 0.048436 0.0488278
1 0.0190212 0.0194017
2 0.0201628 0.0205348
1 0.00774176 0.00811187
1 0.151277 0.151641
1 0.0959328 0.0962934
1 0.0419947 0.0423523
1 0.0336534 0.0340095
1 0.227626 0.227981
1 0.0238634 0.0242169
1 0.0512218 0.0515718
1 0.0197446 0.0200883
1 0.0324993 0.0328342
1 0.026751 0.0270842
1 0.00888545 0.00921577
2 0.0480267 0.0483505
1 0.0895682 0.0898864
1 0.0445721 0.0448898
1 0.0502306 0.050541
1 0.00772747 0.00803494
2 0.117358 0.117662
1 0.00320777 0.00350241
2 0.245906 0.246199
1 0.151747 0.152037
1 0.00536269 0.0056486
1 0.169029 0.169313
2 0.293673 0.293956
1 0.0412821 0.0415637
1 0.00923087 0.00951221
1 0.0285364 0.0288146
2 0.0861515 0.0864251
2 0.499047 0.499318
2 0.218248 0.218516
1 0.165434 0.1657
2 0.0379104 0.0381732
1 0.03104 0.0313011
1 0.257642 0.257903
2 0.0413171 0.0415755
1 0.0818821 0.0821396
1 0.0728525 0.0731083
1 0.0302304 0.0304685
2 0.0751995 0.0754355
1 0.00565128 0.00587834
1 0.0158694 0.0160918
1 0.00406429 0.00428456
2 0.203029 0.203244
1 0.0205167 0.0207296
1 0.0470592 0.0472572
2 0.0299568 0.0301536
2 0.0953312 0.0955202
1 0.071345 0.0715326
0 0 0.000187521
2 0.137868 0.13805
1 0.0191085 0.0192859
1 0.0201972 0.020374
2 0.0461426 0.0463095
1 0.00877231 0.00893729
2 0.691806 0.691971
1 0.0253507 0.0255141
1 0.0220116 0.0221746
1 0.0221027 0.0222657
1 0.0100672 0.0102298
1 0.0132816 0.0134426
2 0.0789236 0.0790835
1 0.00224725 0.0024036
1 0.013505 0.0136574
2 0.0501354 0.0502847
2 0.0205854 0.020734
2 0.219011 0.219157
2 0.0822818 0.0824262
1 0.0525473 0.0526911
2 0.0245218 0.0246649
2 0.0837489 0.0838875
2 0.0546333 0.0547718
1 0.0689717 0.06911
1 0.00625556 0.00639335
1 0.0427025 0.0428401
2 0.0350648 0.0352013
1 0.0187047 0.01884
1 0.157963 0.15809
2 0.0155216 0.0156388
1 0.0382345 0.0383499
1 0.0475337 0.0476467
1 0.00464171 0.00475205
1 0.0236552 0.0237632
2 0.0294961 0.0296026
1 0.0357632 0.0358693
1 0.0321607 0.0322666
2 0.0140281 0.014133
2 0.0242442 0.0243476
1 0.0217519 0.0218547
2 0.0241726 0.0242731
2 0.00254536 0.00264182
1 0.323951 0.324046
1 0.0208492 0.0209414
2 0.00856523 0.00865738
1 0.0098438 0.00993529
2 0.0229619 0.0230503
2 0.0331337 0.0332174
2 0.0105746 0.010658
1 0.0531289 0.0532117
1 0.0152666 0.0153477
1 0.675875 0.675955
2 0.0212759 0.0213554
2 0.0884772 0.0885562
1 0.0468402 0.0469182
2 0.0516724 0.0517479
1 0.0297284 0.0298035
2 0.0169164 0.0169898
1 0.0173879 0.0174564
2 0.0535241 0.0535926
2 0.0588422 0.0589095
1 0.00627844 0.00634497
1 0.0482555 0.0483216
1 0.0170366 0.0171005
1 0.0475484 0.0476122
1 0.319795 0.319859
1 0.235818 0.235881
2 0.0545994 0.0546605
1 0.00862159 0.00867865
1 0.0406309 0.0406873
1 0.242818 0.242875
2 0.0298203 0.0298753
0 0 5.39528e-05
2 0.00652365 0.00657742
2 0.158156 0.158209
2 0.110862 0.110915
1 0.0696736 0.0697257
1 0.00902675 0.00907758
1 0.0153308 0.0153815
1 0.0298636 0.0299106
1 0.00214904 0.00219504
1 0.0131977 0.0132423
2 0.0633056 0.0633482
1 0.0204564 0.0204948
2 0.083676 0.083713
1 0.238101 0.238135
1 0.00829131 0.00832438
1 0.00566278 0.00569529
2 0.0790585 0.0790904
1 0.0988492 0.0988808
2 0.157585 0.157616
1 0.108068 0.108099
1 0.0166291 0.0166592
2 0.152782 0.152812
2 0.0248271 0.0248567
1 0.00912709 0.00915587
1 0.036783 0.0368116
1 0.0170132 0.0170398
1 0.00800876 0.00803325
1 0.0794356 0.0794594
1 0.0290027 0.0290248
2 0.232838 0.23286
2 0.0587549 0.0587767
2 0.055281 0.0553018
1 0.218055 0.218075
1 0.022275 0.0222944
2 0.014137 0.0141549
1 0.0151609 0.0151778
1 0.0359477 0.0359634
1 0.0794719 0.0794842
1 0.00648018 0.00649166
2 0.0619571 0.0619679
2 0.0423816 0.0423906
2 0.0704523 0.070461
2 0.708187 0.708195
2 0.111175 0.111182
2 0.0206209 0.020628
1 0.25132 0.251328
2 0.00951729 0.00952438
2 0.0579125 0.057919
1 0.0491804 0.0491863
1 0.0169397 0.0169452
2 0.0264002 0.0264049
1 0.0395125 0.0395171
2 0.032392 0.0323965
1 0.0061462 0.00615046
2 0.252981 0.252985
1 0.0193607 0.0193642
2 0.0781815 0.0781843
2 0.0390088 0.0390112
2 0.0717532 0.0717553
1 0.0839052 0.0839068
1 0.0834222 0.0834238
1 0.173657 0.173659
1 0.020493 0.0204945
1 0.00281776 0.00281881
2 0.0839638 0.0839646
2 0.0211646 0.0211653
2 0.0208241 0.0208249
1 0.459802 0.459802
1 0.0139331 0.0139336
1 0.0572091 0.0572095
1 0.0434888 0.0434892
2 0.0210544 0.0210547
2 0.0207081 0.0207083
1 0.0731431 0.0731432
2 0.0812182 0.0812182
2 0.0318765 0.0318765
1 0.491611 0.491611
1 0.150308 0.150308
