0 0 inf
0 0 0.197527
0 0 0.176092
0 0 0.151732
0 0 0.130107
1 0.213157 0.341602
0 0 0.116748
0 0 0.0986563
0 0 0.0870689
1 0.0603921 0.145911
0 0 0.0810092
0 0 0.0766445
0 0 0.0748422
0 0 0.0734409
0 0 0.0727732
0 0 0.069543
1 0.0492793 0.118814
1 0.21032 0.277734
0 0 0.0632588
1 0.219326 0.282365
0 0 0.0586583
0 0 0.0582517
0 0 0.0565142
0 0 0.0538374
0 0 0.0496861
0 0 0.0496099
0 0 0.0488821
0 0 0.047851
0 0 0.0472919
0 0 0.0458292
0 0 0.0432628
1 0.0584661 0.101252
0 0 0.0413959
0 0 0.0413351
0 0 0.0384998
0 0 0.038077
0 0 0.0378287
0 0 0.0350679
1 0.136471 0.171001
1 0.0337107 0.0679958
0 0 0.032748
1 0.0609322 0.0932149
1 0.0186632 0.0502018
1 0.0554081 0.0848358
1 0.0220114 0.0505283
1 0.0547395 0.0822294
0 0 0.0266221
1 0.0211943 0.0477369
1 0.0315203 0.0578706
0 0 0.0256246
0 0 0.0253352
0 0 0.024653
1 0.0634234 0.0878399
1 0.402767 0.426627
0 0 0.0235138
1 0.177209 0.199854
0 0 0.0222592
0 0 0.0214905
0 0 0.0214692
0 0 0.0207615
1 0.123974 0.144617
1 0.0565149 0.0766645
1 0.308003 0.328014
0 0 0.0193052
0 0 0.0190873
0 0 0.0189429
1 0.0828671 0.101793
0 0 0.0188572
0 0 0.0185308
0 0 0.0182039
0 0 0.0181936
0 0 0.0181124
1 0.043365 0.0612193
0 0 0.0177275
0 0 0.0169361
1 0.0255744 0.0420906
0 0 0.0163777
0 0 0.0163484
0 0 0.0162976
0 0 0.0160921
1 0.367705 0.383676
0 0 0.0156073
1 0.0244611 0.0398129
0 0 0.0153157
1 0.0414215 0.0566794
0 0 0.0152558
1 0.0204031 0.0356053
0 0 0.015159
0 0 0.0151149
0 0 0.0150744
0 0 0.0149768
0 0 0.0149121
1 0.103173 0.117743
0 0 0.0145244
1 0.0472273 0.0616783
0 0 0.0141363
0 0 0.0139513
1 0.042921 0.0566733
0 0 0.0136209
0 0 0.0135184
0 0 0.013301
0 0 0.0132306
1 0.249677 0.262891
0 0 0.0128727
1 0.0926671 0.105412
0 0 0.0127287
0 0 0.0126106
0 0 0.0126064
0 0 0.0125806
0 0 0.0123607
0 0 0.0121505
0 0 0.0121448
1 0.0200145 0.0321218
2 0.0638948 0.0759636
1 0.0189301 0.0308009
0 0 0.0116932
0 0 0.0115744
1 0.087781 0.0992441
0 0 0.0113684
1 0.0743262 0.085641
0 0 0.0112178
1 0.0292812 0.0404842
1 0.0326269 0.0437491
0 0 0.0111187
0 0 0.0110221
0 0 0.0109758
0 0 0.0109614
0 0 0.0109374
1 0.0667364 0.0773807
0 0 0.0106165
0 0 0.0104719
0 0 0.0104649
1 0.031187 0.0415559
0 0 0.0103202
0 0 0.0102511
0 0 0.010245
0 0 0.0102088
1 0.0120116 0.022171
0 0 0.0101374
1 0.244992 0.254995
1 0.26851 0.278502
0 0 0.00986382
1 0.00562806 0.0154601
2 0.160529 0.170206
0 0 0.00951725
0 0 0.00950591
1 0.0706358 0.0801206
0 0 0.00947393
1 0.0199821 0.0294303
0 0 0.00941417
0 0 0.00940055
0 0 0.00925585
0 0 0.00923429
1 0.0448302 0.0540486
0 0 0.00903337
1 0.014916 0.0237631
1 0.0465321 0.0553353
0 0 0.00877736
1 0.0150573 0.0238236
1 0.0511539 0.0597891
1 0.0674431 0.0760475
2 0.167798 0.17639
1 0.21496 0.223542
1 0.0259783 0.0343377
1 0.0291937 0.0375289
1 0.0790775 0.0873845
1 0.0115313 0.0196758
1 0.0122335 0.0203483
0 0 0.00809724
1 0.0270361 0.0351198
2 0.278084 0.286137
1 0.082029 0.0899945
0 0 0.00777798
0 0 0.00775526
1 0.134639 0.142392
0 0 0.00770477
1 0.0838841 0.0915601
0 0 0.00762675
1 0.0324316 0.0400542
1 0.0246268 0.0322161
2 0.297187 0.30476
0 0 0.00755648
0 0 0.0075482
0 0 0.0074799
1 0.0466991 0.0541591
1 0.0140608 0.0213201
0 0 0.0071241
0 0 0.00702326
1 0.0162428 0.0231
2 0.289573 0.296387
0 0 0.00680651
1 0.0223799 0.0291155
0 0 0.00672518
1 0.164596 0.171288
0 0 0.00659401
1 0.225573 0.232166
0 0 0.00658434
0 0 0.00645689
2 0.0690577 0.0753467
0 0 0.00620617
1 0.0223131 0.0284588
2 0.328139 0.334283
0 0 0.0060847
1 0.30762 0.313672
0 0 0.00604191
0 0 0.00599501
1 0.0660518 0.0719839
1 0.0210201 0.0269489
1 0.0110754 0.0169743
1 0.0556512 0.0614012
1 0.0261632 0.031672
1 0.273697 0.279103
1 0.0309072 0.03631
1 0.0334914 0.0388761
0 0 0.00530293
1 0.0617968 0.0670981
0 0 0.00522681
2 0.0587843 0.0639974
1 0.0261199 0.0312653
0 0 0.00499764
1 0.0405383 0.0455149
1 0.0164507 0.0213149
0 0 0.00481627
0 0 0.00476811
0 0 0.00475881
1 0.171048 0.175799
0 0 0.00472104
1 0.0406123 0.0453154
0 0 0.00461034
0 0 0.00460941
1 0.0265127 0.031114
1 0.0326352 0.0371631
1 0.0140264 0.0185337
1 0.112683 0.11719
0 0 0.00448998
1 0.0294434 0.0339277
0 0 0.00442475
1 0.0476698 0.052047
2 0.0957196 0.100087
1 0.00663178 0.0109503
0 0 0.00430659
1 0.00885154 0.0131355
0 0 0.00427442
0 0 0.00425194
1 0.150227 0.154443
0 0 0.00421565
0 0 0.00413065
1 0.0355311 0.0396614
0 0 0.00407591
0 0 0.00402843
0 0 0.00402193
0 0 0.0040147
0 0 0.00395208
1 0.0267527 0.0306668
2 0.148498 0.152353
1 0.0142338 0.0179696
0 0 0.00367347
1 0.0593998 0.0630517
1 0.0722949 0.0759444
0 0 0.00364102
0 0 0.00362351
1 0.29798 0.301591
0 0 0.00358851
2 0.380905 0.384465
1 0.0662616 0.0698113
1 0.0452538 0.048791
1 0.0227867 0.0263117
1 0.0362728 0.0397957
0 0 0.00350284
1 0.0427 0.046194
1 0.00603498 0.00949684
1 0.0399794 0.0434394
0 0 0.00343054
1 0.272845 0.276249
0 0 0.0033855
0 0 0.00336234
2 0.0326232 0.0359847
0 0 0.00334762
2 0.0676889 0.0710338
1 0.0213278 0.0246689
1 0.016188 0.0194982
0 0 0.00317157
1 0.0228832 0.0260394
1 0.0207553 0.0238959
2 0.0372927 0.0404272
1 0.0388392 0.041947
0 0 0.00310353
0 0 0.00309396
0 0 0.00307815
1 0.0705258 0.0735809
1 0.245953 0.248991
0 0 0.00302913
1 0.018948 0.0219638
0 0 0.00300709
0 0 0.00299723
1 0.0905508 0.093532
0 0 0.00295612
2 0.31405 0.316948
1 0.0889078 0.0917533
0 0 0.0028198
1 0.0420015 0.0448115
1 0.0207072 0.0235136
1 0.0224998 0.0252551
1 0.0281741 0.030912
2 0.12682 0.129549
1 0.0278412 0.030498
1 0.0184755 0.0211151
1 0.0906673 0.0932746
0 0 0.00257481
1 0.0585508 0.0611047
1 0.0283985 0.0308642
2 0.0430241 0.0454416
2 0.154701 0.157106
2 0.0726711 0.0750721
0 0 0.00239999
0 0 0.00236009
0 0 0.00235276
1 0.0169404 0.0192799
0 0 0.00231927
1 0.0689843 0.0712921
0 0 0.00228497
1 0.0653159 0.0675943
2 0.0405705 0.0428275
0 0 0.00222474
0 0 0.00221046
1 0.423607 0.425816
0 0 0.00218785
1 0.0263535 0.028499
1 0.0271167 0.0292568
1 0.0081551 0.0102774
0 0 0.00203496
2 0.17434 0.176374
0 0 0.0020261
1 0.0235418 0.0255608
1 0.0241544 0.0261438
1 0.021321 0.0232864
1 0.0150192 0.0169634
1 0.198877 0.200821
1 0.0393425 0.0412856
1 0.157043 0.158985
1 0.0145984 0.0165149
1 0.0334455 0.0353578
1 0.0634148 0.0653224
1 0.0981107 0.100008
1 0.0643413 0.0662059
1 0.0218556 0.023704
2 0.118156 0.119989
2 0.123267 0.125096
0 0 0.00181478
1 0.0233482 0.0251614
0 0 0.00179669
0 0 0.0017941
2 0.0684181 0.0702026
1 0.0202838 0.02205
0 0 0.00176005
1 0.0826305 0.0843646
1 0.0193527 0.0210455
2 0.0626659 0.0643332
1 0.0677522 0.0694035
2 0.041212 0.0428598
2 0.0457202 0.0473679
1 0.0278722 0.0295047
1 0.00904778 0.0106771
1 0.0682433 0.0698561
2 0.0499044 0.051507
1 0.0133721 0.0149452
2 0.0629217 0.0644828
0 0 0.00154654
1 0.0518941 0.0534365
2 0.0229579 0.0244853
1 0.0546139 0.0561308
0 0 0.00151249
0 0 0.00150735
2 0.0954872 0.0969847
2 0.0346626 0.0361575
2 0.0507347 0.0522183
0 0 0.00147634
2 0.0564512 0.0579273
2 0.0455841 0.0470548
1 0.00980822 0.0112621
1 0.0218758 0.0233236
0 0 0.00143665
1 0.0445149 0.0459164
1 0.0411251 0.0425158
1 0.0186186 0.019995
1 0.0902892 0.0916631
1 0.026311 0.0276812
0 0 0.00135667
1 0.0873083 0.0886585
0 0 0.00134056
0 0 0.00132515
1 0.011893 0.013211
1 0.0413167 0.0426271
0 0 0.00130634
1 0.0161891 0.0174842
2 0.0478378 0.0491235
1 0.0223528 0.0236093
0 0 0.00123508
2 0.101621 0.102845
1 0.0300396 0.0312335
1 0.0120141 0.0132022
1 0.119937 0.12112
1 0.0161949 0.0173755
1 0.0322322 0.0334083
0 0 0.00117101
1 0.0235615 0.0247254
1 0.0142196 0.0153762
2 0.0600504 0.0612039
1 0.00659498 0.00773205
1 0.0898564 0.0909928
1 0.00926201 0.0103948
1 0.0515832 0.0527112
2 0.0222995 0.0234075
1 0.0364447 0.0375503
1 0.0422891 0.0433919
1 0.0106729 0.0117714
1 0.0360564 0.0371372
1 0.0484275 0.0494895
1 0.0928118 0.0938502
1 0.0138102 0.0148433
0 0 0.00102828
2 0.0325172 0.0335304
0 0 0.000999641
2 0.106703 0.107698
1 0.0394616 0.04044
1 0.0182203 0.0191974
1 0.03753 0.0385067
0 0 0.000960356
1 0.015662 0.0166159
1 0.00971659 0.0106689
1 0.0164076 0.0173553
1 0.125894 0.126837
2 0.350816 0.351756
1 0.0576686 0.058601
1 0.0630461 0.0639133
1 0.0112449 0.0121088
2 0.0762695 0.0771015
1 0.0500095 0.0508353
2 0.0509744 0.0517848
1 0.0299873 0.0307881
1 0.13397 0.134762
1 0.0355599 0.0363458
2 0.0575326 0.0583171
2 0.245407 0.246182
1 0.010797 0.0115564
1 0.0387541 0.039504
1 0.0383317 0.0390738
1 0.00681479 0.00754684
2 0.0401133 0.0408357
0 0 0.000717404
2 0.032998 0.033715
1 0.00806757 0.00876852
1 0.0341485 0.0348437
1 0.00302115 0.00371431
1 0.0192698 0.0199606
2 0.170912 0.1716
1 0.00494542 0.00560332
1 0.10842 0.109077
2 0.0227076 0.0233621
2 0.0764156 0.0770616
1 0.0292615 0.0299018
1 0.0356245 0.0362616
1 0.0182076 0.0188435
1 0.0860854 0.0867211
1 0.0258931 0.02652
1 0.00424044 0.00486571
1 0.0470089 0.0476327
1 0.014246 0.0148682
1 0.00475091 0.00537067
1 0.050861 0.051471
1 0.0220245 0.022614
2 0.0265543 0.0271434
2 0.00969725 0.0102835
2 0.0721388 0.072725
2 0.103537 0.104111
1 0.0330059 0.0335786
1 0.097529 0.0981013
2 0.0394038 0.0399721
1 0.0118436 0.0124118
1 0.0190968 0.0196629
1 0.0482714 0.0488316
1 0.0100908 0.0106474
1 0.00499526 0.00554327
0 0 0.000544268
1 0.00497904 0.0055165
2 0.0457998 0.0463203
1 0.0204912 0.0210092
1 0.106083 0.106599
1 0.0276675 0.0281795
1 0.219233 0.219741
2 0.0492134 0.0497217
1 0.0464238 0.0469267
1 0.0289043 0.0294019
1 0.0348306 0.0353273
2 0.111984 0.112477
1 0.109622 0.110114
1 0.038705 0.0391952
1 0.0298472 0.0303226
1 0.0247547 0.0252294
1 0.04913 0.0496012
1 0.00600929 0.00648011
1 0.248966 0.249435
1 0.00472739 0.00519437
1 0.0202129 0.0206684
1 0.00690831 0.00736236
1 0.0445052 0.0449592
1 0.119841 0.120284
1 0.00874412 0.00918085
1 0.054898 0.0553331
2 0.0866201 0.0870546
0 0 0.000429844
1 0.0121676 0.0125968
1 0.0360293 0.036452
1 0.0125165 0.012919
1 0.0040671 0.00446505
2 0.103223 0.103621
2 0.113441 0.113839
1 0.0254256 0.0258222
0 0 0.000392534
2 0.096626 0.0970153
2 0.0366996 0.0370758
1 0.00523479 0.00561083
0 0 0.000375239
1 0.0450122 0.0453815
2 0.0169842 0.0173481
2 0.226595 0.226959
2 0.0318076 0.0321666
1 0.0181403 0.0184906
1 0.0185997 0.0189424
1 0.0859966 0.0863364
1 0.0152847 0.0156193
2 0.023402 0.0237336
1 0.00875379 0.00907868
1 0.0185214 0.0188454
1 0.0297213 0.0300384
2 0.0671673 0.06748
1 0.0302649 0.0305749
1 0.00781665 0.00812277
2 0.0464066 0.046712
1 0.046513 0.0468073
1 0.0429801 0.0432738
1 0.0471047 0.0473856
2 0.0403024 0.0405827
1 0.0168875 0.0171651
1 0.00930938 0.00957595
2 0.0229023 0.0231682
1 0.0549641 0.0552296
1 0.0281917 0.0284434
1 0.0506082 0.0508589
1 0.00148122 0.0017215
2 0.0317248 0.0319636
1 0.0112844 0.0115209
2 0.0436018 0.0438374
2 0.0233104 0.0235454
1 0.0042236 0.00445754
1 0.0184457 0.0186723
2 0.026565 0.026791
1 0.0499599 0.0501858
2 0.06815 0.068367
1 0.0784038 0.0786196
1 0.00396405 0.00417326
2 0.0436395 0.0438477
1 0.0498704 0.0500706
1 0.0034085 0.00360115
1 0.0360615 0.0362536
2 0.0625834 0.0627715
1 0.0315871 0.0317716
1 0.0229594 0.023142
2 0.0203902 0.0205724
1 0.0624336 0.0626147
1 0.0165315 0.0167118
2 0.0740498 0.0742296
2 0.116984 0.117156
2 0.241075 0.241246
1 0.0654864 0.0656564
2 0.0465421 0.0467115
2 0.0316386 0.031807
2 0.0200812 0.0202484
1 0.010486 0.0106519
1 0.0123653 0.0125309
1 0.0976544 0.0978195
2 0.010369 0.0105302
1 0.0116653 0.0118263
1 0.0244718 0.0246315
1 0.0253257 0.0254842
1 0.0213777 0.0215301
2 0.0457791 0.0459195
1 0.0350256 0.0351627
1 0.0163838 0.0165156
1 0.0220268 0.0221581
1 0.0566839 0.0568142
2 0.0205714 0.0207005
1 0.0101528 0.010279
1 0.028561 0.0286866
2 0.0480223 0.0481478
1 0.00742197 0.00754677
1 0.0850188 0.0851434
2 0.329525 0.329648
1 0.0311591 0.0312825
2 0.153387 0.15351
1 0.0938144 0.093936
1 0.044309 0.0444298
2 0.0236556 0.0237726
0 0 0.000116719
1 0.0746683 0.0747776
2 0.0944807 0.0945896
1 0.049645 0.0497538
1 0.0251065 0.0252152
2 0.0494684 0.0495761
1 0.121547 0.121654
1 0.00326149 0.00336572
2 0.026463 0.0265671
2 0.0155912 0.015694
2 0.0689689 0.069064
2 0.397961 0.398056
2 0.303416 0.303508
1 0.0139616 0.0140519
1 0.080047 0.0801368
2 0.0381461 0.0382294
2 0.0942108 0.094294
2 0.0620089 0.0620919
2 0.0501914 0.0502734
1 0.0349317 0.0350129
1 0.00402539 0.00410213
2 0.0193622 0.0194389
1 0.00907901 0.00915455
1 0.0123867 0.012459
2 0.0980855 0.0981571
1 0.0107257 0.0107953
2 0.0273352 0.0274015
1 0.0165013 0.0165675
1 0.0192699 0.0193347
2 0.0125874 0.01265
1 0.0125613 0.0126229
2 0.290318 0.290379
1 0.00174963 0.00180821
2 0.0230604 0.0231188
1 0.0071178 0.00717244
1 0.0200242 0.0200767
2 0.0632885 0.0633373
1 0.394207 0.394256
2 0.0844757 0.0845234
1 0.019291 0.0193382
1 0.0220394 0.0220835
1 0.0166475 0.0166914
2 0.117917 0.117957
2 0.0495458 0.0495841
1 0.0155766 0.0156149
1 0.0291038 0.0291418
2 0.078671 0.078708
1 0.0219954 0.0220305
1 0.0147832 0.0148177
1 0.0448534 0.0448875
2 0.00786175 0.00789527
1 0.011069 0.0111012
1 0.0223557 0.0223875
1 0.100996 0.101025
2 0.134778 0.134807
2 0.181054 0.181083
1 0.0274246 0.027453
2 0.162327 0.162355
2 0.0358883 0.0359165
1 0.226876 0.226904
2 0.0128057 0.0128332
1 0.0355239 0.0355503
1 0.0566083 0.0566329
1 0.00378603 0.0038091
1 0.00707258 0.00709414
0 0 2.08164e-05
1 0.0376514 0.0376721
1 0.0270911 0.0271117
1 0.0207139 0.0207343
1 0.0114942 0.0115134
1 0.143318 0.143337
1 0.0288344 0.0288519
1 0.00779876 0.007815
2 0.03857 0.0385858
2 0.121639 0.121655
1 0.0166565 0.0166716
1 0.0189008 0.0189159
2 0.0171142 0.0171282
2 0.0658893 0.0659031
1 0.115214 0.115227
1 0.13077 0.130783
1 0.0415832 0.0415922
2 0.0320679 0.0320768
1 0.0254336 0.0254425
2 0.052155 0.0521637
1 0.116883 0.116891
2 0.019927 0.0199349
2 0.0370799 0.0370855
1 0.0575434 0.0575485
2 0.0148196 0.0148246
1 0.0102104 0.0102152
2 0.0276285 0.027633
1 0.0826658 0.08267
1 0.016431 0.0164351
1 0.0196096 0.0196134
1 0.015382 0.0153852
2 0.0288576 0.0288606
2 0.0352529 0.0352559
2 0.0516084 0.0516109
1 0.00439168 0.00439398
1 0.039569 0.0395711
1 0.0338304 0.0338323
2 0.0112487 0.0112507
1 0.0147854 0.014787
1 0.0602381 0.0602397
1 0.0241463 0.0241473
2 0.0281596 0.0281605
1 0.0593614 0.0593622
1 0.0290225 0.0290233
2 0.0867799 0.0867805
1 0.0210213 0.0210218
1 0.024555 0.0245555
1 0.119793 0.119793
2 0.0333184 0.0333185
2 0.094951 0.0949511
1 0.0219426 0.0219427
1 0.00615822 0.00615822
