0 0 inf
0 0 0.229416
1 0.209949 0.394019
0 0 0.137653
0 0 0.118131
1 0.0343127 0.146403
0 0 0.0910188
1 0.0555791 0.124898
0 0 0.0665452
0 0 0.0587763
1 0.102838 0.160776
0 0 0.0579256
0 0 0.0542631
0 0 0.0503841
0 0 0.0481244
1 0.0161476 0.0638936
1 0.0433978 0.0909378
0 0 0.0473973
0 0 0.0464763
0 0 0.0446222
1 0.0575661 0.0984241
0 0 0.0367446
1 0.0470722 0.0833057
0 0 0.0347742
0 0 0.0347224
0 0 0.0343015
0 0 0.0335786
0 0 0.0329122
1 0.103073 0.135787
1 0.0527457 0.0851115
0 0 0.0292513
0 0 0.0286079
1 0.309586 0.337901
0 0 0.0281384
0 0 0.0280053
0 0 0.0275719
1 0.0849817 0.112001
0 0 0.0265637
0 0 0.0261202
1 0.0329449 0.0590351
0 0 0.0259985
0 0 0.0255952
2 0.430841 0.456147
0 0 0.0243702
0 0 0.024265
0 0 0.024026
0 0 0.0236356
0 0 0.0228057
0 0 0.0222456
0 0 0.0220352
1 0.138193 0.16017
1 0.0861386 0.107916
0 0 0.0215326
0 0 0.021125
1 0.0987835 0.119891
0 0 0.0208309
0 0 0.0207749
1 0.369681 0.390143
2 0.167335 0.187536
0 0 0.0201002
0 0 0.0197109
0 0 0.0196019
0 0 0.0195742
1 0.0245495 0.0441138
1 0.159988 0.179546
1 0.0603956 0.0798269
1 0.0888794 0.108097
0 0 0.0190928
0 0 0.018809
0 0 0.0187759
0 0 0.0187153
0 0 0.0182704
0 0 0.01755
0 0 0.017419
1 0.0386531 0.0559532
0 0 0.0172984
0 0 0.0167639
1 0.12769 0.144229
1 0.100169 0.11661
0 0 0.0162005
1 0.0398814 0.0557076
1 0.145531 0.161145
0 0 0.0147838
1 0.0284647 0.0428932
0 0 0.0142904
0 0 0.0140987
0 0 0.0140769
1 0.398339 0.412263
0 0 0.0136544
0 0 0.013231
0 0 0.0132243
0 0 0.0131128
0 0 0.0128709
0 0 0.0127789
0 0 0.0122452
1 0.0623605 0.0746057
0 0 0.0121152
0 0 0.0117712
0 0 0.0117643
1 0.0258824 0.037607
1 0.0816743 0.09336
1 0.0267137 0.0380817
0 0 0.0113573
1 0.0734924 0.0847048
1 0.0235259 0.0347167
0 0 0.0111632
0 0 0.0109361
2 0.180295 0.191001
0 0 0.0104294
0 0 0.0104071
1 0.0112034 0.0215717
0 0 0.0102675
0 0 0.0099584
0 0 0.00995185
0 0 0.00981772
0 0 0.00980465
1 0.0174527 0.0271477
1 0.0926747 0.102329
1 0.019533 0.0291092
1 0.0147069 0.0242281
0 0 0.00950406
0 0 0.00948538
0 0 0.00943301
0 0 0.00938845
0 0 0.00932103
0 0 0.00927042
0 0 0.00915718
0 0 0.00907343
1 0.0542464 0.0632931
0 0 0.00904173
1 0.0415846 0.0505351
2 0.134868 0.143782
1 0.127874 0.136781
1 0.288819 0.297719
1 0.0977243 0.106578
0 0 0.00859859
0 0 0.00855482
1 0.0135228 0.0220474
0 0 0.00846991
0 0 0.00842493
0 0 0.00822113
1 0.0166887 0.0248856
0 0 0.00811784
1 0.235619 0.243657
0 0 0.00783381
1 0.0330837 0.0409054
1 0.0426224 0.0503961
0 0 0.00763297
0 0 0.00751238
0 0 0.00748408
0 0 0.00743342
1 0.0248462 0.0322766
0 0 0.00739764
0 0 0.00728028
0 0 0.00727967
0 0 0.00722558
1 0.020977 0.0281833
1 0.0666253 0.0736989
1 0.0609831 0.0680336
2 0.416132 0.42317
0 0 0.00697203
0 0 0.0068283
0 0 0.00680619
0 0 0.00679128
0 0 0.00674563
0 0 0.0066959
0 0 0.00666402
1 0.0463532 0.0529686
1 0.0264133 0.0329209
0 0 0.0064637
0 0 0.00643182
0 0 0.00635422
0 0 0.00626487
0 0 0.00619978
0 0 0.00618084
0 0 0.00607802
0 0 0.00607405
1 0.0161406 0.0221395
0 0 0.00586133
1 0.0418157 0.0476418
1 0.0293416 0.0351376
1 0.0145726 0.0202426
1 0.0167973 0.0224304
0 0 0.00563128
0 0 0.00559782
0 0 0.00550322
0 0 0.00548394
0 0 0.00546618
0 0 0.0054148
1 0.126293 0.131653
0 0 0.005359
0 0 0.00527002
0 0 0.00521133
0 0 0.00520929
0 0 0.00515524
0 0 0.0051272
0 0 0.00512185
1 0.0788263 0.083944
2 0.0803963 0.0855057
1 0.0140064 0.0190816
1 0.0182345 0.0232673
1 0.0107489 0.0157481
0 0 0.00497945
0 0 0.00492788
0 0 0.00487857
1 0.0425143 0.0473875
0 0 0.00486268
2 0.201342 0.206179
1 0.0128909 0.0177215
0 0 0.00472274
0 0 0.00470525
0 0 0.00467246
2 0.0620625 0.066651
1 0.0563655 0.0609123
0 0 0.00441361
2 0.114002 0.118406
1 0.130353 0.134726
1 0.300165 0.304533
0 0 0.00435895
0 0 0.00435044
0 0 0.0043342
2 0.165691 0.169935
0 0 0.00418589
0 0 0.00416838
0 0 0.00416667
0 0 0.00416045
1 0.0162399 0.0203959
1 0.00818312 0.0122821
0 0 0.00402959
1 0.0407656 0.0446629
0 0 0.00376029
1 0.0325166 0.0362321
1 0.0454448 0.0490853
1 0.0124071 0.016015
1 0.012409 0.0160084
1 0.0523612 0.0559259
0 0 0.00355974
0 0 0.00355597
1 0.0726583 0.0761721
0 0 0.0035092
0 0 0.00350743
1 0.0182325 0.0216474
0 0 0.00332749
1 0.103262 0.106541
0 0 0.00325496
1 0.0236386 0.0268879
1 0.0327256 0.0359554
1 0.0219261 0.0251036
1 0.0531179 0.0562925
1 0.0810344 0.0841819
0 0 0.00307352
0 0 0.00304546
0 0 0.00303746
1 0.0145601 0.0175765
0 0 0.00299387
0 0 0.00298024
0 0 0.00297629
0 0 0.00296287
0 0 0.00296093
0 0 0.00296006
0 0 0.00293222
1 0.00879924 0.0117172
1 0.0128615 0.0157298
1 0.0947851 0.0976472
0 0 0.0028296
0 0 0.0028181
0 0 0.00281508
1 0.107007 0.109815
1 0.0159684 0.0187262
0 0 0.00274491
0 0 0.002694
1 0.0466932 0.0493699
0 0 0.00266218
0 0 0.00265349
1 0.0109966 0.0136146
1 0.0497143 0.0522463
1 0.0165866 0.0190956
1 0.0536102 0.0560908
1 0.0609552 0.063417
1 0.0253789 0.027786
1 0.0359039 0.0382722
0 0 0.00235493
1 0.014089 0.0164062
1 0.0768541 0.0791466
1 0.0238542 0.0261462
1 0.023762 0.0260533
2 0.0257211 0.0280052
1 0.0150659 0.0173441
0 0 0.00226972
1 0.159232 0.1615
0 0 0.00224742
0 0 0.00221607
1 0.0108472 0.0130589
1 0.0192813 0.0214905
1 0.0291714 0.0313681
1 0.0246574 0.026826
0 0 0.00213419
1 0.0138547 0.0159804
1 0.0759067 0.0780102
1 0.0722994 0.0743994
2 0.0865358 0.0886279
0 0 0.00208246
1 0.0969741 0.0990339
1 0.160126 0.16214
0 0 0.00199887
1 0.015878 0.0178578
1 0.0289563 0.0309123
1 0.013378 0.0153208
2 0.430896 0.432813
1 0.0200627 0.0219619
0 0 0.00186337
1 0.0865537 0.0883885
1 0.0117225 0.0135313
1 0.0205033 0.0222925
2 0.0650361 0.0668157
1 0.021945 0.023691
0 0 0.00169709
1 0.0609339 0.0625455
1 0.0193804 0.0209748
0 0 0.00159251
2 0.178613 0.180203
1 0.250303 0.251883
1 0.00772428 0.00927968
0 0 0.00154422
1 0.0109352 0.0124599
2 0.0207546 0.0222639
1 0.0158542 0.0173385
0 0 0.00147839
1 0.0400072 0.0414721
2 0.0736292 0.0750774
2 0.0380435 0.0394506
1 0.0062908 0.00769261
1 0.0269504 0.0283373
1 0.0142262 0.0156022
2 0.0223644 0.0237247
2 0.0223952 0.0237323
1 0.024345 0.0256798
1 0.00958452 0.010914
2 0.0565074 0.0578091
1 0.0163994 0.017689
1 0.0335454 0.0348304
1 0.0475711 0.0488529
1 0.137066 0.138332
1 0.0264454 0.0277085
2 0.0175053 0.0187641
2 0.0443894 0.0455979
1 0.0709082 0.0720908
1 0.0366304 0.0377928
1 0.00855979 0.00967615
1 0.0741259 0.0752229
1 0.0234323 0.0245268
1 0.0139187 0.0150034
0 0 0.00107113
2 0.104051 0.105092
1 0.0257321 0.0267567
1 0.0429265 0.043947
1 0.0202082 0.0212187
1 0.00825412 0.00925279
2 0.120476 0.121472
0 0 0.000965044
1 0.0089876 0.00995019
0 0 0.000959973
2 0.120587 0.121541
1 0.0851068 0.0860543
0 0 0.000945493
1 0.00714783 0.00809327
1 0.10783 0.108751
1 0.0198374 0.0207482
0 0 0.000908683
2 0.115057 0.115958
0 0 0.000894536
1 0.00884905 0.00972233
0 0 0.000869659
1 0.0103276 0.0111942
0 0 0.000849566
1 0.0616221 0.0624598
1 0.0284129 0.0292449
1 0.0727356 0.0735571
1 0.0344602 0.0352782
2 0.0391298 0.0399407
1 0.0321538 0.0329591
1 0.00332279 0.00412208
2 0.093856 0.094651
2 0.0784012 0.0791883
1 0.0154957 0.0162822
1 0.0142818 0.0150512
1 0.0130089 0.0137717
1 0.0252458 0.0260074
1 0.0216582 0.0224109
2 0.0654038 0.0661387
1 0.0562465 0.0569684
2 0.0223387 0.0230422
0 0 0.000689167
0 0 0.0006881
1 0.119816 0.120497
1 0.0476697 0.048347
0 0 0.00067446
1 0.0427374 0.0434077
2 0.0659495 0.0666186
1 0.0108142 0.0114823
1 0.0226068 0.0232577
1 0.140206 0.140853
2 0.0512411 0.0518738
2 0.033719 0.0343493
1 0.00502683 0.00564668
1 0.0125587 0.0131733
2 0.0547919 0.0553927
1 0.0819058 0.0825038
1 0.00984661 0.010415
1 0.0265344 0.0271024
1 0.10199 0.10255
2 0.15994 0.160493
1 0.0541576 0.0547074
2 0.0505738 0.0511185
1 0.0197232 0.0202648
1 0.0150902 0.0156173
1 0.0148373 0.0153617
1 0.0310068 0.0315303
1 0.0326809 0.0332019
1 0.0418843 0.042391
0 0 0.000501833
1 0.0373809 0.0378812
1 0.12281 0.123296
0 0 0.000474696
1 0.0218919 0.0223602
2 0.0233668 0.0238347
1 0.0312262 0.0316809
1 0.0326789 0.033122
1 0.110084 0.110516
1 0.122832 0.123263
2 0.0206795 0.0210819
2 0.361924 0.362318
1 0.0631973 0.06359
1 0.00228138 0.00267267
1 0.0798082 0.0801972
2 0.0799045 0.0802778
1 0.0618137 0.0621847
0 0 0.000363457
2 0.0317549 0.0321178
1 0.0871865 0.0875323
2 0.0262458 0.0265796
2 0.0674482 0.0677795
1 0.0307564 0.031087
1 0.00484965 0.00517674
2 0.0193577 0.0196803
1 0.0246794 0.0249994
1 0.00912111 0.00943697
1 0.0256704 0.0259858
0 0 0.000309794
1 0.339395 0.339705
2 0.123566 0.123873
1 0.0753322 0.0756385
0 0 0.000303438
1 0.0246805 0.0249708
1 0.0515857 0.0518627
1 0.0203941 0.0206677
2 0.0226977 0.0229643
1 0.112667 0.112933
1 0.0497226 0.0499774
1 0.0387852 0.0390255
1 0.0501394 0.0503782
2 0.0646446 0.0648812
2 0.0737262 0.0739609
1 0.00889309 0.00912524
2 0.0954134 0.0956418
1 0.047365 0.0475894
1 0.00795541 0.00817573
1 0.130361 0.130581
2 0.0270421 0.0272608
1 0.0153078 0.0155246
1 0.0281175 0.0283322
2 0.0673069 0.0675215
2 0.0445643 0.0447715
1 0.049566 0.0497699
1 0.0542034 0.0543986
1 0.0149005 0.0150926
2 0.0212361 0.0214252
1 0.199486 0.199675
1 0.0509759 0.0511575
2 0.0172611 0.0174424
0 0 0.000178531
2 0.0278255 0.0280011
1 0.0156173 0.015791
1 0.0305133 0.0306855
1 0.0306237 0.0307879
2 0.045339 0.0454963
1 0.0168225 0.016979
2 0.0238015 0.0239514
1 0.0255156 0.0256634
2 0.0815064 0.0816421
2 0.118129 0.118263
2 0.0172957 0.0174206
2 0.0630443 0.063169
1 0.0359427 0.0360659
1 0.0311765 0.0312995
1 0.00800886 0.00812667
2 0.188744 0.188858
1 0.00420668 0.00431984
1 0.0382576 0.0383667
1 0.00860576 0.00870919
2 0.0449137 0.0450142
2 0.0275749 0.0276737
2 0.0545748 0.0546689
1 0.0102413 0.0103322
1 0.0307295 0.0308185
1 0.010364 0.0104525
2 0.450936 0.45102
1 0.01046 0.010544
1 0.0123732 0.0124563
1 0.00463045 0.00470879
1 0.0337518 0.0338266
1 0.0129882 0.0130626
2 0.0255459 0.025619
1 0.360171 0.360244
1 0.00734229 0.007411
1 0.0976985 0.0977667
1 0.0121918 0.0122582
1 0.0110994 0.0111654
1 0.161954 0.162019
2 0.0470015 0.0470645
2 0.0749176 0.0749769
2 0.136883 0.136941
1 0.044469 0.0445266
1 0.00236127 0.00241563
1 0.0471399 0.0471912
2 0.0737704 0.0738214
1 0.0292035 0.0292545
1 0.0202171 0.0202666
2 0.074009 0.0740584
1 0.0200365 0.0200858
1 0.0192376 0.0192857
1 0.024474 0.0245217
1 0.0408414 0.0408889
1 0.060122 0.0601695
1 0.109827 0.109875
1 0.0560216 0.0560674
2 0.053984 0.0540293
1 0.0195732 0.0196174
1 0.514565 0.514609
2 0.13563 0.135671
2 0.340941 0.340982
2 0.0194507 0.0194897
1 0.0118173 0.0118559
1 0.04376 0.0437968
2 0.0120199 0.0120554
1 0.0244403 0.0244736
1 0.112744 0.112777
1 0.00252737 0.00255764
2 0.0626021 0.0626283
1 0.0352892 0.0353142
1 0.0626963 0.0627205
1 0.0301277 0.0301511
1 0.103435 0.103458
1 0.106164 0.106183
2 0.0531504 0.0531694
1 0.0206509 0.0206698
1 0.40701 0.407028
1 0.0268666 0.026883
2 0.0282451 0.028261
2 0.136127 0.136143
1 0.00484656 0.00486202
1 0.00470136 0.00471663
1 0.156715 0.156731
2 0.0488174 0.0488326
2 0.0246408 0.024656
1 0.00699068 0.00700503
1 0.0243892 0.0244028
1 0.0143493 0.0143627
1 0.0217104 0.0217221
2 0.0279307 0.0279421
1 0.0153399 0.0153507
1 0.0245896 0.0246001
1 0.0313543 0.0313637
2 0.0398894 0.0398988
1 0.00386197 0.00387136
2 0.186918 0.186928
1 0.00514381 0.00515237
2 0.0285689 0.0285752
1 0.00325833 0.00326367
1 0.0265247 0.0265291
2 0.117834 0.117839
1 0.00841646 0.00842027
2 0.0394574 0.0394612
1 0.0540131 0.0540168
1 0.0138254 0.0138291
2 0.120337 0.12034
1 0.0181088 0.0181123
2 0.00326812 0.00327158
1 0.00530204 0.00530545
2 0.0233038 0.0233072
1 0.00358215 0.00358545
2 0.0383708 0.038374
2 0.0445442 0.0445472
1 0.00438227 0.00438478
2 0.0511585 0.0511607
1 0.117686 0.117688
2 0.0178038 0.0178055
2 0.0154316 0.0154331
1 0.0492337 0.0492351
1 0.0158827 0.0158842
2 0.0157662 0.0157676
1 0.00830229 0.00830361
1 0.0897226 0.0897236
2 0.00242128 0.00242206
1 0.0223372 0.0223379
2 0.0222459 0.0222465
1 0.0398698 0.0398703
1 0.0974971 0.0974975
1 0.0421916 0.0421919
2 0.186175 0.186176
1 0.0200953 0.0200955
1 0.0265875 0.0265876
2 0.085435 0.085435
2 0.0231326 0.0231326
1 0.0128317 0.0128317
