0 0 inf
1 0.276203 0.550667
0 0 0.260851
0 0 0.209068
0 0 0.167022
1 0.120525 0.268783
1 0.038497 0.165359
0 0 0.107954
0 0 0.0871924
0 0 0.0807323
1 0.0608124 0.141276
0 0 0.0774911
0 0 0.0722509
1 0.304309 0.374749
1 0.288138 0.353772
1 0.0940798 0.158503
0 0 0.0626489
0 0 0.0598513
1 0.171312 0.221397
0 0 0.0445899
0 0 0.0437859
0 0 0.0419656
0 0 0.0410503
1 0.0200537 0.0609821
0 0 0.0356615
0 0 0.034497
0 0 0.0322183
0 0 0.0319261
0 0 0.0302038
1 0.021453 0.0512392
0 0 0.0282406
1 0.0818833 0.109656
0 0 0.0258166
0 0 0.0238844
0 0 0.0236799
0 0 0.0232114
0 0 0.0231888
0 0 0.0222751
1 0.0528411 0.0750792
0 0 0.0214808
0 0 0.0214527
0 0 0.0214028
1 0.0330431 0.0543462
1 0.0279622 0.0491752
0 0 0.0210553
0 0 0.0210541
0 0 0.0202428
1 0.0224054 0.041883
0 0 0.0189336
0 0 0.0188324
0 0 0.0183365
0 0 0.0182506
0 0 0.0176054
0 0 0.0175348
0 0 0.0173646
1 0.0299098 0.0471883
0 0 0.0170542
0 0 0.0168504
0 0 0.0167404
1 0.0486258 0.0651222
1 0.0659649 0.0824039
0 0 0.0162056
0 0 0.0160936
0 0 0.0156811
1 0.0392964 0.0546323
0 0 0.014723
0 0 0.0145792
0 0 0.0144587
0 0 0.0143506
0 0 0.0142955
1 0.0842964 0.098479
0 0 0.0140645
1 0.215334 0.229334
0 0 0.0138078
0 0 0.0136091
0 0 0.0130114
0 0 0.0129768
0 0 0.0129319
0 0 0.0126111
0 0 0.0125731
0 0 0.0125327
0 0 0.012492
1 0.0202725 0.0326314
0 0 0.0122868
0 0 0.0122153
1 0.239957 0.252157
0 0 0.0119753
1 0.0205951 0.0323787
1 0.042088 0.0534543
0 0 0.0112956
1 0.0136191 0.0248062
0 0 0.0110083
0 0 0.0108116
0 0 0.0106421
1 0.0545157 0.0649512
0 0 0.0103032
0 0 0.0102063
0 0 0.0101533
0 0 0.0101471
0 0 0.0101283
1 0.201382 0.211447
2 0.232906 0.24297
0 0 0.010055
0 0 0.0100475
0 0 0.0100312
0 0 0.00997532
0 0 0.00992642
1 0.160562 0.170429
1 0.0215587 0.0307319
0 0 0.00902184
1 0.0761642 0.0851205
1 0.21522 0.223996
0 0 0.00868771
0 0 0.00837445
1 0.140503 0.148799
2 0.171573 0.179866
0 0 0.00809865
0 0 0.00804428
0 0 0.00803593
0 0 0.007989
0 0 0.00789801
0 0 0.00772319
1 0.014902 0.0226245
0 0 0.00760453
0 0 0.00753683
0 0 0.00752906
0 0 0.00741595
0 0 0.00740518
0 0 0.00709805
1 0.0196945 0.026659
0 0 0.00689389
0 0 0.00689083
1 0.0392024 0.0459497
0 0 0.00673001
1 0.00897454 0.0157042
0 0 0.00659595
0 0 0.00653919
1 0.0428973 0.0494085
0 0 0.00649212
1 0.304986 0.31136
0 0 0.00636173
0 0 0.00630151
0 0 0.00626673
0 0 0.00612175
0 0 0.00604387
0 0 0.00603482
0 0 0.00602772
0 0 0.00600037
0 0 0.00593414
0 0 0.0058635
1 0.0915746 0.0974359
1 0.0172349 0.0230909
0 0 0.0058377
1 0.0489045 0.0547149
0 0 0.00580628
1 0.0413096 0.0470619
0 0 0.00572758
0 0 0.00565975
0 0 0.00564154
1 0.0324121 0.0380275
0 0 0.00559909
0 0 0.00555609
1 0.236701 0.242127
1 0.0197943 0.0251921
1 0.0256304 0.0310183
0 0 0.00534597
1 0.0239648 0.0292851
0 0 0.00527425
0 0 0.00520004
1 0.0203086 0.0254967
0 0 0.00517178
1 0.0216832 0.0268348
0 0 0.00515003
0 0 0.00510078
1 0.0412295 0.0462857
0 0 0.00495791
1 0.0418945 0.0468228
1 0.0243445 0.0292712
2 0.273963 0.278864
1 0.0329889 0.0378806
1 0.00634921 0.0111407
0 0 0.00477272
1 0.0140301 0.0187664
0 0 0.00459716
0 0 0.00447679
0 0 0.00447486
0 0 0.00446077
0 0 0.00445274
2 0.0627585 0.0671725
0 0 0.00440348
0 0 0.00437881
0 0 0.00436577
0 0 0.00429205
1 0.0942273 0.0984947
0 0 0.00418494
0 0 0.00412425
0 0 0.0040903
1 0.00743183 0.0115034
0 0 0.00402316
0 0 0.00397237
1 0.070312 0.0742615
0 0 0.00394057
1 0.140047 0.143983
0 0 0.0039194
0 0 0.00380545
1 0.0255371 0.0292977
1 0.0289081 0.0326416
0 0 0.00371682
0 0 0.00369772
0 0 0.00368977
0 0 0.00368602
1 0.100873 0.104557
0 0 0.00364722
2 0.0548335 0.0584609
1 0.0297457 0.0333533
1 0.0261898 0.0297932
1 0.0153305 0.0189208
1 0.0938031 0.0973526
0 0 0.00351821
0 0 0.00351367
1 0.0250002 0.0284776
0 0 0.0034663
1 0.0209121 0.0243401
0 0 0.00342366
1 0.0373653 0.0406329
1 0.0188509 0.0220971
1 0.0344262 0.0376462
1 0.0177664 0.0209773
1 0.039075 0.0422636
1 0.0106829 0.0138688
0 0 0.00317328
1 0.0352336 0.0383705
0 0 0.00312953
0 0 0.00302833
0 0 0.00302648
0 0 0.0030196
1 0.0292438 0.0322585
1 0.00800712 0.010924
1 0.0168523 0.0197515
0 0 0.00282971
2 0.0764362 0.0792212
0 0 0.00277788
1 0.0290317 0.0317969
1 0.0263881 0.0291492
1 0.0216681 0.0243993
0 0 0.00272382
1 0.0399821 0.0426953
1 0.0215729 0.0242846
1 0.00699489 0.00964416
1 0.00787329 0.0104746
1 0.0266529 0.0292206
0 0 0.00250847
1 0.00698805 0.00939364
0 0 0.00240125
0 0 0.00236657
1 0.0062664 0.00862784
0 0 0.0023533
1 0.0323076 0.0346572
2 0.149919 0.152233
2 0.0665334 0.0688158
1 0.0134515 0.0157298
2 0.181645 0.183898
2 0.376536 0.378723
0 0 0.00218162
1 0.0083007 0.010465
0 0 0.00216123
1 0.0291661 0.0312907
2 0.102108 0.104201
1 0.131148 0.133205
0 0 0.00199388
1 0.0114425 0.0134355
1 0.00868161 0.010667
1 0.0357649 0.0377436
1 0.0684477 0.0704133
2 0.0756924 0.0776141
2 0.102091 0.104008
2 0.0321324 0.0340331
0 0 0.00188367
1 0.0266744 0.028537
2 0.0479853 0.0498415
0 0 0.00184153
1 0.00820515 0.0100405
1 0.113951 0.115781
0 0 0.00179472
0 0 0.00178474
0 0 0.00177517
1 0.0872104 0.0889388
1 0.015227 0.0169362
1 0.0279758 0.0296834
0 0 0.00169791
0 0 0.00169515
0 0 0.00167886
1 0.030911 0.0325823
0 0 0.00164867
1 0.0135789 0.0152201
1 0.00893772 0.0105699
0 0 0.0016147
1 0.0306871 0.0322739
0 0 0.0015856
1 0.0143057 0.015873
1 0.0239918 0.0255234
1 0.0419141 0.0434228
1 0.0172245 0.0187121
0 0 0.00147323
0 0 0.00143183
1 0.0319291 0.0333558
1 0.0282768 0.0297011
2 0.0256272 0.027038
1 0.023777 0.0251544
1 0.0227194 0.0240903
1 0.0180569 0.0194108
1 0.217685 0.219037
2 0.0664592 0.0677992
0 0 0.00133103
1 0.00538681 0.00671327
1 0.0118599 0.013181
1 0.0175106 0.0188256
1 0.0116322 0.0129463
1 0.0286323 0.0299445
0 0 0.00129233
1 0.261702 0.262994
2 0.0329769 0.0342508
1 0.0120409 0.0133046
1 0.00619418 0.00744552
1 0.0541544 0.0554006
1 0.00728018 0.00850317
1 0.019332 0.0205539
1 0.0143659 0.015586
0 0 0.00119825
0 0 0.00118216
1 0.0278976 0.0290725
1 0.0479284 0.0490917
1 0.0182083 0.0193519
2 0.0640826 0.0652102
1 0.0295371 0.0306471
1 0.0210637 0.0221579
1 0.00583159 0.00690476
0 0 0.00106881
1 0.0359223 0.0369874
2 0.025862 0.0269205
1 0.00822347 0.00925346
1 0.0110307 0.0120499
2 0.0356711 0.0366898
1 0.0869438 0.0879492
0 0 0.000992331
2 0.0321528 0.0331329
2 0.0536518 0.0546184
1 0.0135653 0.0145314
1 0.146935 0.147866
0 0 0.000917314
1 0.0332283 0.0341394
1 0.0232334 0.0241395
1 0.0559116 0.0568171
1 0.0196496 0.0205242
1 0.0120955 0.0129626
1 0.00303332 0.00390041
1 0.0224948 0.0233391
1 0.00193082 0.00276506
0 0 0.000829689
1 0.029978 0.0307892
1 0.0190372 0.0198398
1 0.0629117 0.0637028
2 0.0608982 0.0616795
1 0.0529419 0.0537201
1 0.00940373 0.0101785
1 0.165973 0.166734
0 0 0.000759051
0 0 0.000753656
1 0.0275134 0.0282645
1 0.0220605 0.0228088
2 0.0178876 0.0186284
1 0.0725292 0.0732615
1 0.0327471 0.0334779
0 0 0.000729644
1 0.133487 0.134215
0 0 0.000715835
1 0.0078372 0.00854268
1 0.0049385 0.00560978
1 0.0517407 0.0524068
0 0 0.000645799
1 0.0108777 0.0115156
1 0.0447973 0.045432
1 0.0626896 0.063319
1 0.0161675 0.0167864
1 0.0403745 0.0409884
1 0.0275299 0.0281365
1 0.0257668 0.0263712
1 0.0597147 0.0603177
1 0.0504269 0.0510075
1 0.0310887 0.0316668
1 0.0319522 0.0325247
0 0 0.000564115
0 0 0.000560679
1 0.0259723 0.0265116
1 0.362984 0.36352
2 0.0528689 0.0534018
0 0 0.000527366
2 0.108522 0.109047
1 0.36806 0.36858
2 0.0526073 0.0531234
1 0.00958965 0.0101013
1 0.00135631 0.00186766
1 0.00886305 0.00937222
2 0.0774049 0.0779059
1 0.0147869 0.0152783
2 0.0226529 0.0231422
2 0.0113296 0.0118175
2 0.0324419 0.0329032
0 0 0.000457667
1 0.0301764 0.0306293
1 0.0622246 0.0626712
1 0.0109095 0.0113545
1 0.0169568 0.0173944
1 0.0254675 0.0259038
1 0.00816678 0.00859657
0 0 0.00042714
2 0.048125 0.0485488
1 0.0029685 0.00339185
2 0.0528579 0.0532726
1 0.0120129 0.0124244
1 0.0244997 0.0249098
2 0.0113824 0.0117894
1 0.0194635 0.0198661
2 0.0110183 0.0114174
1 0.00458563 0.00498418
1 0.0416742 0.0420675
0 0 0.00039298
2 0.0358144 0.0361872
1 0.0629366 0.0633025
1 0.00876123 0.00912635
1 0.0533436 0.0537069
1 0.03711 0.0374692
1 0.0463506 0.0467021
1 0.0204967 0.0208439
2 0.0240684 0.0244142
0 0 0.000334537
1 0.00635679 0.00668882
1 0.0435114 0.0438434
0 0 0.000320241
1 0.00748299 0.00779913
2 0.0109782 0.0112921
1 0.0041041 0.00441475
1 0.0599587 0.0602537
2 0.0679248 0.0682192
1 0.0449286 0.0452216
1 0.0715913 0.0718836
0 0 0.000290371
2 0.0236447 0.0239299
1 0.00945155 0.00973494
1 0.0134168 0.0136995
2 0.0346292 0.0349118
1 0.0352493 0.0355311
2 0.048154 0.0484353
1 0.0210035 0.0212792
2 0.0263881 0.0266594
2 0.013572 0.0138339
1 0.0167416 0.0170032
1 0.00298403 0.00324023
2 0.0104837 0.0107251
1 0.0082857 0.00852329
1 0.0124564 0.0126904
1 0.0834057 0.0836341
1 0.0474615 0.0476874
2 0.046804 0.0470238
1 0.0169183 0.0171362
2 0.016305 0.0165193
2 0.05116 0.0513715
1 0.00737427 0.00758508
1 0.0443555 0.044563
2 0.0431537 0.0433603
1 0.00699642 0.00720214
2 0.236702 0.236904
1 0.0107657 0.0109661
2 0.0228219 0.0230222
2 0.0148051 0.0149996
1 0.0201463 0.0203312
2 0.0171204 0.0173046
1 0.0073759 0.00755785
1 0.0234524 0.0236328
1 0.0206541 0.0208338
1 0.0349509 0.0351252
1 0.0319868 0.0321607
2 0.0620644 0.0622368
2 0.0722166 0.072388
1 0.0321972 0.0323686
1 0.0183054 0.0184753
2 0.0526625 0.0528272
1 0.0457264 0.0458902
1 0.0876246 0.0877806
1 0.0174296 0.0175832
1 0.0102588 0.0104077
1 0.0108385 0.0109852
1 0.0286479 0.0287945
1 0.00457676 0.00472122
1 0.0296074 0.0297498
1 0.033473 0.0336059
1 0.00995201 0.0100838
1 0.00909977 0.00922913
1 0.0145736 0.0146997
2 0.0591047 0.0592279
1 0.0146013 0.0147229
1 0.0357798 0.0358993
1 0.00277904 0.00289779
1 0.00123691 0.00135251
1 0.0151851 0.0152978
1 0.00957227 0.00967952
1 0.0518492 0.0519512
1 0.171309 0.171403
1 0.0222057 0.0222915
2 0.0124538 0.012538
1 0.0351789 0.0352629
1 0.0121296 0.012213
2 0.0492399 0.0493223
1 0.0287536 0.0288357
1 0.0171298 0.0172112
2 0.0259485 0.0260286
2 0.0140787 0.0141584
2 0.0248737 0.0249508
2 0.181289 0.181365
1 0.0285286 0.0286034
2 0.0439112 0.0439852
2 0.0204253 0.0204982
2 0.0450205 0.0450929
1 0.0454683 0.0455385
1 0.0199709 0.0200401
1 0.0148042 0.0148727
1 0.0185381 0.0186065
2 0.00973523 0.00980353
1 0.0148966 0.0149639
1 0.00974377 0.00980915
1 0.00674445 0.00680923
2 0.058217 0.0582783
1 0.0124455 0.0125031
1 0.00350199 0.00355677
1 0.0148185 0.0148705
1 0.0168909 0.0169386
1 0.00666213 0.00670938
1 0.00356949 0.00361552
2 0.0473586 0.0474016
2 0.0157782 0.0158188
1 0.00936735 0.00940647
1 0.00689618 0.00693322
2 0.0324847 0.0325217
2 0.0158529 0.0158862
2 0.0466255 0.0466573
1 0.00862102 0.00865275
1 0.0162449 0.0162756
2 0.0732107 0.0732407
2 0.0293774 0.029407
2 0.0244765 0.024505
2 0.0615649 0.0615928
1 0.00843151 0.00845913
2 0.015192 0.0152174
2 0.104576 0.1046
2 0.0230696 0.0230922
2 0.00754824 0.00757023
1 0.0154711 0.0154928
1 0.0180146 0.0180362
1 0.00712174 0.00714282
1 0.0133305 0.0133514
2 0.0893974 0.0894144
1 0.124137 0.124153
2 0.0484296 0.0484446
1 0.0517809 0.0517954
1 0.045749 0.0457632
1 0.019787 0.019801
1 0.002507 0.00252073
2 0.016866 0.0168786
2 0.252427 0.252438
1 0.00271249 0.00272223
1 0.120683 0.120692
2 0.0200227 0.0200313
2 0.0982308 0.098239
2 0.150189 0.150196
1 0.0461035 0.0461108
1 0.0484156 0.0484226
2 0.0164454 0.0164517
2 0.0186178 0.018624
1 0.0114219 0.0114271
1 0.00905841 0.00906346
2 0.0343421 0.034347
2 0.0565793 0.056584
2 0.0149193 0.0149226
2 0.0421288 0.042131
1 0.0675232 0.0675251
2 0.144563 0.144564
1 0.104459 0.10446
2 0.0025478 0.00254876
1 0.0725142 0.0725152
1 0.00618358 0.00618452
2 0.581522 0.581523
2 0.576084 0.576085
1 0.0423276 0.0423282
2 0.0149684 0.0149689
2 0.0458986 0.0458989
2 0.0732748 0.0732752
2 0.0473931 0.0473932
2 0.0196471 0.0196472
1 0.00231382 0.00231389
1 0.0325349 0.032535
1 0.00232957 0.00232963
2 0.0867724 0.0867724
2 0.0458616 0.0458616
2 0.0235779 0.0235779
