0 0 inf
0 0 0.26514
0 0 0.260851
0 0 0.167022
1 0.120525 0.28623
1 0.276203 0.384703
1 0.038497 0.138619
1 0.0608124 0.1534
0 0 0.0889718
0 0 0.0807323
0 0 0.0762561
0 0 0.0722509
0 0 0.0707566
1 0.304309 0.374749
1 0.288138 0.353772
0 0 0.0626489
0 0 0.0598513
0 0 0.0594671
1 0.0774911 0.133205
1 0.114833 0.167154
1 0.171312 0.221397
0 0 0.0497502
0 0 0.0469495
0 0 0.0445899
0 0 0.0410503
0 0 0.0357968
0 0 0.0356615
1 0.0801527 0.115485
0 0 0.0338935
0 0 0.0330868
0 0 0.0324121
1 0.0818833 0.109656
0 0 0.0243065
0 0 0.0242728
0 0 0.0240527
0 0 0.0232114
1 0.0143444 0.0367123
0 0 0.021453
0 0 0.0214028
1 0.016305 0.0374939
0 0 0.0196763
0 0 0.019637
0 0 0.0193785
0 0 0.0185956
0 0 0.0183365
0 0 0.0182506
0 0 0.0180819
1 0.0279622 0.0459497
1 0.0278493 0.0457145
1 0.0842964 0.102091
0 0 0.0176828
0 0 0.0176054
0 0 0.0168523
0 0 0.0168504
0 0 0.0165886
1 0.0486258 0.0651222
0 0 0.0162537
0 0 0.0161676
0 0 0.0160936
1 0.0349884 0.0507267
0 0 0.0157304
0 0 0.0156811
0 0 0.0153182
0 0 0.015284
1 0.0210773 0.0359165
0 0 0.014723
1 0.0344971 0.0491752
1 0.0425063 0.0571136
0 0 0.0143506
1 0.0215059 0.0356185
0 0 0.0135949
0 0 0.013345
1 0.00945917 0.0226245
0 0 0.0130114
1 0.0871924 0.100042
0 0 0.0126111
0 0 0.0126046
0 0 0.0125731
0 0 0.0124042
0 0 0.0122153
0 0 0.0119753
0 0 0.0119552
1 0.0205951 0.0323787
0 0 0.011664
1 0.0200537 0.0311691
0 0 0.0110083
0 0 0.0103999
0 0 0.0102412
0 0 0.0101533
0 0 0.0101471
1 0.201382 0.211447
1 0.0158971 0.025928
0 0 0.00997532
0 0 0.00992642
0 0 0.00916003
0 0 0.00902184
1 0.0761642 0.0851205
0 0 0.00885554
0 0 0.00881928
0 0 0.00868771
0 0 0.00855053
1 0.140503 0.148799
0 0 0.00812254
0 0 0.00803593
0 0 0.007989
0 0 0.00795521
0 0 0.00794052
0 0 0.00789801
1 0.0534682 0.0613401
0 0 0.00779463
0 0 0.00769889
0 0 0.00756739
0 0 0.00752906
0 0 0.00748299
0 0 0.0074465
0 0 0.00743183
1 0.042088 0.0494085
0 0 0.0070827
1 0.0435114 0.0505274
0 0 0.00699489
0 0 0.00684611
0 0 0.00683188
0 0 0.0068045
0 0 0.00673001
0 0 0.00666213
0 0 0.00659595
0 0 0.00651239
0 0 0.00650664
0 0 0.00633715
0 0 0.00630151
0 0 0.00626673
0 0 0.00615734
0 0 0.00610779
0 0 0.00604387
0 0 0.00602772
0 0 0.0059793
1 0.0401197 0.0460797
1 0.0196945 0.0255593
1 0.0915746 0.0974359
0 0 0.0058377
0 0 0.00580628
0 0 0.00570526
1 0.113049 0.118723
0 0 0.00559429
0 0 0.00555609
0 0 0.00543412
1 0.00778755 0.013164
0 0 0.00526381
1 0.0203086 0.0254967
1 0.0775671 0.0827524
0 0 0.00516897
1 0.165973 0.171127
0 0 0.00515003
1 0.0920759 0.0970579
1 0.122494 0.127468
1 0.198153 0.203058
0 0 0.0048216
1 0.0104199 0.0152143
0 0 0.00477272
1 0.0833001 0.0880645
0 0 0.00476127
1 0.0177863 0.0224649
0 0 0.00462352
1 0.00624155 0.0107481
0 0 0.00447693
0 0 0.00446077
0 0 0.00445659
0 0 0.00445274
0 0 0.00440348
0 0 0.00437881
1 0.00812913 0.0124295
1 0.0467611 0.0509461
0 0 0.00418494
0 0 0.00415552
0 0 0.00414977
0 0 0.00410526
0 0 0.0041041
0 0 0.0040903
1 0.0382088 0.0422669
0 0 0.00402316
0 0 0.00399069
0 0 0.00391814
1 0.364104 0.368015
1 0.0118599 0.0157042
0 0 0.00383178
1 0.00728018 0.0110183
0 0 0.003723
0 0 0.00372154
0 0 0.00371682
1 0.025083 0.0287947
1 0.0916409 0.0953432
0 0 0.00369772
0 0 0.00369709
0 0 0.00351536
0 0 0.00351367
0 0 0.00342366
1 0.0472758 0.0506393
0 0 0.00332817
1 0.0712598 0.074582
1 0.183113 0.186435
1 0.0188509 0.0220885
0 0 0.00322091
1 0.0106829 0.0138688
1 0.0227194 0.025862
0 0 0.00313571
0 0 0.00302833
1 0.0276237 0.0306471
1 0.0292438 0.0322585
0 0 0.003005
0 0 0.0029685
1 0.0240725 0.027002
0 0 0.0028606
0 0 0.00284563
1 0.0157237 0.0185121
0 0 0.00277669
1 0.0263881 0.0291492
0 0 0.00272382
1 0.00908849 0.0117556
1 0.0257668 0.0283944
1 0.0228415 0.025466
1 0.00766655 0.01029
1 0.0424421 0.0450653
0 0 0.00260896
1 0.00947554 0.0120803
1 0.129994 0.13259
1 0.00698805 0.00939364
0 0 0.00236657
2 0.149919 0.152233
0 0 0.00230754
0 0 0.00230489
1 0.0134515 0.0157298
1 0.0332097 0.0354619
2 0.376536 0.378723
1 0.0872104 0.0893974
1 0.0186533 0.0208338
0 0 0.00216123
1 0.022063 0.0242093
0 0 0.00213228
2 0.0357143 0.0378215
0 0 0.00210576
0 0 0.00209217
0 0 0.00207871
0 0 0.00202405
1 0.364671 0.36667
2 0.0996697 0.101661
1 0.0357649 0.0377436
1 0.0078372 0.00979807
1 0.244333 0.246276
1 0.0392964 0.0412332
0 0 0.00193082
0 0 0.00189914
1 0.00868161 0.0105739
0 0 0.00188367
0 0 0.00187577
1 0.126585 0.128459
1 0.0832718 0.0851434
0 0 0.00184153
1 0.0140645 0.015873
1 0.0492063 0.0509187
0 0 0.00169791
0 0 0.00169704
0 0 0.00169007
1 0.0335458 0.0352249
1 0.0144389 0.0161123
0 0 0.00164867
1 0.017511 0.0191389
1 0.0107852 0.0124111
2 0.0955163 0.0971394
1 0.00705481 0.00866972
1 0.0201484 0.0217632
1 0.00800712 0.0096084
0 0 0.00159995
0 0 0.0015856
1 0.0332983 0.0348709
0 0 0.00153916
1 0.0150966 0.0166308
2 0.0377364 0.0392528
1 0.0172245 0.0187121
0 0 0.00147323
0 0 0.0014732
2 0.0347882 0.0362607
0 0 0.00147151
1 0.066944 0.0683633
1 0.275964 0.277383
2 0.0256272 0.027038
1 0.226722 0.228127
0 0 0.00139161
1 0.023777 0.0251544
1 0.0180569 0.0194108
1 0.217685 0.219037
2 0.0404105 0.0417541
2 0.0351449 0.0364859
0 0 0.00133103
1 0.00538681 0.00671327
1 0.0286323 0.0299445
1 0.0189857 0.0202807
2 0.0329769 0.0342508
1 0.00458563 0.00585848
1 0.0188414 0.0201022
1 0.00619418 0.00744552
0 0 0.0012098
1 0.011776 0.012963
0 0 0.00118216
2 0.201714 0.202885
1 0.0116322 0.0127993
1 0.0479284 0.0490917
0 0 0.00115115
1 0.0182083 0.0193519
1 0.0138921 0.0149956
1 0.0210637 0.0221579
1 0.0491187 0.0502018
1 0.00583159 0.00690476
0 0 0.00106881
1 0.143509 0.144563
2 0.0220971 0.0231422
1 0.0162116 0.0172479
1 0.00855237 0.00957954
1 0.00838377 0.0093895
1 0.0869438 0.0879492
1 0.00740518 0.00840346
0 0 0.000992331
2 0.0536518 0.0546184
1 0.0118807 0.0128226
1 0.146935 0.147866
1 0.00510078 0.00602147
1 0.03711 0.0380275
0 0 0.000917314
0 0 0.000916779
1 0.0285949 0.0295076
1 0.0163354 0.017242
1 0.00719703 0.00809216
1 0.0277697 0.0286641
1 0.0120955 0.0129896
0 0 0.000890701
2 0.0350563 0.0359114
1 0.0392024 0.0400503
1 0.0057738 0.00661612
1 0.034136 0.0349779
1 0.029978 0.0307892
1 0.0200088 0.0207921
1 0.0238162 0.0245782
0 0 0.000759051
0 0 0.000753656
2 0.0178876 0.0186284
1 0.00974377 0.0104837
0 0 0.000729644
1 0.029345 0.0300702
0 0 0.000715835
1 0.0328532 0.0335678
1 0.00510261 0.00581217
2 0.0378806 0.038567
1 0.0180098 0.0186826
1 0.0049385 0.00560978
1 0.0263029 0.0269581
0 0 0.000645799
1 0.0108777 0.0115156
2 0.10005 0.100674
1 0.0051762 0.00579261
1 0.0403745 0.0409884
1 0.0442821 0.0448903
1 0.0275299 0.0281365
0 0 0.000568377
1 0.0309019 0.0314684
0 0 0.000564115
0 0 0.000560679
2 0.0351664 0.0357166
1 0.0263359 0.0268763
1 0.36806 0.36858
2 0.0528689 0.0533884
1 0.00687974 0.0073941
1 0.00135631 0.00186766
2 0.0441331 0.0446414
1 0.0598712 0.0603689
1 0.0147869 0.0152783
1 0.0108385 0.0113296
2 0.0274978 0.027986
1 0.00879652 0.00927787
1 0.0232972 0.0237707
0 0 0.000457667
1 0.0496497 0.0501038
1 0.0254044 0.0258561
1 0.0644857 0.0649328
1 0.0109095 0.0113545
1 0.105117 0.105556
1 0.0431612 0.0435971
1 0.0338759 0.03431
2 0.0350317 0.0354651
1 0.00816678 0.00859657
1 0.0146547 0.0150809
2 0.116587 0.117
1 0.0207577 0.0211675
1 0.0161473 0.0165541
1 0.0413096 0.0417094
1 0.037202 0.0375961
0 0 0.00039298
2 0.0401095 0.040497
1 0.153545 0.15393
2 0.14828 0.148651
1 0.00617454 0.00654316
0 0 0.000368057
1 0.0143057 0.0146707
2 0.150016 0.150377
0 0 0.000360134
1 0.0212218 0.0215774
2 0.0239603 0.0243122
1 0.0463506 0.0467021
1 0.0121296 0.0124745
1 0.0158791 0.0162184
0 0 0.000334537
1 0.00635679 0.00668882
2 0.0297917 0.0301135
0 0 0.000320241
2 0.0109782 0.0112921
2 0.0126989 0.0130124
1 0.0307695 0.0310803
2 0.0110673 0.0113673
2 0.0188014 0.0190982
1 0.0599587 0.0602537
0 0 0.000290371
1 0.127136 0.127425
1 0.0148042 0.0150886
2 0.0398821 0.040165
1 0.0268721 0.0271525
1 0.0338842 0.0341577
2 0.149656 0.149927
2 0.0330448 0.033315
1 0.0329889 0.0332544
1 0.0208884 0.0211495
1 0.0120409 0.0123013
1 0.00298403 0.00324023
1 0.00913222 0.00938518
1 0.0120129 0.0122654
1 0.0204434 0.020688
1 0.00218162 0.00241793
1 0.0319868 0.0322227
2 0.0220565 0.0222918
2 0.234329 0.234562
1 0.0204967 0.0207267
1 0.0834057 0.0836341
2 0.0452216 0.0454489
1 0.0449286 0.0451559
1 0.0128104 0.0130344
2 0.0297863 0.0300078
2 0.017874 0.0180948
2 0.016305 0.0165193
1 0.0200471 0.0202603
1 0.0180421 0.0182506
2 0.0228219 0.0230222
1 0.0373809 0.0375812
1 0.148038 0.148234
1 0.0295371 0.0297258
1 0.0111788 0.0113658
1 0.0129587 0.0131428
1 0.00603482 0.00621787
2 0.141097 0.14128
1 0.0292158 0.0293964
1 0.0349509 0.0351252
1 0.00705063 0.00722197
1 0.00917854 0.00934904
1 0.0590244 0.0591945
1 0.0183054 0.0184753
1 0.017987 0.0181435
2 0.442135 0.442291
1 0.031501 0.0316555
2 0.0259152 0.0260663
1 0.0323319 0.0324831
1 0.0398438 0.0399932
1 0.0286479 0.0287945
1 0.0626896 0.0628312
2 0.0164581 0.016597
2 0.0224767 0.0226095
1 0.0319339 0.0320664
1 0.00804897 0.00817972
1 0.00910158 0.00922944
1 0.0123005 0.0124283
2 0.0378726 0.037998
1 0.00277904 0.00289779
1 0.0185948 0.018712
2 0.0179271 0.0180417
2 0.0615649 0.0616795
1 0.00873363 0.00884718
2 0.0317811 0.0318933
2 0.0546323 0.0547355
1 0.0518492 0.0519512
1 0.00667379 0.00677506
1 0.0257578 0.0258567
1 0.0348696 0.0349679
2 0.0124244 0.0125216
1 0.0726044 0.0726988
1 0.0171298 0.0172112
1 0.0148035 0.0148839
2 0.0140787 0.0141584
2 0.00833348 0.00841192
1 0.00183274 0.00191001
2 0.097146 0.0972211
1 0.0285286 0.0286034
1 0.0523555 0.0524239
1 0.0148966 0.0149639
1 0.00674445 0.00680923
2 0.0339777 0.0340383
1 0.44203 0.44209
1 0.0208198 0.0208777
1 0.0124455 0.0125031
1 0.0247532 0.02481
1 0.0115157 0.0115717
1 0.00350199 0.00355677
1 0.00736237 0.00741528
1 0.0148185 0.0148705
2 0.0349876 0.0350379
1 0.00634921 0.00639922
1 0.00499551 0.00504327
1 0.00356949 0.00361552
1 0.0284093 0.0284526
1 0.0352336 0.035275
1 0.00936735 0.00940647
2 0.100436 0.100475
1 0.0196496 0.019687
2 0.0145778 0.014615
2 0.107597 0.107633
2 0.0150709 0.0151065
1 0.00312953 0.00316512
2 0.026659 0.0266918
2 0.128799 0.128832
1 0.00862102 0.00865275
1 0.0405437 0.040575
1 0.00269157 0.00272287
1 0.0162449 0.0162756
2 0.0372301 0.0372603
1 0.00347413 0.00350438
2 0.0117467 0.0117769
1 0.00843151 0.00845913
1 0.168416 0.168443
1 0.0428973 0.0429231
1 0.0209564 0.0209805
1 0.117282 0.117304
1 0.0180146 0.0180362
2 0.00357959 0.0036008
2 0.0323359 0.0323567
2 0.0722166 0.0722372
1 0.0424896 0.042508
2 0.0954333 0.0954491
1 0.0233166 0.0233324
2 0.0357934 0.0358076
1 0.019787 0.019801
1 0.002507 0.00252073
1 0.0259723 0.025986
1 0.0279873 0.0280008
2 0.0151304 0.0151436
1 0.00260725 0.00261972
1 0.0111374 0.0111498
1 0.0389354 0.0389455
1 0.00271249 0.00272223
1 0.0105724 0.0105815
2 0.442257 0.442266
2 0.150189 0.150196
2 0.0204885 0.0204952
2 0.0164454 0.0164517
1 0.0715913 0.0715975
2 0.0186178 0.018624
2 0.00868977 0.00869506
1 0.00905841 0.00906346
2 0.063319 0.0633236
2 0.018929 0.018933
2 0.0151525 0.0151559
2 0.0406856 0.0406885
1 0.00610571 0.00610834
1 0.0125203 0.0125223
1 0.0105528 0.0105547
1 0.00955961 0.00956132
2 0.0106376 0.0106392
1 0.0378909 0.0378921
1 0.0021185 0.00211954
1 0.0145494 0.0145504
2 0.0025478 0.00254876
2 0.0277619 0.0277627
2 0.048154 0.0481548
1 0.0455269 0.0455276
2 0.0126291 0.0126297
1 0.0284986 0.0284992
1 0.0423276 0.0423282
1 0.0338433 0.0338436
2 0.0126244 0.0126245
1 0.00231382 0.00231389
2 0.137636 0.137636
1 0.0126243 0.0126243
