0 0 inf
0 0 0.501255
0 0 0.16539
1 0.149695 0.290381
1 0.0629729 0.190644
1 0.0304789 0.145293
0 0 0.111621
1 0.16415 0.272461
0 0 0.0928276
0 0 0.0789469
0 0 0.0776718
1 0.505179 0.582454
0 0 0.0721743
0 0 0.0643261
0 0 0.0626498
1 0.107634 0.168949
0 0 0.0532209
1 0.114358 0.16655
0 0 0.0515439
0 0 0.0512575
0 0 0.0500486
0 0 0.0494008
1 0.0389925 0.0848136
0 0 0.0456726
0 0 0.0443649
0 0 0.0438003
0 0 0.0437653
0 0 0.0426005
1 0.0984882 0.140812
0 0 0.0397468
0 0 0.0395058
0 0 0.038856
0 0 0.0385914
1 0.0345463 0.0727567
1 0.123385 0.15889
0 0 0.0352306
0 0 0.0321962
1 0.100638 0.131721
0 0 0.0291119
0 0 0.0290944
0 0 0.0284493
0 0 0.0283612
0 0 0.0260744
0 0 0.0258478
1 0.176238 0.201998
0 0 0.0253779
0 0 0.0248449
0 0 0.024843
0 0 0.0242877
0 0 0.0242471
1 0.0879594 0.110511
1 0.0153655 0.0373626
1 0.0965607 0.118289
0 0 0.0217259
1 0.036611 0.0579329
0 0 0.0213115
1 0.0582384 0.0793227
0 0 0.0209719
0 0 0.0206273
0 0 0.0204872
0 0 0.0197378
0 0 0.0193462
0 0 0.0186642
0 0 0.0186156
1 0.019266 0.0375213
0 0 0.0170438
1 0.200309 0.21735
1 0.0588162 0.0758244
0 0 0.0167797
2 0.261681 0.278345
0 0 0.0165312
0 0 0.0164987
0 0 0.0160741
0 0 0.0154769
1 0.180913 0.196318
1 0.0442173 0.0595074
0 0 0.0152488
0 0 0.0148059
0 0 0.0147886
1 0.0973049 0.11198
1 0.0443435 0.0588378
0 0 0.0141592
0 0 0.0141294
0 0 0.0141055
0 0 0.0140673
1 0.0283084 0.0423141
0 0 0.0138737
0 0 0.0137693
1 0.0725875 0.0863202
0 0 0.0137261
1 0.0171814 0.030789
0 0 0.0133632
1 0.0329075 0.04611
0 0 0.0131007
0 0 0.0128999
0 0 0.0128917
1 0.0885004 0.101357
0 0 0.0126758
0 0 0.012645
0 0 0.0123353
0 0 0.0120866
0 0 0.0120516
0 0 0.011871
1 0.0188563 0.0307198
0 0 0.0118567
0 0 0.0118087
2 0.211739 0.223386
0 0 0.0116404
1 0.0851945 0.0966639
0 0 0.0112779
1 0.0855757 0.0967839
0 0 0.0110903
0 0 0.011077
1 0.0672203 0.0781832
1 0.225474 0.236422
1 0.0414783 0.0522644
0 0 0.0106009
0 0 0.0104527
0 0 0.0104498
1 0.0409183 0.0512059
0 0 0.0100274
1 0.015274 0.0252953
1 0.0663093 0.076279
0 0 0.00991877
1 0.133171 0.142961
0 0 0.00976426
0 0 0.00970297
0 0 0.009596
0 0 0.00947726
0 0 0.00939053
2 0.108175 0.117552
1 0.508318 0.517687
0 0 0.00924549
0 0 0.00924264
1 0.0328312 0.0419393
1 0.0372348 0.0461241
0 0 0.00870234
0 0 0.00870094
1 0.0199313 0.0285949
0 0 0.0085481
0 0 0.00854637
0 0 0.00852333
0 0 0.00840199
0 0 0.00839083
0 0 0.00826958
0 0 0.00826215
0 0 0.00824564
0 0 0.00820037
1 0.0839437 0.0920041
0 0 0.00802751
1 0.190324 0.198289
0 0 0.00780372
1 0.03138 0.0391807
0 0 0.00766076
1 0.0240624 0.0316884
1 0.0787579 0.0863821
0 0 0.0076128
1 0.0165227 0.0241099
0 0 0.00752335
1 0.059071 0.0665414
2 0.121657 0.129083
0 0 0.00732052
1 0.0107025 0.0177929
0 0 0.00696931
0 0 0.00695773
0 0 0.0068919
1 0.0400052 0.0468602
0 0 0.00666992
0 0 0.00658104
1 0.0216339 0.0280761
2 0.112268 0.118702
0 0 0.00642202
0 0 0.00637169
1 0.0879979 0.0943377
0 0 0.00633689
1 0.104856 0.111084
0 0 0.00620825
1 0.0185493 0.0246469
0 0 0.00608028
0 0 0.0060418
0 0 0.00602589
0 0 0.00596698
1 0.0171864 0.0231104
0 0 0.00591992
1 0.0711098 0.0770069
0 0 0.00589032
0 0 0.005824
0 0 0.00579732
1 0.0992162 0.105011
1 0.136104 0.141879
0 0 0.00568605
1 0.0171497 0.0227912
1 0.218055 0.223666
0 0 0.00557666
0 0 0.00556361
0 0 0.00552581
0 0 0.00545331
1 0.0315248 0.0369753
0 0 0.00542742
0 0 0.00541566
1 0.0816299 0.0870434
0 0 0.00538792
0 0 0.00538405
1 0.183275 0.188622
1 0.0261088 0.0313249
0 0 0.00520064
0 0 0.00515848
0 0 0.00514655
0 0 0.00509562
1 0.0107719 0.0158191
0 0 0.00502695
2 0.0484234 0.0533808
1 0.0113743 0.0163233
1 0.0167952 0.021666
1 0.0175912 0.0224396
1 0.0386783 0.0435171
0 0 0.00482585
1 0.0276477 0.0324177
0 0 0.00466922
0 0 0.00466192
0 0 0.00465548
1 0.0659341 0.070517
1 0.254377 0.258953
0 0 0.00457183
0 0 0.0045469
0 0 0.00447917
0 0 0.00446981
1 0.0222224 0.0266581
2 0.0850926 0.0895272
1 0.0621661 0.0665807
0 0 0.00439078
1 0.157912 0.162284
0 0 0.00436345
0 0 0.00435199
1 0.015616 0.0199572
0 0 0.00427991
1 0.014349 0.0186045
1 0.0326081 0.0368498
0 0 0.00415737
0 0 0.00414792
0 0 0.00407789
0 0 0.00395213
1 0.0333978 0.0373225
0 0 0.00392224
1 0.0243071 0.0282289
1 0.130792 0.134712
1 0.025257 0.0291558
1 0.0156046 0.0194904
0 0 0.00379141
1 0.0315157 0.0352975
2 0.0802032 0.0839648
1 0.00964862 0.0134095
1 0.0319633 0.0357189
1 0.0524546 0.0561927
0 0 0.00369429
0 0 0.00357942
1 0.0583966 0.061832
1 0.0653273 0.0686707
1 0.00925909 0.0125772
2 0.291934 0.295199
1 0.014995 0.0182315
1 0.00795878 0.0111483
1 0.0213501 0.0245282
1 0.0125381 0.0156228
1 0.0061647 0.00918099
1 0.0170877 0.0200883
1 0.0482198 0.0512149
2 0.105167 0.108155
1 0.0307123 0.0336791
1 0.00949589 0.0124537
1 0.0151478 0.0180861
1 0.260069 0.262998
1 0.0126566 0.0155509
1 0.00884548 0.0117182
0 0 0.00280777
1 0.0307236 0.0335017
1 0.0542272 0.0569999
1 0.0195944 0.0223462
2 0.213028 0.215762
0 0 0.00272997
1 0.038927 0.041645
0 0 0.00270358
0 0 0.00259129
1 0.00997163 0.0125574
0 0 0.00256078
2 0.0469592 0.0494475
0 0 0.00243749
2 0.309392 0.311793
1 0.0128077 0.0152014
1 0.00866417 0.0110325
0 0 0.00233375
1 0.0093505 0.0116736
0 0 0.00232205
1 0.0172273 0.0195263
0 0 0.00228824
1 0.0240733 0.0263427
0 0 0.00221929
1 0.016821 0.0190355
2 0.085184 0.0873732
0 0 0.00215918
0 0 0.00215583
0 0 0.00215186
0 0 0.00213616
1 0.034489 0.0365838
2 0.299776 0.301866
1 0.0233049 0.025392
1 0.0252412 0.0273133
1 0.27458 0.276645
1 0.0137532 0.0158124
1 0.0101361 0.0121764
0 0 0.00200379
1 0.0227738 0.0247746
1 0.0656807 0.0676552
1 0.0510027 0.0529735
1 0.00930924 0.0112095
1 0.0179755 0.0198389
0 0 0.00184423
1 0.0259601 0.0277906
0 0 0.00182502
1 0.0346752 0.0364917
1 0.0160995 0.0179087
0 0 0.00179388
0 0 0.00178644
1 0.00858012 0.0103662
1 0.009607 0.011379
1 0.0405016 0.0422588
2 0.0310893 0.0328435
1 0.0715231 0.0732565
1 0.0158558 0.0175858
0 0 0.00170212
1 0.102652 0.104342
1 0.0647585 0.0664082
0 0 0.00164759
2 0.0874119 0.0890013
0 0 0.00158027
2 0.08327 0.0848454
1 0.0101719 0.011727
2 0.0358451 0.03737
1 0.0377164 0.0392186
2 0.0854281 0.0869118
0 0 0.00148124
0 0 0.00140497
1 0.116558 0.117955
1 0.0214513 0.0228476
1 0.307388 0.308778
1 0.0228466 0.0242251
2 0.225342 0.226706
1 0.0147251 0.0160505
1 0.0341505 0.0354708
1 0.0889747 0.0902893
2 0.213531 0.214826
1 0.0139197 0.0152094
1 0.0294611 0.0307383
2 0.116058 0.117319
2 0.106262 0.107513
1 0.0175262 0.0187641
2 0.0448338 0.0460508
2 0.201033 0.202232
0 0 0.00117782
1 0.0308176 0.0319876
1 0.0239534 0.0251066
1 0.00941771 0.0105699
1 0.062641 0.0637878
1 0.0133883 0.0145136
0 0 0.00111972
1 0.123065 0.124181
1 0.00381876 0.00492311
2 0.153583 0.154665
2 0.252404 0.25347
1 0.0270101 0.0280735
0 0 0.00101221
0 0 0.00100801
1 0.0571826 0.0581885
1 0.0628201 0.0638217
2 0.0174723 0.0184561
2 0.0243844 0.0253558
0 0 0.000969732
1 0.0444031 0.0453723
1 0.0370435 0.0380069
1 0.0264006 0.0273468
0 0 0.000945608
2 0.0690069 0.0699504
1 0.00981245 0.0107448
1 0.0254691 0.0263992
1 0.0072575 0.00818598
2 0.0380359 0.0389596
1 0.0791223 0.0800253
1 0.00470172 0.00560465
0 0 0.000887732
2 0.0249452 0.0258254
1 0.00609141 0.00697148
1 0.0712931 0.0721665
1 0.0660589 0.0669168
1 0.084054 0.0849082
0 0 0.000839932
2 0.0920527 0.0928907
1 0.0789166 0.0797471
2 0.0287726 0.0296023
2 0.0307618 0.0315867
1 0.014457 0.0152809
0 0 0.000820611
1 0.0220406 0.0228602
1 0.105374 0.10619
1 0.199693 0.200498
0 0 0.000793252
2 0.0468441 0.0476289
0 0 0.000778606
0 0 0.000774598
2 0.0222854 0.0230482
1 0.127424 0.128172
1 0.0290873 0.0297869
1 0.0167779 0.0174766
1 0.0206232 0.0213209
1 0.0209985 0.0216953
2 0.026808 0.0274997
1 0.0747086 0.0753976
1 0.0101236 0.0108098
1 0.0335885 0.0342746
1 0.00259103 0.00327002
1 0.0127756 0.0134497
2 0.0364407 0.037093
1 0.0355672 0.0362192
1 0.0215739 0.0222212
0 0 0.000646886
2 0.037709 0.0383532
1 0.0788819 0.07952
1 0.0856076 0.0862368
1 0.00706248 0.00768802
2 0.0114224 0.0120444
1 0.0251561 0.0257738
1 0.0135599 0.0141714
1 0.103173 0.10378
1 0.0228215 0.0234275
1 0.0461855 0.0467793
1 0.00656666 0.00715258
1 0.0115887 0.0121711
1 0.0682906 0.0688726
1 0.0175288 0.0181006
2 0.0488583 0.0494203
1 0.0256981 0.0262435
2 0.277067 0.277612
1 0.0247629 0.0252987
1 0.0341539 0.0346772
2 0.0220784 0.0225992
1 0.0233364 0.0238519
1 0.0779101 0.0784176
0 0 0.000507418
1 0.0305869 0.0310942
2 0.0395573 0.040063
2 0.281269 0.281763
2 0.0127842 0.0132755
0 0 0.000487703
1 0.00770301 0.00817862
1 0.00887781 0.00934092
1 0.0144367 0.0148996
2 0.0580152 0.0584749
1 0.218389 0.218838
1 0.0027405 0.00317535
1 0.0374285 0.0378583
2 0.0539666 0.0543838
0 0 0.00041629
1 0.0110622 0.0114728
1 0.0115208 0.011923
2 0.0263492 0.026749
1 0.00677188 0.0071716
1 0.0443904 0.0447845
2 0.0186272 0.0190143
1 0.00432646 0.00471231
1 0.00342856 0.0038143
1 0.00882659 0.00921145
1 0.264588 0.264966
2 0.0988857 0.0992571
1 0.0453959 0.0457657
1 0.1315 0.13187
2 0.0158711 0.0162348
1 0.0189362 0.0192857
1 0.168965 0.169303
2 0.0614338 0.0617683
1 0.0110817 0.0114067
2 0.0744814 0.0748049
1 0.0102195 0.0105362
1 0.0358578 0.0361726
1 0.127547 0.127854
1 0.0378397 0.0381448
1 0.0202002 0.0204993
1 0.010715 0.011014
1 0.140371 0.140669
1 0.0417832 0.0420686
2 0.02768 0.0279647
1 0.0572102 0.0574945
2 0.0384653 0.0387477
1 0.0226194 0.022898
2 0.030967 0.0312411
1 0.0318105 0.0320843
2 0.584766 0.585037
2 0.0336491 0.0339161
1 0.580808 0.581067
1 0.251106 0.251352
1 0.0389198 0.0391628
1 0.0441617 0.0444016
1 0.0300892 0.0303218
1 0.0145261 0.0147535
1 0.0425161 0.0427328
1 0.0263112 0.0265271
1 0.0191251 0.0193408
1 0.0178713 0.0180762
1 0.00126456 0.0014683
2 0.0302028 0.0304022
1 0.0170288 0.0172246
2 0.0244499 0.0246398
1 0.00781229 0.0079927
2 0.223834 0.224012
2 0.292283 0.292461
1 0.00333416 0.00350774
1 0.021753 0.0219265
2 0.112327 0.112499
1 0.0349766 0.0351417
1 0.0105196 0.0106831
2 0.0149066 0.0150699
1 0.102427 0.102591
1 0.0126793 0.0128389
2 0.0467545 0.0469092
0 0 0.000154393
2 0.033984 0.0341343
2 0.0199954 0.0201438
1 0.00177269 0.00192002
2 0.218911 0.219053
1 0.00100724 0.00114924
2 0.233115 0.233253
1 0.255036 0.255173
2 0.0206957 0.020832
2 0.143102 0.143238
2 0.0339256 0.0340589
1 0.0245753 0.0247084
1 0.0410677 0.0411897
1 0.0204078 0.0205294
1 0.055524 0.0556421
1 0.0486437 0.0487561
2 0.0473606 0.0474718
1 0.0105966 0.0107065
2 0.0767822 0.0768848
2 0.0312323 0.0313344
0 0 0.00010132
1 0.0329128 0.0330141
1 0.0307778 0.0308746
1 0.169024 0.16912
2 0.0251534 0.0252485
1 0.060535 0.0606284
1 0.0192554 0.0193485
2 0.120688 0.120775
1 0.0246728 0.0247587
1 0.036007 0.0360903
1 0.00223186 0.00231445
2 0.0212329 0.0213136
2 0.116563 0.116643
2 0.0374051 0.0374828
2 0.0229019 0.0229779
1 0.00219066 0.00226445
1 0.0375311 0.0376041
1 0.0557756 0.0558483
2 0.0315026 0.031575
1 0.193146 0.193217
1 0.0319033 0.0319745
1 0.00882399 0.00889471
1 0.0173217 0.01739
2 0.110096 0.110164
1 0.0463656 0.0464324
2 0.218565 0.21863
2 0.019849 0.0199128
1 0.0204577 0.0205204
1 0.0140123 0.0140744
2 0.0618719 0.061929
2 0.0267717 0.0268277
1 0.0534695 0.0535242
1 0.0806151 0.0806693
2 0.0629616 0.0630157
1 0.0177147 0.0177602
1 0.0348631 0.0349073
1 0.0100215 0.0100642
1 0.00149744 0.00153761
1 0.0370239 0.0370636
1 0.0294844 0.0295189
2 0.00331087 0.00334388
1 0.0228472 0.0228765
1 0.0260825 0.0261107
1 0.0153251 0.0153532
1 0.0196755 0.0197012
1 0.0184198 0.018444
1 0.0112834 0.0113073
1 0.0338545 0.0338782
1 0.0417261 0.0417493
1 0.0147687 0.0147916
2 0.0764561 0.076479
2 0.0267309 0.0267537
1 0.0315231 0.0315447
2 0.0175137 0.0175345
2 0.0380304 0.0380511
1 0.022866 0.0228862
1 0.007021 0.00704057
1 0.0193276 0.0193471
2 0.0460853 0.0461046
2 0.0371491 0.0371682
1 0.00726187 0.00728105
2 0.0191239 0.0191429
1 0.0208076 0.0208265
2 0.016864 0.0168814
2 0.0628003 0.0628166
1 0.0336734 0.0336893
1 0.00763934 0.00765518
2 0.0385772 0.0385899
2 0.058207 0.0582193
1 0.0110799 0.011092
1 0.00901195 0.0090228
2 0.0320703 0.0320803
1 0.014125 0.0141347
2 0.0414251 0.0414343
1 0.0540877 0.0540963
2 0.251461 0.251469
1 0.0908895 0.0908971
1 0.0197122 0.0197194
1 0.0155718 0.0155787
1 0.0244147 0.0244213
2 0.0128369 0.012843
1 0.0480679 0.0480738
2 0.0518498 0.0518555
1 0.0171321 0.017137
1 0.0138285 0.0138329
1 0.0175238 0.0175281
1 0.0906518 0.0906562
2 0.031827 0.0318312
2 0.089513 0.0895165
2 0.024801 0.0248045
2 0.0490271 0.0490305
1 0.00482323 0.00482639
2 0.0264 0.0264031
1 0.607123 0.607126
2 0.347988 0.347991
2 0.0342589 0.0342617
2 0.0365574 0.0365601
2 0.123979 0.123982
1 0.198251 0.198254
1 0.0489186 0.0489205
1 0.234379 0.23438
2 0.0123638 0.0123645
1 0.0436429 0.0436435
1 0.218391 0.218391
1 0.0132736 0.013274
2 0.0372672 0.0372675
1 0.00406429 0.00406445
2 0.0480994 0.0480996
2 0.0394526 0.0394526
