0 0 inf
0 0 0.0964848
0 0 0.0403094
0 0 0.0305846
0 0 0.0292022
0 0 0.0216062
1 0.0125558 0.0318996
0 0 0.0178611
0 0 0.0175758
0 0 0.0156956
0 0 0.0154949
0 0 0.0149483
0 0 0.0143828
1 0.0151838 0.0294855
0 0 0.0141566
1 0.0102529 0.0243279
0 0 0.01288
1 0.0126918 0.0251126
0 0 0.0123342
1 0.0108602 0.0228825
0 0 0.011964
0 0 0.0115448
2 0.0313199 0.0428071
0 0 0.011043
0 0 0.0108585
0 0 0.01084
0 0 0.0103256
0 0 0.0103194
0 0 0.010014
0 0 0.0097673
0 0 0.00968593
1 0.0441161 0.0537724
0 0 0.00953318
1 0.0400793 0.0494092
0 0 0.00899962
0 0 0.00897844
0 0 0.0086582
0 0 0.00859379
0 0 0.00855434
0 0 0.00851046
0 0 0.00839509
0 0 0.00826031
0 0 0.00817629
0 0 0.0081588
0 0 0.00811268
0 0 0.00805928
0 0 0.00791203
0 0 0.00789143
1 0.0188001 0.0265658
1 0.0533057 0.0610286
0 0 0.00769935
0 0 0.00769395
0 0 0.00767829
0 0 0.0073731
0 0 0.0071033
0 0 0.00705234
1 0.0416898 0.0487227
1 0.00898126 0.0159749
0 0 0.00678437
0 0 0.00667543
0 0 0.0066644
0 0 0.00656493
1 0.0136714 0.0200564
1 0.0586609 0.0647658
0 0 0.00608148
1 0.0160888 0.0221414
1 0.0154046 0.0210439
0 0 0.00533645
0 0 0.0051782
1 0.0177079 0.0228186
1 0.00993714 0.0148893
1 0.00360247 0.00850007
1 0.00840244 0.0132871
0 0 0.00488006
1 0.0331067 0.0379402
1 0.0329284 0.0377035
0 0 0.00476964
0 0 0.00474936
0 0 0.0046863
1 0.048048 0.052733
1 0.0182207 0.0228559
0 0 0.00463455
0 0 0.00459187
0 0 0.00448459
0 0 0.0044808
0 0 0.00430187
0 0 0.00428819
0 0 0.00423663
0 0 0.00407511
0 0 0.00406443
0 0 0.00406348
0 0 0.00396783
1 0.00595822 0.00986473
1 0.010862 0.014657
1 0.0102128 0.0139956
1 0.021465 0.0251528
1 0.00893883 0.0126237
0 0 0.00367703
1 0.0167702 0.0203585
0 0 0.00358286
0 0 0.00352981
0 0 0.00351723
0 0 0.00341644
0 0 0.00341223
0 0 0.00339414
0 0 0.00338203
0 0 0.0033786
1 0.00357729 0.00693072
1 0.00470503 0.00804975
0 0 0.00332694
0 0 0.0033003
0 0 0.00326205
0 0 0.00326034
0 0 0.00324766
0 0 0.00324407
0 0 0.00324135
0 0 0.0031896
0 0 0.00316443
1 0.0114623 0.0146106
1 0.010956 0.0140571
0 0 0.00307805
0 0 0.00307165
0 0 0.00305329
0 0 0.00293587
0 0 0.00280261
0 0 0.00279434
0 0 0.0027625
0 0 0.00270864
0 0 0.0026954
0 0 0.00265257
0 0 0.00259045
1 0.0100501 0.0126227
1 0.0147818 0.0173379
2 0.0335356 0.036068
0 0 0.00250964
1 0.00444865 0.00695041
0 0 0.00245788
0 0 0.00243937
1 0.0342694 0.0366575
1 0.0277982 0.030152
0 0 0.00235002
2 0.0527878 0.0551338
0 0 0.00231625
2 0.0179865 0.0203017
1 0.0144348 0.0167376
1 0.0152316 0.0175303
1 0.00955342 0.0118156
0 0 0.00225482
0 0 0.00222803
1 0.021597 0.0238163
1 0.0281394 0.0303471
0 0 0.00218691
1 0.0093918 0.0115734
0 0 0.00217005
0 0 0.00216296
0 0 0.00214504
0 0 0.00214406
0 0 0.00213897
0 0 0.00213322
1 0.00179655 0.00392375
1 0.0168381 0.0189332
1 0.0166951 0.0187762
0 0 0.00208025
1 0.0711323 0.0731885
1 0.0482089 0.0502608
0 0 0.00204333
1 0.00700948 0.00900357
0 0 0.00197425
1 0.0114369 0.0133934
0 0 0.00194193
1 0.00452031 0.00643706
0 0 0.00189082
1 0.0108275 0.0126873
1 0.010225 0.012067
1 0.00946245 0.0113011
0 0 0.00183708
1 0.00205506 0.00388202
0 0 0.00182603
1 0.00852729 0.0103463
0 0 0.00178093
2 0.0147544 0.0164898
0 0 0.00173245
1 0.0542889 0.0559984
0 0 0.00170014
2 0.0135729 0.0152729
1 0.00550512 0.00719879
1 0.00992685 0.0116007
0 0 0.00166985
1 0.0382564 0.0399197
0 0 0.00163423
1 0.00719203 0.008805
2 0.0127078 0.0143108
0 0 0.00159058
0 0 0.00156376
0 0 0.00155646
2 0.0499181 0.0514719
0 0 0.00154523
0 0 0.001512
0 0 0.00150513
1 0.00229533 0.00379264
0 0 0.00147579
1 0.0430013 0.0444697
0 0 0.00146466
1 0.0491222 0.0505807
0 0 0.00143505
1 0.00454459 0.00597911
2 0.0132437 0.0146749
0 0 0.0014307
1 0.00500984 0.00643083
1 0.00382006 0.00523532
1 0.00574807 0.00714035
1 0.022697 0.024079
1 0.00299394 0.00437219
0 0 0.00135684
1 0.00612146 0.00744786
2 0.0288757 0.0301998
1 0.0573572 0.0586792
0 0 0.00128732
1 0.0299335 0.0312147
1 0.00940834 0.0106829
1 0.0182947 0.0195691
1 0.00478898 0.00605688
0 0 0.00126569
0 0 0.00125676
1 0.0109952 0.012231
2 0.013923 0.0151356
0 0 0.00120957
0 0 0.00120502
0 0 0.00120477
0 0 0.00120314
0 0 0.00119956
1 0.00516927 0.00636187
1 0.0115601 0.0127496
0 0 0.00118797
1 0.0194928 0.0206798
0 0 0.0011828
1 0.00242496 0.00360327
0 0 0.00116912
1 0.00976348 0.0109298
0 0 0.00116473
2 0.00401726 0.00516853
1 0.00530979 0.00645712
0 0 0.00114435
1 0.00192507 0.00306193
0 0 0.00109591
1 0.0114512 0.0125419
1 0.0473344 0.0484241
1 0.00264696 0.00373618
2 0.0172281 0.0183171
1 0.0473387 0.0484272
0 0 0.00108843
1 0.027277 0.0283606
0 0 0.00107409
1 0.0052328 0.00629002
2 0.0242923 0.0253155
1 0.00596417 0.00698495
0 0 0.00101738
1 0.00982097 0.0108256
1 0.0362361 0.0372391
1 0.0193332 0.0203161
1 0.0264066 0.0273745
0 0 0.000958822
1 0.00413902 0.00509083
1 0.0180472 0.0189985
1 0.00224887 0.00319191
2 0.0441984 0.0451128
0 0 0.000913679
1 0.00535307 0.00625162
1 0.003299 0.00418904
0 0 0.000889134
0 0 0.000883753
1 0.00725264 0.00813618
0 0 0.000867465
0 0 0.000866745
2 0.0114412 0.0123032
2 0.0460252 0.0468854
1 0.0163931 0.0172532
0 0 0.000845613
1 0.0062362 0.0070744
0 0 0.000837563
1 0.00465911 0.00548736
1 0.0860885 0.0869144
1 0.0146141 0.0154358
0 0 0.000817298
1 0.00947286 0.0102871
1 0.0130917 0.0138832
1 0.0116984 0.0124874
0 0 0.000781983
1 0.0128691 0.0136462
0 0 0.00076901
0 0 0.000765577
1 0.021903 0.0226674
1 0.0178705 0.0186257
1 0.00230249 0.00305665
1 0.043126 0.0438609
1 0.00136881 0.00210369
0 0 0.000706588
1 0.00292809 0.00362937
1 0.0185581 0.0192593
1 0.00348858 0.00418514
1 0.00408224 0.00477323
1 0.00861714 0.00930246
1 0.0232006 0.0238808
1 0.00843102 0.00910982
1 0.00672832 0.00739334
1 0.0103936 0.0110443
2 0.0167343 0.0173813
1 0.00467734 0.0053172
0 0 0.000634337
1 0.00147586 0.00210848
0 0 0.000631727
2 0.0485664 0.0491947
1 0.235914 0.236539
0 0 0.000609631
1 0.0165154 0.0171227
1 0.0101547 0.010762
1 0.0119233 0.012523
1 0.0281094 0.0287085
0 0 0.000598744
1 0.0100918 0.0106859
1 0.0112123 0.0118035
1 0.00254387 0.00313506
0 0 0.000585725
1 0.0182588 0.0188381
0 0 0.000572303
0 0 0.000571677
0 0 0.000563591
1 0.00361105 0.00416906
1 0.00544366 0.00600004
1 0.0052871 0.00584109
0 0 0.00054325
1 0.00294552 0.00348033
1 0.00615501 0.00668495
1 0.00118898 0.00169471
1 0.00520816 0.00570868
2 0.0386337 0.0391272
0 0 0.000486098
2 0.0148991 0.0153842
1 0.0161815 0.0166657
2 0.0124719 0.0129545
1 0.00502209 0.00550351
0 0 0.000479764
1 0.00421172 0.00469115
1 0.0136332 0.0141099
1 0.00495369 0.00542998
0 0 0.000473583
1 0.015308 0.0157767
1 0.0058977 0.00636135
1 0.00487339 0.00533701
0 0 0.000462136
2 0.00736963 0.00782628
1 0.0183271 0.0187828
0 0 0.000452554
0 0 0.000445738
0 0 0.000444009
1 0.00313631 0.00357512
2 0.0133281 0.0137649
1 0.0478184 0.0482546
0 0 0.000431852
1 0.00615618 0.00658677
0 0 0.000427932
0 0 0.000427078
1 0.0534532 0.0538768
1 0.00204061 0.00246389
1 0.0123027 0.012723
1 0.0049283 0.00534674
0 0 0.000416432
1 0.0123358 0.0127511
0 0 0.000415108
0 0 0.000408635
2 0.00699063 0.00739697
1 0.00194321 0.00234788
2 0.0138106 0.014209
2 0.0220042 0.0224008
1 0.00976149 0.0101573
2 0.00567181 0.00605738
0 0 0.000385463
1 0.00250353 0.00288861
1 0.00138374 0.00176877
0 0 0.00038279
0 0 0.00037963
2 0.0267389 0.0271103
0 0 0.000369375
1 0.0045215 0.00488518
0 0 0.000361908
1 0.0170677 0.0174272
1 0.00291746 0.0032766
1 0.00362458 0.00397406
0 0 0.000339794
1 0.0129224 0.0132558
0 0 0.000330093
1 0.0225468 0.0228685
1 0.0170649 0.0173822
1 0.0337685 0.0340858
1 0.00393962 0.00425538
2 0.0069883 0.00729998
1 0.00270028 0.0030112
1 0.00453241 0.00483847
1 0.0194888 0.0197927
2 0.0316905 0.0319895
0 0 0.000291179
1 0.0421409 0.0424292
1 0.0157103 0.0159945
1 0.00132915 0.00161171
2 0.00552139 0.005803
2 0.0136365 0.0139144
2 0.0223066 0.0225778
1 0.0123244 0.0125927
1 0.0065292 0.00679423
2 0.02069 0.0209384
1 0.00273871 0.00298625
2 0.0563149 0.0565595
1 0.0436259 0.0438698
1 0.00526119 0.00549827
1 0.0017687 0.00200227
1 0.0182872 0.01852
1 0.0138966 0.0141283
1 0.00975068 0.00997274
1 0.0106831 0.010905
1 0.00328947 0.00350673
2 0.0224102 0.0226256
1 0.00342811 0.0036428
0 0 0.000213561
1 0.0116297 0.0118409
1 0.00289165 0.00310274
1 0.0252743 0.0254847
1 0.00148642 0.0016957
1 0.00648689 0.00669497
2 0.00987725 0.0100818
0 0 0.000201522
1 0.0128007 0.0129993
1 0.00325004 0.00344381
1 0.00898174 0.00917481
2 0.0305077 0.0307001
1 0.0259839 0.0261659
1 0.0109159 0.0110959
2 0.033589 0.0337652
1 0.0128662 0.0130386
1 0.00520239 0.00537443
1 0.00357402 0.00374473
2 0.00751416 0.00768284
1 0.000843808 0.00100996
1 0.0137238 0.0138886
2 0.00670216 0.00686588
1 0.019895 0.0200581
1 0.0187392 0.0189002
1 0.00913508 0.00929257
1 0.00510065 0.00525806
2 0.071761 0.0719122
1 0.000781038 0.000931374
2 0.00798486 0.00813401
1 0.00563207 0.00578023
1 0.00818529 0.00833142
1 0.0191939 0.0193375
1 0.0006746 0.00081674
1 0.0121145 0.0122534
1 0.0101407 0.0102738
1 0.00258162 0.00271477
1 0.00952092 0.00965157
1 0.0202892 0.020413
1 0.0237246 0.0238471
1 0.0021352 0.00225641
1 0.00789117 0.00801153
1 0.00257936 0.00269638
2 0.0443899 0.0445029
1 0.00140613 0.00151653
1 0.00741712 0.0075268
1 0.00149364 0.00160197
1 0.0218849 0.0219927
2 0.0297244 0.0298317
2 0.00440432 0.00451056
1 0.0103046 0.0104104
2 0.00594109 0.00604579
1 0.0127193 0.0128237
2 0.0101257 0.0102291
1 0.00146126 0.00156401
1 0.0050628 0.00516476
1 0.00152327 0.00162309
1 0.00121785 0.001315
2 0.00309914 0.00319575
1 0.00436175 0.00445657
1 0.0124337 0.0125281
2 0.00424066 0.00433365
1 0.00778043 0.00787301
0 0 8.92489e-05
1 0.00490314 0.00499198
2 0.020591 0.020679
1 0.00259006 0.00267665
1 0.00243094 0.002516
1 0.0175807 0.0176646
1 0.00793458 0.0080182
2 0.00454026 0.00462375
2 0.0243287 0.0244098
1 0.00251102 0.00258938
1 0.0227128 0.0227911
1 0.00173258 0.00181071
2 0.0235882 0.0236659
2 0.0118769 0.0119534
1 0.00146073 0.00153722
1 0.00993485 0.0100112
1 0.00373393 0.00380914
1 0.00118673 0.00125934
1 0.0122223 0.0122938
1 0.0590319 0.0590994
1 0.00833777 0.00840458
1 0.00272584 0.00278933
2 0.00572104 0.00578405
1 0.0226068 0.0226695
2 0.0148594 0.0149219
1 0.00537433 0.0054362
1 0.00147587 0.00153731
1 0.00220265 0.00226253
2 0.00843543 0.00849498
2 0.0143269 0.0143861
1 0.00668124 0.00673944
1 0.0113306 0.0113878
1 0.0020413 0.00209819
1 0.0279086 0.0279634
1 0.000605227 0.000658017
1 0.00903999 0.00909264
2 0.0142781 0.0143303
1 0.00343027 0.00348227
1 0.0033177 0.00336969
1 0.0229142 0.022966
1 0.00698084 0.00703244
1 0.0266862 0.0267375
1 0.0221413 0.0221911
2 0.0506647 0.0507144
1 0.00316932 0.00321767
2 0.0266502 0.0266981
1 0.0127096 0.0127568
2 0.0140506 0.0140974
1 0.00365889 0.00370479
2 0.02658 0.0266254
1 0.0263327 0.026378
2 0.0342653 0.0343104
2 0.00400909 0.0040541
2 0.00420552 0.00425021
2 0.0229021 0.0229466
1 0.00355714 0.00360006
1 0.000974186 0.00101675
2 0.0466817 0.0467233
2 0.0269854 0.0270263
2 0.00254237 0.00258145
1 0.0124273 0.0124664
2 0.00366365 0.00370238
1 0.0157988 0.0158374
1 0.000715484 0.000753123
2 0.0138417 0.0138788
2 0.0314718 0.0315084
1 0.00713088 0.00716681
1 0.0140053 0.014041
2 0.0169214 0.016957
2 0.0103466 0.0103805
1 0.0163835 0.016417
2 0.0140323 0.0140653
2 0.0191023 0.0191352
2 0.0021461 0.00217864
2 0.004018 0.0040502
1 0.00262769 0.00265846
1 0.00687761 0.00690759
2 0.053611 0.0536408
1 0.00705485 0.00708409
1 0.00755267 0.00758126
2 0.0342437 0.034272
1 0.00270046 0.00272793
1 0.000859265 0.000885663
0 0 2.60888e-05
1 0.00689594 0.00692124
2 0.00318986 0.00321429
1 0.00155742 0.00158139
2 0.0200722 0.0200956
2 0.00272288 0.00274485
1 0.00714242 0.00716393
2 0.0143485 0.0143698
2 0.0153464 0.0153676
1 0.00169077 0.00171195
2 0.00563 0.00565078
1 0.00166682 0.00168748
1 0.00347998 0.00350044
1 0.00981048 0.00983051
2 0.0107613 0.0107811
1 0.0520341 0.0520538
1 0.0169021 0.0169197
1 0.00310217 0.00311972
1 0.0137803 0.0137977
2 0.00670814 0.00672545
0 0 1.7263e-05
2 0.00307302 0.00308963
2 0.00528293 0.00529886
2 0.00753013 0.00754592
1 0.00721595 0.00723091
1 0.00273483 0.00274958
2 0.014488 0.0145025
2 0.00364471 0.00365874
2 0.00423633 0.00425022
1 0.000744141 0.000757844
2 0.00692018 0.00693378
2 0.00765171 0.00766406
1 0.00113123 0.00114343
1 0.0118263 0.0118385
2 0.0122851 0.012297
1 0.028156 0.0281678
1 0.0159483 0.0159597
2 0.00203644 0.00204696
2 0.00778748 0.00779754
1 0.0111642 0.0111741
1 0.00215664 0.00216649
1 0.0301869 0.0301966
1 0.00156356 0.0015717
2 0.00322984 0.00323788
2 0.0143595 0.0143674
1 0.0141607 0.0141684
2 0.00757181 0.00757913
1 0.011391 0.0113983
2 0.00172204 0.00172912
1 0.0140599 0.0140669
1 0.00441183 0.00441885
2 0.00183985 0.00184685
1 0.00400867 0.00401568
1 0.0106683 0.0106752
2 0.00327676 0.00328349
1 0.00451447 0.00452092
1 0.00310545 0.0031117
1 0.00465674 0.00466278
1 0.00112204 0.00112787
2 0.00428754 0.00429333
1 0.000676277 0.000682051
2 0.00364842 0.00365403
2 0.0295832 0.0295888
1 0.0576438 0.057649
1 0.00202387 0.00202867
1 0.00181342 0.0018182
2 0.0246214 0.0246259
1 0.0012212 0.00122567
2 0.00327751 0.00328184
1 0.0031621 0.00316597
1 0.00572461 0.00572829
1 0.00427228 0.00427589
1 0.00320595 0.00320944
1 0.0223439 0.0223473
2 0.0228931 0.0228961
1 0.0224811 0.0224838
0 0 2.47431e-06
2 0.00410922 0.00411153
1 0.00554515 0.00554739
1 0.00224627 0.00224838
2 0.0271001 0.0271022
2 0.0267461 0.0267482
2 0.0426116 0.0426136
2 0.0081319 0.0081339
2 0.00182515 0.00182704
1 0.00895479 0.00895664
2 0.00812733 0.00812915
1 0.0147316 0.0147334
1 0.0026557 0.00265748
2 0.0104468 0.0104485
1 0.00185199 0.00185348
2 0.00718568 0.00718715
1 0.0042364 0.00423777
1 0.0278642 0.0278655
1 0.00587162 0.00587249
1 0.00161174 0.00161255
1 0.00252779 0.00252859
1 0.00180545 0.00180622
1 0.0167099 0.0167106
1 0.00259282 0.00259346
2 0.0131299 0.0131304
1 0.00145704 0.00145743
2 0.002157 0.00215739
2 0.00653091 0.00653125
1 0.00463144 0.00463175
2 0.00466281 0.00466312
2 0.0115527 0.0115529
1 0.00385346 0.00385369
2 0.0124681 0.0124683
2 0.0112707 0.0112708
2 0.00274121 0.00274138
1 0.00779032 0.00779038
2 0.00219503 0.00219509
1 0.00426839 0.00426841
2 0.00540786 0.00540787
1 0.0073966 0.0073966
