0 0 inf
1 0.155054 0.293919
0 0 0.120232
0 0 0.119843
1 0.561156 0.671847
0 0 0.108632
0 0 0.0940077
1 0.242531 0.329432
0 0 0.0795997
0 0 0.0792664
0 0 0.0735962
0 0 0.0708001
1 0.0443426 0.113387
0 0 0.0662217
1 0.0835032 0.149694
1 0.0454448 0.104228
1 0.11307 0.167691
0 0 0.0493245
0 0 0.0489056
0 0 0.0412851
0 0 0.0381289
0 0 0.0378119
0 0 0.0376574
0 0 0.0360598
1 0.0246249 0.0605063
0 0 0.0358136
1 0.354765 0.388409
0 0 0.0328889
0 0 0.0299702
0 0 0.0281541
0 0 0.0280526
1 0.0271275 0.054953
0 0 0.027705
1 0.0321885 0.0596259
0 0 0.0272712
0 0 0.0271563
0 0 0.0269518
2 0.700386 0.726885
0 0 0.02635
0 0 0.0263284
0 0 0.0262675
1 0.0495289 0.0755928
0 0 0.0255206
1 0.0410985 0.066399
2 0.441935 0.46694
0 0 0.0247281
0 0 0.0246805
0 0 0.0236396
1 0.0387447 0.0617274
0 0 0.0226934
0 0 0.0215907
0 0 0.0213702
1 0.646426 0.667735
0 0 0.0209565
0 0 0.0208573
0 0 0.0206635
0 0 0.0202761
0 0 0.0200408
1 0.0655184 0.0855231
0 0 0.019513
0 0 0.0188914
0 0 0.0185432
0 0 0.0182299
1 0.0793726 0.0975761
0 0 0.0181246
0 0 0.0179244
1 0.0140596 0.03187
0 0 0.0177811
0 0 0.0176779
0 0 0.0174378
1 0.047409 0.0647641
0 0 0.0173371
0 0 0.0170212
1 0.0720895 0.0889959
0 0 0.0166178
0 0 0.0162779
0 0 0.0160318
0 0 0.0149495
0 0 0.0147879
1 0.0671253 0.0818503
1 0.0144268 0.0288264
1 0.0282324 0.0421807
0 0 0.0138333
0 0 0.0138149
0 0 0.0137463
1 0.101384 0.115043
0 0 0.013607
0 0 0.013605
0 0 0.0134408
1 0.0162085 0.0296
0 0 0.0131031
0 0 0.0129714
0 0 0.0129068
0 0 0.0127285
0 0 0.0126209
2 0.0882959 0.100647
0 0 0.012222
0 0 0.012129
0 0 0.0120925
0 0 0.0119871
1 0.0204069 0.0323766
0 0 0.0119237
2 0.150717 0.162472
0 0 0.0116869
0 0 0.0115967
0 0 0.0114983
0 0 0.011457
2 0.369497 0.380934
1 0.0222188 0.0334294
0 0 0.0110056
0 0 0.0109265
1 0.0510807 0.0618864
2 0.241863 0.252621
0 0 0.010739
0 0 0.0107211
0 0 0.0106987
1 0.0456631 0.0563601
1 0.0237587 0.0342623
0 0 0.0104741
0 0 0.0101967
1 0.117199 0.127358
1 0.153584 0.163621
0 0 0.00990998
0 0 0.00984146
0 0 0.00983077
0 0 0.00981382
1 0.0133523 0.0231404
1 0.0607859 0.0702418
0 0 0.00944797
0 0 0.00929827
0 0 0.00925361
1 0.0179755 0.0271294
0 0 0.00913913
1 0.0647257 0.0737735
0 0 0.00903846
0 0 0.00892494
0 0 0.00890764
0 0 0.00884474
0 0 0.00883229
0 0 0.00858963
0 0 0.00857924
0 0 0.00856663
1 0.0123987 0.0209364
1 0.229525 0.237918
1 0.0390297 0.0473388
0 0 0.00827168
1 0.0264312 0.0346701
0 0 0.00816285
0 0 0.00812825
2 0.17221 0.18028
1 0.0579661 0.0659881
0 0 0.00797994
0 0 0.00797804
0 0 0.00781991
1 0.0183894 0.0261985
0 0 0.00777521
0 0 0.00766136
0 0 0.00761634
0 0 0.00759685
1 0.0138461 0.0213977
2 0.119616 0.127153
0 0 0.00740402
0 0 0.00718693
1 0.0140098 0.0211058
1 0.0253105 0.0323314
0 0 0.00699219
1 0.0573053 0.0642795
0 0 0.00695
0 0 0.0068076
0 0 0.0067837
2 0.0717236 0.0785063
1 0.0648273 0.0715709
0 0 0.00673878
0 0 0.00668168
1 0.0380743 0.0446497
1 0.0343402 0.0407674
0 0 0.00639825
1 0.567507 0.573861
0 0 0.00630141
1 0.0395525 0.0458068
1 0.0204611 0.0266725
0 0 0.0062096
1 0.0339659 0.0401468
0 0 0.00603463
0 0 0.00598585
1 0.0506624 0.0565992
1 0.0228633 0.0287844
0 0 0.00590468
0 0 0.00588779
1 0.029696 0.0354984
1 0.0848525 0.0905935
0 0 0.00570176
1 0.0534927 0.0591844
0 0 0.00567069
0 0 0.00546619
1 0.0334055 0.0388508
0 0 0.00525493
0 0 0.00522289
1 0.0381319 0.0433514
1 0.0231654 0.0283781
2 0.0977491 0.102932
0 0 0.00517329
1 0.0349954 0.040104
1 0.0138212 0.0188772
1 0.0441562 0.0492078
1 0.0438425 0.048879
0 0 0.00490493
1 0.0234018 0.0282756
0 0 0.00484091
0 0 0.00479357
1 0.0373226 0.0420639
1 0.0566797 0.0613572
0 0 0.00467007
1 0.0465531 0.0512002
0 0 0.00464512
0 0 0.00441467
1 0.0529733 0.0573871
1 0.0233546 0.0277273
1 0.015997 0.0203616
0 0 0.00436426
2 0.707043 0.711336
1 0.113702 0.11799
0 0 0.00427543
0 0 0.00419479
0 0 0.00417542
1 0.0119755 0.0161385
1 0.0972991 0.101433
0 0 0.00413328
1 0.0671719 0.0712894
0 0 0.00409206
1 0.0173184 0.0214077
0 0 0.00407051
0 0 0.00401815
1 0.057731 0.0617315
0 0 0.00396412
1 0.0123413 0.0162639
1 0.0483644 0.052267
0 0 0.00389547
1 0.0615233 0.0654172
1 0.0215572 0.025442
1 0.123986 0.127819
1 0.0157669 0.0195839
2 0.0461888 0.0499444
1 0.0202666 0.0240138
2 0.0667279 0.0704735
1 0.0360896 0.039808
0 0 0.00370393
1 0.0279755 0.0315616
0 0 0.00355961
1 0.159661 0.163122
0 0 0.00339852
0 0 0.00338082
1 0.0313735 0.034742
1 0.273815 0.277093
2 0.172785 0.176061
0 0 0.00325824
0 0 0.0032459
1 0.0322956 0.0355331
1 0.0113262 0.0145411
1 0.0139752 0.0171306
1 0.0400734 0.0431821
0 0 0.00305879
1 0.0565312 0.059572
1 0.0220075 0.0250237
1 0.0694774 0.0724725
2 0.0206294 0.0236159
0 0 0.00296705
1 0.0322444 0.0352106
0 0 0.0029425
1 0.0377456 0.0406593
0 0 0.00286892
1 0.040072 0.042922
1 0.119613 0.122458
1 0.0460697 0.0489118
1 0.0053322 0.00815921
0 0 0.00281431
0 0 0.00279464
1 0.0335841 0.0363372
0 0 0.00273276
0 0 0.00264418
1 0.0307686 0.0333971
1 0.0292483 0.031845
1 0.0249761 0.0275725
1 0.0224434 0.0250381
0 0 0.00254428
0 0 0.00253369
1 0.0154598 0.0179501
0 0 0.00247373
1 0.305572 0.308008
2 0.0739156 0.0763104
1 0.0295572 0.0318837
2 0.0412929 0.0435794
1 0.161358 0.163543
1 0.0381924 0.0403764
0 0 0.00215028
1 0.401451 0.40359
0 0 0.00212186
1 0.0261055 0.0282222
1 0.013949 0.0160559
0 0 0.00208254
1 0.0352555 0.0373139
1 0.0964177 0.09845
0 0 0.00196708
1 0.0161259 0.0180818
1 0.0451698 0.0471169
1 0.0222333 0.0241794
1 0.0287353 0.0306592
1 0.042993 0.0448808
1 0.0140569 0.0159403
1 0.050714 0.0525891
1 0.0343957 0.0362682
1 0.0153624 0.0172303
1 0.274536 0.276384
2 0.0593867 0.0612264
2 0.584039 0.585878
0 0 0.00183227
0 0 0.00182054
2 0.0448463 0.0466544
1 0.0122203 0.0140253
1 0.0146048 0.0163761
2 0.04147 0.0432382
1 0.0197911 0.0215164
0 0 0.00172314
1 0.38457 0.386269
2 0.0713327 0.07302
1 0.054553 0.0562393
0 0 0.00167143
0 0 0.00165948
1 0.382646 0.384301
1 0.0643428 0.0659918
2 0.171557 0.173201
1 0.0400154 0.041648
1 0.0250501 0.0266804
1 0.121366 0.122983
1 0.0133019 0.0148953
2 0.0988889 0.100476
2 0.0288226 0.0303829
0 0 0.00156022
1 0.0381901 0.0397469
0 0 0.00155633
1 0.0102458 0.0117924
2 0.722672 0.724196
0 0 0.00152366
1 0.0327046 0.0342056
1 0.0114529 0.0129307
1 0.0381362 0.0396134
1 0.018878 0.0203303
0 0 0.00140334
1 0.014051 0.0154527
1 0.0171703 0.0185645
0 0 0.00139333
1 0.0119558 0.0133307
1 0.0425899 0.0439609
2 0.0560395 0.0573882
0 0 0.00134387
1 0.0100541 0.0113977
1 0.00868626 0.0100074
0 0 0.00130139
1 0.0593407 0.0606331
1 0.0123978 0.013661
0 0 0.00126153
2 0.104686 0.105943
1 0.0692975 0.0705522
1 0.00852063 0.00976275
1 0.0172885 0.0185225
1 0.0165063 0.0177187
0 0 0.00121108
1 0.0709132 0.0720644
2 0.0653232 0.0664194
1 0.108397 0.109488
0 0 0.00107954
0 0 0.00107414
0 0 0.00107125
1 0.0296893 0.0307492
1 0.0486926 0.0497106
0 0 0.000989786
2 0.0432185 0.0441936
1 0.0361256 0.0370958
2 0.0727977 0.073765
2 0.0679305 0.068884
1 0.058902 0.0598515
1 0.0580695 0.0589986
1 0.0222234 0.0231198
1 0.112511 0.113403
2 0.0722543 0.0731408
1 0.08043 0.0812984
0 0 0.000868317
1 0.0448141 0.0456765
1 0.0158766 0.0167353
1 0.0103297 0.0111852
1 0.0127343 0.0135714
1 0.0103143 0.0111502
2 0.0320743 0.032909
0 0 0.000827884
1 0.00249269 0.00331213
1 0.036757 0.037572
1 0.0228185 0.0236291
1 0.115659 0.11647
2 0.0498241 0.0506309
2 0.0464255 0.0472162
1 0.0428204 0.0436011
1 0.285804 0.28658
1 0.0127016 0.0134764
1 0.0425368 0.0433033
1 0.0200783 0.0208392
1 0.0593275 0.0600877
1 0.0154021 0.0161611
1 0.0157408 0.0164991
1 0.0742736 0.075027
1 0.0125173 0.0132664
1 0.0026022 0.00335074
1 0.0298571 0.0305991
1 0.042094 0.0428289
1 0.0320458 0.0327773
1 0.126935 0.127665
0 0 0.000728483
0 0 0.00071552
2 0.0698883 0.0705977
1 0.00940759 0.0100877
1 0.0181666 0.0188355
1 0.00765179 0.00831373
1 0.00459937 0.00525557
1 0.0315042 0.0321575
0 0 0.000639344
1 0.0101204 0.0107529
1 0.05421 0.0548381
2 0.0358068 0.0364348
0 0 0.000611184
1 0.139756 0.140355
0 0 0.000586587
0 0 0.000583295
1 0.0382002 0.0387807
1 0.0348111 0.0353898
1 0.0177986 0.0183747
1 0.0610012 0.0615628
1 0.0580388 0.0585793
1 0.0606781 0.0612179
2 0.0637693 0.064302
1 0.0615358 0.0620648
1 0.00984056 0.0103606
1 0.012321 0.0128298
1 0.132787 0.133292
1 0.0187921 0.0192941
2 0.0405756 0.041063
2 0.0666962 0.0671809
1 0.0550637 0.0555453
0 0 0.000479061
2 0.0448155 0.0452874
1 0.685574 0.686046
1 0.0170937 0.0175632
1 0.273574 0.274029
0 0 0.000451973
2 0.0775218 0.0779736
1 0.0503051 0.0507354
2 0.0819676 0.0823931
1 0.0687918 0.0692166
1 0.00354703 0.0039709
1 0.0142148 0.014638
1 0.0477655 0.0481713
1 0.0528062 0.0532076
1 0.0153468 0.0157472
1 0.0154527 0.0158498
1 0.0401454 0.0405408
1 0.0457626 0.0461512
1 0.0132195 0.0135978
0 0 0.000374502
0 0 0.000367976
1 0.0867891 0.0871451
1 0.0649627 0.0653158
1 0.0158571 0.0162082
2 0.0309068 0.0312543
0 0 0.000344743
1 0.00891144 0.00925391
1 0.0129249 0.0132657
1 0.00222117 0.00256112
1 0.00249306 0.00282815
2 0.0452959 0.0456227
1 0.0298102 0.030133
2 0.0283402 0.0286606
1 0.0477589 0.0480784
1 0.0160466 0.0163633
1 0.00406254 0.00437603
1 0.0119635 0.0122754
1 0.0188298 0.0191379
1 0.0733603 0.0736652
1 0.377451 0.377733
1 0.0701651 0.0704452
0 0 0.000278936
2 0.0163202 0.0165955
1 0.0634731 0.0637417
2 0.0388435 0.0391107
2 0.0731494 0.0734152
2 0.0461836 0.0464481
1 0.02781 0.0280705
1 0.0488562 0.0491147
1 0.0163073 0.0165658
1 0.0332493 0.0335041
1 0.0422742 0.0425287
2 0.0383887 0.0386304
1 0.0302966 0.0305381
1 0.0724728 0.0727015
2 0.0428365 0.0430638
2 0.0451211 0.0453448
1 0.0372722 0.0374907
1 0.0165492 0.0167645
2 0.0194474 0.0196471
2 0.0389112 0.0391096
1 0.00414385 0.00433661
1 0.0167658 0.0169536
1 0.02682 0.0270032
2 0.0484464 0.0486265
2 0.0325058 0.0326813
1 0.00711862 0.00729119
1 0.0131901 0.0133622
2 0.0122154 0.0123835
1 0.0115716 0.0117366
1 0.00879806 0.00896023
1 0.00458314 0.00474399
2 0.0749118 0.0750712
2 0.0146859 0.0148449
2 0.090247 0.0904045
1 0.0386629 0.0388202
2 0.0505843 0.0507392
1 0.0380404 0.038193
2 0.113841 0.113994
1 0.010889 0.011037
1 0.00285239 0.00299641
1 0.0672444 0.0673861
1 0.0493093 0.0494465
1 0.0311683 0.0313037
2 0.0424551 0.0425903
2 0.0351829 0.035314
2 0.0390692 0.0391969
1 0.0195894 0.019716
2 0.0190814 0.0192012
1 0.00622026 0.00633723
2 0.0141097 0.0142222
2 0.0714652 0.0715759
1 0.00672767 0.00683802
1 0.00401939 0.00412844
1 0.00262973 0.00273641
1 0.103958 0.104062
2 0.0333746 0.0334772
2 0.125806 0.125908
1 0.0182143 0.0183144
1 0.286238 0.286338
2 0.0142702 0.0143678
1 0.0230985 0.023195
2 0.0562646 0.0563607
1 0.0116466 0.011733
1 0.0690146 0.0691007
1 0.0337424 0.033821
1 0.0432126 0.0432897
2 0.0507172 0.050794
1 0.0212336 0.0213078
1 0.00231987 0.00239342
1 0.0144797 0.0145531
1 0.0957623 0.0958307
1 0.0027192 0.00278564
1 0.042889 0.0429544
2 0.0420244 0.0420894
1 0.0280977 0.0281614
1 0.011205 0.011268
2 0.686369 0.686432
2 0.018013 0.0180751
1 0.0224747 0.0225359
1 0.0281455 0.028205
1 0.0133536 0.013413
1 0.0175827 0.0176396
1 0.0510212 0.0510779
1 0.0340206 0.0340769
2 0.0107954 0.0108507
1 0.014116 0.0141709
1 0.044165 0.0442197
1 0.0183562 0.018409
1 0.00542579 0.00547838
2 0.0600723 0.0601223
2 0.037721 0.0377703
2 0.0313184 0.0313673
2 0.286784 0.286832
1 0.0122708 0.012318
1 0.0223695 0.0224165
1 0.384661 0.384708
1 0.0330509 0.0330964
1 0.158656 0.158699
1 0.0174028 0.0174429
2 0.0903823 0.0904223
1 0.063607 0.0636455
1 0.0324708 0.0325092
1 0.029258 0.0292962
1 0.0389254 0.0389629
1 0.00849749 0.00853367
2 0.0399184 0.039954
1 0.0144494 0.014484
2 0.0142732 0.0143076
2 0.0398619 0.0398935
2 0.0118082 0.011838
2 0.125823 0.125853
2 0.0232985 0.023327
2 0.0599619 0.0599904
1 0.0160527 0.016081
1 0.0375223 0.03755
1 0.0134845 0.013511
1 0.0782358 0.0782601
2 0.0312729 0.0312965
1 0.0105695 0.0105922
2 0.0487046 0.0487271
2 0.0170789 0.0170999
2 0.386323 0.386342
1 0.012727 0.0127461
2 0.0405696 0.040587
2 0.0326323 0.0326487
2 0.166459 0.166475
2 0.0167977 0.0168124
1 0.0660085 0.0660226
2 0.0647123 0.064725
2 0.0229178 0.0229298
1 0.0251834 0.0251945
2 0.080434 0.080445
2 0.0271617 0.0271727
1 0.340992 0.341003
2 0.0803051 0.0803158
1 0.00187459 0.00188519
1 0.0189607 0.0189709
1 0.0139606 0.0139697
1 0.0173475 0.0173565
1 0.0144396 0.0144485
1 0.0452359 0.0452448
2 0.0652528 0.0652611
1 0.034589 0.0345968
1 0.0300103 0.030018
2 0.0180912 0.0180987
2 0.126472 0.12648
1 0.0097228 0.00973011
1 0.0178328 0.0178396
2 0.0115379 0.0115435
1 0.0372651 0.0372704
2 0.00275864 0.00276379
1 0.0271264 0.0271314
1 0.0310643 0.0310691
2 0.0495381 0.0495419
1 0.0398498 0.0398535
1 0.00310542 0.00310908
2 0.0390971 0.0391005
2 0.0293977 0.029401
1 0.00285518 0.00285836
2 0.0717847 0.0717876
1 0.0377751 0.0377779
2 0.00857533 0.00857782
2 0.040025 0.0400274
2 0.0639201 0.0639219
1 0.0132252 0.0132268
1 0.0302051 0.0302066
1 0.0353121 0.0353135
1 0.00182751 0.00182889
2 0.0365822 0.0365835
1 0.00154833 0.00154943
1 0.0714204 0.0714215
2 0.0133195 0.0133205
2 0.0327182 0.0327191
2 0.172518 0.172519
1 0.0264375 0.0264381
2 0.0645761 0.0645766
1 0.0489263 0.0489268
1 0.0450868 0.0450872
1 0.029352 0.0293523
2 0.0151614 0.0151618
1 0.0194219 0.0194223
1 0.0353539 0.0353542
1 0.0307777 0.0307779
1 0.00351292 0.00351306
1 0.537609 0.537609
2 0.0331276 0.0331276
1 0.0416089 0.0416089
2 0.686723 0.686723
2 0.0178959 0.0178959
