0 0 inf
0 0 0.13735
0 0 0.125077
0 0 0.116841
0 0 0.116748
1 0.153402 0.265351
0 0 0.104896
0 0 0.0960247
0 0 0.0949262
0 0 0.0826305
0 0 0.0779002
0 0 0.069543
0 0 0.0692497
0 0 0.0632588
0 0 0.0565142
0 0 0.0534402
0 0 0.0502765
1 0.0933835 0.143322
1 0.059467 0.108806
0 0 0.047851
0 0 0.0467441
1 0.182872 0.226108
0 0 0.043033
1 0.0566603 0.0996244
0 0 0.0416742
0 0 0.0413351
1 0.0392909 0.0794293
1 0.023341 0.0631445
0 0 0.0388635
0 0 0.038077
0 0 0.0377325
0 0 0.0350679
1 0.136471 0.171001
0 0 0.0338097
0 0 0.0324289
0 0 0.0315203
1 0.016252 0.0475979
0 0 0.031302
1 0.0255143 0.0565675
1 0.0256543 0.0552263
1 0.0584661 0.0874986
1 0.0231974 0.0520039
0 0 0.0278753
1 0.0738939 0.100984
1 0.0701939 0.0968368
0 0 0.0256448
1 0.036588 0.0621049
0 0 0.0253352
0 0 0.0252092
1 0.0756222 0.100589
1 0.123598 0.148343
1 0.035543 0.0600092
1 0.0634234 0.0878399
0 0 0.0240952
0 0 0.0235214
0 0 0.0235138
0 0 0.0228682
1 0.056525 0.0790735
0 0 0.0224516
0 0 0.0223428
0 0 0.0220114
1 0.047229 0.0691005
1 0.017278 0.0384004
1 0.0387896 0.0589252
0 0 0.0199821
1 0.286916 0.306698
1 0.0488963 0.0684079
1 0.014916 0.0343317
0 0 0.0191779
1 0.0388392 0.0578706
1 0.37247 0.391093
1 0.130107 0.148602
0 0 0.0184886
0 0 0.0182909
0 0 0.0181718
1 0.0745028 0.0925758
0 0 0.0176378
1 0.0181936 0.0356
0 0 0.0169404
0 0 0.0165334
0 0 0.0163777
0 0 0.0163484
1 0.0254616 0.0417869
0 0 0.0162976
1 0.0297773 0.0458592
0 0 0.0160756
1 0.280675 0.296582
1 0.0409383 0.0566733
0 0 0.0156013
0 0 0.015287
0 0 0.0151149
0 0 0.0150744
1 0.0785909 0.093643
0 0 0.0150412
0 0 0.0149768
0 0 0.0149362
1 0.0241463 0.0390711
1 0.159228 0.174058
0 0 0.0142999
1 0.0409731 0.0550283
0 0 0.0139612
0 0 0.0139513
0 0 0.0139263
0 0 0.0137225
0 0 0.0135202
0 0 0.0135184
0 0 0.0134377
0 0 0.0134272
0 0 0.0132079
0 0 0.0130934
0 0 0.0129585
2 0.101994 0.114824
0 0 0.0128181
0 0 0.0128165
1 0.137662 0.150445
0 0 0.0127287
1 0.0135198 0.0262031
0 0 0.0126065
0 0 0.0125955
0 0 0.0125385
0 0 0.0125293
0 0 0.0123607
0 0 0.0123553
0 0 0.0123231
0 0 0.0122173
0 0 0.0121677
1 0.0838379 0.0959592
0 0 0.0120288
1 0.057043 0.0690518
0 0 0.0120004
0 0 0.0117872
0 0 0.0116043
0 0 0.0115688
2 0.102626 0.113901
0 0 0.011233
1 0.191222 0.202417
1 0.105736 0.11692
1 0.085794 0.0969524
1 0.0326269 0.0437491
0 0 0.0109908
1 0.0213941 0.0323718
0 0 0.0109758
2 0.0746014 0.0854232
0 0 0.0103348
0 0 0.0103202
0 0 0.0102511
0 0 0.0102088
0 0 0.0100322
1 0.0266285 0.0366302
0 0 0.00998711
1 0.0459906 0.0559256
0 0 0.00988866
1 0.0414215 0.0512577
2 0.304168 0.313965
0 0 0.00953665
0 0 0.00944094
0 0 0.00930938
0 0 0.00930782
0 0 0.00921518
1 0.046769 0.0559316
2 0.145911 0.15505
1 0.0261198 0.0352198
1 0.087781 0.0968604
1 0.17071 0.179665
0 0 0.00889898
0 0 0.00885154
0 0 0.00871701
1 0.308003 0.316254
1 0.0445149 0.0527203
1 0.127238 0.135364
0 0 0.00809724
0 0 0.00807087
0 0 0.00806958
1 0.0809608 0.0889293
0 0 0.00790043
0 0 0.00782855
0 0 0.00780638
0 0 0.00767048
2 0.10495 0.112594
0 0 0.0076368
0 0 0.0075482
1 0.0161949 0.0236797
0 0 0.00746154
0 0 0.0073473
1 0.0610513 0.0683309
0 0 0.00718141
1 0.00562806 0.0128081
0 0 0.0071241
0 0 0.00706625
1 0.218823 0.225796
1 0.123974 0.130754
0 0 0.00665692
1 0.0855156 0.0921352
0 0 0.00653176
0 0 0.00649073
0 0 0.00639487
0 0 0.0063112
2 0.107627 0.113765
1 0.0504919 0.0565902
0 0 0.00606122
1 0.0135025 0.0195142
1 0.0688402 0.0747554
0 0 0.00584292
1 0.0276927 0.0335094
0 0 0.00581657
1 0.0338654 0.039647
1 0.0569205 0.0625674
1 0.0140145 0.0196521
1 0.0399794 0.0455841
1 0.0552691 0.0607287
0 0 0.00530293
1 0.0617968 0.0670981
0 0 0.00517073
0 0 0.00512081
0 0 0.00507503
0 0 0.00504774
1 0.0193399 0.0242843
2 0.113182 0.118059
0 0 0.00480005
1 0.0696838 0.0744584
0 0 0.00476811
1 0.0360327 0.0407386
1 0.0166827 0.021298
0 0 0.00461258
2 0.0674413 0.0720438
1 0.00570993 0.0102978
2 0.149237 0.153798
1 0.0419625 0.0464734
1 0.112683 0.11719
0 0 0.00450315
1 0.0174533 0.0219325
0 0 0.00446623
0 0 0.00443803
1 0.0603921 0.0648208
0 0 0.00439168
1 0.0134477 0.0178124
1 0.152976 0.157306
1 0.0241544 0.0284588
0 0 0.00427448
1 0.0585508 0.0628159
0 0 0.00424044
0 0 0.00418538
1 0.0193896 0.0235335
0 0 0.00413065
1 0.0355311 0.0396614
2 0.0694049 0.0735191
0 0 0.00402843
0 0 0.00395348
2 0.0698189 0.0737689
1 0.0625856 0.0665218
0 0 0.00388107
1 0.170131 0.17398
1 0.0550604 0.0589035
1 0.0169446 0.0207852
2 0.162386 0.166219
0 0 0.00380883
0 0 0.0038007
0 0 0.00379364
1 0.499476 0.503256
0 0 0.00374741
0 0 0.00373012
1 0.127596 0.131261
0 0 0.00362048
0 0 0.00361516
0 0 0.00356675
0 0 0.00351042
1 0.042921 0.0464236
0 0 0.00349724
0 0 0.00347497
1 0.0123867 0.0158437
0 0 0.0034499
1 0.0703962 0.0738303
2 0.114232 0.117641
0 0 0.00340886
0 0 0.00336234
1 0.0386205 0.0419803
0 0 0.00335638
0 0 0.00334762
1 0.014545 0.0178898
1 0.00980822 0.0131355
2 0.0992441 0.102553
0 0 0.00329225
1 0.0183237 0.0216071
2 0.0613277 0.0645679
0 0 0.00322984
1 0.0153712 0.0185652
0 0 0.00312311
1 0.0926671 0.0957581
1 0.0426685 0.0457506
1 0.026383 0.0294608
1 0.0705258 0.0735809
0 0 0.00303189
2 0.106175 0.109185
0 0 0.00295612
1 0.158034 0.160977
0 0 0.0029116
2 0.075005 0.077909
1 0.00989015 0.012749
1 0.0442639 0.0471098
1 0.010554 0.0133768
0 0 0.00277894
1 0.0552133 0.0579071
1 0.0394896 0.0421822
1 0.0404974 0.0431744
1 0.0164768 0.0191356
1 0.199266 0.201908
1 0.0309585 0.0335843
2 0.0461495 0.0487581
1 0.0155696 0.018178
1 0.0151757 0.0177774
0 0 0.00259302
0 0 0.00257481
1 0.0340538 0.0366061
0 0 0.00249786
2 0.0367819 0.0392534
1 0.0269442 0.0294155
1 0.00788591 0.0103326
0 0 0.00243955
1 0.111755 0.114138
2 0.0444136 0.0467802
0 0 0.00231927
1 0.018243 0.0205189
2 0.12825 0.130523
1 0.0230452 0.0252949
1 0.023154 0.0253847
1 0.018496 0.0206698
1 0.0175035 0.0196735
1 0.0538374 0.0559508
1 0.0104116 0.0125211
0 0 0.00207481
0 0 0.00205657
1 0.0484835 0.0504947
1 0.117589 0.119588
1 0.022376 0.0243494
1 0.021321 0.0232864
1 0.0393425 0.0412856
1 0.00786399 0.00978647
2 0.41877 0.420665
1 0.0338398 0.0357088
0 0 0.00185677
1 0.0611286 0.0629843
1 0.0719201 0.0737425
0 0 0.00180457
0 0 0.0017941
1 0.00511454 0.00690783
2 0.0675487 0.0693124
2 0.0202097 0.021967
2 0.0609188 0.062656
1 0.276722 0.278414
1 0.0520234 0.0537106
1 0.0634148 0.0650946
2 0.0633632 0.0650391
1 0.0117538 0.013424
0 0 0.00166804
2 0.0778026 0.0794614
1 0.0213885 0.0230185
1 0.0068903 0.00847479
1 0.0180545 0.0196263
1 0.0255094 0.0270505
1 0.0735235 0.0750541
0 0 0.00151249
1 0.138626 0.140114
0 0 0.00147209
1 0.0081551 0.00962433
0 0 0.00145633
1 0.132441 0.133876
1 0.0192761 0.0207075
1 0.0544311 0.0558523
1 0.0195886 0.0210098
1 0.0698735 0.071292
2 0.102178 0.103579
1 0.0160921 0.0174639
1 0.0665789 0.0679199
0 0 0.00134056
0 0 0.0013142
1 0.0413167 0.0426271
1 0.0906673 0.0919729
2 0.101713 0.103007
2 0.0478378 0.0491235
0 0 0.00128492
2 0.156373 0.157646
2 0.32749 0.328759
1 0.0550776 0.056334
1 0.0529022 0.0541459
2 0.0271116 0.0283355
1 0.0107438 0.0119565
1 0.00947396 0.010661
2 0.0622838 0.0634634
2 0.103158 0.104309
1 0.0469301 0.048076
1 0.00634683 0.00748316
1 0.00926201 0.0103948
1 0.0515832 0.0527112
1 0.0321304 0.0332483
1 0.0347357 0.0358525
2 0.0972152 0.0983274
0 0 0.00110941
1 0.0136445 0.0147428
1 0.0526701 0.0537651
1 0.0198852 0.0209776
1 0.06913 0.0702062
1 0.0634337 0.0645011
1 0.0599972 0.0610476
1 0.0339364 0.0349808
0 0 0.0010396
1 0.00391005 0.00494669
2 0.0653224 0.0663569
1 0.011188 0.0122107
1 0.0114761 0.0124916
1 0.0986736 0.0996736
1 0.0182203 0.0191974
2 0.0909456 0.0919083
1 0.0137984 0.0147564
1 0.0368935 0.0378491
1 0.0220467 0.0229919
2 0.0367159 0.0376323
2 0.0350579 0.0359718
1 0.0217322 0.0226459
1 0.00611858 0.0070315
1 0.0101715 0.0110839
2 0.115476 0.116369
1 0.055479 0.0563614
1 0.0230554 0.0239199
1 0.00722994 0.00809143
1 0.0493721 0.0502218
1 0.0660518 0.0668997
1 0.0370479 0.0378925
2 0.0405842 0.0414267
1 0.0212046 0.0220411
1 0.0152474 0.0160764
1 0.0130254 0.0138532
2 0.0509744 0.0517848
1 0.0496168 0.0504241
2 0.116508 0.117309
1 0.0471678 0.0479635
1 0.13397 0.134762
2 0.0658076 0.0665977
1 0.0355599 0.0363458
1 0.019675 0.020456
1 0.0558933 0.056656
2 0.0617382 0.0624857
1 0.0330422 0.0337726
0 0 0.000704005
1 0.0908491 0.0915502
1 0.0135886 0.0142824
1 0.0649505 0.065643
2 0.0824287 0.0831184
2 0.0662735 0.0669596
1 0.00665937 0.00734178
1 0.0351262 0.0358041
1 0.0106729 0.0113455
1 0.10842 0.109077
2 0.14909 0.149744
1 0.0595989 0.0602438
1 0.0102203 0.0108513
1 0.00499764 0.00562651
1 0.00862506 0.00925244
1 0.0152199 0.0158354
2 0.0681972 0.0688101
0 0 0.000586796
1 0.0925496 0.0931345
0 0 0.000584418
1 0.00694098 0.00752139
1 0.026931 0.027508
1 0.0367017 0.0372678
1 0.0294434 0.0300004
1 0.00499526 0.00554327
0 0 0.000544268
1 0.0250397 0.025584
1 0.304384 0.304926
2 0.0373143 0.0378516
1 0.0625202 0.0630517
1 0.00465645 0.0051834
1 0.0334455 0.0339705
1 0.219233 0.219741
1 0.0973926 0.0978933
1 0.0106745 0.0111632
2 0.187674 0.188154
2 0.0579653 0.058442
1 0.103766 0.104242
1 0.0247547 0.0252294
2 0.0903014 0.0907747
1 0.112716 0.113187
1 0.043504 0.0439699
2 0.301096 0.301558
2 0.155556 0.156005
2 0.0778287 0.0782746
1 0.0365952 0.0370405
2 0.0566826 0.0571275
1 0.00886129 0.0093017
1 0.0240667 0.0245013
1 0.0380284 0.0384629
1 0.00740283 0.0078256
0 0 0.000417637
2 0.075411 0.0758244
0 0 0.000403669
1 0.0125165 0.012919
2 0.0704465 0.0708479
1 0.0040671 0.00446505
2 0.0275811 0.0279731
1 0.0257248 0.0261122
0 0 0.000371525
1 0.0151464 0.0155164
1 0.0530333 0.0534003
2 0.0831965 0.083561
1 0.0184285 0.0187928
2 0.226595 0.226959
2 0.149278 0.149632
0 0 0.000347859
1 0.1022 0.102542
1 0.0859966 0.0863364
1 0.0208586 0.0211959
2 0.267945 0.268281
1 0.0152847 0.0156193
1 0.0558192 0.056146
1 0.0608072 0.0611244
2 0.0221231 0.0224353
1 0.080047 0.0803584
1 0.0302649 0.0305749
2 0.0439642 0.0442718
1 0.0363045 0.0366093
0 0 0.000304078
2 0.0447461 0.0450472
2 0.0378729 0.038172
1 0.00705341 0.00734982
1 0.046513 0.0468073
1 0.0525748 0.0528667
1 0.00169488 0.00198528
1 0.00446836 0.00475734
1 0.0373211 0.0376045
2 0.14933 0.149612
1 0.0471047 0.0473856
2 0.0637212 0.0639974
2 0.0568584 0.0571249
1 0.0351286 0.0353944
2 0.118156 0.118421
1 0.0235793 0.023839
0 0 0.000259507
2 0.0557543 0.0560059
2 0.0412356 0.0414752
1 0.0410427 0.0412815
1 0.0216325 0.0218601
1 0.0840334 0.0842606
1 0.0784038 0.0786196
1 0.0331174 0.0333324
1 0.0360564 0.0362665
2 0.0568232 0.0570331
1 0.0384998 0.0387059
1 0.0107986 0.0110035
2 0.0520056 0.0522102
1 0.0293159 0.0295183
1 0.0498704 0.0500706
2 0.0697374 0.0699323
1 0.00714813 0.00734077
1 0.0221793 0.0223716
1 0.00897864 0.00915723
1 0.397859 0.398036
2 0.241075 0.241246
1 0.0623572 0.0625264
2 0.105405 0.105569
2 0.0249097 0.0250716
2 0.0975638 0.0977254
2 0.391789 0.391946
1 0.0230604 0.0232131
2 0.0749484 0.0750969
2 0.0657189 0.0658627
1 0.051413 0.0515567
1 0.00911075 0.00925143
1 0.00622362 0.00636306
1 0.0328623 0.0329982
2 0.0135478 0.0136834
1 0.0422891 0.042422
1 0.0121976 0.0123294
2 0.103189 0.103318
2 0.175458 0.175586
1 0.0342297 0.0343571
1 0.0101528 0.010279
2 0.0567419 0.0568664
1 0.0265973 0.0267202
1 0.013715 0.0138377
2 0.0257768 0.0258978
2 0.0603474 0.0604655
0 0 0.000116719
1 0.0174192 0.017535
1 0.0918139 0.0919263
1 0.0251065 0.0252152
2 0.0494684 0.0495761
1 0.00442475 0.00453153
1 0.00326149 0.00336572
1 0.0301619 0.0302651
2 0.0470518 0.0471541
1 0.00676935 0.00686897
2 0.0183369 0.0184323
1 0.013062 0.0131531
2 0.0405595 0.0406504
2 0.0403887 0.0404764
1 0.00681479 0.0069007
2 0.0677735 0.0678573
2 0.0662981 0.0663818
1 0.00969366 0.00977657
2 0.00716954 0.00724933
2 0.0721719 0.0722495
1 0.0401476 0.0402233
2 0.0618879 0.0619626
2 0.307551 0.307623
2 0.298627 0.298698
2 0.0468709 0.0469388
1 0.00863262 0.00870021
1 0.0128339 0.0128964
2 0.0492366 0.0492974
1 0.0277512 0.0278084
1 0.0325947 0.0326508
1 0.137434 0.13749
2 0.0348223 0.0348773
1 0.0638185 0.063873
2 0.0096968 0.00974941
2 0.109302 0.109354
2 0.328014 0.328066
1 0.0209427 0.0209934
1 0.0232708 0.0233193
2 0.0656615 0.0657095
1 0.00507747 0.00512466
2 0.0158795 0.01592
1 0.0243765 0.0244159
1 0.0557434 0.0557823
1 0.0291038 0.0291418
2 0.0724053 0.0724429
2 0.078671 0.078708
2 0.0611351 0.06117
1 0.00548634 0.00552053
2 0.0791278 0.0791612
2 0.040739 0.0407717
1 0.0357637 0.0357962
1 0.0223557 0.0223875
2 0.0484034 0.0484351
1 0.0372119 0.0372433
1 0.0250835 0.0251138
1 0.0747738 0.0748034
1 0.226876 0.226904
1 0.0150609 0.0150887
1 0.192546 0.192572
2 0.0748472 0.0748735
2 0.0577663 0.0577925
1 0.0441406 0.0441631
1 0.00600929 0.00603165
2 0.0282648 0.0282868
2 0.0258546 0.0258757
1 0.0611861 0.061207
1 0.0376514 0.0376721
2 0.0296317 0.0296522
2 0.0373577 0.0373777
1 0.0178477 0.0178673
2 0.0602562 0.0602756
1 0.0950926 0.0951109
1 0.00892625 0.00894437
1 0.0378072 0.0378252
1 0.0363898 0.0364073
1 0.0312183 0.0312359
1 0.300741 0.300758
1 0.00666796 0.00668416
2 0.0242367 0.0242524
2 0.0248369 0.0248519
1 0.0840503 0.084065
1 0.0115977 0.0116116
1 0.0195974 0.0196106
2 0.017967 0.0179792
1 0.0483317 0.0483429
2 0.0683297 0.0683402
1 0.0158177 0.0158272
1 0.0177937 0.017803
2 0.00878383 0.00879293
1 0.00864054 0.00864825
1 0.00781035 0.00781764
1 0.0186896 0.0186955
1 0.0450351 0.0450409
1 0.0459486 0.0459542
1 0.0177988 0.0178042
2 0.0255723 0.0255776
1 0.0470453 0.04705
2 0.0713512 0.0713559
2 0.0584462 0.0584506
1 0.0113552 0.0113594
1 0.109696 0.1097
2 0.0408463 0.0408501
2 0.00604826 0.00605184
2 0.0853257 0.0853292
2 0.0466414 0.0466448
1 0.101402 0.101405
2 0.106779 0.106782
1 0.1021 0.102103
2 0.0707279 0.070731
2 0.0408172 0.0408203
1 0.0629715 0.0629745
2 0.0506935 0.0506957
1 0.179511 0.179513
1 0.00566598 0.00566796
2 0.0108794 0.0108813
2 0.0423652 0.0423669
1 0.0147854 0.014787
2 0.0424367 0.0424381
1 0.117377 0.117378
2 0.0297361 0.0297371
2 0.102359 0.10236
1 0.00811053 0.00811149
1 0.0403513 0.0403522
2 0.0636657 0.0636665
1 0.204269 0.20427
1 0.00741512 0.0074159
1 0.0784716 0.0784724
2 0.0128182 0.0128188
2 0.0102774 0.0102778
2 0.0462973 0.0462977
1 0.0608776 0.0608778
1 0.119793 0.119793
2 0.0629804 0.0629804
1 0.0484275 0.0484276
