0 0 inf
0 0 0.267176
0 0 0.250926
0 0 0.217586
0 0 0.217005
0 0 0.190553
1 0.0556055 0.204178
0 0 0.140018
1 0.1751 0.298887
0 0 0.104726
1 0.149048 0.25108
0 0 0.0976007
2 0.255142 0.339699
1 0.568611 0.651334
1 0.239753 0.320727
1 0.221989 0.29925
1 0.0812619 0.153323
1 0.345705 0.416573
1 0.334641 0.404936
1 0.325218 0.39444
0 0 0.0610818
0 0 0.0590931
0 0 0.0532293
1 0.0640875 0.114952
0 0 0.0484577
0 0 0.047684
0 0 0.0465777
0 0 0.0457488
1 0.249281 0.292192
0 0 0.0415761
0 0 0.0399526
0 0 0.039293
1 0.0446725 0.0829945
1 0.0323887 0.0696515
0 0 0.035778
1 0.154345 0.189934
0 0 0.034651
0 0 0.0340815
0 0 0.0328851
1 0.221249 0.253739
0 0 0.0324501
1 0.0697644 0.10024
1 0.0583025 0.0886459
0 0 0.0300028
0 0 0.0285735
0 0 0.0284042
1 0.291278 0.319222
1 0.384881 0.412401
1 0.256204 0.283198
0 0 0.0267079
0 0 0.0262416
0 0 0.0255069
1 0.0799351 0.104415
0 0 0.0234294
1 0.0379672 0.0611211
1 0.403529 0.426656
0 0 0.0228552
0 0 0.0224611
0 0 0.0223602
0 0 0.0223602
0 0 0.021555
1 0.0600627 0.0815465
0 0 0.0208064
0 0 0.0206424
0 0 0.0203952
0 0 0.0202201
0 0 0.0191182
0 0 0.0190416
1 0.0163671 0.0348953
1 0.12383 0.142079
0 0 0.0181031
1 0.073801 0.0916823
0 0 0.017477
2 0.430678 0.448132
0 0 0.0168008
0 0 0.0161709
0 0 0.0156397
0 0 0.015311
1 0.0403512 0.0554666
0 0 0.0145213
0 0 0.0144895
0 0 0.0143572
0 0 0.0139415
1 0.252433 0.265978
1 0.0152289 0.0286357
1 0.251926 0.265229
0 0 0.0130254
0 0 0.0129747
0 0 0.0125716
1 0.0408909 0.0534095
0 0 0.0124887
0 0 0.0124627
0 0 0.0122622
1 0.0144217 0.0265046
0 0 0.0118807
0 0 0.011685
0 0 0.0115527
0 0 0.011447
0 0 0.0113427
1 0.142675 0.153983
2 0.188322 0.199474
2 0.681946 0.692675
0 0 0.0106198
0 0 0.0104794
0 0 0.010476
0 0 0.0103836
0 0 0.0103603
0 0 0.0103323
0 0 0.0102138
0 0 0.0101744
0 0 0.00990273
1 0.0149194 0.0246823
1 0.232399 0.242098
0 0 0.00966702
1 0.0209383 0.0305525
0 0 0.0094904
0 0 0.00923732
0 0 0.00905353
1 0.0287016 0.0377296
0 0 0.00887038
0 0 0.00883426
0 0 0.00883218
0 0 0.00882727
0 0 0.0088144
0 0 0.00874192
1 0.120748 0.129479
0 0 0.00866113
0 0 0.00860448
1 0.0186329 0.0270499
1 0.318248 0.32665
0 0 0.00839169
0 0 0.00837857
0 0 0.00833417
1 0.02197 0.0302636
2 0.0337766 0.0420264
0 0 0.00824525
1 0.0267082 0.0348668
1 0.0641799 0.0722813
0 0 0.00805428
0 0 0.00799104
0 0 0.00797423
1 0.463121 0.471087
1 0.150568 0.158457
0 0 0.00785168
1 0.0443324 0.0521065
0 0 0.00751914
0 0 0.00748858
0 0 0.0073812
0 0 0.00728855
0 0 0.00725456
0 0 0.00723252
0 0 0.00720223
2 0.590589 0.597774
0 0 0.00717714
0 0 0.00717266
0 0 0.00690851
1 0.0847796 0.0914648
0 0 0.00656292
1 0.0336505 0.0401634
1 0.0283138 0.0347599
0 0 0.00640218
0 0 0.00639336
1 0.260435 0.266824
1 0.0248795 0.0312512
1 0.0647468 0.0710622
1 0.192023 0.198333
1 0.0655411 0.0715453
0 0 0.0058268
1 0.12594 0.131682
0 0 0.00566238
0 0 0.00552826
0 0 0.0054623
0 0 0.00538387
0 0 0.00537486
2 0.269932 0.275264
1 0.0285781 0.0336897
0 0 0.00511071
0 0 0.00507395
1 0.257778 0.26284
0 0 0.0050438
1 0.0211569 0.0261488
0 0 0.00494814
1 0.0661524 0.0710781
1 0.645233 0.650144
0 0 0.00482899
0 0 0.00479225
0 0 0.00476381
0 0 0.00470171
0 0 0.00463987
0 0 0.00458482
0 0 0.00456636
0 0 0.00453972
0 0 0.00452071
1 0.0352712 0.0397789
1 0.0406558 0.0451203
2 0.284673 0.289045
1 0.0243338 0.0286619
1 0.110355 0.114678
2 0.0759051 0.0801976
0 0 0.00422806
0 0 0.00419124
0 0 0.00402407
0 0 0.00400528
1 0.0148341 0.0188059
1 0.00690014 0.0108565
1 0.0279929 0.031921
0 0 0.00381657
0 0 0.00373798
0 0 0.00373293
1 0.0305465 0.0342747
1 0.0263137 0.0300332
1 0.232664 0.23635
2 0.0418115 0.0453883
0 0 0.00356712
0 0 0.00355648
0 0 0.00347264
0 0 0.00346903
1 0.0531282 0.0565192
1 0.0113999 0.014774
0 0 0.00335052
0 0 0.00333129
0 0 0.00332858
0 0 0.00332163
1 0.0640628 0.0673554
0 0 0.00326899
0 0 0.00326027
0 0 0.00321169
1 0.0551133 0.0583088
0 0 0.003182
0 0 0.00315847
2 0.0389901 0.0420992
1 0.0203163 0.0234185
1 0.0563098 0.0594099
1 0.279681 0.282744
1 0.0255481 0.0285651
0 0 0.0030117
1 0.0251516 0.0281526
0 0 0.00299818
1 0.0313335 0.0342883
0 0 0.00295277
1 0.0410117 0.0439223
1 0.0211208 0.023975
1 0.112333 0.115159
0 0 0.00274847
0 0 0.00274247
0 0 0.00273362
1 0.0446294 0.0473541
0 0 0.00270458
0 0 0.00267268
1 0.0592403 0.0618957
0 0 0.0026544
0 0 0.00264534
1 0.0161922 0.0187962
1 0.119599 0.122151
2 0.123368 0.125867
0 0 0.00249397
1 0.00656942 0.00905449
1 0.00901711 0.0114982
0 0 0.00247276
1 0.058726 0.0611952
0 0 0.00246255
1 0.277097 0.279549
0 0 0.00245081
2 0.245601 0.248036
2 0.520419 0.522844
1 0.0491551 0.0515755
1 0.248866 0.251264
1 0.0463643 0.0487467
0 0 0.00237752
1 0.0141768 0.0165461
1 0.0486016 0.0509705
0 0 0.00236885
1 0.00883594 0.0111678
1 0.467326 0.469636
1 0.0295869 0.0318859
1 0.089808 0.0921011
2 0.14517 0.147453
0 0 0.00227206
0 0 0.00224589
1 0.0102787 0.0125185
1 0.216245 0.218459
0 0 0.00219876
1 0.0371653 0.0393185
1 0.0705988 0.0727476
0 0 0.00214718
0 0 0.00212478
0 0 0.00205102
1 0.0207085 0.0227576
1 0.252117 0.254151
2 0.0854983 0.0875276
0 0 0.00202868
0 0 0.00195766
1 0.00901053 0.0109561
0 0 0.00191387
1 0.021498 0.0233902
2 0.286583 0.28846
0 0 0.00185288
1 0.0235093 0.0253422
0 0 0.00181715
1 0.0994364 0.101243
0 0 0.0017448
1 0.00265198 0.00438656
2 0.0286526 0.0303853
1 0.109128 0.11084
2 0.0519476 0.0536585
1 0.0245444 0.0262481
1 0.00562603 0.00731831
1 0.027006 0.0286919
1 0.0253967 0.0270814
1 0.0560491 0.0576895
1 0.0160667 0.017625
1 0.0247565 0.0263086
2 0.0428156 0.044302
1 0.0806112 0.0820901
1 0.0500938 0.0515432
0 0 0.0014249
0 0 0.00141863
1 0.0839714 0.0853893
0 0 0.00140396
1 0.0474956 0.0488851
2 0.23658 0.237955
1 0.0322991 0.0336561
1 0.00707726 0.00843219
0 0 0.00135147
1 0.00616999 0.0074931
2 0.297525 0.298846
1 0.0223647 0.0236701
0 0 0.00130445
2 0.65072 0.652022
1 0.0105537 0.0118544
1 0.00513408 0.0064298
2 0.382565 0.383859
0 0 0.00128935
1 0.0964695 0.0977542
1 0.00751525 0.00878239
1 0.0094374 0.010694
1 0.00912493 0.0103784
1 0.0109605 0.0122049
2 0.144543 0.145765
1 0.0228501 0.0240558
1 0.013796 0.0149797
0 0 0.00115059
1 0.00353536 0.00468065
1 0.0275571 0.0286933
1 0.252633 0.25376
1 0.295188 0.296291
2 0.0655919 0.0666734
0 0 0.0010753
1 0.0236299 0.0247025
1 0.0215392 0.0226038
1 0.0200044 0.0210536
1 0.381649 0.382695
0 0 0.0010286
1 0.0627227 0.0637395
0 0 0.00101243
0 0 0.00100934
1 0.0690944 0.0700775
2 0.0412259 0.0422063
1 0.0862412 0.0872196
2 0.0525634 0.0535356
1 0.136958 0.13793
2 0.0475727 0.0485218
1 0.00415224 0.00508804
0 0 0.000932923
1 0.0129168 0.0138458
0 0 0.000924495
1 0.0305368 0.0314469
1 0.00600421 0.00689404
2 0.0392405 0.0401231
2 0.00859216 0.00944338
1 0.031421 0.0322234
0 0 0.000783374
1 0.00978301 0.0105528
1 0.0847838 0.0855475
2 0.401787 0.402542
1 0.0586186 0.0593703
1 0.0319192 0.0326699
0 0 0.000748816
1 0.0394689 0.0402141
1 0.0427481 0.0434891
2 0.131899 0.132639
0 0 0.000738846
1 0.00480539 0.00554364
1 0.259518 0.260256
1 0.0230543 0.0237775
1 0.0311106 0.0318328
2 0.187722 0.188442
1 0.0123353 0.0130438
2 0.0154692 0.0161739
1 0.0609238 0.0616269
1 0.00779123 0.00849332
1 0.110467 0.111165
1 0.0812154 0.0818878
1 0.0108247 0.0114836
2 0.304274 0.30493
1 0.056288 0.0569432
1 0.0181486 0.0187948
1 0.0150762 0.015719
1 0.0125102 0.0131484
0 0 0.000636942
1 0.00522783 0.00585842
2 0.205122 0.205731
1 0.0330852 0.0336923
2 0.057259 0.0578629
1 0.0312881 0.0318901
1 0.00776943 0.00836999
1 0.0323353 0.0329153
1 0.0529338 0.0535121
2 0.0760127 0.0765827
2 0.106979 0.107545
2 0.0357071 0.0362718
0 0 0.000563731
1 0.0693731 0.0699147
0 0 0.000536049
1 0.197671 0.198206
2 0.0122213 0.0127551
1 0.165603 0.16613
0 0 0.000518214
0 0 0.000513437
2 0.287198 0.287708
1 0.0848643 0.085365
1 0.0117425 0.0122396
1 0.00402833 0.0045062
1 0.0273861 0.0278614
0 0 0.000474169
2 0.0156043 0.0160746
1 0.00484968 0.00531685
0 0 0.000465554
1 0.0257596 0.0262201
1 0.00864508 0.00910337
1 0.0980168 0.0984605
1 0.0234197 0.0238617
1 0.0100014 0.010443
0 0 0.000433833
1 0.00306777 0.00349858
1 0.0248657 0.0252847
1 0.0536833 0.0540947
1 0.00716647 0.00757275
1 0.00664891 0.00705159
1 0.0125269 0.0129205
1 0.0816511 0.0820427
1 0.00500691 0.00536902
1 0.00512535 0.00548689
1 0.00331818 0.00367924
1 0.00272155 0.00306842
1 0.0319301 0.0322694
2 0.124946 0.125278
1 0.0143231 0.0146472
1 0.279623 0.279938
1 0.182878 0.18319
1 0.0166914 0.0169894
0 0 0.000295976
1 0.677195 0.677488
1 0.00495326 0.00524462
1 0.0201774 0.0204603
1 0.00796906 0.00825128
1 0.043729 0.0440003
0 0 0.000270926
2 0.0403323 0.0406012
2 0.0218443 0.0221052
2 0.0291841 0.0294449
1 0.0225884 0.022831
2 0.0326522 0.0328914
2 0.085769 0.0860069
2 0.0271351 0.0273689
0 0 0.000229311
1 0.0938964 0.0941204
1 0.00343719 0.00365925
1 0.0151743 0.0153952
1 0.0571257 0.0573451
1 0.0222088 0.0224246
1 0.264229 0.264445
1 0.00621715 0.00642419
1 0.0279401 0.0281452
1 0.0406306 0.0408349
2 0.115365 0.115569
1 0.00725244 0.0074532
2 0.111204 0.1114
1 0.00564124 0.00583629
1 0.0103813 0.0105761
2 0.300568 0.300758
1 0.0315131 0.0317017
1 0.038953 0.0391358
2 0.755801 0.755983
1 0.00595401 0.00613605
1 0.00170217 0.00188335
2 0.0909537 0.0911346
1 0.0411926 0.041373
2 0.056848 0.0570254
1 0.0493985 0.0495708
1 0.0109108 0.0110813
1 0.0148596 0.0150242
1 0.022772 0.0229351
1 0.0241228 0.0242859
1 0.00314083 0.00330378
1 0.0170157 0.0171724
2 0.125642 0.125792
2 0.135724 0.135873
1 0.0651579 0.0653062
1 0.00967408 0.00982064
1 0.00358526 0.0037277
2 0.0119261 0.0120561
1 0.0274781 0.0276064
1 0.0261363 0.0262619
1 0.0249945 0.0251193
2 0.0278691 0.0279889
1 0.00171323 0.00183287
2 0.0452174 0.0453366
1 0.0075953 0.00770164
1 0.001515 0.00161986
1 0.0297027 0.0298001
1 0.0220934 0.0221901
2 0.256995 0.257089
1 0.282874 0.282968
1 0.00385793 0.0039513
2 0.0294833 0.0295749
2 0.130168 0.130259
2 0.0325451 0.0326363
1 0.00382815 0.00391788
2 0.0120363 0.0121252
0 0 8.72483e-05
1 0.0126169 0.0126996
2 0.0552046 0.0552825
1 0.0581657 0.0582422
1 0.287185 0.287258
1 0.0132572 0.0133272
2 0.0855315 0.0856004
1 0.0152974 0.0153634
1 0.00795063 0.00801661
1 0.0105037 0.0105695
1 0.028619 0.0286834
2 0.0403562 0.0404193
1 0.0305153 0.0305772
1 0.184632 0.184694
2 0.0114033 0.0114648
2 0.172977 0.173033
2 0.0313594 0.0314133
1 0.0236742 0.0237255
1 0.0224372 0.0224838
1 0.0766976 0.0767425
2 0.0410623 0.0411054
1 0.100858 0.1009
1 0.0516548 0.0516958
2 0.183199 0.183239
2 0.186072 0.18611
1 0.019227 0.0192647
1 0.0221504 0.022187
1 0.00904461 0.00908057
2 0.0418111 0.0418463
2 0.0330966 0.0331314
1 0.167454 0.167487
1 0.0198816 0.0199138
1 0.00611281 0.00614446
1 0.0203419 0.0203703
1 0.0289804 0.0290073
2 0.283049 0.283074
1 0.0224637 0.0224878
2 0.00332109 0.00334493
1 0.12075 0.120774
1 0.0115823 0.0115995
1 0.0324929 0.0325095
1 0.0118938 0.0119099
2 0.00447809 0.00449348
1 0.00873749 0.00875242
1 0.0103553 0.0103702
1 0.0311797 0.0311936
1 0.120148 0.120161
1 0.14074 0.140753
2 0.0420736 0.0420851
2 0.0293141 0.0293252
2 0.0400231 0.0400341
2 0.0839348 0.0839454
2 0.0664646 0.0664749
1 0.280865 0.280875
2 0.100915 0.100924
2 0.296797 0.296805
2 0.0176586 0.0176665
1 0.165318 0.165326
1 0.00543799 0.00544523
1 0.0253353 0.0253419
1 0.0534279 0.0534335
1 0.0165829 0.0165884
1 0.0663144 0.0663198
1 0.0772809 0.0772856
1 0.0279728 0.0279772
2 0.0226495 0.0226537
2 0.0381916 0.0381956
1 0.0080952 0.00809887
1 0.0143738 0.0143773
1 0.0103681 0.0103711
1 0.0727418 0.0727447
1 0.00525426 0.00525696
1 0.00321663 0.00321927
2 0.0261305 0.026133
1 0.00626546 0.00626782
1 0.00430033 0.00430249
1 0.0202797 0.0202817
1 0.0373056 0.0373068
2 0.035406 0.0354069
1 0.16973 0.16973
1 0.0304046 0.0304054
2 0.029057 0.0290576
2 0.0362282 0.0362287
1 0.0105139 0.0105144
1 0.0105762 0.0105766
2 0.0842475 0.0842479
2 0.0094394 0.00943952
2 0.0190551 0.0190551
2 0.111465 0.111465
