0 0 inf
0 0 0.237488
1 0.151782 0.323284
1 0.138132 0.230349
0 0 0.0907145
0 0 0.0889509
0 0 0.0821595
1 0.0552737 0.134325
1 0.0296126 0.102402
0 0 0.0640222
1 0.389069 0.448508
1 0.0281704 0.0871315
0 0 0.0549108
0 0 0.0525637
0 0 0.0477677
1 0.0859804 0.131735
0 0 0.045094
0 0 0.0439674
0 0 0.0435999
0 0 0.0414488
0 0 0.0407167
0 0 0.0384477
1 0.160496 0.198144
1 0.0902964 0.124396
0 0 0.0340277
0 0 0.0335122
0 0 0.0333859
1 0.0457466 0.0789197
0 0 0.0327495
1 0.0309992 0.0632027
0 0 0.0310927
0 0 0.0294253
0 0 0.0294168
0 0 0.0287994
0 0 0.0281038
0 0 0.0273686
0 0 0.0271695
1 0.105496 0.13237
0 0 0.0267755
0 0 0.0253313
0 0 0.0252691
1 0.0549017 0.0798988
1 0.0404087 0.0650838
0 0 0.0246554
0 0 0.0243912
0 0 0.0243624
0 0 0.0241893
0 0 0.0239702
1 0.0483444 0.0721167
0 0 0.0231752
0 0 0.0221106
0 0 0.021973
0 0 0.0219654
0 0 0.0217531
0 0 0.0213821
0 0 0.0213094
1 0.3199 0.341126
0 0 0.0209698
0 0 0.0207864
0 0 0.0206666
1 0.0190261 0.0395263
1 0.0412561 0.0615503
1 0.0448639 0.0651048
0 0 0.0195959
1 0.0270856 0.0465364
0 0 0.0192658
0 0 0.0187271
0 0 0.0182852
0 0 0.0177655
1 0.0418855 0.0594928
0 0 0.017465
0 0 0.0174053
0 0 0.0173882
0 0 0.0170835
0 0 0.0168758
0 0 0.0168612
0 0 0.0165558
0 0 0.0165126
0 0 0.0164974
0 0 0.0160537
0 0 0.0154677
0 0 0.0154545
1 0.321523 0.336951
0 0 0.0153384
0 0 0.0151814
1 0.244733 0.259889
0 0 0.0150424
0 0 0.0144505
1 0.0563073 0.0707197
0 0 0.0142808
0 0 0.0142736
0 0 0.0141162
1 0.0496348 0.0637504
0 0 0.0141146
0 0 0.0136883
0 0 0.0136861
1 0.062508 0.0761455
0 0 0.013606
0 0 0.0134952
0 0 0.0134632
1 0.0472293 0.0606545
0 0 0.0134156
0 0 0.0133071
0 0 0.0131004
0 0 0.012811
1 0.0534535 0.0662498
0 0 0.0127254
0 0 0.0127016
2 0.200835 0.213496
0 0 0.0125587
1 0.0564144 0.0689681
1 0.0179062 0.0301228
1 0.0346002 0.0467239
0 0 0.0111786
0 0 0.0111606
0 0 0.0109558
1 0.0310751 0.0419504
0 0 0.0106369
0 0 0.01062
0 0 0.0105708
1 0.0293537 0.039881
0 0 0.0103551
0 0 0.0103142
0 0 0.0102815
1 0.0253353 0.0355242
0 0 0.0101776
0 0 0.00990997
0 0 0.00980118
2 0.146663 0.156461
1 0.0388073 0.0483234
1 0.112788 0.12223
0 0 0.00943301
0 0 0.00940196
0 0 0.00938845
1 0.0433892 0.0527712
0 0 0.00924012
0 0 0.00894659
0 0 0.0089341
0 0 0.00890616
1 0.110258 0.119133
0 0 0.00876565
0 0 0.00866313
0 0 0.00863083
1 0.0684551 0.0770775
0 0 0.00861366
1 0.128378 0.136958
0 0 0.00856345
0 0 0.00854533
0 0 0.00847541
1 0.0795579 0.0879654
0 0 0.00830229
1 0.0357994 0.0439911
0 0 0.00816706
1 0.18424 0.192373
1 0.0481244 0.0562298
0 0 0.00804375
0 0 0.00801744
1 0.292556 0.300422
0 0 0.00765835
1 0.0592598 0.0668193
0 0 0.00753694
0 0 0.00746315
1 0.0207178 0.0281748
2 0.1016 0.109027
0 0 0.00719172
1 0.0382465 0.0454148
0 0 0.00707029
1 0.0344991 0.0414996
0 0 0.00699563
1 0.0616603 0.0684527
1 0.0380011 0.0447915
1 0.152775 0.159528
0 0 0.00670728
0 0 0.00663406
0 0 0.00659928
0 0 0.00659193
1 0.0242827 0.030842
0 0 0.0065466
0 0 0.00644018
1 0.0176358 0.023911
1 0.0462286 0.0524375
1 0.034393 0.0405979
1 0.0534079 0.059489
1 0.0456235 0.0516941
0 0 0.00602196
1 0.0249155 0.0309368
1 0.176881 0.182888
1 0.0925104 0.0985074
1 0.0320238 0.0379921
1 0.0223796 0.0283227
1 0.0435846 0.0494561
1 0.0190944 0.0247541
1 0.0526297 0.0582222
0 0 0.0055743
1 0.0395529 0.0450458
2 0.947771 0.953188
1 0.0453534 0.0506731
0 0 0.00526329
0 0 0.0052196
1 0.0584701 0.0635837
0 0 0.00509261
0 0 0.00489632
1 0.0653842 0.0702462
0 0 0.00481229
0 0 0.00475244
0 0 0.00471497
0 0 0.00466169
0 0 0.00463138
1 0.0556456 0.0602624
0 0 0.00457143
0 0 0.00450097
1 0.0236999 0.0281838
0 0 0.00443594
1 0.0304968 0.0348794
1 0.0190373 0.023408
0 0 0.00436537
0 0 0.00431067
1 0.0179305 0.0220507
1 0.0163148 0.0203921
0 0 0.00406945
2 0.366434 0.370499
1 0.0152616 0.0192726
0 0 0.00400753
1 0.0433459 0.0473345
2 0.151935 0.155923
1 0.0455507 0.0494385
0 0 0.00377708
0 0 0.0037214
1 0.183265 0.186974
1 0.072213 0.0759163
1 0.035979 0.0396696
0 0 0.00365865
0 0 0.00364571
0 0 0.00363995
1 0.0848209 0.0883686
0 0 0.0035037
1 0.0156606 0.0191166
0 0 0.00337529
0 0 0.00332301
0 0 0.0032431
0 0 0.00316491
0 0 0.00314897
1 0.037142 0.0402667
0 0 0.00312205
0 0 0.00307055
0 0 0.00306567
2 0.0789898 0.0820119
0 0 0.00300252
1 0.0424702 0.0454695
1 0.025247 0.0282448
1 0.075618 0.0785886
1 0.12843 0.131339
0 0 0.00290433
0 0 0.00283982
1 0.0256246 0.0284477
1 0.0314322 0.0342395
1 0.0358296 0.0386209
1 0.012181 0.0149066
0 0 0.00268823
0 0 0.00262188
1 0.0218734 0.0244602
1 0.0548026 0.0573489
1 0.943453 0.94599
1 0.0215495 0.024067
1 0.0459551 0.0484629
1 0.0170568 0.0195264
0 0 0.00244356
1 0.0346375 0.0370724
0 0 0.00242138
2 0.103572 0.105988
1 0.0584869 0.0608951
1 0.0156228 0.0180161
1 0.0122452 0.0145872
1 0.440829 0.443162
1 0.0429983 0.0453192
2 0.0493445 0.0516505
1 0.0159751 0.0182463
1 0.0157388 0.0179654
2 0.10667 0.108874
1 0.0327701 0.0349682
0 0 0.00219175
1 0.0283326 0.0305083
2 0.0786769 0.0808297
1 0.0387617 0.0408489
0 0 0.00207438
0 0 0.0020519
1 0.0328 0.034807
1 0.0452907 0.0472941
1 0.0776045 0.0795973
0 0 0.00196615
1 0.0472383 0.049197
1 0.0480346 0.0499926
1 0.0259539 0.027889
1 0.100799 0.102733
0 0 0.00192383
1 0.0315577 0.0334661
1 0.0448677 0.0467716
0 0 0.00190106
1 0.0396536 0.041552
1 0.00748979 0.00931973
0 0 0.00182133
1 0.0319926 0.0338063
0 0 0.0017779
1 0.0645302 0.0663077
2 0.0670731 0.0688494
0 0 0.0017419
1 0.0184278 0.0201521
1 0.017812 0.0194793
2 0.0715575 0.0732213
2 0.104016 0.105661
1 0.0135232 0.0151647
2 0.0476994 0.0493352
1 0.0115424 0.0131296
1 0.0674662 0.069048
1 0.00864015 0.0102106
2 0.0780026 0.0795536
1 0.00404338 0.00558531
1 0.0433966 0.0449047
0 0 0.00149378
1 0.0265605 0.0280523
2 0.133769 0.135252
1 0.0181765 0.0196164
2 0.0320003 0.0334235
1 0.109772 0.111189
0 0 0.00141584
1 0.0334418 0.034828
0 0 0.00137201
1 0.131476 0.132841
1 0.0369886 0.0383479
0 0 0.00135128
0 0 0.00134019
0 0 0.00133563
0 0 0.00133491
0 0 0.0013259
1 0.0355283 0.0368094
1 0.0569125 0.0581894
1 0.0206856 0.0219146
0 0 0.00120186
1 0.0623672 0.0635598
0 0 0.00118923
1 0.0697409 0.0709175
1 0.0366395 0.0378008
1 0.0414565 0.0426146
1 0.100916 0.102057
1 0.0863784 0.0875179
0 0 0.00110257
1 0.0268544 0.0279183
0 0 0.00102499
2 0.180967 0.181981
2 0.16276 0.163767
1 0.0162251 0.0172195
1 0.0826606 0.083635
1 0.0060944 0.00705613
2 0.0198721 0.0208326
2 0.0313845 0.0323329
1 0.690186 0.691128
1 0.045193 0.0461291
0 0 0.000935647
1 0.0142612 0.0151815
1 0.0326883 0.0336067
1 0.0370344 0.0379504
2 0.0399565 0.0408549
1 0.178362 0.179257
2 0.0524225 0.0533122
1 0.0452622 0.0461457
0 0 0.000883403
1 0.0450699 0.0459421
1 0.0155318 0.0164002
1 0.0285464 0.0294041
1 0.0565965 0.0574509
1 0.0421482 0.0429923
2 0.0205406 0.0213818
1 0.0122998 0.0131325
1 0.0175842 0.0184129
1 0.224662 0.225479
2 0.0269975 0.0278048
2 0.0469225 0.0476865
1 0.0295654 0.0303235
1 0.00919425 0.00994719
1 0.0640978 0.0648491
1 0.044116 0.0448627
1 0.0303174 0.0310563
0 0 0.000737866
1 0.0348797 0.0356144
1 0.040075 0.0408006
0 0 0.000710641
0 0 0.000708728
1 0.0901059 0.0908133
1 0.0144917 0.0151957
0 0 0.000647334
2 0.0481547 0.0487919
0 0 0.00063692
0 0 0.000636597
1 0.0170029 0.0176394
1 0.0277914 0.0283923
1 0.0195005 0.0200973
0 0 0.000586199
1 0.122872 0.123458
2 0.0287951 0.0293692
1 0.0105587 0.0111221
0 0 0.000556359
2 0.103621 0.104177
1 0.0730749 0.0736311
1 0.00373956 0.00429523
1 0.00401181 0.00455618
1 0.0349255 0.035464
1 0.00855358 0.00908754
1 0.00471411 0.00523073
1 0.00944742 0.0099605
1 0.0223841 0.0228959
1 0.00657239 0.00708134
1 0.0210431 0.0215473
2 0.0591131 0.059612
1 0.0702858 0.0707783
1 0.0466805 0.047173
1 0.171084 0.171572
1 0.0371262 0.0376108
1 0.121387 0.121871
1 0.00793095 0.00840981
1 0.0136036 0.0140802
1 0.0178173 0.0182932
1 0.0167509 0.017219
0 0 0.000465854
1 0.0522915 0.05275
1 0.0411517 0.0416081
2 0.219488 0.219934
0 0 0.000443826
1 0.0757834 0.0762236
1 0.0347346 0.0351661
2 0.0834834 0.0839117
2 0.553582 0.554006
1 0.00277685 0.00319917
1 0.0091146 0.00953402
0 0 0.000419183
2 0.031627 0.0320202
1 0.0828569 0.0832478
1 0.1319 0.132289
1 0.0230333 0.0234174
1 0.0051276 0.00550626
2 0.141093 0.141463
1 0.0454178 0.0457868
1 0.01839 0.0187545
2 0.0349525 0.0353144
1 0.0254311 0.0257835
2 0.0507111 0.0510532
1 0.0457753 0.0461065
2 0.0195089 0.0198368
2 0.323458 0.323774
2 0.0738438 0.0741596
1 0.100208 0.100515
1 0.00897933 0.00927891
1 0.0414945 0.0417853
0 0 0.00029067
1 0.028209 0.0284992
2 0.0473503 0.0476394
1 0.0119676 0.0122464
1 0.00717643 0.00745292
1 0.00295309 0.00320271
1 0.00684834 0.00709736
1 0.047197 0.0474454
1 0.00583043 0.00606237
1 0.0511568 0.0513883
2 0.0469648 0.0471959
2 0.0357214 0.0359513
2 0.0721436 0.0723635
1 0.0837916 0.0840073
2 0.0112224 0.0114378
1 0.056356 0.0565703
1 0.0404774 0.040689
1 0.0235267 0.0237375
0 0 0.000205772
1 0.0699914 0.0701958
1 0.0618744 0.0620772
1 0.0136581 0.0138581
2 0.0286097 0.0288073
0 0 0.000187491
1 0.089863 0.09005
2 0.0489075 0.04909
1 0.0739964 0.0741785
1 0.00631143 0.00649229
1 0.0411703 0.0413507
1 0.00271418 0.00289103
2 0.0312479 0.0314225
1 0.0345339 0.0347082
1 0.00282112 0.00299431
1 0.0317722 0.0319394
2 0.0784809 0.0786477
1 0.0281075 0.0282735
1 0.0645023 0.0646638
2 0.124758 0.124917
2 0.051215 0.0513731
1 0.071317 0.0714739
2 0.49542 0.495576
2 0.0658235 0.0659769
1 0.0649081 0.0650608
1 0.0117085 0.0118548
2 0.00626653 0.00641175
2 0.0434377 0.0435763
1 0.0293738 0.0295113
1 0.0626894 0.0628218
1 0.0898943 0.0900251
2 0.066371 0.0665011
1 0.00146186 0.00158969
2 0.0994635 0.0995889
1 0.00511439 0.00523895
2 0.029421 0.0295444
1 0.0271826 0.0272999
2 0.0299417 0.0300589
2 0.0411045 0.0412203
2 0.0309018 0.0310168
1 0.0218445 0.0219531
2 0.207331 0.207436
1 0.0232015 0.0232971
2 0.119284 0.119373
1 0.0214657 0.021552
1 0.0249727 0.0250577
1 0.00788424 0.00796922
1 0.00180272 0.00188564
1 0.0503876 0.0504698
2 0.0441538 0.0442352
1 0.0493512 0.0494313
1 0.174362 0.174439
1 0.0421977 0.0422742
1 0.0491927 0.0492684
2 0.0244336 0.024507
0 0 7.25275e-05
1 0.0597713 0.0598434
1 0.00206387 0.00213529
2 0.0225671 0.0226383
2 0.0900527 0.0901213
2 0.277114 0.277181
2 0.103051 0.103118
2 0.0625977 0.0626586
2 0.0311663 0.0312169
1 0.0304832 0.0305337
1 0.0879986 0.0880459
1 0.0137736 0.0138201
1 0.00588045 0.00592638
2 0.0102906 0.0103337
1 0.00930771 0.00934866
2 0.0505448 0.0505846
1 0.129729 0.129767
2 0.127862 0.127899
2 0.0286948 0.0287313
2 0.058088 0.0581231
1 0.114307 0.11434
1 0.107342 0.107367
1 0.00791936 0.00794374
1 0.0293941 0.0294176
2 0.103628 0.103651
1 0.0182488 0.0182714
1 0.0239079 0.02393
1 0.752591 0.752611
1 0.0575313 0.0575517
2 0.071175 0.0711929
1 0.131992 0.132009
1 0.0107578 0.0107748
1 0.0274695 0.0274835
2 0.0465742 0.0465877
1 0.018017 0.0180278
2 0.0451645 0.0451731
1 0.366032 0.366041
1 0.121764 0.121773
2 0.108988 0.108997
1 0.00799388 0.00800144
2 0.0965186 0.0965259
2 0.135013 0.13502
2 0.012852 0.0128581
2 0.0926182 0.0926239
1 0.0851945 0.0851997
1 0.0104641 0.0104693
1 0.00648126 0.00648639
2 0.00599136 0.00599646
1 0.0696056 0.0696103
1 0.00148838 0.00149304
2 0.0215887 0.0215933
1 0.0629799 0.0629838
1 0.00582796 0.00583129
2 0.134342 0.134345
2 0.0108882 0.0108914
2 0.0465426 0.0465457
2 0.0470607 0.0470635
2 0.067682 0.0676842
2 0.0383731 0.0383753
1 0.147984 0.147985
1 0.0138141 0.0138159
2 0.104253 0.104254
1 0.0325925 0.032594
2 0.165258 0.165259
1 0.0272471 0.0272482
1 0.0146983 0.0146993
2 0.0376225 0.0376234
2 0.0500857 0.0500862
2 0.0659037 0.0659042
2 0.189878 0.189878
2 0.0251547 0.025155
2 0.104101 0.104101
1 0.0660689 0.0660689
2 0.0339377 0.0339377
2 0.0294988 0.0294988
