0 0 inf
0 0 0.282378
0 0 0.259768
0 0 0.209068
1 0.360174 0.550667
0 0 0.162037
1 0.167022 0.307738
1 0.130981 0.268783
1 0.0454143 0.165359
0 0 0.107954
0 0 0.0871924
0 0 0.0774911
0 0 0.0768623
1 0.282735 0.358164
0 0 0.0626489
0 0 0.0541544
1 0.156039 0.209964
0 0 0.050434
1 0.441842 0.490403
0 0 0.0468958
0 0 0.0426166
0 0 0.0419656
1 0.391921 0.430923
1 0.0197502 0.0579498
1 0.0399079 0.0780369
0 0 0.0362718
0 0 0.0356615
0 0 0.0346525
0 0 0.0331341
0 0 0.0330431
0 0 0.0309712
0 0 0.0302038
1 0.0989775 0.12798
1 0.0362765 0.0651222
0 0 0.0282406
0 0 0.0279407
0 0 0.0258166
1 0.0392964 0.0642055
0 0 0.0247425
1 0.0266963 0.0512392
0 0 0.0238844
0 0 0.0236799
0 0 0.0232114
1 0.0202725 0.0427942
0 0 0.0222751
1 0.0528411 0.0750792
0 0 0.0219826
0 0 0.0216681
0 0 0.0214808
0 0 0.0214527
1 0.0322183 0.0535915
0 0 0.0210553
0 0 0.0210541
1 0.299043 0.319606
0 0 0.0203086
0 0 0.0197623
1 0.042088 0.0613895
0 0 0.0191124
0 0 0.0189336
0 0 0.0188324
1 0.0518492 0.0702625
0 0 0.0183365
0 0 0.0182506
0 0 0.0181204
0 0 0.0178462
0 0 0.0177664
0 0 0.0175348
0 0 0.0168979
0 0 0.0168504
1 0.0454683 0.0620914
0 0 0.0162056
1 0.0869438 0.102921
0 0 0.0156811
0 0 0.015365
0 0 0.0151772
0 0 0.0147346
0 0 0.0146056
0 0 0.0145792
1 0.215334 0.229334
0 0 0.0138078
0 0 0.0137726
1 0.0417107 0.0553705
0 0 0.0136091
0 0 0.0134266
1 0.142933 0.156324
0 0 0.0126111
0 0 0.0125731
0 0 0.012492
0 0 0.0124179
0 0 0.012368
1 0.0404682 0.0524735
0 0 0.0119823
1 0.0205951 0.0323787
0 0 0.0117802
0 0 0.0110511
1 0.294788 0.305824
0 0 0.0110083
0 0 0.010828
1 0.0669824 0.0777207
0 0 0.0106128
0 0 0.0103032
0 0 0.0102565
0 0 0.0102063
0 0 0.0101822
0 0 0.0101471
0 0 0.0101283
1 0.201382 0.211447
2 0.232906 0.24297
0 0 0.0100475
1 0.0338661 0.0438541
0 0 0.00997532
1 0.0319522 0.041883
0 0 0.00979721
0 0 0.00975915
1 0.0224378 0.0318847
0 0 0.00933535
0 0 0.00905841
0 0 0.00897454
1 0.11206 0.120901
1 0.21522 0.223996
0 0 0.00876123
1 0.014902 0.0236065
2 0.171573 0.179866
0 0 0.00809865
0 0 0.00804428
1 0.0202428 0.0282645
0 0 0.00789801
2 0.0655551 0.0734505
0 0 0.00783997
0 0 0.00777211
0 0 0.00772319
0 0 0.00760453
1 0.190571 0.198131
0 0 0.00752906
0 0 0.00741595
0 0 0.00739858
0 0 0.00717027
1 0.0394703 0.0466009
0 0 0.00706475
0 0 0.00689083
1 0.0248376 0.0317045
0 0 0.00684404
0 0 0.00672639
1 0.0453484 0.0520587
1 0.0608124 0.0674865
0 0 0.00663209
0 0 0.00659595
0 0 0.00653919
1 0.0428973 0.0494085
0 0 0.00639954
1 0.304986 0.31136
0 0 0.00635679
1 0.0103629 0.0166897
0 0 0.0062968
0 0 0.00626673
0 0 0.0062664
0 0 0.00615146
0 0 0.00612175
1 0.017925 0.0240374
0 0 0.00610298
1 0.0231888 0.0292851
1 0.0106421 0.016688
0 0 0.00604387
1 0.0177247 0.023619
1 0.0484532 0.0543462
0 0 0.00584458
0 0 0.00580628
1 0.0698586 0.0755239
1 0.045749 0.0510777
0 0 0.00527425
0 0 0.00520004
1 0.00868771 0.0138688
1 0.0216832 0.0268348
1 0.0201463 0.0251921
0 0 0.0050307
1 0.299812 0.304807
1 0.0124968 0.0174584
0 0 0.00495791
0 0 0.0049489
1 0.0141137 0.0190363
0 0 0.00486152
0 0 0.00484137
1 0.144113 0.14879
1 0.0325379 0.0370444
0 0 0.00449171
0 0 0.0044882
0 0 0.00447486
2 0.0627585 0.0671725
1 0.0221785 0.0265643
0 0 0.00437881
0 0 0.00436577
0 0 0.00434594
1 0.0675232 0.0718276
1 0.371265 0.375514
1 0.0256304 0.0298744
0 0 0.00418494
0 0 0.0041468
0 0 0.0041459
0 0 0.00412425
0 0 0.00410632
1 0.102028 0.106117
0 0 0.00402316
1 0.0409799 0.0449688
1 0.0486258 0.0526108
1 0.0239648 0.0279478
0 0 0.00380545
1 0.0188509 0.0226245
1 0.0255371 0.0292977
1 0.015186 0.0188799
0 0 0.00368602
1 0.0506495 0.0543345
0 0 0.00364722
0 0 0.00363785
2 0.0846574 0.0882898
0 0 0.00360642
1 0.0261898 0.0297932
0 0 0.00353574
1 0.0250002 0.0284776
1 0.00699642 0.0104541
0 0 0.00342366
0 0 0.00341919
1 0.0215587 0.0248466
1 0.146935 0.150189
0 0 0.00325149
1 0.039075 0.0422636
2 0.0416552 0.044841
0 0 0.00318142
0 0 0.00317967
0 0 0.00317328
1 0.0305808 0.0337457
0 0 0.00312953
0 0 0.00312162
0 0 0.00311455
0 0 0.0030867
0 0 0.00302833
0 0 0.00302783
0 0 0.00302648
0 0 0.0030196
1 0.0112626 0.0142624
0 0 0.00298403
1 0.0168523 0.0197515
0 0 0.00287839
1 0.0136191 0.0164604
0 0 0.00282971
1 0.070312 0.0731368
2 0.0764362 0.0792212
1 0.120683 0.123445
1 0.0376092 0.0403571
0 0 0.0027151
0 0 0.00270863
1 0.0228483 0.025521
1 0.00534597 0.00794806
1 0.0266529 0.0292206
1 0.0131172 0.0156592
0 0 0.00253863
0 0 0.00250847
1 0.31917 0.321658
1 0.0749912 0.0774765
1 0.0124455 0.0149164
0 0 0.0024669
1 0.046502 0.0489645
1 0.0438322 0.0462485
1 0.0255828 0.0279541
1 0.0684873 0.0708487
1 0.0114425 0.0137652
1 0.323664 0.325944
1 0.0352336 0.0375006
0 0 0.0022315
1 0.03544 0.037633
2 0.0793148 0.0814686
1 0.0169183 0.0190662
1 0.0329481 0.035052
0 0 0.00209484
1 0.00997589 0.0120491
1 0.0267915 0.0288352
2 0.0327336 0.0347559
0 0 0.00199388
1 0.036394 0.0383558
1 0.0143448 0.016305
1 0.0134515 0.0153799
1 0.0924929 0.0944166
1 0.0509032 0.0527986
0 0 0.00188367
2 0.0915594 0.0934356
1 0.0266744 0.028537
1 0.089169 0.0910207
2 0.151559 0.153406
0 0 0.00184153
1 0.113951 0.115781
2 0.0567636 0.0585648
0 0 0.00179472
0 0 0.00178474
1 0.00936735 0.0111357
2 0.072917 0.0746719
1 0.0431554 0.0449042
2 0.0656194 0.0673469
2 0.071276 0.0729962
1 0.0279758 0.0296834
0 0 0.00169791
0 0 0.00169515
0 0 0.00167886
1 0.030911 0.0325823
0 0 0.0016532
0 0 0.00164867
1 0.00816676 0.00981186
1 0.0100696 0.0117076
1 0.0164411 0.0180679
0 0 0.0016147
2 0.0501416 0.0517361
1 0.0306871 0.0322739
0 0 0.0015856
1 0.0105929 0.0121741
2 0.0434164 0.0449747
1 0.012625 0.0141645
1 0.0239918 0.0255234
0 0 0.00150814
0 0 0.0014577
0 0 0.00143183
1 0.0319291 0.0333558
1 0.0282768 0.0297011
1 0.0215101 0.0229273
2 0.0843032 0.0856843
1 0.023777 0.0251544
1 0.0083007 0.00966108
1 0.0411501 0.0425027
1 0.0175106 0.0188256
1 0.0116322 0.0129463
1 0.0286323 0.0299445
2 0.13542 0.136719
0 0 0.00129879
1 0.261702 0.262994
1 0.0102848 0.0115474
0 0 0.00123691
1 0.0143659 0.015586
0 0 0.00119892
0 0 0.00119825
0 0 0.00118327
0 0 0.00118216
1 0.0621215 0.0633003
1 0.0278976 0.0290725
1 0.0128398 0.0140088
1 0.0356831 0.0368243
1 0.0209121 0.022053
1 0.0078966 0.00903058
0 0 0.00113159
1 0.0317586 0.0328875
2 0.069994 0.0711123
1 0.00419152 0.00530111
0 0 0.00109429
1 0.0527804 0.053853
1 0.0359223 0.0369874
2 0.0122322 0.0132937
1 0.0235443 0.0245782
1 0.132812 0.133835
1 0.105972 0.106991
1 0.0039194 0.0049352
1 0.00735067 0.00834629
0 0 0.000992331
2 0.385425 0.386384
1 0.0217653 0.0227225
2 0.0187664 0.0196384
1 0.0222326 0.023101
1 0.0120955 0.0129626
1 0.00303332 0.00390041
0 0 0.000857546
1 0.0290828 0.0299357
1 0.0103324 0.0111849
1 0.0748631 0.0757152
1 0.00945155 0.0102958
0 0 0.000838954
1 0.0397232 0.0405479
1 0.029978 0.0307892
1 0.055256 0.0560535
1 0.0629117 0.0637028
1 0.0161124 0.0168993
1 0.0182594 0.0190409
1 0.00886305 0.00964416
1 0.018247 0.0190186
1 0.0393743 0.0401412
2 0.0330536 0.0338099
1 0.0220605 0.0228088
1 0.0725292 0.0732748
1 0.0118738 0.0126088
1 0.0198302 0.0205615
0 0 0.000729644
1 0.0084284 0.00915041
0 0 0.000715835
1 0.0108703 0.0115571
1 0.0426919 0.0433604
1 0.00964012 0.0102978
1 0.0204446 0.0210749
0 0 0.000612352
1 0.00328807 0.00389347
1 0.00820515 0.00880718
2 0.0722257 0.072823
2 0.0616809 0.062272
1 0.0165737 0.0171527
1 0.0137127 0.0142745
0 0 0.000560679
2 0.0766176 0.0771725
1 0.0504269 0.0509753
2 0.0760432 0.0765842
1 0.0259723 0.0265116
1 0.362984 0.36352
1 0.116539 0.117069
2 0.0526073 0.0531234
1 0.00958965 0.0101013
1 0.0745791 0.0750729
1 0.0122868 0.0127773
2 0.0633025 0.0637801
1 0.00397237 0.00444612
2 0.0324419 0.0329032
2 0.0148051 0.0152624
1 0.0560085 0.0564558
1 0.0622246 0.0626712
1 0.0515811 0.052027
1 0.00599473 0.00643312
1 0.0254675 0.0259038
0 0 0.00042714
1 0.0029685 0.00339185
2 0.0569243 0.0573207
1 0.0183018 0.0186977
0 0 0.00039298
1 0.0275134 0.0279041
2 0.0120322 0.0123937
1 0.0099737 0.0103332
1 0.03711 0.0374692
1 0.0341139 0.034466
1 0.0201884 0.0205287
2 0.0569388 0.0572738
0 0 0.000334537
2 0.0430305 0.0433645
1 0.0613236 0.0616568
0 0 0.000326504
1 0.0164336 0.0167568
0 0 0.000320241
1 0.015227 0.0155451
1 0.00644709 0.00674815
1 0.0090538 0.00934104
2 0.0288745 0.0291516
1 0.0210035 0.0212792
1 0.0242045 0.0244739
2 0.013572 0.0138339
1 0.0942273 0.0944847
2 0.0374042 0.0376574
2 0.0259361 0.0261872
2 0.421067 0.421318
2 0.0412417 0.0414911
2 0.610157 0.610405
1 0.00593414 0.00617791
1 0.00866554 0.00890642
1 0.17648 0.176715
1 0.00360024 0.00383426
1 0.0124564 0.0126904
1 0.0157069 0.0159408
2 0.0189241 0.01915
1 0.0474615 0.0476874
1 0.0362233 0.0364406
1 0.0205012 0.0207113
1 0.040664 0.0408721
1 0.0034663 0.00367403
1 0.0113609 0.0115678
1 0.0563743 0.0565793
0 0 0.000202802
2 0.109146 0.109348
2 0.236702 0.236904
1 0.0107657 0.0109661
2 0.0485688 0.0487689
1 0.0307323 0.030929
1 0.0299219 0.0301176
0 0 0.000193343
1 0.0114201 0.0116133
2 0.0467887 0.0469804
1 0.00232957 0.00252101
1 0.00630151 0.00649239
1 0.00842171 0.00860677
2 0.0661918 0.0663758
1 0.00852463 0.00870545
2 0.0445683 0.0447479
1 0.0200537 0.0202318
1 0.0688086 0.0689863
1 0.0321972 0.0323686
1 0.0450375 0.0452057
1 0.0203707 0.0205363
2 0.0526625 0.0528272
1 0.0403745 0.0405368
2 0.0501436 0.0503041
1 0.72265 0.722798
1 0.00714811 0.00729375
1 0.0296074 0.0297498
1 0.00497041 0.00511056
1 0.033473 0.0336059
2 0.0727331 0.072859
2 0.406731 0.406851
1 0.00784249 0.00795996
1 0.00223502 0.00235198
2 0.0217681 0.0218809
2 0.0350787 0.0351829
1 0.0216363 0.0217346
1 0.0178735 0.017971
1 0.171309 0.171403
2 0.0170032 0.0170951
2 0.0211211 0.0212123
1 0.0288632 0.0289539
2 0.033273 0.0333636
1 0.00958435 0.00967216
1 0.0222057 0.0222915
1 0.0351789 0.0352629
1 0.00743183 0.00751408
1 0.00538681 0.00546528
1 0.02241 0.0224882
1 0.0333246 0.0334007
2 0.0724673 0.0725405
2 0.0204253 0.0204982
1 0.0480564 0.0481276
1 0.000897175 0.000966453
1 0.0199709 0.0200401
1 0.0120129 0.0120804
1 0.0151512 0.0152157
1 0.0614591 0.0615223
1 0.10464 0.104703
1 0.0597429 0.0598009
2 0.0364408 0.0364988
2 0.035075 0.0351326
1 0.0196239 0.0196812
1 0.0132121 0.0132692
1 0.420049 0.420102
1 0.00602251 0.00607509
1 0.00277788 0.00283008
1 0.0168909 0.0169386
2 0.0732107 0.0732581
1 0.00666213 0.00670938
1 0.0505017 0.0505487
1 0.407612 0.407658
2 0.0437981 0.0438418
1 0.0244997 0.0245426
2 0.428017 0.42806
2 0.0510075 0.0510503
1 0.0629366 0.0629787
1 0.00709805 0.00713888
2 0.0109196 0.0109578
2 0.0324847 0.0325217
2 0.010465 0.010502
2 0.0292289 0.0292634
2 0.0338677 0.0338984
1 0.00670811 0.00673877
2 0.0491531 0.049179
1 0.0133305 0.0133514
2 0.104735 0.104755
2 0.0467061 0.0467261
1 0.0336298 0.0336485
1 0.0466077 0.0466255
1 0.0362252 0.0362425
1 0.06451 0.064527
1 0.0140301 0.0140469
1 0.124137 0.124153
2 0.0568495 0.0568658
1 0.026812 0.0268279
1 0.0517809 0.0517954
1 0.0454776 0.0454916
2 0.0639418 0.0639551
1 0.0174296 0.0174425
2 0.00276506 0.00277654
2 0.0400671 0.0400777
1 0.0083909 0.00840107
1 0.0410735 0.0410832
1 0.00271249 0.00272223
1 0.0497057 0.0497151
2 0.0377738 0.0377825
2 0.0111941 0.0112011
2 0.0186716 0.0186784
1 0.0451455 0.0451521
1 0.0076155 0.00761927
1 0.0057363 0.00573912
2 0.0147279 0.0147305
1 0.0585977 0.0585998
2 0.00574935 0.00575062
1 0.0254819 0.0254828
2 0.581522 0.581523
2 0.576084 0.576085
2 0.0149684 0.0149689
1 0.0209132 0.0209135
1 0.002507 0.00250714
2 0.0512284 0.0512285
1 0.00231382 0.00231389
