0 0 inf
0 0 0.333363
0 0 0.190553
0 0 0.146046
0 0 0.140991
0 0 0.139083
1 0.0556055 0.178421
1 0.193423 0.309146
1 0.118927 0.233022
1 0.0350253 0.139262
1 0.334641 0.429992
0 0 0.0952164
1 0.272028 0.355003
1 0.550871 0.625722
0 0 0.0697644
0 0 0.0656931
1 0.0975279 0.158696
0 0 0.0605587
1 0.0807911 0.136884
2 0.177603 0.232901
0 0 0.0547829
0 0 0.0546276
0 0 0.0529146
0 0 0.0497827
0 0 0.047684
1 0.205349 0.24913
0 0 0.0426046
0 0 0.0424339
0 0 0.0415589
1 0.180704 0.221462
0 0 0.039293
0 0 0.0380068
0 0 0.0361013
0 0 0.0357871
0 0 0.035778
0 0 0.0357076
0 0 0.0352979
1 0.0736406 0.106979
0 0 0.0330152
0 0 0.0328851
1 0.0864112 0.117873
0 0 0.0300874
1 0.0375543 0.06676
0 0 0.0287016
1 0.279995 0.308659
0 0 0.0285781
0 0 0.0267079
1 0.399605 0.425944
0 0 0.0258303
0 0 0.0257159
0 0 0.0255173
0 0 0.0244381
1 0.271157 0.295421
0 0 0.0237296
0 0 0.0236299
1 0.0936497 0.116284
0 0 0.0225414
0 0 0.0224611
1 0.0248515 0.0471917
0 0 0.0218845
1 0.02593 0.0477053
2 0.455373 0.477138
1 0.0280401 0.0490328
0 0 0.0208064
0 0 0.0204968
1 0.114074 0.134449
0 0 0.0203475
0 0 0.0203419
0 0 0.0200628
0 0 0.019593
0 0 0.0192983
2 0.327726 0.347017
0 0 0.018306
0 0 0.0181925
0 0 0.0176017
1 0.0736188 0.0910188
1 0.0759438 0.0932397
0 0 0.0171161
0 0 0.0170176
1 0.0135368 0.0303348
1 0.0456555 0.0620122
0 0 0.0157793
0 0 0.0149547
0 0 0.0148715
0 0 0.0144975
0 0 0.0143572
0 0 0.0143169
1 0.0318398 0.0457297
1 0.0555088 0.0693286
1 0.0666607 0.0800827
0 0 0.0133003
2 0.473087 0.486155
1 0.438212 0.451257
1 0.0865669 0.0995887
0 0 0.012533
0 0 0.0124887
0 0 0.0124761
0 0 0.0121216
0 0 0.0120795
1 0.0615502 0.0735381
1 0.111031 0.122536
0 0 0.011447
0 0 0.0112353
0 0 0.0110574
0 0 0.0109567
0 0 0.010927
0 0 0.0109112
0 0 0.0108308
0 0 0.0108156
0 0 0.0104794
0 0 0.0103563
1 0.150388 0.160231
0 0 0.00963818
0 0 0.00958349
0 0 0.00938572
1 0.0270357 0.0363341
0 0 0.00929546
0 0 0.00916837
1 0.0107334 0.0198807
1 0.0520263 0.061135
1 0.289792 0.298885
1 0.0402921 0.0492532
1 0.0365926 0.0455345
1 0.0234294 0.0323174
0 0 0.00883594
0 0 0.00874192
1 0.0173706 0.0260225
0 0 0.00864508
2 0.0512492 0.0598917
0 0 0.00860708
0 0 0.00839456
0 0 0.00837857
0 0 0.00811642
1 0.130064 0.138166
1 0.165603 0.173561
1 0.249281 0.257234
1 0.0446401 0.052468
0 0 0.00781471
1 0.0496273 0.057387
0 0 0.0077269
0 0 0.00759529
0 0 0.00753418
0 0 0.00751914
0 0 0.00750557
0 0 0.00734343
1 0.114509 0.121812
2 0.0487866 0.0560714
0 0 0.00718321
0 0 0.0070551
0 0 0.00704138
1 0.0146265 0.0216607
0 0 0.00692281
2 0.367688 0.374581
1 0.0218904 0.0287595
2 0.170655 0.177445
0 0 0.00660524
1 0.0972156 0.103798
0 0 0.00637955
0 0 0.00626496
1 0.0125102 0.0187452
0 0 0.00622582
0 0 0.00606955
1 0.0158502 0.021911
0 0 0.00603058
0 0 0.00600421
1 0.0655411 0.0715453
1 0.366306 0.372182
0 0 0.00579004
1 0.31302 0.318778
0 0 0.00571561
1 0.0377914 0.0434891
0 0 0.00563418
0 0 0.00560805
1 0.0444782 0.0500793
1 0.0914579 0.0968285
0 0 0.00535857
0 0 0.00533069
2 0.375948 0.381238
0 0 0.0052832
1 0.0569819 0.0622029
0 0 0.00521418
1 0.463121 0.468325
1 0.0121402 0.0173195
0 0 0.00513408
1 0.0157253 0.0208008
0 0 0.00506015
0 0 0.0050438
2 0.140989 0.145875
0 0 0.00484733
1 0.00956892 0.0143992
0 0 0.00482899
0 0 0.00481369
1 0.018413 0.0231367
0 0 0.00469684
0 0 0.00460542
1 0.283715 0.288319
0 0 0.00456636
1 0.0291031 0.0336448
1 0.0880294 0.0925429
1 0.00975216 0.0141765
1 0.0345276 0.0389499
1 0.142181 0.146559
1 0.029001 0.0333237
0 0 0.00430871
1 0.0187231 0.0229771
0 0 0.00419124
1 0.104073 0.108238
0 0 0.0041534
1 0.00887048 0.0129899
0 0 0.00409986
1 0.05086 0.0548709
2 0.0574307 0.0613706
0 0 0.00392734
0 0 0.00388803
1 0.0548718 0.0586775
1 0.0236822 0.0274617
0 0 0.00376712
0 0 0.00375972
0 0 0.00373798
1 0.0205114 0.0242361
2 0.0369818 0.0406492
0 0 0.00364713
0 0 0.00361153
0 0 0.00358526
0 0 0.00355918
1 0.0329578 0.0365126
0 0 0.00353536
1 0.285609 0.289004
1 0.0526961 0.0560559
0 0 0.00335364
1 0.0768526 0.0801983
0 0 0.00330315
0 0 0.00329692
0 0 0.00324183
1 0.0160055 0.0191701
0 0 0.00315035
0 0 0.00311524
1 0.120833 0.12394
0 0 0.00310514
0 0 0.00309664
2 0.187492 0.190582
2 0.321192 0.324248
0 0 0.00304868
1 0.131235 0.134243
0 0 0.0030041
1 0.170568 0.173545
0 0 0.00296622
0 0 0.00292539
0 0 0.00274247
0 0 0.0026544
0 0 0.00264534
1 0.00573076 0.00835107
0 0 0.00261994
0 0 0.00261672
0 0 0.00259821
1 0.0376784 0.0402725
1 0.038781 0.041369
1 0.0376278 0.0402022
1 0.0836468 0.0861934
1 0.0587766 0.061313
1 0.149313 0.151837
2 0.249591 0.252107
1 0.023563 0.0260335
0 0 0.00245081
1 0.021555 0.023964
0 0 0.002408
0 0 0.00239846
1 0.0486016 0.0509705
0 0 0.00234454
2 0.146918 0.149252
1 0.0466889 0.0489737
0 0 0.00227206
1 0.417185 0.419456
1 0.0168299 0.0190829
1 0.016018 0.0182599
0 0 0.00223966
1 0.0275293 0.0297634
1 0.014422 0.0166544
0 0 0.00221011
1 0.0117425 0.0139376
0 0 0.00215652
0 0 0.00214718
2 0.0998876 0.102003
0 0 0.00211466
1 0.00681015 0.00890461
1 0.0613224 0.0634119
1 0.0120864 0.0141493
0 0 0.00205903
1 0.0115464 0.0135222
0 0 0.00196515
0 0 0.00195841
1 0.0709944 0.0729523
0 0 0.00193919
1 0.0581164 0.0600209
2 0.0221495 0.0240456
2 0.360754 0.362648
1 0.021498 0.0233902
1 0.0102707 0.0121588
1 0.0133339 0.0151633
0 0 0.00181715
0 0 0.0017954
2 0.0493945 0.0511895
2 0.140522 0.142311
1 0.00696841 0.0087561
1 0.0289811 0.0307594
0 0 0.00176749
0 0 0.00175943
1 0.101092 0.102805
1 0.00764422 0.00934692
1 0.027006 0.0286919
1 0.0210221 0.0226928
0 0 0.00156763
1 0.0247565 0.0263086
2 0.0176531 0.0192022
1 0.0174383 0.0189695
0 0 0.0015168
0 0 0.00151574
2 0.268051 0.269561
0 0 0.00147169
1 0.310927 0.312383
0 0 0.00145544
1 0.0370586 0.0385025
1 0.0346712 0.0360956
1 0.0197967 0.0212169
1 0.0200377 0.021443
1 0.0129856 0.014382
0 0 0.00138176
1 0.0627366 0.0641101
0 0 0.00137131
1 0.00616999 0.0074931
1 0.0105537 0.0118544
1 0.0209355 0.022234
0 0 0.00128935
1 0.247238 0.248509
2 0.0644974 0.0657618
0 0 0.00126406
1 0.00884616 0.0100969
0 0 0.0012334
1 0.0358283 0.0370568
0 0 0.00122173
1 0.0624224 0.0636273
1 0.0399526 0.0411375
1 0.00870133 0.00988551
1 0.0135967 0.014767
1 0.00762113 0.008782
2 0.107568 0.108719
0 0 0.00114134
2 0.117705 0.118845
2 0.148259 0.149391
0 0 0.00113198
0 0 0.00110348
1 0.0159516 0.0170506
2 0.0327858 0.0338661
1 0.0213247 0.0223847
2 0.0873556 0.0883974
0 0 0.000994271
1 0.0690944 0.0700775
1 0.00778134 0.00875442
0 0 0.00095633
0 0 0.000932923
2 0.0338474 0.0347652
1 0.00989829 0.0108157
0 0 0.000914307
1 0.00525426 0.00616215
1 0.00368231 0.00456591
1 0.011558 0.0124382
1 0.0143539 0.0152226
1 0.00424682 0.00509961
1 0.0821581 0.0830012
1 0.0161226 0.0169543
1 0.0106699 0.0115007
1 0.117021 0.117842
1 0.032538 0.0333525
0 0 0.000776273
1 0.0175178 0.0182909
0 0 0.000761454
2 0.170003 0.170758
2 0.0604836 0.0612016
1 0.00574301 0.00645659
2 0.289178 0.289882
1 0.00473944 0.00544164
1 0.0267077 0.0273875
2 0.0501557 0.050817
1 0.0668733 0.0675322
1 0.0201211 0.0207721
1 0.0105467 0.0111928
1 0.0242871 0.0249233
1 0.0186485 0.0192803
2 0.0506926 0.0513144
1 0.192096 0.192712
2 0.0651097 0.0657195
1 0.00542112 0.00601185
1 0.00484008 0.00542542
1 0.0359828 0.0365629
1 0.022572 0.0231504
1 0.0157375 0.0163025
1 0.0109752 0.0115396
1 0.0080952 0.00864847
1 0.00868688 0.00922849
1 0.0157194 0.0162529
1 0.012253 0.0127832
1 0.115838 0.116366
1 0.230511 0.231037
2 0.1513 0.151822
0 0 0.000517742
1 0.00993674 0.0104385
2 0.0370232 0.0375168
1 0.00182606 0.00231481
2 0.0346139 0.035102
2 0.0131282 0.0136066
1 0.0117061 0.0121602
2 0.00697056 0.00741918
2 0.0187777 0.0192242
1 0.00469544 0.00514089
2 0.0882209 0.0886601
2 0.0411683 0.0416068
2 0.141305 0.14173
1 0.0241048 0.0245284
1 0.0480586 0.0484809
0 0 0.000420429
1 0.0248657 0.0252847
2 0.0572716 0.0576905
1 0.0173608 0.0177783
1 0.0559221 0.0563378
1 0.0301389 0.0305507
0 0 0.00040911
1 0.00707726 0.00747692
1 0.0113114 0.0117011
0 0 0.000378392
1 0.00860044 0.00897665
1 0.00741726 0.00778642
1 0.00512535 0.00548689
0 0 0.000360941
1 0.0207317 0.0210904
2 0.0290688 0.0294271
1 0.0088155 0.00916916
1 0.0181327 0.018481
1 0.00691995 0.00725488
1 0.103621 0.10395
1 0.0044672 0.00479395
1 0.00575368 0.00607285
1 0.00626546 0.00658413
1 0.0108247 0.011142
1 0.0131947 0.0135111
1 0.0533864 0.0537026
1 0.0593645 0.0596737
1 0.00903035 0.00932625
2 0.0595028 0.0597986
1 0.0914583 0.091754
2 0.104913 0.105207
1 0.00473344 0.00501839
2 0.0128731 0.013153
2 0.474677 0.474949
1 0.107731 0.107999
0 0 0.000259553
2 0.023677 0.0239342
1 0.0140486 0.0142975
0 0 0.000247394
1 0.0107908 0.011036
1 0.00294774 0.00319173
1 0.0195165 0.0197575
1 0.032539 0.0327788
1 0.0532794 0.0535189
2 0.0341321 0.0343626
1 0.00507395 0.00529992
1 0.0938964 0.0941204
1 0.0616584 0.061882
1 0.00658967 0.00681224
1 0.0151743 0.0153952
2 0.452921 0.453136
1 0.0148208 0.0150356
1 0.179737 0.179943
1 0.0427481 0.0429441
1 0.0340555 0.0342507
1 0.012674 0.0128675
1 0.00434112 0.00453234
1 0.059729 0.0599167
1 0.0471686 0.047351
1 0.0578886 0.0580675
1 0.158628 0.158806
1 0.0493985 0.0495708
1 0.0148227 0.0149821
2 0.0263308 0.0264869
2 0.160292 0.160448
1 0.0306085 0.0307571
1 0.00967408 0.00982064
1 0.00716358 0.00730792
2 0.0111191 0.0112606
1 0.0183214 0.0184616
0 0 0.000140058
1 0.00449036 0.00462981
1 0.0682257 0.0683646
1 0.0778865 0.0780097
2 0.0193255 0.0194488
1 0.0193625 0.0194853
1 0.00579184 0.00591302
1 0.089256 0.089377
1 0.00602318 0.00614044
1 0.0463884 0.0465023
1 0.00588631 0.00600009
1 0.010473 0.0105828
1 0.0189204 0.0190269
2 0.0350125 0.0351181
1 0.138835 0.138941
1 0.0361045 0.0362088
1 0.0191053 0.0192077
1 0.0162893 0.0163868
2 0.173663 0.173758
2 0.313952 0.314047
2 0.0121698 0.0122635
2 0.0190648 0.0191558
1 0.00382815 0.00391788
1 0.0449026 0.0449891
1 0.0175119 0.0175976
1 0.0446294 0.0447151
1 0.0564216 0.0565058
1 0.00383521 0.00391231
1 0.0438587 0.0439335
2 0.0475751 0.047648
2 0.0146472 0.0147192
1 0.0794593 0.0795274
0 0 6.77605e-05
1 0.0089409 0.00900322
2 0.0207395 0.0207991
1 0.120365 0.12042
2 0.0309144 0.0309683
1 0.0354761 0.0355291
1 0.0374492 0.0375007
1 0.0143231 0.0143737
1 0.00441436 0.0044635
1 0.0599445 0.0599931
1 0.025333 0.0253802
1 0.00889404 0.00893764
1 0.00782614 0.00786944
2 0.162747 0.162791
2 0.0630707 0.0631065
1 0.00479531 0.00483047
1 0.466231 0.466266
2 0.0266719 0.0267059
1 0.0113511 0.011385
2 0.102854 0.102887
1 0.0119855 0.0120147
1 0.0368884 0.0369171
1 0.0272951 0.027322
1 0.0276857 0.0277101
1 0.140811 0.140835
1 0.0178689 0.0178932
1 0.0271363 0.0271604
1 0.00341401 0.00343809
1 0.0399665 0.0399898
2 0.148358 0.148378
1 0.011076 0.011096
2 0.0252197 0.0252393
1 0.0120438 0.0120627
1 0.00830655 0.00832466
1 0.211037 0.211055
2 0.0701692 0.0701872
1 0.0190474 0.0190649
1 0.0844424 0.0844595
1 0.0402093 0.0402242
2 0.0655219 0.0655365
1 0.0349044 0.0349187
1 0.00847127 0.00848375
2 0.120787 0.120799
2 0.0219728 0.0219846
1 0.0457992 0.0458106
2 0.0606647 0.0606747
1 0.0485888 0.0485983
2 0.0362742 0.0362835
1 0.00851155 0.00852036
2 0.0602931 0.0603003
1 0.00583513 0.00584189
2 0.049359 0.0493653
1 0.0250629 0.0250678
2 0.0191993 0.0192041
1 0.0978634 0.0978681
2 0.0202323 0.0202367
1 0.0508944 0.0508983
1 0.0858315 0.0858353
1 0.0668195 0.0668232
2 0.0199619 0.0199652
1 0.00746187 0.00746481
1 0.0013524 0.00135509
1 0.139524 0.139527
2 0.0795288 0.0795311
1 0.0134978 0.0135
2 0.0606739 0.0606757
2 0.0404133 0.0404147
1 0.00230218 0.00230323
1 0.0178749 0.0178757
2 0.0403542 0.0403549
2 0.0350388 0.035039
1 0.0387343 0.0387344
1 0.0534279 0.0534279
1 0.0173016 0.0173016
