0 0 inf
0 0 0.193644
0 0 0.172954
0 0 0.118199
1 0.0611488 0.177353
1 0.160062 0.268191
0 0 0.0960739
1 0.0485587 0.143735
0 0 0.0823312
0 0 0.0803977
1 0.107598 0.18357
0 0 0.0717006
1 0.375107 0.436682
0 0 0.0599035
0 0 0.0582523
1 0.0814665 0.138484
1 0.19683 0.250783
0 0 0.0522112
0 0 0.0505686
1 0.152474 0.1994
1 0.297335 0.343423
0 0 0.0450127
0 0 0.044309
1 0.0770988 0.117938
1 0.055918 0.0964176
0 0 0.0404494
0 0 0.0397627
0 0 0.0389377
0 0 0.0383579
1 0.0205127 0.0588546
1 0.123944 0.162192
0 0 0.0379356
0 0 0.0362378
1 0.061846 0.0977073
1 0.0851657 0.119178
0 0 0.0334328
1 0.091844 0.125232
1 0.0287399 0.0618723
0 0 0.0319493
0 0 0.0316975
1 0.194475 0.224865
1 0.0398044 0.0698287
0 0 0.0294262
0 0 0.0286886
0 0 0.0276698
0 0 0.0276504
0 0 0.0275263
0 0 0.0269829
0 0 0.0263906
2 0.227044 0.253133
0 0 0.0260052
0 0 0.0222708
0 0 0.0222513
0 0 0.022054
0 0 0.0210728
0 0 0.0204577
1 0.0450986 0.0645389
0 0 0.01912
1 0.0623223 0.0812477
0 0 0.0189032
0 0 0.01869
0 0 0.0180097
1 0.35026 0.368194
1 0.111768 0.129367
0 0 0.0172559
1 0.105973 0.123064
0 0 0.0170385
0 0 0.0168834
1 0.0638476 0.0804284
0 0 0.0161974
0 0 0.0155868
0 0 0.015526
0 0 0.0153706
0 0 0.0152553
0 0 0.0150126
0 0 0.0148284
0 0 0.0146805
0 0 0.0140841
0 0 0.0138119
0 0 0.013699
1 0.0809222 0.0946052
0 0 0.0131378
0 0 0.0129989
1 0.0381177 0.0509135
1 0.0598644 0.0725093
0 0 0.0125308
1 0.0114466 0.0236827
0 0 0.0121578
1 0.0299108 0.0419695
0 0 0.0118297
0 0 0.0117771
0 0 0.0117661
0 0 0.0116988
0 0 0.0116307
1 0.170097 0.181722
0 0 0.0115868
0 0 0.0115638
0 0 0.0115089
0 0 0.0114184
1 0.0276225 0.03879
1 0.0122955 0.0233736
0 0 0.0109167
0 0 0.010784
1 0.0909809 0.101406
0 0 0.0103878
0 0 0.0103635
0 0 0.0102072
0 0 0.0101665
1 0.0302943 0.0404153
1 0.0492957 0.0592957
2 0.139991 0.149765
0 0 0.009671
0 0 0.00963104
1 0.0106182 0.0202431
0 0 0.00956547
1 0.0142665 0.0235617
1 0.0349162 0.0440843
0 0 0.0088425
0 0 0.00872924
0 0 0.00872451
1 0.0318846 0.0403343
0 0 0.00843811
0 0 0.00822909
0 0 0.00822523
0 0 0.00821702
0 0 0.00817866
1 0.0523605 0.0605361
0 0 0.00809038
0 0 0.00790537
0 0 0.00771727
1 0.0819624 0.0896342
0 0 0.0076701
1 0.0346966 0.0423331
0 0 0.00763426
0 0 0.00761949
0 0 0.00759744
0 0 0.0075583
1 0.015373 0.0227801
1 0.0601875 0.0675387
0 0 0.00730153
0 0 0.00714763
1 0.0128295 0.0198703
2 0.188255 0.195189
0 0 0.0067577
0 0 0.00670077
2 0.166832 0.173469
0 0 0.00658375
0 0 0.00653586
0 0 0.00650139
0 0 0.00648997
2 0.0986685 0.105116
1 0.130377 0.136816
1 0.309014 0.315386
0 0 0.00634854
1 0.14537 0.15171
0 0 0.00622383
1 0.126389 0.132524
1 0.0528144 0.0588995
0 0 0.00602729
0 0 0.00590852
2 0.201285 0.207172
1 0.0364626 0.0422049
0 0 0.00569769
1 0.0236718 0.029336
1 0.140751 0.146378
1 0.105801 0.111425
0 0 0.00560587
0 0 0.00556361
0 0 0.00553549
1 0.0214573 0.0267837
0 0 0.00529935
1 0.0373589 0.0425685
0 0 0.00513048
0 0 0.00512291
0 0 0.00509788
0 0 0.00500036
2 0.071145 0.0761413
0 0 0.00495748
0 0 0.00490512
0 0 0.00472311
0 0 0.00469476
0 0 0.00468216
0 0 0.00465563
0 0 0.00460669
0 0 0.0045333
1 0.00902602 0.0135118
0 0 0.00448536
1 0.0257215 0.0301993
1 0.0146815 0.0191451
0 0 0.00439239
0 0 0.00438411
1 0.00825805 0.0126302
1 0.0884951 0.0928667
0 0 0.00426603
1 0.00916565 0.0133586
1 0.0130919 0.0172723
0 0 0.00414565
1 0.0410624 0.0451934
1 0.0221919 0.0263173
0 0 0.00410797
0 0 0.00409816
0 0 0.00407187
1 0.0230531 0.0270497
0 0 0.00399412
0 0 0.00398964
1 0.0801171 0.0840415
1 0.129333 0.13319
1 0.00674292 0.0105624
1 0.0263618 0.0301627
0 0 0.0037586
0 0 0.00375224
0 0 0.00374027
0 0 0.003733
0 0 0.00370281
0 0 0.00365817
0 0 0.00359374
2 0.087644 0.0912366
2 0.0997937 0.103351
0 0 0.00352862
0 0 0.00344993
0 0 0.00341903
0 0 0.003402
0 0 0.00338996
0 0 0.00337655
1 0.0192852 0.0226523
0 0 0.00334325
0 0 0.00333867
0 0 0.00330382
1 0.023074 0.0263325
0 0 0.00324067
0 0 0.00324018
0 0 0.00323553
1 0.0120951 0.01533
0 0 0.00322041
1 0.258407 0.261503
1 0.00651488 0.00960351
0 0 0.00304598
0 0 0.00302402
0 0 0.00296688
1 0.0366079 0.0395697
1 0.115651 0.118612
2 0.137153 0.140114
2 0.270359 0.273315
0 0 0.00295002
0 0 0.00291982
1 0.12566 0.128545
0 0 0.00284239
0 0 0.00282458
1 0.00683338 0.00964954
1 0.0189743 0.0217711
0 0 0.00279269
1 0.0927344 0.0955057
0 0 0.00277028
0 0 0.00276924
0 0 0.00276223
2 0.0929097 0.0956674
1 0.0208463 0.0235996
0 0 0.00272641
1 0.0984964 0.101203
0 0 0.00268991
1 0.125951 0.128638
0 0 0.00268381
0 0 0.00265032
1 0.0201204 0.0227568
0 0 0.00262276
1 0.00645958 0.00904084
1 0.0652429 0.067773
1 0.0383943 0.0409024
0 0 0.00249231
1 0.0143059 0.0167866
1 0.0314114 0.0338836
1 0.0694514 0.0719062
0 0 0.00245232
1 0.0387976 0.0412479
0 0 0.00244727
1 0.0122679 0.0146854
1 0.0202733 0.0226768
1 0.184535 0.186936
1 0.00793302 0.0102562
1 0.012257 0.0145609
1 0.0228342 0.0251256
1 0.0560708 0.0583027
0 0 0.00220191
1 0.0102622 0.0124347
1 0.0130094 0.0151469
2 0.369952 0.372072
0 0 0.0021139
2 0.178305 0.180373
1 0.0208374 0.0228827
1 0.0381425 0.0401565
1 0.25398 0.255975
0 0 0.00198112
1 0.0134036 0.0153573
0 0 0.00195301
0 0 0.00194807
1 0.0214158 0.0233489
1 0.0341067 0.0360269
1 0.0116541 0.0135219
1 0.0841645 0.0859971
2 0.0604169 0.0622482
2 0.0137555 0.0155671
0 0 0.00179865
2 0.0430935 0.0448859
0 0 0.00177172
0 0 0.001763
1 0.0192686 0.0209731
1 0.008142 0.00983553
1 0.09987 0.101557
1 0.0207722 0.0224457
0 0 0.00167047
1 0.010434 0.0120784
1 0.017267 0.0189084
1 0.0331029 0.0347332
1 0.00983921 0.0114645
1 0.019011 0.020606
0 0 0.00157183
1 0.0186033 0.0201629
1 0.0188699 0.0204197
1 0.00865559 0.0101776
1 0.0263394 0.0278428
2 0.103905 0.105407
1 0.0278554 0.0293516
2 0.0243134 0.0258009
1 0.00431185 0.00578758
1 0.00832716 0.0097903
1 0.0476902 0.0491302
1 0.15085 0.15228
1 0.0121165 0.0135428
1 0.00692581 0.00835103
2 0.0401178 0.0415156
0 0 0.00137257
1 0.0388766 0.0402282
0 0 0.00134732
0 0 0.00130508
0 0 0.00129652
1 0.0404637 0.0417416
1 0.0226164 0.0238656
1 0.0158204 0.0170552
1 0.0182294 0.0194601
0 0 0.0012224
1 0.00981551 0.011022
1 0.0784025 0.0796041
0 0 0.00120124
1 0.00700095 0.00819046
1 0.113706 0.114889
0 0 0.00117927
0 0 0.00116372
1 0.021313 0.0224706
1 0.105094 0.106235
0 0 0.00113418
1 0.0126375 0.0137441
0 0 0.0010638
2 0.136789 0.137844
2 0.042338 0.0433742
1 0.0217269 0.0227444
1 0.0194609 0.0204748
1 0.0221736 0.0231793
0 0 0.000998663
1 0.0796707 0.0806614
0 0 0.000983477
1 0.0351282 0.0361104
1 0.0407177 0.0416793
1 0.0360572 0.037014
2 0.0421602 0.0431115
1 0.0487081 0.0496388
1 0.0162716 0.0171791
1 0.0538211 0.054725
2 0.132735 0.133584
1 0.0655582 0.0664036
1 0.0131939 0.0140296
2 0.0451463 0.0459735
1 0.101703 0.102512
1 0.0243845 0.0251755
2 0.0255082 0.0262945
1 0.0116825 0.0124569
1 0.0412692 0.0420408
1 0.0254864 0.0262579
1 0.0167672 0.017515
1 0.0648109 0.0655573
1 0.0163524 0.0170955
1 0.00537093 0.0061087
1 0.081572 0.0822914
2 0.11728 0.117997
1 0.00742027 0.00813291
2 0.171375 0.17207
1 0.0093799 0.0100738
1 0.01066 0.0113507
2 0.0816937 0.0823764
1 0.0182362 0.0188963
1 0.0347947 0.0354505
0 0 0.000648937
1 0.0353349 0.0359805
0 0 0.000638088
1 0.0113795 0.012016
1 0.0103581 0.010989
1 0.0648502 0.0654809
1 0.0158113 0.0164405
0 0 0.000625258
2 0.0289818 0.0296062
2 0.102055 0.102666
2 0.0531965 0.0538064
1 0.0114669 0.0120652
1 0.00510828 0.00569433
1 0.00465203 0.00523066
1 0.00590798 0.00647836
1 0.0107219 0.0112816
1 0.0418093 0.0423667
1 0.024032 0.0245887
0 0 0.000556735
1 0.0177219 0.0182766
1 0.0210512 0.0216025
2 0.0296207 0.0301677
2 0.138312 0.138855
2 0.0853372 0.0858774
1 0.00743256 0.00797252
2 0.0317663 0.032299
1 0.0055056 0.00603378
2 0.0221555 0.0226824
2 0.0719572 0.0724831
1 0.00826682 0.00878136
1 0.0150066 0.0155158
1 0.0333439 0.0338518
0 0 0.000484176
2 0.0361953 0.0366627
2 0.0253845 0.0258485
2 0.0495858 0.0500471
1 0.00808074 0.0085381
1 0.00343376 0.00388891
1 0.0222216 0.0226721
1 0.065358 0.0657993
0 0 0.000432407
1 0.0131394 0.0135694
1 0.0220964 0.022526
1 0.0872529 0.0876821
1 0.00565218 0.00607935
1 0.0505342 0.0509563
2 0.0152347 0.0156543
1 0.00504063 0.00544679
0 0 0.000400463
1 0.00755317 0.00795333
2 0.0320266 0.0324264
1 0.0414018 0.0417862
1 0.00535723 0.00573435
1 0.0131294 0.0135043
1 0.00884023 0.00919792
1 0.0108395 0.0111839
2 0.0723698 0.0727115
1 0.00592595 0.00625257
1 0.0174334 0.0177516
2 0.145732 0.146047
2 0.0411848 0.0414991
1 0.0124318 0.0127406
1 0.024512 0.0248195
1 0.00646241 0.00676684
1 0.0197727 0.0200737
1 0.00605358 0.00635181
1 0.00446484 0.004762
2 0.012336 0.0126306
1 0.0290869 0.0293748
1 0.0445988 0.0448752
1 0.0114936 0.0117674
1 0.0288738 0.0291441
0 0 0.000268909
1 0.0171312 0.0173946
1 0.0314401 0.0316968
1 0.00982722 0.0100784
2 0.0297655 0.0300134
1 0.224611 0.224849
1 0.00326733 0.00349673
2 0.2617 0.261924
1 0.0222874 0.0225106
1 0.145232 0.145449
1 0.0127178 0.0129351
2 0.0266471 0.0268542
1 0.00962057 0.0098241
1 0.0052012 0.00540241
1 0.0319863 0.0321851
1 0.0304077 0.0306065
1 0.00518608 0.00537924
1 0.0451394 0.0453311
1 0.0434009 0.0435868
2 0.0254687 0.0256537
1 0.0254924 0.0256747
1 0.0131895 0.0133711
1 0.0122951 0.012476
1 0.0235393 0.0237161
2 0.0156371 0.0158133
1 0.00343909 0.00360372
1 0.00993125 0.0100952
2 0.0740118 0.0741747
1 0.013201 0.0133571
1 0.0878613 0.0880161
1 0.0113923 0.0115445
2 0.16072 0.160869
2 0.0187699 0.0189169
2 0.138761 0.138904
1 0.0148452 0.0149865
2 0.0144882 0.0146292
1 0.00296706 0.00309637
2 0.340483 0.340612
1 0.0453262 0.0454539
1 0.0051434 0.00527077
1 0.101548 0.101672
1 0.00396202 0.00407908
1 0.0140367 0.0141529
1 0.0184962 0.0186076
2 0.0722258 0.0723338
2 0.0811448 0.0812506
1 0.00838521 0.00848789
1 0.0332756 0.0333736
1 0.0163508 0.0164485
2 0.0131444 0.0132409
1 0.00908945 0.00918033
2 0.0263894 0.0264741
2 0.00580518 0.00588864
1 0.0548559 0.0549327
1 0.157464 0.15754
1 0.00525895 0.00533173
1 0.0231138 0.0231857
1 0.048601 0.0486682
1 0.0118743 0.0119413
1 0.00734482 0.00741142
1 0.0163189 0.0163835
1 0.00502208 0.00508627
1 0.00534682 0.00540935
2 0.134607 0.134668
2 0.411145 0.411206
1 0.0381302 0.0381915
1 0.0219951 0.0220531
1 0.00445516 0.00451191
2 0.0342162 0.0342721
1 0.0123617 0.0124123
1 0.0595595 0.0596082
2 0.119829 0.119874
2 0.0456651 0.0457083
2 0.0125498 0.0125929
2 0.10344 0.103483
1 0.0255849 0.0256223
1 0.0204262 0.020462
1 0.0129779 0.0130131
1 0.0656514 0.0656853
1 0.14827 0.148302
2 0.100703 0.100735
2 0.0418406 0.0418721
2 0.0159563 0.0159865
1 0.00908601 0.00911592
2 0.383747 0.383777
1 0.0234288 0.0234573
2 0.0552464 0.055273
1 0.00916288 0.00918918
2 0.00437924 0.00440456
1 0.00536147 0.00538653
1 0.00914631 0.00916985
1 0.165263 0.165286
1 0.0605557 0.0605788
1 0.00562467 0.00564744
2 0.0559626 0.0559853
1 0.0143639 0.0143862
1 0.0123631 0.0123855
1 0.00799371 0.00801525
2 0.0110272 0.0110486
1 0.0327242 0.0327453
1 0.0150937 0.0151132
1 0.0436082 0.0436247
2 0.0136023 0.0136175
1 0.0201813 0.0201945
1 0.0171104 0.0171218
2 0.0177155 0.0177258
1 0.0274257 0.0274358
2 0.0327621 0.0327719
2 0.0138382 0.0138473
2 0.0964406 0.0964497
1 0.0107144 0.0107231
2 0.0252803 0.0252882
2 0.0280606 0.0280682
1 0.0033153 0.00332262
1 0.0205985 0.020604
1 0.0235853 0.0235902
1 0.0105177 0.0105224
2 0.0287202 0.0287239
1 0.0698154 0.0698184
1 0.00894316 0.00894594
1 0.0774946 0.0774972
1 0.020389 0.0203911
1 0.0129675 0.0129694
1 0.0518197 0.0518215
2 0.0253549 0.0253564
1 0.0231805 0.023182
2 0.0256271 0.025628
1 0.0713279 0.0713285
2 0.0137104 0.0137109
1 0.116516 0.116516
2 0.253088 0.253088
1 0.0795034 0.0795035
1 0.00972518 0.00972519
2 0.0718146 0.0718146
