0 0 inf
0 0 0.539702
1 0.574746 0.735177
0 0 0.151782
1 0.156652 0.259317
1 0.0479198 0.147961
1 0.0958409 0.185114
0 0 0.0640222
1 0.105496 0.165993
0 0 0.0556248
1 0.0475898 0.102884
0 0 0.0548026
0 0 0.0490691
1 0.0541975 0.100726
0 0 0.046129
0 0 0.0455481
1 0.540052 0.585269
0 0 0.044276
0 0 0.0439674
0 0 0.043538
0 0 0.0433892
1 0.0948629 0.138113
0 0 0.042019
0 0 0.0414488
0 0 0.0393481
1 0.0704209 0.108787
0 0 0.0381545
0 0 0.0370344
1 0.0227159 0.0595233
1 0.0327797 0.0666659
1 0.0549017 0.08855
0 0 0.0327495
1 0.0724462 0.104825
0 0 0.0315379
0 0 0.0309992
0 0 0.0303087
1 0.0506562 0.0805747
0 0 0.0294253
1 0.0969978 0.126153
0 0 0.0287994
0 0 0.0281038
1 0.147984 0.175959
0 0 0.0278728
0 0 0.0275069
1 0.155183 0.182237
1 0.0237159 0.0506979
0 0 0.0259662
1 0.0826606 0.107255
1 0.0154545 0.0399922
0 0 0.0243912
0 0 0.0242566
0 0 0.0240832
1 0.051134 0.0747567
1 0.166518 0.190034
1 0.0643769 0.0868419
0 0 0.0223788
0 0 0.0223765
0 0 0.021973
0 0 0.0219654
1 0.206071 0.227938
1 0.0615249 0.0833115
1 0.0448677 0.0663632
1 0.0364197 0.0576324
0 0 0.0207178
0 0 0.0206666
1 0.0265471 0.0466739
1 0.0176358 0.0372528
0 0 0.0195241
0 0 0.0194106
1 0.0973573 0.116452
0 0 0.0190753
0 0 0.0189857
0 0 0.0188731
0 0 0.0187271
0 0 0.0183904
0 0 0.0182852
0 0 0.0177655
0 0 0.0177223
0 0 0.0175907
0 0 0.0174053
0 0 0.0170835
0 0 0.0168758
0 0 0.0165126
1 0.0497817 0.0659628
0 0 0.0157054
0 0 0.0156821
0 0 0.0154677
0 0 0.0153522
0 0 0.0152616
0 0 0.0150856
2 0.118544 0.133423
0 0 0.0148231
0 0 0.0146897
0 0 0.0144482
0 0 0.0143196
0 0 0.013931
0 0 0.0137502
0 0 0.013606
1 0.0223668 0.0358821
0 0 0.0134632
1 0.0140123 0.0273289
0 0 0.0132951
1 0.162077 0.175165
1 0.155325 0.168211
1 0.0534535 0.0662498
0 0 0.0125601
0 0 0.0125587
0 0 0.012475
0 0 0.0123359
0 0 0.012235
2 0.75176 0.763719
0 0 0.0118078
2 0.193422 0.204372
1 0.0313047 0.0422507
0 0 0.0107923
0 0 0.0107528
2 0.181071 0.191722
1 0.059331 0.069933
0 0 0.0105996
0 0 0.0105251
0 0 0.0104446
0 0 0.0104378
0 0 0.0103551
2 0.0422749 0.0526266
0 0 0.0101776
0 0 0.0101341
1 0.0366391 0.0467289
2 0.179434 0.189404
1 0.167215 0.17717
0 0 0.00990997
0 0 0.00975085
0 0 0.00971112
0 0 0.00959866
1 0.00748979 0.0170532
0 0 0.00953288
0 0 0.00944742
0 0 0.00926609
0 0 0.00924012
2 0.194784 0.203961
1 0.0820804 0.0911159
0 0 0.0089341
0 0 0.00865767
0 0 0.00863083
1 0.128378 0.136958
0 0 0.00854533
0 0 0.00847541
1 0.0691868 0.077437
0 0 0.0081618
0 0 0.00815558
1 0.0251586 0.033312
1 0.0561305 0.0642047
0 0 0.00804375
0 0 0.00779866
1 0.232031 0.239779
0 0 0.0076438
0 0 0.00759513
1 0.0133647 0.0209234
0 0 0.00741131
0 0 0.0073583
1 0.0539795 0.0613304
0 0 0.00721141
0 0 0.00719172
1 0.0119863 0.0191489
1 0.0210431 0.0281748
1 0.14049 0.147518
0 0 0.00698866
0 0 0.00691217
1 0.0380011 0.0447915
0 0 0.00675024
0 0 0.00669332
0 0 0.00656439
0 0 0.0065466
0 0 0.00645654
0 0 0.00644018
1 0.0275202 0.0339377
0 0 0.00635737
0 0 0.00623353
1 0.034393 0.0405979
0 0 0.00617096
1 0.0213094 0.027337
0 0 0.00596708
2 0.195981 0.201939
1 0.0223796 0.0283227
0 0 0.00591908
1 0.0435846 0.0494561
2 0.18785 0.193696
0 0 0.00583043
1 0.187276 0.193048
0 0 0.00556179
0 0 0.00543572
0 0 0.00542352
2 0.145856 0.151269
1 0.0190373 0.0244336
1 0.0218177 0.0272088
1 0.0453534 0.0506731
1 0.130752 0.136065
1 0.0534079 0.0586911
2 0.150083 0.155267
1 0.0466306 0.0518094
0 0 0.00515422
1 0.0542211 0.0592377
1 0.036381 0.0413459
1 0.0240533 0.0289417
0 0 0.00481229
0 0 0.00480694
0 0 0.00478152
0 0 0.00471497
0 0 0.00469514
0 0 0.00466664
0 0 0.00459006
1 0.0236999 0.0281838
0 0 0.00445005
0 0 0.0044435
0 0 0.00440849
2 0.106036 0.110409
1 0.0226233 0.0269861
1 0.167484 0.171816
1 0.0228943 0.027216
0 0 0.00431067
0 0 0.00426228
1 0.0544427 0.0586839
0 0 0.00423234
1 0.0242348 0.0284561
1 0.0193386 0.0235241
1 0.0179305 0.0220507
0 0 0.00410253
0 0 0.00404336
0 0 0.00403646
1 0.0261382 0.0301228
0 0 0.00390572
0 0 0.00386212
0 0 0.00382501
1 0.11144 0.11526
1 0.111828 0.115642
1 0.0223349 0.0261413
0 0 0.00377115
0 0 0.00374408
1 0.047197 0.0509316
0 0 0.00365865
0 0 0.00364571
1 0.0116035 0.0152204
0 0 0.00346908
1 0.0174092 0.0208376
0 0 0.00341922
0 0 0.00326568
2 0.185471 0.188735
1 0.0207469 0.0240015
1 0.0354695 0.0386868
1 0.00955943 0.0127744
0 0 0.00314897
2 0.0849169 0.0880145
2 0.0469863 0.0500672
0 0 0.00307055
0 0 0.00306567
1 0.0202174 0.023259
0 0 0.00298424
1 0.0214387 0.0243796
1 0.0998872 0.102813
0 0 0.00290433
1 0.0326942 0.0355626
0 0 0.00283285
0 0 0.00282112
1 0.0307234 0.0335333
0 0 0.00278903
1 0.0829103 0.085663
1 0.012071 0.0148158
1 0.135723 0.138466
1 0.0701254 0.0728373
0 0 0.00268823
0 0 0.00268615
0 0 0.00262188
2 0.122568 0.125149
0 0 0.00252202
0 0 0.00252155
0 0 0.00251636
0 0 0.00250461
0 0 0.00248069
1 0.0265712 0.0290182
0 0 0.00242138
1 0.0156228 0.0180161
1 0.00648126 0.00882673
1 0.0265605 0.0288853
0 0 0.0023165
0 0 0.00225137
1 0.160496 0.162708
0 0 0.00219175
0 0 0.00215429
1 0.0280712 0.0302195
0 0 0.00213502
0 0 0.00211641
1 0.0464781 0.0485747
0 0 0.00207438
0 0 0.00206387
0 0 0.0020519
1 0.170646 0.172675
2 0.104535 0.10655
1 0.0776045 0.0795973
2 0.0751681 0.077153
1 0.0125243 0.0145055
1 0.0472383 0.049197
1 0.024598 0.026553
1 0.0259539 0.027889
1 0.0299358 0.0318499
0 0 0.00190106
1 0.00978916 0.0116851
1 0.101934 0.103823
1 0.0428777 0.0447586
2 0.191671 0.193519
1 0.183265 0.18506
1 0.00783912 0.00962328
1 0.134195 0.135975
0 0 0.0017779
0 0 0.00176308
1 0.0889011 0.0906639
0 0 0.00175664
0 0 0.00171972
1 0.045094 0.0468011
0 0 0.00169017
1 0.017812 0.0194793
1 0.0418855 0.0435438
1 0.0677678 0.0694199
2 0.0667381 0.068389
1 0.00921694 0.0108427
0 0 0.00162045
1 0.0286215 0.0302363
1 0.0985856 0.100165
1 0.0848209 0.0863467
0 0 0.00149378
2 0.191199 0.192686
1 0.263706 0.265152
1 0.0190868 0.0205291
2 0.0388657 0.04027
2 0.059489 0.0608646
1 0.00480351 0.00617565
0 0 0.00137201
1 0.0318214 0.03319
2 0.046731 0.0480957
1 0.0147866 0.0161362
0 0 0.00134019
0 0 0.0013259
2 0.0538803 0.055196
1 0.0152651 0.0165491
1 0.0295654 0.0308285
0 0 0.00125113
2 0.0342637 0.0355011
1 0.0414565 0.0426146
2 0.2281 0.229252
0 0 0.00113252
1 0.0114753 0.0126013
1 0.145866 0.146975
1 0.0155318 0.0166333
0 0 0.00107694
0 0 0.00107643
1 0.038427 0.0394978
1 0.0268544 0.0279183
1 0.0552737 0.0562968
1 0.00460847 0.00562378
1 0.00599805 0.00698619
1 0.00736685 0.00834998
1 0.00568276 0.00666245
2 0.0196118 0.020569
2 0.0480275 0.0489628
2 0.0659973 0.0669296
1 0.138132 0.139053
1 0.0142612 0.0151815
1 0.0230759 0.0239766
2 0.26566 0.266559
1 0.178362 0.179257
1 0.159467 0.160355
0 0 0.000868458
1 0.0070445 0.00790937
1 0.050035 0.0508921
0 0 0.000842877
0 0 0.000832016
1 0.0128371 0.0136584
2 0.169996 0.170801
1 0.0133071 0.0141112
1 0.178696 0.179497
1 0.0447601 0.0455517
1 0.00593755 0.00671531
1 0.0138035 0.0145417
1 0.0102815 0.0110194
2 0.080237 0.0809641
1 0.0673079 0.0679939
1 0.0187905 0.019474
1 0.0044436 0.00512516
1 0.0160507 0.0167149
1 0.0660548 0.0667138
1 0.0988637 0.099522
2 0.137194 0.13783
1 0.0325925 0.0332266
2 0.124882 0.125516
1 0.0127016 0.0133127
1 0.0342674 0.0348725
2 0.0966653 0.0972514
0 0 0.000564416
2 0.0724489 0.0730104
1 0.00373956 0.00429523
1 0.0091109 0.00964971
1 0.00855358 0.00908754
2 0.0254964 0.0260127
2 0.027821 0.02833
0 0 0.000508836
1 0.0417437 0.0422433
2 0.0908451 0.0913412
1 0.0821653 0.082655
1 0.124009 0.124498
1 0.036879 0.0373655
2 0.0351874 0.0356682
1 0.0192446 0.0197222
1 0.00545893 0.00593621
1 0.0178173 0.0182932
2 0.209329 0.209799
1 0.0569125 0.0573833
0 0 0.000465854
1 0.0150193 0.0154675
1 0.0129969 0.0134447
2 0.0291106 0.0295573
0 0 0.000443826
1 0.0991168 0.0995604
1 0.0789553 0.0793974
0 0 0.000433493
1 0.0239319 0.0243533
1 0.0227762 0.023196
1 0.17712 0.177538
1 0.0871317 0.0875478
1 0.013382 0.0137908
2 0.181321 0.181725
1 0.0298951 0.0302954
0 0 0.000393343
1 0.00424206 0.00463329
2 0.19097 0.191359
2 0.0795757 0.0799614
1 0.0168003 0.0171832
1 0.0109749 0.0113534
2 0.025783 0.0261595
1 0.0616454 0.0620146
1 0.0208746 0.0212364
2 0.0208028 0.0211625
2 0.0172351 0.0175938
1 0.378024 0.37838
0 0 0.000355672
1 0.0256403 0.0259867
1 0.0388577 0.0392022
1 0.114647 0.114988
2 0.18368 0.184014
1 0.0466805 0.0470107
1 0.0529032 0.05323
2 0.047048 0.0473712
2 0.040634 0.0409572
1 0.0104962 0.0108192
1 0.0268798 0.0271751
2 0.189235 0.189524
2 0.067409 0.0676981
1 0.170804 0.17109
1 0.00800042 0.00827891
1 0.00674817 0.00702343
2 0.153542 0.153816
2 0.181674 0.181948
1 0.00203897 0.00230886
1 0.0289938 0.0292633
1 0.07749 0.0777562
1 0.00280709 0.0030732
1 0.0058565 0.00611751
1 0.125725 0.125984
2 0.0468009 0.0470537
1 0.00295309 0.00320271
1 0.0252467 0.0254918
1 0.0350947 0.0353377
1 0.0596966 0.0599334
1 0.0502586 0.050484
2 0.0721436 0.0723635
2 0.0700139 0.0702248
1 0.161307 0.161518
1 0.053914 0.0541234
1 0.00801744 0.00821248
1 0.0136861 0.0138679
2 0.0283556 0.0285238
2 0.141942 0.142109
2 0.091307 0.0914721
1 0.0134157 0.0135741
1 0.0658496 0.0660047
2 0.0861039 0.0862449
1 0.0139441 0.0140837
1 0.0242782 0.0244159
1 0.0255286 0.0256638
2 0.0454045 0.0455395
1 0.0184384 0.0185675
1 0.176536 0.176661
2 0.0211471 0.0212685
1 0.0698284 0.069945
1 0.0255233 0.025638
1 0.0416235 0.0417375
1 0.0253353 0.0254479
2 0.0591131 0.0592248
1 0.0370749 0.0371864
2 0.0164072 0.0165173
1 0.00711241 0.00722178
1 0.0287431 0.0288523
2 0.0449972 0.0451058
1 0.0036721 0.00377935
1 0.0235487 0.0236487
2 0.168273 0.168373
1 0.0158221 0.0159141
1 0.0143816 0.01447
1 0.0344769 0.0345634
1 0.00390704 0.00399317
1 0.0161723 0.0162579
1 0.0249727 0.0250577
1 0.0493512 0.0494313
1 0.020491 0.0205702
1 0.00328261 0.00336141
2 0.111162 0.111241
1 0.0421977 0.0422742
2 0.0244258 0.0245012
2 0.0469002 0.0469744
2 0.1753 0.175369
1 0.018017 0.0180833
1 0.00890616 0.00896403
2 0.0280828 0.0281402
2 0.0700143 0.0700642
1 0.0129879 0.0130378
1 0.070497 0.0705417
1 0.00450097 0.00454256
1 0.00374078 0.00378114
2 0.0975858 0.0976242
2 0.016438 0.0164755
1 0.0229711 0.0230084
1 0.0853136 0.0853505
1 0.0206856 0.0207212
1 0.114307 0.11434
2 0.493418 0.49345
1 0.0170704 0.0171028
1 0.00595554 0.00598437
2 0.0148871 0.0149152
1 0.0317722 0.031797
2 0.125098 0.12512
1 0.0239079 0.02393
1 0.04994 0.0499607
1 0.0575313 0.0575517
2 0.0141287 0.0141472
1 0.0106369 0.0106546
1 0.0239817 0.0239992
1 0.173518 0.173534
1 0.0580164 0.0580328
1 0.0120917 0.0121064
2 0.237289 0.237303
1 0.0170386 0.0170491
2 0.179449 0.179459
2 0.0915295 0.0915394
2 0.025368 0.0253772
2 0.075822 0.0758307
2 0.013797 0.0138054
2 0.188092 0.1881
2 0.0486371 0.0486439
2 0.175725 0.175732
2 0.0423678 0.0423744
1 0.00269058 0.00269643
1 0.174362 0.174366
1 0.0583339 0.0583376
2 0.0561174 0.056121
2 0.0172455 0.0172486
2 0.00579852 0.00580092
1 0.0138141 0.0138159
2 0.0976134 0.097615
1 0.0286337 0.0286347
1 0.0107746 0.0107753
2 0.0639421 0.0639428
1 0.00780815 0.00780858
1 0.0173319 0.0173322
2 0.0391365 0.0391367
2 0.0610756 0.0610758
2 0.0943151 0.0943153
2 0.0377703 0.0377704
2 0.0759908 0.0759909
2 0.0600636 0.0600637
2 0.190453 0.190453
1 0.0104641 0.0104641
2 0.0110452 0.0110452
1 0.0135232 0.0135232
2 0.0709175 0.0709175
