0 0 inf
0 0 0.188075
0 0 0.155652
0 0 0.146637
0 0 0.138861
1 0.129089 0.256678
0 0 0.116841
0 0 0.111915
1 0.2542 0.356351
0 0 0.0954189
0 0 0.0873904
0 0 0.084369
0 0 0.0782826
1 0.170852 0.242587
1 0.0252092 0.0947827
0 0 0.0656687
0 0 0.059467
1 0.044999 0.104433
1 0.163161 0.218963
0 0 0.0553546
0 0 0.05411
0 0 0.0535304
0 0 0.0534402
1 0.023341 0.0719398
1 0.0959709 0.144255
1 0.131595 0.178179
0 0 0.0455445
1 0.0496666 0.0944338
0 0 0.0447327
0 0 0.0430886
0 0 0.043033
0 0 0.0427127
1 0.172461 0.21484
1 0.173362 0.215308
0 0 0.0416742
1 0.199223 0.238002
1 0.0542276 0.0920331
2 0.387551 0.424266
0 0 0.0362476
0 0 0.0342373
1 0.105736 0.138221
1 0.0701939 0.102626
1 0.0796903 0.111384
1 0.0193772 0.049469
1 0.0263928 0.0552263
1 0.0738939 0.101713
1 0.0351508 0.0624123
1 0.0628147 0.088531
0 0 0.0256543
0 0 0.0256448
1 0.123598 0.14909
0 0 0.0254616
1 0.0642647 0.0891916
0 0 0.0244858
0 0 0.0235295
0 0 0.0235026
1 0.308907 0.332246
1 0.0859966 0.109302
1 0.0855156 0.108806
0 0 0.0232221
0 0 0.023021
0 0 0.0224516
0 0 0.0222586
1 0.028319 0.050404
0 0 0.0219047
1 0.0246245 0.046488
1 0.0848184 0.10649
1 0.439442 0.460253
0 0 0.0205196
0 0 0.020415
1 0.0151757 0.0353806
0 0 0.0199826
0 0 0.0199767
0 0 0.0191779
1 0.0393757 0.0584042
0 0 0.0190014
0 0 0.0187709
0 0 0.0187357
0 0 0.0184182
1 0.107619 0.125957
0 0 0.018243
0 0 0.0182203
0 0 0.0180305
0 0 0.0178032
1 0.155152 0.172561
0 0 0.0170561
0 0 0.0165968
0 0 0.016252
1 0.0233468 0.0390236
1 0.0169318 0.0323718
0 0 0.015287
0 0 0.0152041
0 0 0.0151823
0 0 0.0150744
1 0.0136445 0.0284131
0 0 0.014496
0 0 0.0142994
0 0 0.0140145
2 0.120684 0.1346
0 0 0.0137225
1 0.0158588 0.0294236
0 0 0.0134477
0 0 0.0133772
0 0 0.0132079
0 0 0.0131597
0 0 0.0129585
0 0 0.0129546
0 0 0.0128181
0 0 0.0126065
0 0 0.012606
0 0 0.0123423
1 0.0477299 0.0600117
0 0 0.0122353
1 0.132942 0.145128
1 0.13397 0.145911
0 0 0.0118622
0 0 0.0117872
0 0 0.011699
0 0 0.0114523
1 0.0552031 0.0666336
0 0 0.0112963
1 0.224187 0.235464
0 0 0.0112262
0 0 0.0108269
0 0 0.0107323
1 0.0387896 0.0493394
0 0 0.0103321
1 0.226876 0.236982
0 0 0.0100322
1 0.170131 0.18012
0 0 0.00998711
0 0 0.00993936
1 0.0802859 0.0901521
1 0.0696838 0.079218
0 0 0.00952846
1 0.0109726 0.020478
0 0 0.00944094
1 0.0136223 0.0230013
0 0 0.00921518
1 0.0562021 0.0653687
0 0 0.00905317
1 0.0212774 0.0301737
1 0.0556621 0.064537
0 0 0.0088678
0 0 0.00885154
1 0.0464317 0.0552573
0 0 0.00881067
0 0 0.00849354
0 0 0.00807087
0 0 0.00806958
0 0 0.00804557
1 0.0176378 0.025584
2 0.0674413 0.0753384
2 0.147372 0.15524
0 0 0.00780638
1 0.223508 0.231135
0 0 0.00756904
0 0 0.00751916
0 0 0.00747357
1 0.0297773 0.037236
2 0.115694 0.123113
0 0 0.00737187
0 0 0.00737031
0 0 0.00733397
0 0 0.00733392
1 0.0808071 0.0881378
0 0 0.00720639
2 0.28762 0.294784
0 0 0.00715083
0 0 0.00714813
0 0 0.00706625
0 0 0.00703658
0 0 0.0068903
1 0.183796 0.190521
0 0 0.00671559
0 0 0.00665937
1 0.022707 0.029248
0 0 0.00649073
1 0.026865 0.0333474
1 0.0745028 0.080887
1 0.0504919 0.0565902
0 0 0.00609385
0 0 0.00606122
1 0.0135025 0.0195142
0 0 0.00584117
0 0 0.00576543
2 0.14933 0.15505
1 0.301247 0.306894
0 0 0.00550006
1 0.227885 0.233349
0 0 0.00540662
0 0 0.0053216
0 0 0.0053191
0 0 0.00531602
1 0.0158684 0.0210737
1 0.0283999 0.0335847
0 0 0.00517073
0 0 0.00512081
0 0 0.00511454
2 0.075411 0.0805116
0 0 0.00507549
0 0 0.00504774
0 0 0.00493912
0 0 0.00487392
1 0.0565801 0.0614342
1 0.112716 0.117511
0 0 0.00474724
0 0 0.00468174
0 0 0.00465645
1 0.0708685 0.0754734
2 0.147023 0.151575
0 0 0.00453141
1 0.0698735 0.0744047
0 0 0.00449333
0 0 0.00446623
0 0 0.00444159
1 0.0194605 0.0237338
1 0.0311209 0.035324
0 0 0.00418538
0 0 0.0041639
1 0.0372119 0.0413502
0 0 0.004123
2 0.0915419 0.0956381
1 0.0818822 0.0859231
1 0.0121462 0.0161654
0 0 0.00398997
0 0 0.00396706
2 0.284184 0.288107
2 0.117082 0.120955
0 0 0.00380883
0 0 0.0038007
0 0 0.00374741
0 0 0.00373883
1 0.0615955 0.0653309
1 0.0261362 0.0298609
2 0.284182 0.287871
2 0.149278 0.15296
0 0 0.00362048
1 0.0826305 0.0862442
1 0.108593 0.112202
2 0.0642928 0.0678988
0 0 0.00358736
1 0.0156329 0.0191899
0 0 0.00349724
0 0 0.00347497
0 0 0.0034499
0 0 0.00340886
1 0.00953665 0.0129397
0 0 0.00338986
0 0 0.00335457
0 0 0.00334762
1 0.014545 0.0178898
0 0 0.00329225
1 0.10842 0.11171
1 0.0742691 0.0775166
0 0 0.00323846
1 0.110847 0.114042
1 0.0244051 0.0275977
1 0.00711646 0.0102978
1 0.0235138 0.0266917
0 0 0.00317192
1 0.0613085 0.0644801
0 0 0.00316739
2 0.192385 0.195528
0 0 0.00312349
0 0 0.00312311
1 0.0327835 0.0359045
0 0 0.00309855
1 0.0207549 0.0238501
1 0.112685 0.115773
0 0 0.00307335
0 0 0.00303401
1 0.0274323 0.0304572
1 0.0688402 0.0718221
1 0.0110801 0.0140138
0 0 0.0029116
0 0 0.00290444
0 0 0.00289541
1 0.0607927 0.0636791
0 0 0.00287434
0 0 0.00286593
0 0 0.00286018
0 0 0.00284901
1 0.010554 0.0133768
1 0.0361242 0.0389368
1 0.0287906 0.0315952
1 0.0547451 0.0575222
1 0.0174533 0.0202103
1 0.02164 0.0242904
2 0.121945 0.124583
1 0.0646723 0.0672806
1 0.0118257 0.0144204
1 0.0175445 0.0201372
0 0 0.00257481
0 0 0.0025319
0 0 0.00253118
0 0 0.00249976
0 0 0.00243955
1 0.0660726 0.0684734
1 0.0326385 0.0350386
0 0 0.00236848
2 0.0366061 0.0389613
2 0.129162 0.131497
1 0.0248059 0.0270285
1 0.032719 0.0349337
1 0.0449501 0.0471153
2 0.0526469 0.0548076
1 0.0561901 0.0583486
0 0 0.00211285
1 0.0104116 0.0125211
0 0 0.00207481
1 0.0175493 0.0195615
1 0.0235793 0.0255723
0 0 0.00197404
0 0 0.00191434
0 0 0.00190937
1 0.0452215 0.0471213
0 0 0.00185677
1 0.110195 0.112045
2 0.116508 0.118345
1 0.164874 0.166698
0 0 0.00180457
1 0.0603493 0.0621213
1 0.0707302 0.0724977
1 0.0130433 0.0147968
0 0 0.00172691
1 0.0248649 0.0265691
1 0.0634148 0.0650946
2 0.0965045 0.0981429
1 0.0213885 0.0230185
2 0.0214841 0.0230998
1 0.00989015 0.0115012
1 0.0177988 0.0193961
1 0.0267228 0.0282844
0 0 0.00153145
1 0.0307171 0.0322485
0 0 0.00153125
1 0.0265978 0.0281287
1 0.00716024 0.00868192
1 0.0356496 0.0371493
1 0.0199049 0.0214046
1 0.0081551 0.00962433
0 0 0.00145633
1 0.0129007 0.0143495
1 0.0071314 0.0085712
2 0.0299293 0.0313553
2 0.579454 0.580863
1 0.0513048 0.0527047
1 0.264798 0.266187
1 0.00825361 0.00963792
1 0.0261198 0.0274991
1 0.0274634 0.0288137
1 0.176141 0.17749
0 0 0.00134056
1 0.0357876 0.0371217
1 0.00387632 0.0051966
1 0.0159319 0.0172406
2 0.0736223 0.0749203
1 0.0328526 0.0341504
1 0.299098 0.300391
1 0.0571637 0.0584513
0 0 0.00128492
1 0.0144616 0.0157389
0 0 0.00126042
1 0.0550776 0.056334
1 0.0222102 0.0234528
0 0 0.00118925
2 0.0566943 0.057875
1 0.0476883 0.0488402
2 0.103158 0.104309
2 0.0659277 0.0670361
1 0.0846838 0.0857753
1 0.0132781 0.0143695
1 0.162531 0.16359
0 0 0.00104265
1 0.210709 0.21175
0 0 0.0010385
1 0.00391005 0.00494669
1 0.00711364 0.00813357
1 0.0949262 0.0959411
1 0.00825625 0.00926837
1 0.0301619 0.0311642
1 0.0986736 0.0996736
1 0.0266234 0.027622
2 0.0584272 0.0594252
2 0.048708 0.0497049
1 0.0520234 0.0529807
2 0.0762753 0.077226
1 0.0116435 0.0125761
1 0.0558933 0.0568232
0 0 0.000918206
2 0.0350579 0.0359718
1 0.00611858 0.0070315
1 0.330472 0.331369
1 0.00780541 0.00870084
1 0.0053994 0.00628726
1 0.00722994 0.00809143
1 0.0294599 0.0303044
1 0.0156153 0.0164541
1 0.0212046 0.0220411
1 0.0130254 0.0138532
1 0.259958 0.260776
2 0.134992 0.135804
1 0.0392323 0.0400363
2 0.0658076 0.0665977
2 0.308524 0.309308
2 0.0818303 0.0826069
1 0.0157969 0.0165606
1 0.00322984 0.00398769
1 0.0232934 0.0240427
1 0.00453428 0.00522205
2 0.0397155 0.040397
0 0 0.000679737
1 0.0351262 0.0358041
2 0.0310587 0.0317321
1 0.0106729 0.0113455
2 0.150226 0.150876
1 0.0648878 0.0655291
1 0.0102203 0.0108513
2 0.0984495 0.099078
1 0.0171104 0.0177296
1 0.0152199 0.0158354
1 0.0543933 0.0550023
1 0.00782195 0.00842742
1 0.0700182 0.0706038
0 0 0.000584418
1 0.026931 0.027508
2 0.0324561 0.0330231
2 0.0084391 0.00900419
2 0.0831965 0.0837431
1 0.233745 0.234286
1 0.0264314 0.0269613
1 0.00461258 0.00514136
1 0.0912633 0.0917891
2 0.0961807 0.096698
1 0.0808446 0.0813582
1 0.0141277 0.0146413
1 0.00543495 0.00594037
1 0.0217369 0.0222416
2 0.106463 0.106959
1 0.0060694 0.00656314
1 0.0251078 0.0255945
1 0.0125385 0.013023
1 0.0212996 0.0217826
1 0.0830011 0.0834648
1 0.00214465 0.00260787
2 0.112659 0.113115
1 0.00443803 0.00489389
2 0.119504 0.119952
1 0.00886129 0.0093017
2 0.00999568 0.0104344
1 0.0456826 0.0461042
2 0.0104282 0.0108428
1 0.101101 0.101507
0 0 0.000403669
1 0.104578 0.104981
1 0.0340538 0.0344563
2 0.0441912 0.0445818
1 0.0935958 0.0939831
1 0.0078244 0.00820934
1 0.00988866 0.0102644
1 0.132167 0.132543
0 0 0.000371525
1 0.0163573 0.0167271
1 0.338868 0.339237
1 0.0343689 0.0347326
1 0.0138516 0.0142088
2 0.023772 0.0241225
2 0.119874 0.120214
2 0.0878615 0.088199
1 0.0181774 0.018513
1 0.00746154 0.00778516
1 0.0573953 0.0577019
0 0 0.000304078
1 0.00875474 0.0090562
2 0.0378729 0.038172
1 0.00705341 0.00734982
2 0.107458 0.107753
1 0.0235214 0.0238156
1 0.00169488 0.00198528
1 0.040157 0.040444
1 0.00572115 0.00600762
2 0.162734 0.16301
1 0.0137565 0.0140312
1 0.0114963 0.0117661
1 0.0164679 0.0167364
2 0.0265726 0.0268385
1 0.0557198 0.0559838
0 0 0.000259507
2 0.0492024 0.0494561
1 0.0208586 0.021107
1 0.0490912 0.0493376
1 0.0410427 0.0412815
2 0.216228 0.216466
2 0.0144651 0.0146979
2 0.0400262 0.0402556
1 0.0107508 0.010979
2 0.104858 0.105082
1 0.101402 0.101625
1 0.141113 0.141334
1 0.0240952 0.0243141
1 0.0349375 0.0351548
2 0.0679435 0.0681604
2 0.0358646 0.0360803
2 0.0362288 0.0364433
1 0.0218288 0.0220431
1 0.087306 0.0875143
2 0.107211 0.107418
1 0.0325151 0.0327211
1 0.0168246 0.0170304
2 0.0301243 0.0303295
1 0.108377 0.108582
2 0.0101674 0.0103698
1 0.00498552 0.0051834
1 0.00168062 0.00187801
2 0.00611604 0.00631217
2 0.0869548 0.0871479
1 0.00609412 0.00628712
1 0.0166431 0.0168288
1 0.0186336 0.0188191
1 0.0216458 0.0218312
1 0.00897864 0.00915723
1 0.137864 0.13804
1 0.0623572 0.0625264
2 0.075121 0.0752859
2 0.105405 0.105569
2 0.0919263 0.0920896
2 0.0273375 0.0275006
1 0.0480469 0.04821
1 0.00736235 0.00752327
1 0.00558597 0.0057458
1 0.0378568 0.03801
2 0.0617382 0.0618887
1 0.0262189 0.0263681
1 0.00911075 0.00925143
2 0.0490174 0.0491565
1 0.0502974 0.0504348
2 0.0135478 0.0136834
2 0.0167886 0.0169224
1 0.0121976 0.0123294
2 0.0620108 0.0621419
1 0.0265007 0.0266316
1 0.013715 0.0138377
1 0.00908039 0.00920187
0 0 0.000116719
1 0.0217444 0.0218609
2 0.121985 0.122097
1 0.00442475 0.00453153
1 0.00326149 0.00336572
1 0.0199261 0.0200272
1 0.00676935 0.00686897
2 0.0993488 0.0994482
1 0.012191 0.01229
2 0.0105407 0.0106379
2 0.127052 0.127149
2 0.0373349 0.0374225
1 0.0175035 0.0175897
1 0.0141758 0.0142613
2 0.256999 0.257083
2 0.00716954 0.00724933
0 0 7.84546e-05
2 0.0721719 0.0722495
2 0.056147 0.0562246
2 0.0335775 0.0336533
1 0.0901515 0.0902267
1 0.101945 0.102016
1 0.00652655 0.00659432
1 0.0128339 0.0128964
1 0.0591854 0.0592451
1 0.011233 0.0112881
2 0.0348223 0.0348773
1 0.0638185 0.063873
2 0.0511416 0.0511959
1 0.107354 0.107408
2 0.102873 0.102926
1 0.0133203 0.0133732
1 0.110238 0.110291
2 0.0096968 0.00974941
1 0.0306651 0.0307166
1 0.0782378 0.0782885
1 0.0267915 0.0268402
2 0.149171 0.149217
1 0.0107986 0.0108438
1 0.0467837 0.0468283
1 0.022889 0.0229328
1 0.0390729 0.0391164
2 0.022379 0.0224217
2 0.0158795 0.01592
2 0.00491491 0.00495535
2 0.121 0.12104
1 0.00731049 0.00734756
1 0.0176458 0.0176823
2 0.0374095 0.0374426
1 0.0127357 0.0127669
2 0.341463 0.341493
1 0.0250835 0.0251138
2 0.0235169 0.0235437
1 0.0101095 0.010136
2 0.0577663 0.0577925
2 0.14995 0.149975
1 0.023411 0.0234342
2 0.147979 0.148002
1 0.285653 0.285676
1 0.0441406 0.0441631
1 0.00600929 0.00603165
2 0.0360545 0.0360764
1 0.016651 0.0166725
2 0.0286966 0.0287179
2 0.339804 0.339825
1 0.0611861 0.061207
2 0.0206966 0.0207167
1 0.00379931 0.00381886
1 0.028337 0.0283563
2 0.0461721 0.0461901
1 0.00379364 0.00381149
1 0.0278185 0.0278363
2 0.0324608 0.0324777
1 0.00938081 0.00939757
1 0.0159664 0.0159831
1 0.0230554 0.0230719
1 0.00666796 0.00668416
2 0.034297 0.0343131
1 0.0129161 0.0129298
2 0.0894105 0.0894239
2 0.066875 0.066888
2 0.0755475 0.07556
2 0.112841 0.112854
2 0.017225 0.0172366
2 0.0303742 0.0303854
1 0.0242585 0.024269
2 0.0670955 0.0671058
1 0.0158177 0.0158272
2 0.260796 0.260805
1 0.00529639 0.00530453
1 0.109414 0.109422
2 0.0533911 0.0533985
2 0.0753262 0.0753335
2 0.0620294 0.0620357
1 0.00332101 0.00332698
1 0.01898 0.0189859
2 0.0719623 0.071968
1 0.0459486 0.0459542
2 0.303135 0.303139
1 0.0221199 0.0221243
1 0.0113552 0.0113594
2 0.0503006 0.0503043
1 0.0176598 0.0176635
2 0.00604826 0.00605184
2 0.0716119 0.0716151
2 0.026071 0.026074
1 0.0660898 0.0660923
2 0.0224608 0.0224628
1 0.0498741 0.0498761
2 0.0108794 0.0108813
1 0.00811053 0.00811149
1 0.0462987 0.0462995
2 0.0636657 0.0636665
1 0.00741512 0.0074159
1 0.0544661 0.0544668
2 0.339351 0.339351
1 0.258958 0.258959
1 0.0342625 0.034263
2 0.0104649 0.0104655
1 0.0368935 0.036894
2 0.0102774 0.0102778
1 0.159025 0.159026
1 0.00786399 0.00786425
1 0.0313993 0.0313995
2 0.0570396 0.0570398
1 0.0610513 0.0610515
2 0.0143868 0.0143869
2 0.0380753 0.0380754
1 0.0216037 0.0216038
1 0.0115688 0.0115688
2 0.0253728 0.0253728
