0 0 inf
0 0 0.193644
0 0 0.168314
0 0 0.118199
1 0.0786181 0.194138
1 0.0979542 0.207429
1 0.0401408 0.143735
1 0.160062 0.244879
0 0 0.0732186
0 0 0.0717006
0 0 0.0699606
0 0 0.0611488
0 0 0.0598644
1 0.0326261 0.0915517
0 0 0.0580823
1 0.170097 0.227044
0 0 0.0560708
0 0 0.0555281
0 0 0.0554426
1 0.33558 0.389882
2 0.244503 0.291988
0 0 0.0453125
0 0 0.0450127
1 0.297335 0.342129
0 0 0.044309
1 0.0383579 0.0782117
0 0 0.0397627
0 0 0.0394842
0 0 0.0379356
0 0 0.0362378
0 0 0.0353171
0 0 0.035168
0 0 0.0341176
1 0.0780872 0.109542
1 0.04501 0.0761173
1 0.0809222 0.111961
0 0 0.0304408
0 0 0.0303948
0 0 0.0279045
0 0 0.0276504
0 0 0.0276157
1 0.0334328 0.0610025
0 0 0.0275263
1 0.115431 0.142916
0 0 0.0273878
0 0 0.0270095
0 0 0.0269829
0 0 0.0264461
0 0 0.0263906
0 0 0.0263211
0 0 0.0251111
1 0.112705 0.135995
1 0.18429 0.207493
0 0 0.0224581
0 0 0.0222708
1 0.0783546 0.099954
0 0 0.0204577
1 0.0122955 0.0324439
0 0 0.0199468
1 0.267673 0.28726
0 0 0.0187306
0 0 0.0187274
0 0 0.0180097
0 0 0.0177236
1 0.0287563 0.0460349
1 0.0599035 0.0769869
1 0.0349162 0.051794
0 0 0.0161974
0 0 0.0161516
1 0.0299108 0.0458121
0 0 0.0155868
0 0 0.015526
1 0.0902621 0.105628
0 0 0.0152162
0 0 0.0150066
0 0 0.0141038
0 0 0.0140841
0 0 0.0138119
0 0 0.0136853
1 0.0485587 0.0619635
1 0.219926 0.23317
0 0 0.0131378
1 0.0617781 0.0739396
0 0 0.0121578
0 0 0.0119088
0 0 0.0117771
0 0 0.0116307
0 0 0.0115868
0 0 0.0115089
1 0.015373 0.0266735
2 0.0460501 0.0573025
2 0.0962302 0.10741
1 0.0106182 0.0217068
0 0 0.0110477
0 0 0.0109167
0 0 0.010784
1 0.0909809 0.101406
0 0 0.0101665
1 0.0492593 0.0593908
0 0 0.0101304
1 0.0302943 0.0404153
0 0 0.0100515
0 0 0.00983921
1 0.0497503 0.0594681
0 0 0.00963104
0 0 0.00962057
0 0 0.00956547
0 0 0.00949926
1 0.0142665 0.0235617
0 0 0.00918293
0 0 0.00914806
0 0 0.00911758
1 0.0211283 0.0301993
1 0.0305291 0.0394247
0 0 0.00872451
0 0 0.00868834
0 0 0.00861569
0 0 0.0085424
0 0 0.00852282
1 0.0378727 0.0463759
1 0.14537 0.153858
1 0.0885136 0.0968409
0 0 0.00825805
0 0 0.0081522
0 0 0.00809038
1 0.0356805 0.0436969
0 0 0.00799371
0 0 0.00790537
0 0 0.00783623
1 0.0476902 0.0555121
0 0 0.00776817
0 0 0.00776538
0 0 0.00768805
0 0 0.0076701
0 0 0.00761949
0 0 0.00759744
1 0.0857958 0.0933321
0 0 0.00744816
0 0 0.00739655
1 0.159673 0.16695
0 0 0.00714763
1 0.0128295 0.0198703
0 0 0.00692581
2 0.0613068 0.0679043
0 0 0.00654008
0 0 0.00648997
0 0 0.00641554
1 0.309014 0.315386
0 0 0.00637083
0 0 0.00632244
0 0 0.00631518
0 0 0.00622383
2 0.149613 0.155728
0 0 0.00602729
1 0.0364626 0.0422049
1 0.00996824 0.0157007
0 0 0.00569769
0 0 0.00565111
1 0.0146815 0.0203281
0 0 0.00560587
0 0 0.00556361
0 0 0.00553549
0 0 0.0055056
1 0.0214573 0.0267837
0 0 0.00529935
0 0 0.00528605
1 0.0693215 0.0744705
2 0.268191 0.273315
1 0.372326 0.377447
0 0 0.00510828
0 0 0.00509788
1 0.0130919 0.0181123
0 0 0.00500036
0 0 0.00495748
0 0 0.00490512
0 0 0.00472873
0 0 0.00472311
1 0.106476 0.111198
1 0.0432722 0.0479731
0 0 0.00468216
0 0 0.00460669
1 0.0114184 0.0159852
1 0.0307918 0.0353456
2 0.147626 0.152164
0 0 0.00450249
0 0 0.00448606
1 0.0381302 0.0425971
1 0.0423692 0.0468253
0 0 0.00445516
1 0.0248397 0.0292578
2 0.11505 0.119459
0 0 0.00439239
1 0.0116825 0.016062
1 0.0432042 0.047478
0 0 0.00427175
0 0 0.00423738
0 0 0.00413999
0 0 0.00410797
0 0 0.00409816
1 0.0222513 0.0263158
1 0.0411405 0.0451184
2 0.0571411 0.0610934
0 0 0.00395134
1 0.042002 0.0457683
0 0 0.0037586
1 0.0855952 0.0893223
0 0 0.00372012
0 0 0.00370281
0 0 0.00367545
1 0.0676 0.0712134
1 0.0302365 0.0338495
0 0 0.00359512
1 0.00832202 0.0119115
0 0 0.00352862
0 0 0.00351756
1 0.0454827 0.0489833
0 0 0.00344993
0 0 0.00341995
0 0 0.00341903
1 0.071615 0.0750166
1 0.0974433 0.100842
0 0 0.00334986
0 0 0.00334325
0 0 0.00330382
1 0.00674205 0.0100077
1 0.023074 0.0263325
0 0 0.00324112
1 0.0248218 0.028054
1 0.0396611 0.0428592
1 0.0231208 0.0263133
0 0 0.00304598
0 0 0.00302402
1 0.119101 0.122089
0 0 0.00296706
0 0 0.00296688
1 0.0366079 0.0395697
0 0 0.00295796
0 0 0.00295692
0 0 0.00295002
2 0.105951 0.108897
1 0.0138293 0.0167665
1 0.172627 0.175517
1 0.0445988 0.0474787
0 0 0.00286606
0 0 0.00284239
1 0.0128825 0.0157097
0 0 0.00277028
0 0 0.00276223
1 0.0129575 0.0157089
1 0.0389382 0.0416855
0 0 0.00273842
0 0 0.00272641
1 0.0984964 0.101203
0 0 0.00270045
0 0 0.00269215
1 0.0589732 0.0616645
0 0 0.00268991
0 0 0.00268381
1 0.0162431 0.0188839
1 0.0149245 0.0175529
1 0.00839741 0.010989
1 0.0108395 0.0133586
1 0.021313 0.0238087
1 0.0143059 0.0167866
1 0.0413113 0.0437713
0 0 0.0024569
1 0.0387976 0.0412479
2 0.183973 0.186402
1 0.0311035 0.0335162
1 0.0120904 0.0144619
0 0 0.00232336
1 0.0174158 0.0196585
1 0.0157287 0.0179423
0 0 0.00220191
1 0.00973282 0.0119287
1 0.00868569 0.0108282
1 0.0130094 0.0151469
0 0 0.00213299
0 0 0.00204281
1 0.00501361 0.00702948
1 0.25398 0.255975
0 0 0.00198365
1 0.081572 0.0835455
0 0 0.00195301
1 0.0192732 0.0212149
0 0 0.00192539
2 0.0743435 0.0762425
1 0.129403 0.13129
2 0.251129 0.253007
1 0.0235393 0.025343
0 0 0.00179865
2 0.107523 0.109298
0 0 0.00173445
0 0 0.00169547
0 0 0.00167047
1 0.0114936 0.0131444
1 0.0208463 0.0224869
1 0.0331029 0.0347332
1 0.0340414 0.0356618
1 0.0520832 0.053702
0 0 0.00161733
1 0.0103912 0.011955
1 0.0186033 0.0201629
1 0.0436082 0.0451463
1 0.0263394 0.0278428
2 0.103905 0.105407
1 0.00832716 0.0097903
1 0.0127662 0.0142281
2 0.2617 0.263149
1 0.0121165 0.0135428
1 0.127634 0.129059
1 0.0623223 0.0637048
1 0.121566 0.122946
0 0 0.00137257
0 0 0.00134732
1 0.0197727 0.0210858
1 0.0110262 0.012332
0 0 0.00130508
1 0.0217747 0.0230716
0 0 0.00129652
1 0.0543248 0.0555856
2 0.0340801 0.0353385
2 0.0454206 0.0466616
1 0.0182294 0.0194601
1 0.0104465 0.0116753
1 0.113706 0.114889
0 0 0.00117927
1 0.0142453 0.0154243
0 0 0.00116748
0 0 0.0011626
1 0.0153861 0.0165469
1 0.105094 0.106235
0 0 0.00113418
1 0.0424151 0.0435354
1 0.0126375 0.0137441
1 0.0201204 0.0212233
1 0.0278554 0.0289361
2 0.042338 0.0433742
2 0.414575 0.415595
1 0.0479191 0.0489355
1 0.0206471 0.021641
1 0.0331795 0.0341452
1 0.0250872 0.0260479
1 0.01912 0.0200715
1 0.0487081 0.0496388
1 0.0297594 0.030684
1 0.0447907 0.0457139
2 0.0868974 0.0877992
1 0.035817 0.0367149
1 0.0521541 0.0530353
2 0.0217147 0.0225703
1 0.0655582 0.0664036
1 0.014844 0.0156884
1 0.0102837 0.0111269
1 0.0373052 0.0381466
0 0 0.000821237
1 0.0214876 0.0223039
1 0.156182 0.156998
1 0.00746509 0.00827956
1 0.0126264 0.013421
2 0.0470315 0.0478246
1 0.0104292 0.0112164
1 0.0254864 0.0262579
2 0.0980263 0.0987922
1 0.0167672 0.017515
1 0.0648109 0.0655573
1 0.0456745 0.0464185
1 0.0163524 0.0170955
1 0.00557032 0.00628681
1 0.124148 0.124863
1 0.00742027 0.00813291
1 0.0886186 0.0893305
0 0 0.000695459
1 0.0093799 0.0100738
1 0.00650458 0.00719702
1 0.044512 0.0451943
1 0.014602 0.0152698
1 0.033103 0.0337677
1 0.0182362 0.0188963
1 0.0347947 0.0354505
0 0 0.000648937
1 0.10661 0.107257
1 0.0343052 0.0349484
1 0.00583895 0.00647836
0 0 0.000638088
2 0.0289818 0.0296062
1 0.013326 0.0139445
1 0.0600993 0.0607099
1 0.0114669 0.0120652
2 0.0158667 0.0164535
1 0.0404637 0.0410451
1 0.0105735 0.0111515
0 0 0.00057632
0 0 0.000573847
0 0 0.000556735
2 0.1812 0.181756
1 0.0210512 0.0216025
2 0.0296207 0.0301677
2 0.0853372 0.0858774
1 0.230188 0.230726
1 0.0098819 0.0104202
2 0.0160931 0.016631
1 0.0100952 0.0106232
1 0.00749668 0.00802092
1 0.00826682 0.00878136
1 0.258407 0.258915
0 0 0.000504964
1 0.00914631 0.00964954
0 0 0.00050239
1 0.05302 0.0535059
0 0 0.000484176
2 0.114494 0.114959
2 0.112505 0.112968
0 0 0.00045785
1 0.0169111 0.0173629
1 0.0222216 0.0226721
2 0.0225288 0.0229759
1 0.065055 0.0654898
0 0 0.000432407
1 0.0398044 0.0402362
1 0.00590798 0.0063309
1 0.0505342 0.0509563
1 0.00396202 0.00437924
2 0.11876 0.119175
1 0.0888832 0.0892871
0 0 0.000400463
2 0.0320266 0.0324264
1 0.00320743 0.00359533
1 0.00535723 0.00573435
1 0.0113785 0.011752
1 0.031012 0.0313712
1 0.00884023 0.00919792
1 0.013848 0.0142051
1 0.251366 0.251723
2 0.0626843 0.0630411
2 0.0183371 0.0186898
2 0.0345761 0.0349266
1 0.0489692 0.0493154
1 0.0447479 0.0450918
2 0.0489503 0.049289
1 0.079306 0.0796291
1 0.093523 0.0938451
1 0.061846 0.0621678
2 0.0480449 0.0483665
1 0.0360572 0.0363749
1 0.0044312 0.00474863
1 0.0420575 0.0423736
1 0.0192852 0.0196012
2 0.145732 0.146047
1 0.0167147 0.0170299
1 0.00469749 0.00501004
2 0.0321331 0.0324451
1 0.0456871 0.0459946
1 0.00646241 0.00676684
2 0.0159289 0.0162317
0 0 0.000302582
2 0.012336 0.0126306
1 0.0290869 0.0293748
1 0.0193125 0.0195844
1 0.0417755 0.0420268
1 0.00982722 0.0100784
1 0.2402 0.240449
2 0.0560012 0.0562497
1 0.224611 0.224849
2 0.0235996 0.0238373
1 0.0110621 0.011298
2 0.0253549 0.0255756
1 0.145232 0.145449
1 0.0172559 0.0174718
1 0.0467358 0.0469411
1 0.0838297 0.0840331
2 0.0616368 0.0618241
1 0.0123631 0.0125498
1 0.00504063 0.00522519
1 0.0927293 0.0929139
1 0.00300946 0.00319075
0 0 0.000173143
1 0.00510247 0.00527525
1 0.0638476 0.0640194
2 0.0312786 0.0314494
1 0.0205985 0.020761
2 0.216584 0.21674
1 0.129333 0.129478
1 0.0257215 0.0258652
1 0.0148452 0.0149865
1 0.0150937 0.0152347
2 0.0393723 0.0395074
2 0.0179173 0.0180518
0 0 0.000131514
1 0.00969594 0.00982591
2 0.0276839 0.0278113
1 0.0051434 0.00527077
1 0.0140367 0.0141529
1 0.018489 0.0185877
1 0.0332756 0.0333736
1 0.0163508 0.0164485
2 0.0597458 0.0598424
2 0.0480203 0.0481149
2 0.0291441 0.0292377
2 0.0160366 0.0161274
2 0.0459517 0.0460415
1 0.0103581 0.010447
0 0 8.60459e-05
1 0.0512031 0.0512871
2 0.0120265 0.0121044
1 0.0785184 0.0785952
1 0.157464 0.15754
2 0.00803188 0.00810657
1 0.0681611 0.0682352
1 0.000827675 0.000900814
1 0.0389442 0.0390129
1 0.0248483 0.024917
1 0.0344032 0.0344714
2 0.0596414 0.0597085
1 0.0163189 0.0163835
1 0.00502208 0.00508627
2 0.00510302 0.00516638
2 0.020606 0.0206692
1 0.00534682 0.00540935
2 0.411145 0.411206
2 0.270359 0.27042
2 0.0458017 0.0458617
1 0.0177002 0.0177596
2 0.0342162 0.0342721
1 0.0153104 0.0153641
1 0.0155314 0.0155835
2 0.0155159 0.0155671
1 0.0558484 0.0558992
2 0.0187685 0.0188187
1 0.00980475 0.00985064
2 0.119829 0.119874
1 0.0154489 0.0154922
2 0.00711393 0.00715704
2 0.0323615 0.0324044
1 0.0210398 0.0210817
2 0.0570758 0.0571169
1 0.0312234 0.0312626
2 0.0165622 0.0166007
2 0.0239845 0.0240227
2 0.0500971 0.0501349
1 0.0204262 0.020462
1 0.0561106 0.056146
1 0.0129779 0.0130131
1 0.0281411 0.0281761
2 0.0173432 0.0173775
2 0.0986685 0.0987011
2 0.100703 0.100735
1 0.125689 0.12572
1 0.00840809 0.00843939
1 0.0234288 0.0234573
1 0.00981551 0.00984365
1 0.0695447 0.0695721
1 0.00916288 0.00918918
1 0.00245591 0.00248194
2 0.0324419 0.032467
2 0.0740106 0.0740351
2 0.0497262 0.0497506
1 0.0605557 0.0605788
2 0.107655 0.107678
2 0.107512 0.107533
1 0.0299562 0.0299753
1 0.0105127 0.0105319
1 0.0139094 0.0139275
1 0.0114836 0.0115005
1 0.0416643 0.0416792
1 0.0500218 0.0500361
2 0.071145 0.0711573
2 0.0562967 0.0563086
1 0.0076251 0.00763609
2 0.0214429 0.0214522
1 0.0109115 0.0109205
1 0.0107144 0.0107231
1 0.0124601 0.0124685
2 0.0272203 0.0272284
1 0.0538211 0.053829
1 0.0425933 0.0426001
2 0.0640835 0.0640902
1 0.00615566 0.00616018
1 0.00879375 0.00879793
2 0.0108102 0.0108138
2 0.0656349 0.0656382
1 0.011846 0.011849
1 0.0774946 0.0774972
1 0.0562895 0.056292
1 0.0877309 0.087733
2 0.0146253 0.0146273
1 0.019011 0.0190127
1 0.0251647 0.0251659
1 0.0501572 0.0501581
2 0.0154839 0.0154847
2 0.0137104 0.0137109
2 0.0282836 0.028284
2 0.0567742 0.0567745
2 0.253088 0.253088
2 0.0411848 0.041185
1 0.0878613 0.0878615
1 0.0151633 0.0151634
2 0.00616122 0.00616122
2 0.0718146 0.0718146
