0 0 inf
1 0.155054 0.293919
0 0 0.120232
0 0 0.119843
0 0 0.116738
1 0.0536799 0.167691
0 0 0.108632
1 0.0443426 0.145468
0 0 0.0788357
0 0 0.0735962
0 0 0.072862
1 0.0795997 0.150717
0 0 0.0708001
0 0 0.0493245
1 0.0321885 0.0775825
0 0 0.0440274
0 0 0.042637
0 0 0.0386076
0 0 0.0376705
1 0.0400154 0.0775035
0 0 0.0353539
0 0 0.0349954
1 0.0422248 0.0755928
0 0 0.0328598
0 0 0.0327724
0 0 0.0322956
0 0 0.0318906
0 0 0.0316859
1 0.457556 0.487809
0 0 0.0300027
0 0 0.0298239
0 0 0.0283222
0 0 0.0282683
0 0 0.0281455
0 0 0.0279029
0 0 0.027705
0 0 0.0272712
0 0 0.0271563
1 0.0416001 0.0686924
1 0.0867891 0.113387
0 0 0.0261055
1 0.213048 0.239038
0 0 0.0255206
1 0.0410985 0.066399
0 0 0.0249787
0 0 0.0247281
0 0 0.0233448
0 0 0.0226934
0 0 0.0226927
0 0 0.0224021
1 0.0966279 0.11756
0 0 0.0202761
0 0 0.0200408
0 0 0.0197622
0 0 0.0194918
0 0 0.0190855
0 0 0.0188914
0 0 0.0185432
1 0.0251505 0.0436777
0 0 0.0182299
1 0.0793726 0.0975761
0 0 0.0181246
1 0.0509856 0.0688863
0 0 0.0177811
0 0 0.0176779
0 0 0.0176188
0 0 0.0173371
0 0 0.0170212
0 0 0.0166608
0 0 0.0162085
1 0.0756431 0.0911784
0 0 0.0149495
1 0.0300103 0.0448463
1 0.0525802 0.0672498
1 0.074303 0.0888826
1 0.0713226 0.0855231
0 0 0.014155
0 0 0.0141092
0 0 0.0138149
0 0 0.0137463
1 0.0367409 0.050465
0 0 0.013607
0 0 0.013605
1 0.0387447 0.0522269
1 0.0445764 0.0579978
0 0 0.0131553
0 0 0.0131031
0 0 0.0126209
1 0.0221274 0.0346701
1 0.063785 0.0760745
0 0 0.012222
1 0.0399736 0.052192
0 0 0.012129
0 0 0.011962
0 0 0.0119558
0 0 0.0119237
0 0 0.0119125
0 0 0.0117533
0 0 0.0114983
0 0 0.011457
1 0.305572 0.316781
0 0 0.0111871
0 0 0.0110056
0 0 0.0109265
0 0 0.0109198
1 0.0510807 0.0618864
1 0.0504493 0.0612318
0 0 0.010739
0 0 0.0106575
0 0 0.0105942
0 0 0.0104996
0 0 0.0104895
0 0 0.0104064
0 0 0.0102704
1 0.0204069 0.0304136
0 0 0.00984146
0 0 0.00983077
0 0 0.00944797
0 0 0.00929827
1 0.0478736 0.0570895
0 0 0.00917462
0 0 0.00913913
0 0 0.00903846
0 0 0.0089319
1 0.0392381 0.0481476
2 0.0977491 0.106615
1 0.0893273 0.0981555
1 0.193678 0.202493
0 0 0.00876319
1 0.0495289 0.0582881
0 0 0.00872496
0 0 0.0086708
0 0 0.00863938
1 0.0390297 0.0473388
1 0.0398661 0.0480784
0 0 0.00814064
0 0 0.0081315
0 0 0.00812825
1 0.0656926 0.0737935
0 0 0.00798309
0 0 0.00797804
0 0 0.0078364
0 0 0.00781991
1 0.0429048 0.0506642
0 0 0.00761634
0 0 0.00759685
1 0.0277822 0.0353118
0 0 0.00727477
0 0 0.00725354
0 0 0.00699219
0 0 0.00693884
0 0 0.0068076
1 0.0195256 0.0263301
0 0 0.0067837
0 0 0.00678119
0 0 0.00673878
0 0 0.00668168
1 0.0298324 0.0364448
1 0.217286 0.223724
2 0.0969316 0.103349
0 0 0.00639215
1 0.567507 0.573861
1 0.079322 0.0856252
0 0 0.00630141
2 0.17221 0.178467
1 0.0204611 0.0266725
0 0 0.00620482
0 0 0.00616808
1 0.0380743 0.0442026
2 0.578061 0.584188
0 0 0.00611695
0 0 0.00598585
0 0 0.00590468
0 0 0.00588779
0 0 0.00588503
0 0 0.0058246
1 0.0127285 0.0185382
1 0.029696 0.0354984
0 0 0.00570036
0 0 0.0056789
1 0.0117282 0.0173998
0 0 0.00567069
0 0 0.00546619
1 0.0334055 0.0388508
1 0.0527377 0.0581671
1 0.0458741 0.0512851
0 0 0.00538903
0 0 0.0053322
1 0.0292483 0.0345787
0 0 0.00525493
1 0.0233636 0.0285967
0 0 0.00522289
1 0.0381319 0.0433514
1 0.0115878 0.0167033
1 0.0339659 0.0390352
0 0 0.0050366
1 0.0438425 0.048879
0 0 0.00500339
1 0.133243 0.138229
1 0.0541076 0.0590786
2 0.0448155 0.0497685
1 0.0377751 0.0426641
1 0.0179755 0.0228212
0 0 0.00479357
1 0.0701253 0.0748966
1 0.0566797 0.0613572
0 0 0.00467007
1 0.039543 0.0442045
1 0.0133019 0.0179501
0 0 0.00459937
1 0.0291672 0.0336947
1 0.0270336 0.0315026
1 0.0236396 0.0280963
0 0 0.00441467
0 0 0.00438163
1 0.0233546 0.0277273
0 0 0.00436426
0 0 0.00427543
0 0 0.00419479
1 0.0119755 0.0161385
1 0.0534927 0.057642
0 0 0.00413328
1 0.0671719 0.0712894
1 0.0368476 0.0409618
1 0.0173184 0.0214077
1 0.165131 0.169202
1 0.0230985 0.0271294
0 0 0.00401906
1 0.0267592 0.0307533
1 0.0432949 0.0472546
0 0 0.00389547
1 0.0835032 0.0873941
1 0.0131901 0.0170789
1 0.0575421 0.0614007
0 0 0.00385773
2 0.0667279 0.0704735
0 0 0.00370393
1 0.153584 0.157183
1 0.19805 0.201625
1 0.0569774 0.0605439
1 0.0298102 0.0333746
2 0.0557546 0.0593055
2 0.57509 0.578562
1 0.300643 0.304075
0 0 0.00341311
0 0 0.00339852
1 0.0691614 0.0725511
0 0 0.00338082
0 0 0.00328497
2 0.172785 0.176061
0 0 0.00325824
1 0.0806445 0.0838688
1 0.286238 0.289336
1 0.220665 0.223725
1 0.0565312 0.059572
0 0 0.00303887
1 0.0451322 0.0481323
2 0.0457981 0.0487822
1 0.0322444 0.0352106
0 0 0.00295943
1 0.142236 0.145189
0 0 0.0029425
2 0.183073 0.186004
0 0 0.00286892
1 0.119613 0.122458
0 0 0.00279464
2 0.150075 0.152799
2 0.0649345 0.0676316
0 0 0.00264866
1 0.0307686 0.0333971
1 0.0224434 0.0250381
1 0.0339771 0.0365329
0 0 0.00253369
1 0.0577116 0.0602302
1 0.135582 0.138089
0 0 0.00247373
2 0.0430247 0.0454403
0 0 0.00241122
1 0.0312159 0.033615
1 0.11307 0.115367
0 0 0.00228571
2 0.0715709 0.073765
1 0.0382867 0.0404512
0 0 0.00215028
0 0 0.00212186
2 0.0887828 0.0908056
2 0.307697 0.309693
1 0.023881 0.0258775
1 0.0400456 0.0420244
2 0.0538851 0.0558159
1 0.0122338 0.0141634
0 0 0.00191583
1 0.0581036 0.0600071
1 0.0529557 0.0548566
1 0.0486926 0.0505843
1 0.042993 0.0448808
1 0.274536 0.276384
2 0.584039 0.585878
0 0 0.00183227
1 0.0382002 0.0399882
1 0.0146048 0.0163761
1 0.0130846 0.0148288
1 0.0197911 0.0215164
0 0 0.00172314
1 0.0119871 0.013661
0 0 0.00167143
0 0 0.00165948
1 0.0283373 0.029972
1 0.0525774 0.0542018
1 0.121366 0.122983
1 0.058593 0.0602049
1 0.129659 0.131257
1 0.0308333 0.0324234
2 0.0988889 0.100476
0 0 0.00157878
1 0.0222104 0.0237829
0 0 0.00156022
0 0 0.00155633
1 0.0102458 0.0117924
0 0 0.00151762
1 0.0114529 0.0129307
2 0.224789 0.226258
1 0.018878 0.0203303
1 0.0798055 0.0812268
1 0.0824389 0.0838513
1 0.0251647 0.0265749
0 0 0.00140334
1 0.014051 0.0154527
2 0.0323766 0.0337762
1 0.0171703 0.0185645
0 0 0.00139333
1 0.242531 0.243907
2 0.100693 0.102063
0 0 0.00136865
0 0 0.00134387
1 0.0284581 0.0298004
0 0 0.00130139
1 0.0593407 0.0606331
1 0.0647176 0.0659988
1 0.453645 0.454913
2 0.166721 0.167984
0 0 0.00126153
2 0.0780685 0.079323
1 0.00852063 0.00976275
1 0.0182159 0.0194564
1 0.0399842 0.0412198
1 0.00152366 0.00273641
0 0 0.00121108
1 0.0104039 0.0116063
1 0.0648273 0.0660253
0 0 0.00119475
1 0.124818 0.126003
1 0.00925361 0.0104251
1 0.02069 0.0218487
1 0.273815 0.274973
1 0.0709132 0.0720644
2 0.0375909 0.038734
1 0.0542209 0.0553584
2 0.0401468 0.0412715
2 0.0670672 0.0681721
2 0.138095 0.139197
0 0 0.00109552
1 0.0123165 0.0133985
0 0 0.00107414
0 0 0.00107125
1 0.0852842 0.0863516
1 0.0296893 0.0307492
2 0.0701394 0.07113
0 0 0.000989786
1 0.0624453 0.0634344
0 0 0.000949004
2 0.0966316 0.0975717
1 0.0580695 0.0589986
1 0.0341552 0.0350782
1 0.0119614 0.0128732
1 0.0262675 0.0271777
1 0.00457963 0.00548123
2 0.0829371 0.0838378
2 0.118108 0.119002
0 0 0.000868317
1 0.576769 0.577633
1 0.0158766 0.0167353
1 0.0103297 0.0111852
1 0.0043521 0.00520187
1 0.0127343 0.0135714
1 0.0402907 0.0411247
0 0 0.000827884
2 0.0439005 0.0446814
1 0.0127016 0.0134764
1 0.0264312 0.0271923
1 0.0593275 0.0600877
2 0.311091 0.311845
1 0.0026022 0.00335074
1 0.0298571 0.0305991
1 0.042094 0.0428289
1 0.00743667 0.00815921
0 0 0.00071552
1 0.0213575 0.0220685
2 0.0469404 0.0476285
1 0.00858963 0.00927411
1 0.0182821 0.0189639
1 0.00940759 0.0100877
1 0.0181666 0.0188355
1 0.0848525 0.0854973
0 0 0.000639344
1 0.0101204 0.0107529
1 0.0302966 0.0309068
1 0.0123978 0.0130035
1 0.0244132 0.0250152
1 0.00750513 0.00810532
1 0.049746 0.0503357
0 0 0.000586587
1 0.0389788 0.0395645
0 0 0.000583295
1 0.0348111 0.0353898
1 0.0177986 0.0183747
1 0.0464252 0.0469961
1 0.00883229 0.00939987
1 0.0259315 0.0264969
1 0.0610012 0.0615628
1 0.0615358 0.0620648
1 0.0113262 0.0118412
2 0.0118773 0.0123835
1 0.132787 0.133292
1 0.00162112 0.00211572
0 0 0.000490224
0 0 0.000479061
1 0.273574 0.274029
0 0 0.000451973
2 0.0775218 0.0779736
2 0.277093 0.277537
1 0.165893 0.166336
2 0.289457 0.289898
1 0.0151579 0.015573
1 0.0386606 0.0390713
1 0.0153468 0.0157472
1 0.0154527 0.0158498
1 0.017332 0.0177118
1 0.0318402 0.0322168
0 0 0.000374502
1 0.0205422 0.0209142
0 0 0.000367976
1 0.0279437 0.0282987
1 0.0158571 0.0162082
1 0.0175827 0.0179293
0 0 0.000344743
1 0.00891144 0.00925391
1 0.0129249 0.0132657
1 0.00222117 0.00256112
1 0.00131599 0.00164338
0 0 0.000325089
1 0.0160466 0.0163633
1 0.0119635 0.0122754
1 0.00550334 0.00580915
2 0.0368428 0.0371442
1 0.0432587 0.0435592
2 0.0505635 0.0508462
0 0 0.000278936
2 0.0204267 0.0207025
1 0.0528062 0.0530769
1 0.0506727 0.0509399
1 0.0238922 0.0241584
1 0.0964177 0.0966799
1 0.02781 0.0280705
2 0.0308839 0.0311412
1 0.0332493 0.0335041
1 0.0422742 0.0425287
1 0.0629239 0.0631707
2 0.0383887 0.0386304
2 0.0428365 0.0430638
1 0.0372722 0.0374907
2 0.0895213 0.0897395
2 0.060116 0.0603287
1 0.0118417 0.0120517
1 0.0116582 0.0118557
1 0.0460697 0.046256
1 0.02682 0.0270032
1 0.00856663 0.00873308
1 0.0115716 0.0117366
1 0.00879806 0.00896023
2 0.090247 0.0904045
1 0.0386629 0.0388202
2 0.113841 0.113994
2 0.0729903 0.0731377
1 0.00285239 0.00299641
1 0.100937 0.101074
1 0.0493093 0.0494465
2 0.0122154 0.012352
2 0.0145411 0.0146739
2 0.0351829 0.035314
1 0.0195894 0.019716
2 0.0190814 0.0192012
1 0.00622026 0.00633723
1 0.153561 0.153674
2 0.0714652 0.0715759
2 0.0894358 0.0895415
1 0.117408 0.117512
2 0.0142702 0.0143678
1 0.00417542 0.00427301
2 0.0562646 0.0563607
1 0.0387902 0.0388846
1 0.0279755 0.028065
2 0.224019 0.224108
1 0.0116466 0.011733
1 0.00409206 0.00417834
2 0.0333695 0.0334541
2 0.0507172 0.050794
1 0.0144797 0.0145531
1 0.000894089 0.000960587
1 0.0027192 0.00278564
2 0.139077 0.139143
1 0.0280977 0.0281614
1 0.011205 0.011268
1 0.0224747 0.0225359
1 0.0666133 0.0666737
2 0.0284722 0.028532
2 0.052612 0.0526709
1 0.0706858 0.0707435
2 0.568214 0.568272
2 0.0107954 0.0108507
1 0.0477589 0.0478141
1 0.014116 0.0141709
2 0.0313184 0.0313673
1 0.0330509 0.0330964
1 0.0698104 0.0698554
2 0.0287025 0.0287465
2 0.0379506 0.0379923
1 0.0474463 0.0474841
1 0.0389254 0.0389629
1 0.0129714 0.0130076
1 0.00849749 0.00853367
1 0.136448 0.136483
1 0.0171081 0.0171406
1 0.131971 0.132002
2 0.0187066 0.0187372
2 0.0118082 0.011838
1 0.0160527 0.016081
2 0.138282 0.13831
1 0.0977365 0.0977623
2 0.0195881 0.0196137
1 0.0782358 0.0782601
1 0.032736 0.0327604
1 0.0186582 0.0186809
1 0.0105695 0.0105922
1 0.0293751 0.0293977
2 0.0487046 0.0487271
1 0.0170469 0.017068
2 0.211096 0.211116
1 0.0507113 0.0507305
1 0.012727 0.0127461
1 0.00620413 0.00622314
2 0.0167977 0.0168124
1 0.00919298 0.00920685
2 0.109648 0.109662
2 0.0321126 0.0321261
2 0.0647123 0.064725
2 0.0374244 0.0374363
1 0.00262973 0.00264155
1 0.047409 0.0474202
1 0.0251834 0.0251945
1 0.340992 0.341003
2 0.0803051 0.0803158
1 0.00187459 0.00188519
1 0.0139606 0.0139697
1 0.0117153 0.0117241
2 0.0506936 0.0507023
1 0.0729019 0.0729103
2 0.0652528 0.0652611
1 0.034589 0.0345968
2 0.0180912 0.0180987
1 0.500373 0.500379
2 0.3439 0.343907
1 0.0372651 0.0372704
2 0.00275864 0.00276379
2 0.0495381 0.0495419
1 0.00310542 0.00310908
1 0.034036 0.0340396
1 0.00285518 0.00285836
1 0.097318 0.0973211
2 0.0717847 0.0717876
2 0.0417062 0.0417087
2 0.040025 0.0400274
2 0.154068 0.15407
1 0.00182811 0.00182997
1 0.0132252 0.0132268
1 0.0302051 0.0302066
1 0.0353121 0.0353135
1 0.00182751 0.00182889
1 0.00154833 0.00154943
1 0.0714204 0.0714215
1 0.0642812 0.0642821
2 0.0327182 0.0327191
2 0.0643136 0.0643144
2 0.584178 0.584179
1 0.0670579 0.0670586
1 0.0184925 0.0184931
2 0.0151614 0.0151618
2 0.0325058 0.0325061
1 0.00263567 0.00263592
2 0.0331276 0.0331276
1 0.00701862 0.00701862
2 0.107912 0.107912
