0 0 inf
0 0 0.539702
1 0.574746 0.735177
0 0 0.123417
0 0 0.123189
1 0.241533 0.329687
1 0.0958409 0.182237
0 0 0.0729851
0 0 0.0640222
1 0.0859683 0.147659
1 0.105496 0.165993
1 0.0475898 0.0994961
0 0 0.0506562
0 0 0.046129
0 0 0.0457585
1 0.540052 0.585269
0 0 0.044276
0 0 0.0439674
0 0 0.0434036
1 0.0844112 0.127076
0 0 0.042019
0 0 0.0414488
0 0 0.040511
0 0 0.0364118
1 0.0632913 0.0989251
1 0.101934 0.13713
0 0 0.0351207
0 0 0.0327797
0 0 0.0315379
0 0 0.0309992
0 0 0.0303087
1 0.0227159 0.0520093
0 0 0.0287994
1 0.0380011 0.0666659
0 0 0.0281038
0 0 0.0278728
1 0.057507 0.085362
1 0.0643769 0.0920908
0 0 0.0275069
1 0.0235487 0.0506979
0 0 0.0262674
0 0 0.0259662
0 0 0.0258208
1 0.0578206 0.0822438
0 0 0.0243912
0 0 0.0242546
0 0 0.0240832
1 0.0213301 0.0444952
0 0 0.023123
0 0 0.0229031
0 0 0.0224451
0 0 0.0223788
0 0 0.0223765
1 0.0800224 0.101996
0 0 0.0217926
1 0.0615249 0.0833115
1 0.0541975 0.0754212
1 0.0364197 0.0576324
1 0.0860216 0.106987
2 0.102884 0.123304
1 0.0548026 0.0751049
0 0 0.0202747
1 0.015449 0.0355626
1 0.157015 0.176265
0 0 0.0190753
0 0 0.0189857
0 0 0.0188731
1 0.0242344 0.0425734
0 0 0.0182852
0 0 0.0177655
0 0 0.0177223
0 0 0.0175907
0 0 0.0174836
0 0 0.0174564
0 0 0.0174092
1 0.0632118 0.0805747
0 0 0.0168758
0 0 0.0165972
0 0 0.0165126
2 0.18846 0.204372
0 0 0.0157054
0 0 0.0156821
0 0 0.0154677
0 0 0.0150923
0 0 0.0150856
1 0.0261654 0.0411066
0 0 0.0148231
0 0 0.0146897
0 0 0.0143196
0 0 0.0134632
0 0 0.0133283
0 0 0.0131385
1 0.162077 0.175165
0 0 0.0130486
1 0.155183 0.168211
0 0 0.0129566
0 0 0.0128375
0 0 0.0125186
1 0.0876865 0.100047
0 0 0.012071
2 0.75176 0.763719
0 0 0.0118078
2 0.143738 0.154969
1 0.0660054 0.0769144
1 0.0157487 0.0265688
0 0 0.0107923
0 0 0.0107528
0 0 0.0105996
2 0.193422 0.203961
0 0 0.0105251
0 0 0.0104378
1 0.051134 0.0613304
1 0.147984 0.158168
0 0 0.0101341
1 0.167215 0.17717
0 0 0.00992585
0 0 0.00971112
0 0 0.00955943
0 0 0.00947003
0 0 0.00938685
0 0 0.00926609
0 0 0.00925745
0 0 0.00924012
0 0 0.00912743
0 0 0.0091109
0 0 0.00910384
0 0 0.0089341
1 0.0779499 0.0868419
0 0 0.00868106
0 0 0.00865767
1 0.128378 0.136958
1 0.0691868 0.077437
0 0 0.00783912
0 0 0.00779866
0 0 0.00758746
1 0.236745 0.244217
0 0 0.00741131
0 0 0.0073583
0 0 0.00721141
1 0.0122789 0.019432
0 0 0.00691217
1 0.0646288 0.0714264
0 0 0.00673223
0 0 0.0065466
2 0.199825 0.20624
1 0.034393 0.0405979
0 0 0.00617096
1 0.0131973 0.0192132
0 0 0.00597455
2 0.195981 0.201939
0 0 0.00591908
0 0 0.00590117
0 0 0.00588452
1 0.0435846 0.0494561
0 0 0.00583043
1 0.069383 0.0751681
1 0.146795 0.152568
0 0 0.00570982
1 0.0287404 0.0343239
0 0 0.00556179
1 0.0280194 0.0335333
0 0 0.00548239
0 0 0.0054712
1 0.0237159 0.0291557
0 0 0.00543572
0 0 0.00543337
0 0 0.00542352
0 0 0.00535674
1 0.00825754 0.0135741
0 0 0.00530132
1 0.0534079 0.0586911
0 0 0.00528248
1 0.013931 0.0191583
0 0 0.0051359
0 0 0.00513537
1 0.0167295 0.0218538
0 0 0.00504077
1 0.036381 0.0413459
2 0.194784 0.199742
0 0 0.00480694
1 0.0213094 0.0260527
0 0 0.00471497
0 0 0.00469514
0 0 0.00466664
0 0 0.00459006
0 0 0.00445005
1 0.232031 0.236479
0 0 0.0044435
0 0 0.00440849
1 0.0226233 0.0269861
1 0.0228943 0.027216
0 0 0.00431333
1 0.0212088 0.025513
0 0 0.00426228
0 0 0.00424206
0 0 0.00423234
1 0.0242348 0.0284561
1 0.0223668 0.0265533
0 0 0.0041814
0 0 0.00410253
0 0 0.00403646
0 0 0.00390572
1 0.0878812 0.0917733
0 0 0.00387015
0 0 0.00386212
0 0 0.00382501
1 0.111828 0.115642
1 0.0223349 0.0261413
0 0 0.00377115
0 0 0.00374408
0 0 0.00373956
1 0.047197 0.0509316
1 0.0133465 0.0170359
1 0.0344535 0.0380939
1 0.0116035 0.0152204
1 0.0248712 0.0284592
1 0.0218177 0.0253945
1 0.0404605 0.0440294
0 0 0.00345405
2 0.0894272 0.0928663
0 0 0.0033464
1 0.0191202 0.0223698
2 0.0768333 0.0800649
0 0 0.00323066
1 0.0802889 0.0835063
1 0.0354695 0.0386868
2 0.0926002 0.0958159
2 0.163758 0.166956
1 0.0365177 0.03971
0 0 0.00307055
0 0 0.00306567
1 0.0202174 0.023259
2 0.107173 0.110198
2 0.226256 0.229252
1 0.0338338 0.0368265
0 0 0.00298424
0 0 0.00297048
1 0.0214387 0.0243796
1 0.0369256 0.0398427
1 0.0140123 0.0169065
2 0.185114 0.187961
0 0 0.00283285
2 0.0383256 0.0411513
0 0 0.00282112
0 0 0.00280709
0 0 0.00278903
1 0.0829103 0.085663
1 0.07749 0.080237
1 0.0190392 0.0217636
1 0.167353 0.170065
0 0 0.00268615
0 0 0.00265015
1 0.100254 0.102802
0 0 0.00252202
0 0 0.00252155
0 0 0.00251636
0 0 0.00250461
0 0 0.00242138
1 0.145353 0.147769
1 0.0889011 0.091307
0 0 0.00236413
1 0.281686 0.284038
0 0 0.0023165
2 0.0409778 0.0432872
1 0.0810254 0.0832849
0 0 0.00223616
0 0 0.00223517
1 0.160496 0.162708
1 0.158757 0.160956
1 0.00576375 0.00795852
0 0 0.00215429
1 0.0280712 0.0302195
0 0 0.00213744
0 0 0.00213502
1 0.00645654 0.0085876
0 0 0.00211641
1 0.0187147 0.0208298
0 0 0.00211107
1 0.00656439 0.00865411
0 0 0.00207438
0 0 0.00203764
1 0.170646 0.172675
1 0.0776045 0.0795973
1 0.107949 0.109938
0 0 0.00198871
1 0.14049 0.142452
0 0 0.00195678
1 0.0200472 0.022004
1 0.024598 0.026553
1 0.155325 0.157272
1 0.0299358 0.0318499
1 0.00978916 0.0116851
1 0.0428777 0.0447586
1 0.134195 0.135975
1 0.135002 0.136782
1 0.0695532 0.0713198
0 0 0.00176308
0 0 0.00175664
0 0 0.00174774
0 0 0.00171972
1 0.045094 0.0468011
1 0.0737046 0.0753955
0 0 0.00169017
1 0.0183904 0.0200793
1 0.0418855 0.0435438
1 0.0195241 0.0211755
1 0.0351797 0.0368295
1 0.167484 0.169126
0 0 0.00162045
1 0.036425 0.0380334
2 0.134097 0.13565
0 0 0.0015451
1 0.147612 0.14908
2 0.147961 0.149408
1 0.0190868 0.0205291
1 0.0167834 0.0182116
1 0.063406 0.0647886
2 0.059489 0.0608646
2 0.178433 0.179806
0 0 0.00137201
2 0.137194 0.138562
1 0.0147866 0.0161362
2 0.0538803 0.055196
1 0.101332 0.102641
1 0.0207688 0.0220742
1 0.015143 0.0164483
1 0.0114753 0.0127744
1 0.00680988 0.00807542
1 0.0893482 0.0905342
1 0.00480351 0.00597994
1 0.0241461 0.0253225
1 0.0414565 0.0426146
1 0.0673221 0.0684579
0 0 0.00113252
0 0 0.00111902
1 0.145866 0.146975
1 0.0818297 0.0829258
2 0.01617 0.0172478
0 0 0.00107694
1 0.0337754 0.0348417
1 0.115257 0.11632
1 0.0115682 0.0126013
1 0.055291 0.0563233
0 0 0.00102233
2 0.0985331 0.099551
1 0.00460847 0.00562378
1 0.0194106 0.0204014
1 0.00599805 0.00698619
1 0.00568276 0.00666245
0 0 0.000979315
1 0.0244046 0.0253521
1 0.00404336 0.0049873
2 0.149234 0.15016
1 0.138132 0.139053
1 0.0202563 0.0211707
1 0.123467 0.124374
1 0.0354848 0.0363844
1 0.159467 0.160355
1 0.0070445 0.00790937
0 0 0.000858767
0 0 0.000855772
2 0.0871614 0.0880145
2 0.0929035 0.0937549
0 0 0.000832016
1 0.0128371 0.0136584
2 0.0310015 0.0318201
2 0.169996 0.170801
1 0.0107746 0.0115672
1 0.00593755 0.00671531
1 0.0167141 0.0174692
2 0.027337 0.0280764
1 0.00975085 0.0104875
1 0.0204715 0.0211768
2 0.175613 0.176298
1 0.0466306 0.0473147
1 0.116498 0.117163
1 0.0226104 0.0232479
1 0.205534 0.20617
1 0.0325925 0.0332266
0 0 0.000631368
0 0 0.000630516
1 0.187008 0.187611
0 0 0.000585487
1 0.0764022 0.0769854
1 0.0152696 0.0158514
1 0.0132951 0.0138622
1 0.0151877 0.0157528
0 0 0.000563721
2 0.0724489 0.0730104
2 0.17646 0.177015
1 0.0600859 0.0606296
1 0.0177263 0.0182407
0 0 0.000508836
1 0.0228465 0.0233501
1 0.0539687 0.0544671
0 0 0.000482453
1 0.0192446 0.0197222
1 0.00545893 0.00593621
1 0.0453118 0.0457863
1 0.0569125 0.0573833
0 0 0.000465854
1 0.0150193 0.0154675
1 0.0129969 0.0134447
1 0.0429168 0.043362
0 0 0.000443826
1 0.0991168 0.0995604
1 0.00233672 0.00277416
0 0 0.000433493
2 0.0255364 0.0259683
1 0.0350947 0.0355242
1 0.0227762 0.023196
1 0.17712 0.177538
1 0.0701254 0.0705261
0 0 0.000393343
1 0.14614 0.146528
2 0.179257 0.179639
1 0.0265471 0.0269263
0 0 0.000378805
1 0.0109749 0.0113534
1 0.0208746 0.0212364
1 0.00341922 0.00377935
2 0.0390015 0.0393614
2 0.0208028 0.0211625
1 0.0250102 0.0253673
1 0.378024 0.37838
0 0 0.000355672
1 0.00729927 0.00765268
1 0.0607411 0.0610942
1 0.012499 0.0128507
1 0.0256403 0.0259867
1 0.0133647 0.0137084
1 0.0677678 0.0681003
2 0.246197 0.246524
2 0.040634 0.0409572
1 0.0724044 0.0727274
1 0.0104962 0.0108192
1 0.0137412 0.0140533
2 0.0667381 0.0670463
1 0.0152463 0.0155463
2 0.0289435 0.0292339
1 0.0232813 0.0235575
1 0.00674817 0.00702343
1 0.0698233 0.0700861
1 0.0611222 0.0613792
2 0.0278779 0.0281333
1 0.0240038 0.0242591
1 0.0386365 0.0388901
1 0.0339662 0.0342185
2 0.044538 0.044777
1 0.11144 0.111677
1 0.0596966 0.0599334
1 0.0182786 0.018515
1 0.0241601 0.0243922
1 0.0202247 0.0204522
1 0.0502586 0.050484
2 0.0922454 0.0924675
2 0.0721436 0.0723635
2 0.0700139 0.0702248
2 0.200015 0.200223
0 0 0.000206102
2 0.129426 0.129628
1 0.00268046 0.00288209
2 0.0917619 0.0919607
1 0.0170532 0.0172455
1 0.0873584 0.0875504
1 0.0242566 0.0244483
2 0.0195223 0.0197127
1 0.0180225 0.0182122
2 0.0225821 0.0227702
1 0.00174878 0.00193418
2 0.0457928 0.0459757
2 0.0163494 0.0165239
2 0.120941 0.121112
1 0.0846718 0.0848373
1 0.0406983 0.0408594
1 0.0110964 0.0112571
2 0.0906699 0.0908301
1 0.00959866 0.00975493
1 0.0658496 0.0660047
1 0.0927404 0.0928915
1 0.00525437 0.00540187
1 0.115326 0.115473
0 0 0.000147406
1 0.0154112 0.0155568
2 0.0363101 0.0364542
2 0.0861039 0.0862449
0 0 0.000140734
1 0.0139441 0.0140837
1 0.0255286 0.0256638
1 0.00320189 0.00333483
2 0.0174967 0.0176281
2 0.0736441 0.0737671
1 0.0187905 0.0189086
1 0.0698284 0.069945
1 0.0210482 0.0211643
1 0.0253353 0.0254479
1 0.165664 0.165776
2 0.0591131 0.0592248
1 0.0370749 0.0371864
2 0.0164072 0.0165173
1 0.00711241 0.00722178
2 0.0394001 0.0395084
1 0.00757034 0.00767859
2 0.168273 0.168373
1 0.0110148 0.0111142
1 0.0158221 0.0159141
1 0.0185836 0.018675
2 0.0175161 0.0176061
2 0.0945691 0.094659
2 0.0357047 0.0357941
2 0.0218653 0.0219544
1 0.0143816 0.01447
2 0.0338633 0.0339512
1 0.0344769 0.0345634
1 0.0161723 0.0162579
1 0.043382 0.043465
1 0.0138141 0.0138947
1 0.020491 0.0205702
1 0.00328261 0.00336141
2 0.111162 0.111241
1 0.0117827 0.011848
2 0.0291106 0.0291703
1 0.077852 0.0779099
1 0.00890616 0.00896403
2 0.0700143 0.0700642
1 0.0235699 0.0236161
1 0.070497 0.0705417
1 0.00515422 0.00519727
1 0.00993922 0.00997987
1 0.00374078 0.00378114
1 0.00477883 0.00481799
2 0.016438 0.0164755
1 0.0853136 0.0853505
1 0.0464338 0.0464693
2 0.0250482 0.0250814
1 0.0170704 0.0171028
2 0.0606266 0.060657
1 0.0306848 0.0307152
2 0.0243366 0.0243659
1 0.00595554 0.00598437
2 0.0187709 0.0187997
1 0.0604049 0.0604328
1 0.0218286 0.0218519
1 0.0300177 0.0300408
2 0.0426181 0.0426407
1 0.0270968 0.0271187
1 0.0283766 0.0283984
1 0.026894 0.0269157
1 0.0376244 0.037646
1 0.04994 0.0499607
1 0.0760756 0.0760941
1 0.000901271 0.000919627
1 0.0673079 0.0673249
1 0.0580164 0.0580328
1 0.0380737 0.0380894
1 0.0120917 0.0121064
1 0.0170386 0.0170532
2 0.0352756 0.0352895
1 0.0251586 0.025172
1 0.00765182 0.00766496
2 0.0520243 0.0520367
1 0.0144779 0.0144892
1 0.0141376 0.0141486
2 0.0915295 0.0915394
2 0.013797 0.0138054
2 0.0779344 0.0779426
2 0.0267005 0.0267077
1 0.0109857 0.0109924
2 0.175725 0.175732
2 0.147518 0.147524
1 0.027574 0.0275799
1 0.00269058 0.00269643
1 0.0134157 0.0134214
1 0.20729 0.207295
1 0.00943544 0.00943999
1 0.0583339 0.0583376
2 0.0561174 0.056121
1 0.0231368 0.0231399
1 0.0177267 0.0177294
1 0.0278477 0.0278504
2 0.00944071 0.00944333
2 0.0199562 0.0199586
2 0.200693 0.200694
1 0.0286337 0.0286347
2 0.17446 0.17446
1 0.00780815 0.00780858
1 0.0647507 0.064751
1 0.0848209 0.0848211
2 0.0391365 0.0391367
2 0.0943151 0.0943153
1 0.0508719 0.050872
2 0.0600636 0.0600637
1 0.0909604 0.0909604
2 0.00822424 0.00822424
1 0.0135232 0.0135232
2 0.0709175 0.0709175
