0 0 inf
1 0.18573 0.512999
0 0 0.177209
0 0 0.174924
0 0 0.103436
0 0 0.0923809
0 0 0.0919858
1 0.036969 0.121242
0 0 0.0812658
1 0.0302439 0.108687
0 0 0.0738097
0 0 0.0734409
1 0.175742 0.244148
1 0.0377441 0.105936
0 0 0.0665198
0 0 0.0551055
0 0 0.0513209
1 0.165273 0.213995
1 0.180422 0.228335
1 0.0827564 0.130336
0 0 0.0471435
0 0 0.0452254
0 0 0.0430697
1 0.111283 0.152618
0 0 0.0408399
1 0.433873 0.474689
1 0.143434 0.184026
0 0 0.040244
0 0 0.0395145
1 0.160227 0.198576
1 0.243797 0.281634
0 0 0.0372129
1 0.0425412 0.0793301
0 0 0.035521
0 0 0.035068
1 0.106773 0.141834
0 0 0.0333444
0 0 0.0326244
0 0 0.0319894
0 0 0.03032
0 0 0.0302968
0 0 0.0297025
0 0 0.0294831
1 0.101239 0.129848
0 0 0.0284528
0 0 0.0279645
0 0 0.0270671
0 0 0.02568
1 0.0274722 0.0516518
0 0 0.0237319
0 0 0.0232446
1 0.209588 0.232429
0 0 0.0219756
0 0 0.0217165
1 0.0344427 0.0556558
0 0 0.0203232
0 0 0.0200845
0 0 0.0200485
0 0 0.019356
0 0 0.0187652
0 0 0.0184881
0 0 0.0183268
1 0.023173 0.0412244
0 0 0.0176613
0 0 0.0175099
0 0 0.0174236
0 0 0.0171604
0 0 0.0166966
0 0 0.0156519
0 0 0.0153144
0 0 0.0152969
0 0 0.0150597
1 0.239368 0.25439
0 0 0.0148846
1 0.119317 0.134055
0 0 0.0143263
0 0 0.0140664
1 0.120345 0.13439
0 0 0.0130226
1 0.162319 0.175287
0 0 0.0129144
1 0.04972 0.0624943
0 0 0.0127581
0 0 0.0125766
0 0 0.0124666
1 0.037575 0.0499861
1 0.139807 0.152174
0 0 0.0123194
2 0.513373 0.52559
0 0 0.0121032
0 0 0.0116932
0 0 0.0115744
0 0 0.0115241
0 0 0.0114892
0 0 0.0114638
0 0 0.0112178
0 0 0.0108136
1 0.020115 0.0308655
1 0.0218895 0.0326309
1 0.0409393 0.0514737
2 0.23129 0.241758
0 0 0.0103995
2 0.184925 0.195245
0 0 0.0102323
0 0 0.0102102
1 0.0346913 0.0448991
1 0.05564 0.0655819
0 0 0.00992028
0 0 0.00977876
0 0 0.0097484
0 0 0.00962869
0 0 0.0096281
1 0.0948105 0.104369
0 0 0.00954623
0 0 0.00947442
1 0.0283985 0.0378726
0 0 0.00942677
0 0 0.00936193
1 0.0625321 0.0718513
1 0.0395665 0.0486171
0 0 0.00904201
0 0 0.00890209
0 0 0.00878866
1 0.0316205 0.0402424
1 0.0292615 0.0378715
0 0 0.00856541
1 0.215911 0.224473
0 0 0.00855269
0 0 0.0085329
0 0 0.00843339
1 0.0884292 0.0967131
0 0 0.00818181
0 0 0.00814187
2 0.733269 0.741366
1 0.0901311 0.0982148
1 0.06204 0.0700455
0 0 0.00791648
1 0.0647949 0.0726881
1 0.0797784 0.0876647
0 0 0.00784171
0 0 0.00782752
0 0 0.00753807
0 0 0.00746693
2 0.106103 0.113451
1 0.0294704 0.0367873
1 0.015378 0.0226861
0 0 0.00728565
1 0.0184985 0.0253123
1 0.172511 0.179246
2 0.124638 0.13135
0 0 0.00665913
1 0.0230876 0.0296995
0 0 0.00658911
0 0 0.00652855
0 0 0.00646456
0 0 0.00640873
0 0 0.00636782
1 0.0203129 0.0265388
0 0 0.00621703
1 0.0320991 0.0383059
0 0 0.00618201
1 0.212053 0.218232
0 0 0.00616529
1 0.0262108 0.0323243
0 0 0.00610735
0 0 0.00606529
0 0 0.00605794
0 0 0.00603431
1 0.0398708 0.0458379
0 0 0.00590303
1 0.195839 0.201703
0 0 0.00585959
0 0 0.00584537
0 0 0.00572446
0 0 0.00571961
1 0.00685003 0.0125519
0 0 0.00564305
0 0 0.00560556
2 0.234123 0.239723
0 0 0.0055247
2 0.122235 0.127735
0 0 0.00536733
2 0.0332516 0.03861
2 0.111007 0.116308
1 0.0270911 0.0323586
1 0.0133483 0.0185898
1 0.0210531 0.0262688
1 0.134825 0.140008
0 0 0.00509581
0 0 0.00505477
1 0.0292812 0.0343074
1 0.0530107 0.0579813
1 0.0289564 0.0338914
0 0 0.00489575
1 0.0189358 0.0237812
0 0 0.00477139
0 0 0.00475881
0 0 0.00472104
0 0 0.00470511
2 0.0412576 0.0458799
1 0.0137497 0.0183386
1 0.0110719 0.0156573
0 0 0.00457849
0 0 0.00456981
0 0 0.00454788
0 0 0.00445726
0 0 0.00445371
1 0.0488971 0.0533446
1 0.42147 0.425833
1 0.0177222 0.0219679
1 0.0216875 0.0259327
0 0 0.00422629
0 0 0.00419067
1 0.0735545 0.0777173
0 0 0.00409825
2 0.237547 0.241611
1 0.0434365 0.0474861
0 0 0.00393632
0 0 0.0039323
1 0.16509 0.168922
0 0 0.00376961
0 0 0.00372467
1 0.0357723 0.0394966
1 0.0394616 0.0431675
1 0.0143325 0.0180366
0 0 0.00359492
0 0 0.00356747
0 0 0.00356072
1 0.0371334 0.0406364
1 0.0946853 0.0981739
1 0.00974674 0.0131929
0 0 0.00344517
0 0 0.0034372
1 0.0142971 0.0177289
0 0 0.00341969
0 0 0.00337559
0 0 0.00336244
0 0 0.00333383
0 0 0.00326808
0 0 0.00318181
1 0.0356816 0.0388319
0 0 0.00313548
0 0 0.00303531
0 0 0.00302234
0 0 0.00299973
0 0 0.00298503
0 0 0.00296592
1 0.122295 0.125244
0 0 0.00293201
1 0.0168492 0.0197683
1 0.012425 0.0153345
0 0 0.00287307
1 0.0109176 0.0137375
0 0 0.00275106
1 0.0150967 0.0178405
0 0 0.00273614
0 0 0.00273019
1 0.00723484 0.00996311
0 0 0.00270857
0 0 0.0026238
1 0.051097 0.0536859
0 0 0.00257828
1 0.148093 0.150665
1 0.0172904 0.0198039
1 0.00757903 0.0100618
2 0.56721 0.569693
1 0.227371 0.2298
2 0.0566058 0.0590137
1 0.0248847 0.0272552
2 0.513842 0.516192
0 0 0.00234178
1 0.0634046 0.0657428
0 0 0.00233777
0 0 0.00232267
1 0.0140497 0.0163634
1 0.0138614 0.0161539
1 0.0112227 0.0134639
0 0 0.00222935
0 0 0.00219308
0 0 0.00215633
0 0 0.00214139
1 0.03869 0.0408054
0 0 0.00210576
1 0.00603498 0.00813809
1 0.00361584 0.0057118
0 0 0.00209322
1 0.127477 0.129547
0 0 0.00205519
1 0.231585 0.23363
0 0 0.00203927
0 0 0.00202952
1 0.0102594 0.0122745
1 0.11542 0.117422
1 0.189303 0.191271
0 0 0.00190323
1 0.0294964 0.031399
0 0 0.00187441
2 0.0579199 0.0597826
1 0.00816209 0.0100157
1 0.0151979 0.0170458
0 0 0.00184484
0 0 0.00184165
1 0.0141713 0.016006
1 0.013937 0.0157607
0 0 0.00181298
2 0.0397302 0.0415301
2 0.0287089 0.030506
1 0.0048813 0.00666183
1 0.0621688 0.0639478
1 0.022286 0.0240506
1 0.0151624 0.0169022
0 0 0.00173713
1 0.0527637 0.0544974
1 0.0134652 0.0151984
1 0.0204706 0.0221873
2 0.0467875 0.0484981
2 0.0348213 0.0365175
1 0.00797447 0.00966178
0 0 0.00168635
1 0.0515693 0.0532369
1 0.0215192 0.0231578
1 0.0279387 0.0295736
1 0.0664126 0.0680455
1 0.021988 0.0236174
1 0.0103234 0.0119394
1 0.0384767 0.0400861
1 0.084838 0.0864197
1 0.00700005 0.00856304
1 0.0120572 0.0135818
1 0.107218 0.108742
0 0 0.00150792
1 0.0243684 0.0258725
1 0.0139158 0.0154148
2 0.014957 0.0164555
1 0.12219 0.123688
1 0.0284893 0.0299772
1 0.034902 0.0363892
2 0.0401259 0.0416097
0 0 0.00148122
1 0.0281507 0.0296239
0 0 0.00146869
1 0.0759825 0.0774469
1 0.278872 0.280289
1 0.0143452 0.0157547
1 0.00522892 0.00661508
1 0.0303834 0.0317599
1 0.011137 0.0125069
0 0 0.00135006
1 0.564531 0.56588
1 0.0250576 0.0263963
1 0.0124702 0.0138045
1 0.0310771 0.0323929
1 0.0379315 0.0392423
2 0.53431 0.535621
1 0.0154896 0.0167975
2 0.0429164 0.0441991
1 0.0218464 0.0231162
2 0.0729882 0.0742561
0 0 0.00126745
0 0 0.00126607
1 0.00728216 0.00853488
1 0.0276101 0.0288385
2 0.0396321 0.0408469
1 0.0188972 0.0201087
1 0.0154419 0.0166519
2 0.0416611 0.0428678
1 0.0122452 0.0134428
1 0.039279 0.0404599
1 0.0249589 0.0261364
1 0.104266 0.105416
1 0.0288685 0.0299902
2 0.12825 0.129371
1 0.0215688 0.0226856
1 0.0123516 0.013467
2 0.0657688 0.0668769
0 0 0.00107872
0 0 0.00106805
0 0 0.00105823
1 0.0166399 0.0176904
1 0.00881016 0.00985207
0 0 0.00102902
1 0.00501665 0.00603768
1 0.0081535 0.0091736
1 0.00420896 0.00521321
1 0.0357947 0.036798
1 0.137814 0.138803
1 0.00920596 0.0101946
2 0.112424 0.113397
0 0 0.000955062
1 0.0203345 0.0212769
1 0.0291759 0.0301125
1 0.00617323 0.00709527
2 0.0188226 0.0197311
1 0.00755082 0.00844401
1 0.00535453 0.006234
1 0.00928005 0.0101428
2 0.129726 0.130568
1 0.0105897 0.0114289
1 0.00909022 0.00992618
1 0.0133293 0.0141347
0 0 0.00079587
0 0 0.000794029
2 0.571105 0.571886
0 0 0.000775025
1 0.0333488 0.034115
2 0.217066 0.21781
1 0.0135599 0.014303
1 0.0162876 0.0170277
1 0.238104 0.238826
2 0.0373008 0.0380208
1 0.0170081 0.0177237
1 0.00370535 0.00441894
2 0.0566984 0.0574058
1 0.0108346 0.0115339
0 0 0.000697669
2 0.0307577 0.0314539
1 0.0367664 0.0374395
2 0.0190815 0.0197513
2 0.0346951 0.0353465
1 0.0106337 0.0112838
1 0.0184573 0.0190982
1 0.0197844 0.0204208
1 0.0100095 0.0106352
1 0.01658 0.0172024
2 0.0205151 0.0211156
1 0.0145476 0.0151456
2 0.0547154 0.055309
1 0.0285495 0.0291255
0 0 0.000566678
2 0.260256 0.260821
1 0.0593318 0.059894
1 0.0525892 0.0531334
1 0.0275886 0.0281296
1 0.010071 0.0106089
1 0.0049491 0.00548097
1 0.0163374 0.0168626
1 0.119041 0.119566
1 0.00894775 0.00945994
2 0.0268057 0.0273083
2 0.0337174 0.0342165
1 0.177567 0.178066
1 0.00609384 0.00657185
1 0.00834262 0.00881599
1 0.0383566 0.038829
1 0.0145984 0.0150438
0 0 0.00044218
1 0.0873513 0.0877782
1 0.0138102 0.0142354
1 0.0814905 0.081902
1 0.0213774 0.0217822
1 0.0314783 0.0318762
1 0.0383641 0.0387606
2 0.0471064 0.0474982
1 0.00217566 0.00256586
1 0.00198882 0.00237405
1 0.00551102 0.00589582
1 0.00404478 0.004426
1 0.382692 0.383071
1 0.0463771 0.0467553
1 0.0035076 0.00388365
1 0.00852604 0.00889732
1 0.00543205 0.00580183
1 0.0119596 0.0123205
1 0.250813 0.251162
1 0.0200686 0.0204043
1 0.00414644 0.00447509
1 0.0987323 0.0990587
1 0.0458202 0.0461443
1 0.135997 0.136312
2 0.0107573 0.0110691
1 0.0202048 0.0205151
2 0.0198676 0.0201714
1 0.0604323 0.060727
1 0.0293522 0.0296469
2 0.0536834 0.053977
1 0.0144552 0.014748
2 0.0542591 0.0545451
2 0.0792079 0.0794938
2 0.010313 0.010598
2 0.016297 0.0165796
1 0.0495904 0.0498718
1 0.204414 0.204694
2 0.0549601 0.0552391
1 0.0064988 0.00676972
1 0.0215501 0.0218148
1 0.00515168 0.00541509
2 0.397871 0.398132
1 0.214077 0.214335
1 0.291525 0.29178
1 0.00776995 0.00801705
1 0.00662168 0.00686795
2 0.00846701 0.00871146
2 0.0460038 0.0462459
1 0.0142247 0.0144647
2 0.0305425 0.0307784
1 0.0096393 0.00987095
1 0.0054304 0.00566164
1 0.0545874 0.054814
2 0.107075 0.107292
1 0.00741167 0.00762029
1 0.0572596 0.0574677
1 0.0655814 0.0657847
1 0.0559707 0.0561735
1 0.0157098 0.0159109
0 0 0.000192982
1 0.0393369 0.0395219
1 0.00612606 0.0063043
1 0.0534066 0.0535827
1 0.0120758 0.0122514
2 0.0745407 0.074716
1 0.0825185 0.082693
2 0.152894 0.153068
2 0.00900368 0.00917347
2 0.0398128 0.0399784
2 0.0398065 0.0399691
1 0.00661835 0.00678019
1 0.0386238 0.0387845
2 0.0185626 0.0187142
2 0.029671 0.0298206
1 0.0303468 0.0304944
2 0.0106647 0.0108099
1 0.021148 0.0212926
2 0.0368435 0.0369825
2 0.119246 0.119371
2 0.0524149 0.0525393
1 0.127401 0.127521
1 0.00863568 0.0087542
1 0.0323519 0.0324682
1 0.0135251 0.0136405
2 0.045986 0.0461005
1 0.00650011 0.00661257
2 0.0286669 0.0287787
1 0.0035256 0.00363598
2 0.0272124 0.0273222
2 0.0171929 0.0173001
1 0.0980706 0.0981775
2 0.0659305 0.0660357
1 0.0154509 0.0155545
1 0.0087809 0.0088828
2 0.0228569 0.0229582
1 0.0203768 0.0204747
1 0.0069857 0.00707557
1 0.00829768 0.00838126
1 0.00349274 0.00356765
1 0.0258796 0.0259524
1 0.00220788 0.00228063
2 0.0150889 0.0151588
1 0.0396141 0.0396836
2 0.0337674 0.033836
1 0.0550132 0.0550807
1 0.00907067 0.00913636
1 0.00857121 0.00863209
2 0.00991029 0.00996626
2 0.206638 0.206691
1 0.0291995 0.0292493
2 0.0389934 0.0390402
2 0.0426907 0.0427372
1 0.00998195 0.0100258
1 0.0081957 0.00823771
1 0.0085615 0.00860293
2 0.0418815 0.0419229
0 0 3.96565e-05
2 0.0195964 0.0196338
1 0.0172183 0.0172491
1 0.0126013 0.0126315
2 0.00903323 0.00906199
2 0.025255 0.0252835
1 0.00783219 0.00786057
2 0.0787628 0.0787897
1 0.0485671 0.0485923
1 0.104013 0.104038
2 0.0303718 0.0303962
1 0.0312354 0.0312593
2 0.0123878 0.0124102
1 0.0122611 0.0122824
2 0.228173 0.228194
1 0.0669508 0.0669716
2 0.0908942 0.0909147
2 0.0405744 0.0405926
1 0.0170804 0.0170978
1 0.00460542 0.00462169
2 0.121453 0.121469
1 0.0741417 0.0741574
1 0.0489584 0.0489732
1 0.00907737 0.00909206
1 0.0040431 0.00405707
2 0.0327562 0.0327692
2 0.00517296 0.00518564
1 0.0107948 0.0108072
1 0.00494846 0.00496006
2 0.0215345 0.0215459
1 0.0441089 0.0441198
1 0.0124278 0.0124381
1 0.0369518 0.0369619
2 0.0228782 0.0228872
2 0.0537491 0.0537577
2 0.00660609 0.00661399
2 0.0394198 0.0394274
2 0.0335257 0.0335333
1 0.0193755 0.0193829
2 0.0357194 0.0357268
1 0.00127061 0.00127659
1 0.00336352 0.0033686
2 0.00661186 0.00661647
1 0.0129602 0.0129645
2 0.0124111 0.0124154
1 0.0335186 0.0335214
1 0.184855 0.184857
1 0.0211988 0.0212002
1 0.0168265 0.0168275
1 0.0457283 0.0457292
1 0.00656881 0.00656946
2 0.0383985 0.0383991
1 0.00639603 0.00639634
2 0.0234188 0.0234191
1 0.0371434 0.0371435
1 0.00506443 0.00506457
1 0.173628 0.173628
2 0.0472107 0.0472107
