0 0 inf
1 0.0803223 0.178844
0 0 0.0809876
0 0 0.0766975
0 0 0.0766798
0 0 0.0712873
1 0.0826286 0.12747
1 0.111122 0.145795
0 0 0.0310928
0 0 0.0287022
0 0 0.0273221
0 0 0.0249688
0 0 0.024071
0 0 0.0235125
0 0 0.0218669
0 0 0.0215405
1 0.024118 0.0453914
1 0.0263454 0.0468531
0 0 0.019717
1 0.0197809 0.038229
0 0 0.0182687
0 0 0.0180363
0 0 0.0175043
1 0.0283598 0.0453552
0 0 0.0169401
0 0 0.0158563
0 0 0.0157393
0 0 0.0148719
0 0 0.0141325
0 0 0.0137601
0 0 0.0133691
0 0 0.0127064
0 0 0.0125239
0 0 0.0122125
0 0 0.0120663
0 0 0.01185
0 0 0.0116101
0 0 0.0115964
0 0 0.0112858
0 0 0.0110198
0 0 0.0105857
0 0 0.0103114
1 0.0186054 0.0286596
0 0 0.00984859
1 0.0230939 0.0324296
0 0 0.00897654
0 0 0.00880174
0 0 0.00869212
1 0.0303816 0.0388904
1 0.140937 0.149141
0 0 0.00817801
0 0 0.00812327
0 0 0.0080402
0 0 0.00789683
1 0.0166472 0.0245127
1 0.0567908 0.0645508
1 0.0369361 0.0446607
0 0 0.00765292
1 0.0225141 0.0301093
0 0 0.00755963
0 0 0.00737958
0 0 0.00737247
0 0 0.00737223
1 0.0114769 0.0181306
0 0 0.00652607
0 0 0.00605877
0 0 0.00585673
0 0 0.00583526
0 0 0.00580951
1 0.0742726 0.0797477
1 0.0171658 0.022622
1 0.0877675 0.0931223
0 0 0.00523055
0 0 0.00510052
0 0 0.00506217
0 0 0.00491987
0 0 0.00489434
0 0 0.004822
1 0.0749427 0.0796833
0 0 0.00473901
1 0.0272691 0.0319138
1 0.170959 0.175592
0 0 0.00428111
0 0 0.00415187
0 0 0.00409276
0 0 0.00406495
0 0 0.00401998
0 0 0.00395594
1 0.116596 0.120487
0 0 0.00388642
2 0.0488269 0.0524815
0 0 0.0034948
0 0 0.00322675
2 0.132769 0.135989
1 0.018973 0.0221814
1 0.0653126 0.0684984
0 0 0.00317302
1 0.0802756 0.0834223
0 0 0.00306783
0 0 0.0029526
1 0.00441574 0.00735466
0 0 0.00293597
1 0.0129656 0.0158973
1 0.026956 0.0298824
1 0.00541364 0.00832152
1 0.0346214 0.0375122
1 0.0180235 0.0208632
0 0 0.00279888
0 0 0.0027127
0 0 0.00270191
0 0 0.00263878
1 0.0719335 0.0745561
1 0.0131653 0.0157122
1 0.0476587 0.0501725
0 0 0.002426
1 0.102739 0.105162
0 0 0.00242016
0 0 0.00241782
1 0.00429945 0.00669017
1 0.0156257 0.0180066
1 0.0226846 0.0250193
1 0.00297645 0.00530754
0 0 0.00232113
0 0 0.00231571
0 0 0.00227871
2 0.146372 0.148604
0 0 0.00217098
2 0.0422593 0.0443911
1 0.0129658 0.0150938
0 0 0.00211764
0 0 0.00211211
1 0.0512191 0.0533256
1 0.0183575 0.0204598
1 0.00300571 0.0051016
0 0 0.00208531
1 0.00347111 0.00555336
0 0 0.00208045
1 0.00442748 0.00649438
0 0 0.00204351
1 0.00288127 0.00491461
1 0.0110225 0.0130453
0 0 0.00202114
0 0 0.00201752
1 0.0151827 0.017172
1 0.00261322 0.00457975
0 0 0.00196226
2 0.151141 0.153098
0 0 0.00193628
0 0 0.00192646
0 0 0.00191827
1 0.0139734 0.0158719
0 0 0.00189836
1 0.00926822 0.0111523
0 0 0.00188036
0 0 0.00187791
0 0 0.001875
0 0 0.00186895
1 0.0136855 0.0155392
1 0.00172021 0.00356943
1 0.0349122 0.0367367
2 0.150303 0.152125
1 0.00601078 0.00782492
0 0 0.00181318
1 0.00446063 0.00621605
1 0.00234716 0.00407735
0 0 0.00169668
0 0 0.00169287
1 0.00930386 0.0109842
0 0 0.00167561
0 0 0.00166631
1 0.0395192 0.0411706
0 0 0.00161509
0 0 0.0016077
0 0 0.00160526
0 0 0.00160522
1 0.0276533 0.0292525
1 0.0140242 0.0156194
1 0.0334567 0.0350427
0 0 0.00157946
0 0 0.00157811
1 0.0367442 0.0383172
0 0 0.00157267
0 0 0.00155766
2 0.00735749 0.00890278
1 0.118522 0.120063
1 0.00190488 0.00342357
0 0 0.00151431
1 0.00803286 0.00952133
1 0.00254993 0.00403612
0 0 0.00148045
1 0.00840316 0.00987841
0 0 0.00146703
0 0 0.0014483
0 0 0.00144757
0 0 0.00144632
0 0 0.00144192
1 0.029833 0.0312705
0 0 0.00142958
1 0.00589097 0.00731711
1 0.00357476 0.00499711
0 0 0.00142202
0 0 0.00140081
1 0.00445445 0.0058511
0 0 0.00139284
1 0.0305474 0.0319374
0 0 0.00138509
1 0.0105521 0.0119355
1 0.0181256 0.0195081
1 0.0111353 0.0125081
0 0 0.00136219
0 0 0.00135443
1 0.011334 0.0126599
1 0.0174695 0.0187898
0 0 0.00126318
0 0 0.0012501
1 0.00444274 0.00567384
1 0.137367 0.138594
0 0 0.0012258
0 0 0.00122141
0 0 0.00119627
0 0 0.0011842
0 0 0.00117413
1 0.00139985 0.00257346
0 0 0.00115129
0 0 0.0011222
1 0.0271419 0.0282521
0 0 0.00110566
0 0 0.00110484
0 0 0.00108793
1 0.00281467 0.00390063
1 0.0706935 0.0717763
0 0 0.00107645
1 0.0039884 0.00505411
0 0 0.00105853
0 0 0.00104804
0 0 0.00104224
1 0.00303161 0.00406428
0 0 0.00101989
0 0 0.00101488
1 0.00845963 0.00946544
0 0 0.000983284
1 0.00937115 0.0103448
1 0.00396106 0.00492441
1 0.00204737 0.00300679
2 0.0700666 0.0710193
1 0.0255328 0.0264739
0 0 0.00093491
1 0.0271724 0.0280918
1 0.01245 0.0133652
1 0.0397933 0.0406788
0 0 0.000884788
0 0 0.000881395
0 0 0.000876452
2 0.0298012 0.0306728
0 0 0.000862324
0 0 0.000860784
1 0.00281385 0.0036688
1 0.0184831 0.0193287
2 0.037567 0.0384094
0 0 0.000840899
1 0.00283701 0.00367301
1 0.0297642 0.0305926
1 0.00507268 0.00589925
0 0 0.000826461
0 0 0.000821507
1 0.0018447 0.00266329
0 0 0.000815809
1 0.00171534 0.00252403
1 0.00634248 0.00715008
0 0 0.000806319
1 0.00292423 0.00372762
0 0 0.000801059
0 0 0.000769474
2 0.00802758 0.00879434
0 0 0.000757463
1 0.00537225 0.00612646
0 0 0.000742425
1 0.110793 0.111529
0 0 0.000731509
1 0.00274177 0.00346986
0 0 0.000726317
1 0.00610585 0.00682791
1 0.00275417 0.0034677
0 0 0.000713007
0 0 0.000705544
1 0.00250013 0.003182
1 0.00101555 0.00168553
1 0.0016666 0.00232543
1 0.00366688 0.00432169
0 0 0.000653826
1 0.00258834 0.00323843
1 0.00571535 0.00634257
1 0.00168174 0.00229305
0 0 0.000602711
0 0 0.000568161
0 0 0.000564384
2 0.010612 0.0111627
1 0.0220897 0.0226333
1 0.0211882 0.0217306
1 0.0113516 0.0118925
2 0.0235758 0.0241138
1 0.0020548 0.00259231
1 0.00873839 0.00927217
2 0.0311769 0.0317091
1 0.0049045 0.00543496
2 0.0162679 0.0167958
1 0.00821786 0.00874382
1 0.0334742 0.0339988
0 0 0.000522948
1 0.00131734 0.00183912
1 0.0147804 0.0152985
0 0 0.000510681
2 0.00363018 0.00413892
0 0 0.000506336
0 0 0.000501723
0 0 0.000499091
0 0 0.000497594
1 0.045733 0.0462211
1 0.0026171 0.00309588
1 0.0140302 0.014501
1 0.0149844 0.0154544
1 0.00229818 0.00276784
1 0.00503877 0.00550671
1 0.00398503 0.00444306
0 0 0.000454808
1 0.00630576 0.00675953
0 0 0.000445576
0 0 0.000441232
1 0.00247042 0.00290938
1 0.00185426 0.00229177
1 0.0296627 0.0300998
1 0.0045606 0.00499546
0 0 0.000429614
1 0.00170954 0.00213379
1 0.00747928 0.00790084
1 0.0029096 0.00332325
0 0 0.000413373
2 0.0351817 0.0355849
0 0 0.000396533
1 0.0073154 0.00768738
1 0.0162058 0.0165746
2 0.0168015 0.0171519
1 0.00427041 0.0046176
1 0.0296803 0.0300275
1 0.00419876 0.0045406
1 0.0141359 0.0144711
0 0 0.000333036
0 0 0.000330482
0 0 0.000330355
1 0.0124956 0.0128259
1 0.0184337 0.0187565
1 0.00326448 0.00358507
1 0.015503 0.0158218
1 0.00266521 0.00298318
2 0.0306236 0.0309375
1 0.00460314 0.00490763
1 0.00801205 0.00831441
1 0.00955631 0.00985822
1 0.0292688 0.0295696
0 0 0.000300442
0 0 0.000297427
2 0.004649 0.00494581
0 0 0.000286785
1 0.0013041 0.00158845
2 0.00475133 0.0050341
0 0 0.000282253
1 0.0360302 0.0363093
1 0.00440533 0.00467678
0 0 0.000270275
1 0.0121453 0.0124136
1 0.0138151 0.0140819
2 0.0168928 0.0171586
0 0 0.000264125
2 0.00338086 0.00364009
1 0.00576455 0.00602301
1 0.0012504 0.00150614
1 0.00614786 0.00638742
0 0 0.000235189
0 0 0.000234535
1 0.00109024 0.0013227
1 0.00241298 0.00264479
1 0.00240018 0.00263096
2 0.00605326 0.00628391
1 0.00194803 0.00217632
1 0.00450241 0.00472918
1 0.0116374 0.0118639
0 0 0.00022638
2 0.00891177 0.00913554
2 0.00911972 0.00933911
1 0.00154215 0.00175992
2 0.0124467 0.0126582
1 0.00583361 0.00604067
1 0.00151323 0.00171783
1 0.00915841 0.00936288
1 0.00508697 0.00528865
2 0.0791224 0.0793222
1 0.0288314 0.0290294
1 0.00098999 0.0011872
2 0.00560222 0.00579813
1 0.00493582 0.00512834
1 0.00226888 0.00246004
1 0.0329554 0.0331449
1 0.00159521 0.00178462
1 0.00353534 0.00372393
1 0.00538418 0.00557254
1 0.00347354 0.00366117
1 0.00380848 0.00399552
1 0.00286241 0.00304835
1 0.00190692 0.00209188
1 0.00188976 0.0020746
1 0.00179767 0.0019818
1 0.0579393 0.0581198
1 0.00170299 0.00188291
1 0.00155169 0.00173153
2 0.0121934 0.0123725
1 0.00149043 0.00166714
1 0.00319878 0.00337125
1 0.00417389 0.00434404
2 0.0241454 0.0243143
2 0.00273949 0.00290778
1 0.0030834 0.00324883
1 0.0534074 0.0535717
1 0.00368698 0.00384877
1 0.00113743 0.00129445
1 0.00456311 0.00471698
1 0.00427945 0.004433
1 0.00227109 0.00242282
0 0 0.000148577
1 0.00180886 0.00195343
1 0.00661361 0.006758
1 0.00292314 0.00306424
2 0.00422146 0.00436126
1 0.00109197 0.00123086
2 0.00542611 0.00555763
2 0.0712584 0.0713892
1 0.00561019 0.0057396
0 0 0.000128737
2 0.047381 0.0475095
1 0.00499427 0.00512272
2 0.00235748 0.00248525
1 0.00864518 0.0087703
1 0.00292397 0.00304869
2 0.00491797 0.00504068
1 0.00266444 0.00278699
1 0.00719126 0.00731092
1 0.00153815 0.00165255
1 0.0539898 0.054102
1 0.00589155 0.00600227
1 0.00321422 0.00332426
1 0.00312376 0.00323258
1 0.0452404 0.0453481
1 0.0254604 0.0255659
1 0.00322692 0.0033311
1 0.00311715 0.00322102
1 0.00828448 0.00838727
1 0.0210405 0.0211427
1 0.00409367 0.004195
2 0.002296 0.00239679
1 0.0283999 0.0284995
1 0.000695324 0.00079473
1 0.00513922 0.00523734
2 0.00431092 0.00440882
1 0.00114884 0.00124645
1 0.00109066 0.00118462
1 0.000469789 0.000563002
1 0.0180121 0.018104
1 0.00228791 0.00237962
2 0.030122 0.0302136
2 0.0549764 0.0550649
1 0.109135 0.109221
2 0.0255746 0.0256606
1 0.00289968 0.00298492
1 0.004533 0.00461719
1 0.00362396 0.00370737
1 0.00657098 0.00665209
0 0 8.06229e-05
1 0.00258063 0.00266102
1 0.00251205 0.00259107
2 0.0422691 0.0423479
1 0.00474668 0.00482532
1 0.00287403 0.00295142
1 0.00570135 0.00577859
2 0.0186138 0.018689
2 0.00336047 0.00343346
1 0.00296852 0.00304146
0 0 7.09472e-05
1 0.00368755 0.00375812
1 0.00450092 0.00457057
2 0.00183498 0.00190438
1 0.00542444 0.00549339
2 0.00654036 0.00660928
1 0.00115724 0.00122554
1 0.0032772 0.00334302
1 0.00111609 0.00118058
2 0.0207036 0.020768
1 0.00622009 0.00628348
1 0.00315353 0.00321687
2 0.0017782 0.00184078
1 0.00115205 0.0012135
1 0.00493371 0.00499417
1 0.00322361 0.00328404
1 0.00296321 0.00302331
1 0.00169245 0.00175231
0 0 5.95221e-05
2 0.00564592 0.00570544
1 0.0357805 0.0358399
1 0.0385226 0.0385814
1 0.00257593 0.00263427
2 0.00617514 0.0062334
1 0.0379631 0.0380202
2 0.00372565 0.00378177
2 0.00585307 0.00590861
2 0.0186231 0.0186783
2 0.00459474 0.00464945
1 0.00385759 0.0039122
1 0.00279856 0.00285284
1 0.00281582 0.00286974
2 0.00649632 0.00654993
1 0.0059468 0.00599876
2 0.00917944 0.00923008
2 0.00685864 0.00690864
2 0.0588898 0.0589387
1 0.0042489 0.00429661
1 0.00188649 0.00193413
2 0.0308102 0.0308565
1 0.0218554 0.0219006
2 0.00850121 0.00854474
1 0.0068758 0.00691822
2 0.0305537 0.0305949
2 0.0305851 0.0306259
1 0.00738859 0.00742932
1 0.0146179 0.0146576
2 0.0307358 0.0307753
1 0.00207063 0.0021097
2 0.0486022 0.0486411
2 0.00257386 0.0026127
2 0.00458171 0.00461874
1 0.00336259 0.00339878
1 0.00401301 0.00404904
2 0.00611677 0.00615264
1 0.0040301 0.00406587
2 0.00380435 0.00383941
1 0.00434732 0.00438203
1 0.0293718 0.0294058
2 0.00397676 0.00401071
2 0.00240824 0.00244152
1 0.00200387 0.00203697
1 0.00581926 0.00585234
1 0.00132014 0.00135132
2 0.00429985 0.00433022
1 0.0697144 0.0697437
1 0.0171594 0.0171885
1 0.00246415 0.00249288
2 0.00767224 0.00770094
1 0.00194559 0.00197336
1 0.00677237 0.00679968
1 0.00178344 0.00181074
2 0.00651805 0.0065447
2 0.00284902 0.00287555
2 0.0453989 0.0454253
1 0.000592454 0.000618471
2 0.00618626 0.00621226
1 0.00279543 0.00282112
2 0.0457996 0.045825
2 0.00398683 0.00401212
2 0.00283195 0.00285697
2 0.00459943 0.00462345
1 0.00331775 0.0033417
2 0.00332504 0.00334895
1 0.0038136 0.00383699
2 0.0223835 0.0224065
1 0.000976152 0.00099838
1 0.00235137 0.00237248
0 0 2.10481e-05
1 0.0554807 0.0555016
0 0 2.08614e-05
1 0.0133919 0.0134109
1 0.003067 0.00308598
2 0.00549276 0.00551121
2 0.00352315 0.00354151
1 0.00158494 0.00160325
1 0.0729448 0.0729631
2 0.0129287 0.012947
1 0.00478706 0.00480486
2 0.00630099 0.00631853
1 0.00140146 0.00141868
1 0.00175256 0.00176898
1 0.00188642 0.00190284
2 0.00330495 0.00332098
1 0.0142859 0.0143016
1 0.00592111 0.00593679
2 0.00658792 0.00660349
2 0.00539632 0.00541139
1 0.00293358 0.00294846
1 0.0032961 0.00331012
1 0.0176612 0.0176751
2 0.00534321 0.00535708
2 0.0042321 0.00424597
1 0.00408146 0.00409529
1 0.00443877 0.00445207
2 0.0420294 0.0420426
2 0.00468444 0.00469742
1 0.00362541 0.00363826
1 0.0313875 0.0314003
2 0.00514608 0.00515873
1 0.000451094 0.000463586
1 0.00350723 0.00351936
1 0.00517266 0.00518472
2 0.00209192 0.00210377
1 0.000505731 0.000517259
2 0.00470829 0.0047198
1 0.00302476 0.00303607
1 0.00384273 0.00385327
1 0.00564415 0.00565466
1 0.00255655 0.00256658
1 0.0185595 0.0185694
2 0.00759724 0.00760669
2 0.0396549 0.0396639
2 0.00305074 0.0030597
2 0.00352335 0.00353183
2 0.00520106 0.00520902
1 0.00328141 0.0032889
1 0.00453237 0.0045397
1 0.0490129 0.0490202
2 0.00553219 0.00553896
1 0.00463871 0.00464527
1 0.0108786 0.0108851
1 0.00607377 0.00608026
1 0.00166155 0.00166805
1 0.001417 0.00142339
2 0.00153715 0.00154311
1 0.0262868 0.0262927
2 0.0379269 0.0379328
1 0.00535797 0.00536369
2 0.00345143 0.00345698
2 0.0026445 0.00264962
2 0.00558442 0.00558952
1 0.00160742 0.00161248
2 0.00716334 0.00716821
2 0.00406815 0.00407292
1 0.000870277 0.000875039
1 0.00336075 0.00336549
1 0.00261602 0.00262046
2 0.00874257 0.00874688
2 0.00657432 0.00657844
1 0.00243193 0.00243587
2 0.0039115 0.00391534
1 0.028938 0.0289417
1 0.0108506 0.0108542
1 0.00163827 0.0016419
1 0.00329357 0.00329707
1 0.00224845 0.00225191
1 0.00534166 0.00534507
1 0.0594418 0.0594451
1 0.00222301 0.00222626
2 0.00863748 0.00864055
1 0.00349361 0.00349658
2 0.00419683 0.00419972
2 0.00280959 0.00281238
2 0.00457678 0.00457952
1 0.0379154 0.0379181
1 0.00237331 0.00237568
2 0.0261797 0.026182
1 0.0223505 0.0223527
1 0.00420347 0.00420567
1 0.018484 0.0184861
2 0.00187358 0.00187565
1 0.00536594 0.00536798
1 0.0152566 0.0152586
1 0.00295505 0.00295709
1 0.0889525 0.088954
1 0.00201021 0.00201166
1 0.00350181 0.00350323
1 0.00228844 0.00228981
2 0.00392867 0.00392989
1 0.00258619 0.00258736
2 0.00441143 0.00441252
1 0.00211935 0.00212041
2 0.00388926 0.00389028
1 0.0305036 0.0305045
2 0.0283139 0.0283149
2 0.00624273 0.00624365
1 0.00394058 0.00394134
2 0.00922664 0.0092273
2 0.00794881 0.00794938
2 0.0374169 0.0374174
1 0.00243641 0.00243686
1 0.00217007 0.00217046
2 0.00386566 0.00386603
1 0.0051721 0.00517248
2 0.00555593 0.00555622
2 0.0108889 0.0108892
1 0.00442681 0.00442708
1 0.0105672 0.0105674
2 0.00599179 0.00599205
2 0.00235596 0.00235617
1 0.00549897 0.00549917
1 0.00176038 0.00176053
1 0.00132956 0.00132969
2 0.00345811 0.00345823
2 0.0039786 0.00397868
2 0.00226037 0.00226044
1 0.00435534 0.00435538
2 0.00370726 0.00370729
2 0.0239738 0.0239739
1 0.0237312 0.0237313
1 0.00618819 0.0061882
2 0.00454214 0.00454215
1 0.00158818 0.00158818
1 0.0209139 0.0209139
