0 0 inf
0 0 0.137653
1 0.0248653 0.146403
1 0.209949 0.318146
0 0 0.1039
0 0 0.0910188
1 0.151782 0.238504
0 0 0.0678622
0 0 0.0665452
1 0.0649081 0.128061
0 0 0.0623605
0 0 0.0605257
1 0.0309699 0.0886788
1 0.100169 0.154229
0 0 0.0487754
0 0 0.0473973
1 0.0343127 0.0815512
0 0 0.0442487
0 0 0.0424472
0 0 0.0421482
0 0 0.0417951
1 0.276854 0.318341
1 0.047479 0.0851115
1 0.0579499 0.0952385
1 0.0266967 0.0630443
1 0.0907145 0.126242
0 0 0.0347224
0 0 0.0340277
0 0 0.0335122
1 0.337072 0.370492
0 0 0.0310927
0 0 0.0310751
1 0.0483444 0.0788566
1 0.0333738 0.0632931
1 0.10783 0.137696
1 0.0161476 0.0455117
0 0 0.0286079
0 0 0.0285854
0 0 0.0267755
0 0 0.0262893
0 0 0.0262411
0 0 0.0253851
0 0 0.0253313
0 0 0.024766
0 0 0.0246574
0 0 0.0246554
0 0 0.0244516
0 0 0.0243624
0 0 0.024265
0 0 0.02384
0 0 0.0237217
1 0.0267666 0.0501367
0 0 0.0228057
0 0 0.0225682
0 0 0.0224966
0 0 0.0221106
0 0 0.0220408
1 0.0245495 0.0465426
0 0 0.021973
0 0 0.0213821
1 0.3199 0.341126
0 0 0.020977
0 0 0.0208309
0 0 0.0201002
1 0.0111786 0.0309018
0 0 0.0195742
0 0 0.019411
0 0 0.0192658
0 0 0.0192003
0 0 0.0190928
0 0 0.0190497
1 0.232785 0.251744
0 0 0.0189172
0 0 0.0187153
0 0 0.018025
0 0 0.017419
0 0 0.0173882
1 0.292556 0.309915
0 0 0.017177
0 0 0.0169995
0 0 0.0169105
0 0 0.0169033
0 0 0.0167973
0 0 0.0167639
0 0 0.0162005
2 0.269706 0.28576
1 0.0137994 0.0298341
0 0 0.0158367
1 0.0795897 0.0954134
0 0 0.0156557
1 0.015878 0.0313917
1 0.321523 0.336951
1 0.0370669 0.0524225
0 0 0.0151814
1 0.107907 0.123077
1 0.176564 0.191063
0 0 0.0143506
0 0 0.0142904
0 0 0.0142808
0 0 0.014089
0 0 0.0140769
0 0 0.0140064
0 0 0.0139437
0 0 0.0139187
2 0.119246 0.133117
0 0 0.0136883
1 0.0355283 0.0490238
0 0 0.0132243
1 0.0156228 0.0286659
2 0.318521 0.331535
0 0 0.0129661
0 0 0.0129609
0 0 0.0128865
0 0 0.0128709
0 0 0.0128317
0 0 0.0126349
1 0.0564144 0.0689681
1 0.0472513 0.0597517
0 0 0.0123455
0 0 0.0123031
0 0 0.0122943
1 0.0267137 0.0389544
0 0 0.0121918
2 0.383851 0.396008
0 0 0.0118173
1 0.0361462 0.0478132
1 0.104948 0.116595
0 0 0.0114465
0 0 0.0114372
0 0 0.0111606
0 0 0.0110994
0 0 0.0105708
1 0.0618744 0.07244
1 0.0708458 0.0813779
0 0 0.0105121
0 0 0.0104322
1 0.0493229 0.0596487
0 0 0.0102815
0 0 0.0102658
1 0.0418157 0.0517311
0 0 0.00990579
0 0 0.00950946
0 0 0.00950406
0 0 0.00943301
0 0 0.00938845
1 0.0443192 0.053674
0 0 0.00932668
0 0 0.00927042
0 0 0.00915718
0 0 0.00908563
1 0.0386531 0.0477015
0 0 0.00903891
0 0 0.00894659
1 0.288819 0.297719
2 0.398008 0.406688
1 0.0149462 0.0236119
0 0 0.00864294
2 0.376429 0.385063
0 0 0.00863083
1 0.0388272 0.0473967
0 0 0.00856345
0 0 0.00853384
0 0 0.00847541
0 0 0.00836517
0 0 0.00833445
0 0 0.00822113
1 0.0481244 0.0562298
1 0.0254717 0.0334518
0 0 0.00783381
1 0.0230333 0.0308583
0 0 0.00778283
1 0.0122452 0.0198721
1 0.127342 0.134909
0 0 0.00751238
1 0.0470722 0.0544697
0 0 0.00727967
1 0.10244 0.109691
1 0.0258824 0.0330457
0 0 0.00712157
0 0 0.00708511
0 0 0.00707029
0 0 0.00705683
0 0 0.00699068
0 0 0.0069653
0 0 0.0068283
1 0.0616603 0.0684527
0 0 0.00670728
0 0 0.00644018
1 0.358953 0.365342
0 0 0.0063679
0 0 0.00631143
0 0 0.0062024
0 0 0.00619978
0 0 0.00618774
1 0.0592598 0.0654433
0 0 0.00597599
1 0.0320238 0.0379921
1 0.0917356 0.0976785
1 0.0265982 0.0325099
1 0.0293416 0.0351376
0 0 0.00561635
1 0.0458094 0.0514105
0 0 0.0055743
1 0.383191 0.388745
0 0 0.00548394
0 0 0.005359
0 0 0.00532529
0 0 0.00526329
1 0.00965717 0.0149066
0 0 0.0052196
0 0 0.00509947
0 0 0.00506837
1 0.0810344 0.0860718
0 0 0.00492788
1 0.0816743 0.0865887
0 0 0.00489632
1 0.0219261 0.0267813
1 0.0197109 0.0245268
0 0 0.0047582
0 0 0.00475244
0 0 0.00470525
0 0 0.00470136
1 0.0887144 0.0934098
0 0 0.00466169
0 0 0.00463045
0 0 0.00450099
2 0.0491741 0.0535704
1 0.0261024 0.0303051
1 0.0179062 0.0221087
1 0.0176575 0.0217657
1 0.0147313 0.0187805
2 0.253557 0.257587
0 0 0.00401181
2 0.0639571 0.067935
1 0.0195959 0.0235528
1 0.0651731 0.069087
1 0.0407656 0.0446629
0 0 0.00388957
0 0 0.00385231
1 0.0190851 0.0229195
1 0.0265637 0.0303834
0 0 0.00380995
0 0 0.00377708
0 0 0.0037214
0 0 0.00369394
1 0.112274 0.115916
0 0 0.00362029
1 0.0527457 0.0563495
2 0.0725404 0.0761258
0 0 0.00355597
0 0 0.0035037
1 0.0531179 0.0565074
0 0 0.0033163
2 0.356017 0.359299
1 0.0535226 0.0567918
1 0.0674662 0.0707197
0 0 0.00319129
1 0.0536102 0.0567303
1 0.117935 0.120991
1 0.037142 0.0401936
0 0 0.00304546
1 0.103027 0.106048
2 0.37379 0.376805
1 0.0360465 0.039041
0 0 0.00298564
0 0 0.00296287
1 0.0452622 0.0481547
1 0.0192813 0.0221707
0 0 0.00282023
0 0 0.0028181
0 0 0.00281508
1 0.0299091 0.0327211
1 0.0326809 0.0354835
1 0.129698 0.132481
1 0.0194598 0.0222385
1 0.0421559 0.0449262
1 0.0159684 0.0187262
1 0.365306 0.368059
1 0.459822 0.462559
0 0 0.00273055
0 0 0.00271418
1 0.0278408 0.0304992
0 0 0.00265349
0 0 0.00262188
1 0.0817765 0.0843667
1 0.0235267 0.026065
1 0.0165866 0.0190956
1 0.0145726 0.0170794
2 0.0648185 0.0672677
1 0.0584869 0.0608951
1 0.0475819 0.0499777
1 0.032259 0.0346335
1 0.00932103 0.0116674
1 0.0651812 0.0675173
1 0.0429983 0.0453192
1 0.0150659 0.0173441
1 0.0150572 0.0173094
0 0 0.00224742
0 0 0.00221607
1 0.0150094 0.0172188
1 0.0339695 0.0361746
0 0 0.00219175
0 0 0.00213419
2 0.0896082 0.0916687
1 0.0969741 0.0990339
0 0 0.00204117
1 0.0292513 0.0312769
2 0.0606601 0.0626718
0 0 0.0019729
0 0 0.00196615
0 0 0.00193542
1 0.0396536 0.041552
2 0.0740369 0.0759272
0 0 0.00186671
1 0.072213 0.074077
1 0.0480346 0.0498971
1 0.0205055 0.0223639
0 0 0.00182133
1 0.023762 0.0255773
1 0.0230764 0.0248911
1 0.0430484 0.0448599
1 0.0117225 0.0135313
1 0.0165246 0.0183087
1 0.0106615 0.0124301
1 0.0244831 0.0262414
0 0 0.0017419
2 0.0700074 0.0717083
0 0 0.00169709
1 0.00843102 0.0101252
1 0.0303928 0.0320657
2 0.0715575 0.0732213
2 0.0918835 0.0935297
1 0.0137565 0.015401
2 0.0537339 0.0553579
1 0.0203979 0.0219912
1 0.0426321 0.0442252
1 0.10938 0.110967
1 0.250303 0.251883
1 0.00982923 0.0114052
2 0.0292308 0.0307784
1 0.0147838 0.016271
1 0.0271524 0.0286375
2 0.0512549 0.0527003
0 0 0.00144298
0 0 0.00141584
1 0.00418589 0.0055969
2 0.0631732 0.0645722
1 0.00832745 0.00972443
2 0.132555 0.133928
1 0.0165037 0.0178742
0 0 0.00135128
2 0.0375773 0.0389266
0 0 0.00134019
0 0 0.00133563
1 0.0241351 0.0254496
1 0.0609831 0.0622825
1 0.0727356 0.074009
1 0.0123209 0.0135761
1 0.0951728 0.096417
1 0.0918865 0.0931295
1 0.0314024 0.0326431
1 0.0421977 0.0434377
1 0.0108895 0.0121234
1 0.00661001 0.00784258
1 0.0142972 0.0155128
1 0.00889061 0.0101029
1 0.0257625 0.0269643
2 0.37221 0.37341
1 0.117143 0.118324
1 0.010364 0.0115416
1 0.230995 0.23216
1 0.00675313 0.00789973
1 0.00485605 0.00598574
1 0.0348806 0.0359966
1 0.0142525 0.0153652
1 0.0614913 0.0625938
1 0.0321538 0.0332467
1 0.0273836 0.0284455
0 0 0.00106172
1 0.0293928 0.0304526
1 0.0262059 0.0272656
0 0 0.00102499
1 0.133838 0.134857
1 0.0202082 0.0212187
2 0.0854078 0.0864142
1 0.0281704 0.0291664
2 0.0353962 0.0363727
1 0.0729073 0.0738811
1 0.0060944 0.00705613
1 0.0530665 0.0540154
0 0 0.000945493
1 0.018325 0.0192688
1 0.0142612 0.0151815
1 0.0326414 0.0335528
1 0.049566 0.0504768
1 0.0069927 0.00790068
2 0.0867054 0.0875992
1 0.014695 0.0155726
1 0.00471411 0.00558531
2 0.120476 0.121346
1 0.0138596 0.0147178
1 0.0285464 0.0294041
1 0.00464454 0.00548763
1 0.0446711 0.0455074
1 0.0448677 0.0456966
1 0.0412561 0.0420814
1 0.0768541 0.0776473
1 0.0456191 0.0464116
1 0.0759067 0.0766738
1 0.0861371 0.086891
0 0 0.000736906
1 0.0348797 0.0356144
1 0.0122105 0.0129413
1 0.246545 0.247274
1 0.0035254 0.00425194
2 0.0984114 0.0991216
1 0.00511439 0.00581627
1 0.0150421 0.0157348
0 0 0.000689167
1 0.0164006 0.0170869
1 0.0220819 0.0227627
1 0.00796421 0.00864376
0 0 0.00063692
1 0.045193 0.0458279
2 0.0860765 0.0867098
2 0.0775992 0.0782319
2 0.00562378 0.00624007
1 0.0115 0.012114
1 0.0354029 0.0359985
0 0 0.000586199
1 0.0531826 0.0537502
2 0.413535 0.414094
2 0.0682206 0.068779
0 0 0.000556359
2 0.0547919 0.0553422
1 0.0328 0.033349
1 0.0617927 0.0623402
1 0.0439635 0.0444971
1 0.0418843 0.042391
1 0.00847153 0.00897742
1 0.0424702 0.0429642
1 0.00896271 0.0094454
2 0.0659023 0.0663823
1 0.0136036 0.0140802
1 0.026979 0.0274474
1 0.00313686 0.00359989
2 0.064037 0.064495
1 0.0165558 0.0170062
1 0.0722994 0.0727484
1 0.0326789 0.033122
2 0.0834834 0.0839117
0 0 0.000419183
2 0.0526354 0.0530424
1 0.0465514 0.0469513
2 0.0238362 0.0242357
1 0.116389 0.116783
1 0.0076524 0.00804388
1 0.0828569 0.0832478
1 0.0798082 0.0801972
2 0.0154258 0.0158094
2 0.0662287 0.0666122
1 0.0474217 0.0478047
2 0.0658235 0.0661896
1 0.27919 0.279554
2 0.0470584 0.0474191
1 0.00765835 0.00801646
1 0.00958311 0.00992593
1 0.0290192 0.0293561
2 0.382536 0.382872
1 0.0307564 0.031087
1 0.00355408 0.00388309
1 0.0144463 0.0147715
1 0.00476092 0.00507782
2 0.034807 0.0351097
2 0.123486 0.123785
1 0.00897933 0.00927891
0 0 0.00029067
1 0.0339927 0.0342796
2 0.0942006 0.0944818
1 0.0701717 0.0704521
2 0.0861514 0.0864314
1 0.00731212 0.00759092
1 0.0130103 0.0132884
1 0.00717643 0.00745292
1 0.00893299 0.00920864
1 0.0203941 0.0206677
1 0.112667 0.112933
2 0.0307579 0.0310145
2 0.130234 0.13049
1 0.00815632 0.008412
1 0.00684834 0.00709736
2 0.0863158 0.0865618
1 0.606252 0.606494
1 0.0155684 0.0158069
1 0.0542464 0.0544833
2 0.0776453 0.0778767
2 0.0547251 0.0549549
1 0.0225375 0.0227636
1 0.00861366 0.00883644
1 0.00096904 0.00118551
2 0.609202 0.609417
2 0.0702882 0.0705032
1 0.0404774 0.040689
2 0.0660384 0.0662431
1 0.0498814 0.0500857
1 0.0149005 0.0150926
1 0.0170568 0.0172351
1 0.0179683 0.0181436
2 0.0312479 0.0314225
2 0.0175587 0.0177275
2 0.0522881 0.0524566
2 0.0904939 0.0906578
2 0.0645785 0.064738
1 0.018565 0.0187228
1 0.0154961 0.0156537
1 0.0503876 0.0505448
1 0.00801744 0.00817436
1 0.0800285 0.0801848
2 0.0356814 0.0358343
2 0.0567924 0.0569436
1 0.0200953 0.0202426
2 0.0543709 0.0545147
2 0.0280553 0.0281957
1 0.0308969 0.0310367
2 0.0892992 0.0894334
1 0.0184902 0.0186212
1 0.160126 0.160257
2 0.250115 0.250244
1 0.076293 0.0764207
1 0.00958725 0.00971294
1 0.0192631 0.0193853
1 0.0583568 0.0584787
1 0.00800886 0.00812667
2 0.0229916 0.0231056
1 0.0218445 0.0219531
2 0.0540587 0.0541671
1 0.0192248 0.0193294
1 0.0626604 0.0627604
1 0.0296126 0.0297057
1 0.0170603 0.0171506
2 0.12838 0.128469
2 0.0624598 0.0625486
1 0.0466805 0.0467643
1 0.00180272 0.00188564
1 0.134875 0.134956
2 0.100993 0.101074
1 0.0270856 0.0271663
1 0.00670956 0.00678977
1 0.0236999 0.0237686
2 0.0225716 0.0226377
1 0.00454835 0.00461435
1 0.0069083 0.006973
1 0.0226901 0.0227545
1 0.038137 0.0381984
1 0.0117942 0.0118501
1 0.0290522 0.0291066
2 0.0803069 0.0803594
1 0.0441727 0.0442232
1 0.00235629 0.00240622
2 0.00865612 0.00870597
2 0.0670866 0.0671354
1 0.0266363 0.0266836
2 0.00972344 0.00977023
2 0.00832974 0.00837361
2 0.0199857 0.0200287
1 0.00541826 0.00546054
2 0.0863855 0.0864252
2 0.0300626 0.0301017
2 0.0194507 0.0194897
2 0.0470501 0.0470888
2 0.12653 0.126567
2 0.00943779 0.00947274
1 0.0483084 0.0483423
1 0.0567575 0.0567901
2 0.238603 0.238634
2 0.120477 0.120507
1 0.0424704 0.0425008
2 0.0645392 0.0645692
2 0.0460656 0.0460943
2 0.0993598 0.0993885
1 0.0990432 0.0990712
1 0.0090271 0.00905425
2 0.0176942 0.0177206
1 0.0237135 0.0237391
1 0.00619238 0.00621788
1 0.0352892 0.0353142
1 0.0213239 0.0213487
2 0.0280178 0.0280423
2 0.0507159 0.0507396
1 0.123363 0.123385
2 0.0644371 0.0644579
1 0.0626963 0.062717
1 0.0281175 0.0281348
1 0.0697234 0.0697401
1 0.0114915 0.0115006
2 0.0780102 0.0780191
2 0.0464848 0.0464937
2 0.0151065 0.0151149
2 0.0343893 0.0343963
2 0.0274426 0.0274492
1 0.0252458 0.0252511
1 0.0851945 0.0851997
2 0.409384 0.409389
1 0.0943212 0.0943261
2 0.0544666 0.0544715
1 0.00750397 0.00750873
1 0.0629799 0.0629838
2 0.0334775 0.0334802
1 0.00979737 0.00979971
2 0.0500568 0.0500588
2 0.0911505 0.0911523
2 0.0291601 0.0291619
1 0.00830229 0.00830361
1 0.00332909 0.00333019
1 0.0272471 0.0272482
1 0.0897226 0.0897236
1 0.030733 0.0307339
2 0.0203815 0.0203823
2 0.0659037 0.0659042
1 0.0101388 0.0101393
1 0.0074712 0.00747154
2 0.0470401 0.0470404
1 0.0579198 0.05792
1 0.00919425 0.00919427
