0 0 inf
0 0 0.197261
1 0.158277 0.337679
0 0 0.135198
0 0 0.124033
0 0 0.117616
1 0.183612 0.286636
0 0 0.0979577
0 0 0.0892357
1 0.149906 0.238019
0 0 0.0864741
0 0 0.0843421
1 0.195672 0.278181
0 0 0.0740885
0 0 0.0656178
0 0 0.0651034
1 0.0772599 0.141556
0 0 0.063582
1 0.0329527 0.0947793
0 0 0.0617364
0 0 0.0609042
0 0 0.055717
1 0.160815 0.21649
0 0 0.0549984
0 0 0.0540794
1 0.055128 0.108086
0 0 0.0526024
0 0 0.0520296
0 0 0.0494197
1 0.0243849 0.0729814
0 0 0.045794
0 0 0.0415888
0 0 0.0409598
0 0 0.0405409
1 0.100123 0.137623
1 0.0469637 0.0807711
1 0.225677 0.257853
1 0.0228873 0.0539806
1 0.026357 0.0566098
0 0 0.0288552
0 0 0.0278876
2 0.354498 0.381788
1 0.0270289 0.0537929
0 0 0.0263792
1 0.056173 0.0817406
0 0 0.0254022
0 0 0.0251048
0 0 0.0231288
1 0.185216 0.208314
0 0 0.0221966
0 0 0.0220295
0 0 0.0215674
0 0 0.021153
0 0 0.0211056
0 0 0.0207007
0 0 0.0202992
0 0 0.020186
0 0 0.0199317
2 0.0807777 0.100453
1 0.0136908 0.033029
1 0.0269782 0.0458411
0 0 0.0186819
1 0.105702 0.124016
0 0 0.0183012
1 0.101727 0.119872
0 0 0.0180529
0 0 0.0179418
0 0 0.0171953
1 0.0301691 0.0472399
0 0 0.0169068
1 0.199923 0.216721
2 0.287359 0.304152
1 0.267454 0.283907
0 0 0.0161625
0 0 0.0159618
0 0 0.0159181
1 0.0610215 0.0768037
0 0 0.0149016
0 0 0.0145953
0 0 0.0144664
0 0 0.0142035
2 0.163839 0.178032
1 0.0416221 0.0557956
1 0.207715 0.221774
0 0 0.0138825
0 0 0.0138756
1 0.0157744 0.0294581
1 0.0167973 0.0302728
0 0 0.0133247
0 0 0.0131409
1 0.0682941 0.0814053
0 0 0.0127666
0 0 0.0127633
0 0 0.0126891
0 0 0.0126863
1 0.010569 0.0232324
0 0 0.0125857
0 0 0.0123819
0 0 0.01238
0 0 0.0117057
0 0 0.0116588
0 0 0.011649
0 0 0.011586
1 0.0160897 0.027598
1 0.0266545 0.0381038
0 0 0.0113556
0 0 0.0112762
1 0.0670337 0.0782254
0 0 0.0108925
1 0.030672 0.0414632
1 0.0384382 0.0491434
2 0.0783803 0.0890838
0 0 0.0103724
0 0 0.0103644
0 0 0.0103283
0 0 0.0100932
1 0.281177 0.291035
1 0.0244316 0.034254
0 0 0.00975571
1 0.0211028 0.0307965
0 0 0.00963381
0 0 0.00963139
1 0.0425157 0.0520629
0 0 0.00950689
0 0 0.0093673
1 0.0293327 0.0386552
0 0 0.00931991
1 0.0344876 0.0437307
0 0 0.00915765
2 0.0341268 0.0431282
1 0.199747 0.2086
0 0 0.00867008
0 0 0.00865845
0 0 0.00861561
1 0.106197 0.114707
0 0 0.00844758
1 0.0640106 0.0723508
0 0 0.00826103
2 0.149153 0.157317
1 0.0186878 0.0267759
1 0.0180727 0.0261288
0 0 0.00801198
0 0 0.00788532
1 0.0208376 0.0285722
0 0 0.00769293
0 0 0.00757581
0 0 0.00754343
0 0 0.00739879
1 0.029334 0.0366541
0 0 0.00720772
0 0 0.00719567
0 0 0.0071602
0 0 0.00711472
1 0.0347833 0.0418852
1 0.0446449 0.0517314
1 0.0162414 0.0232919
0 0 0.00701852
1 0.144917 0.151917
0 0 0.00691626
0 0 0.00681102
0 0 0.00677891
0 0 0.00676097
0 0 0.00674515
0 0 0.00668971
0 0 0.00667954
1 0.038177 0.0448185
1 0.0529076 0.0595145
0 0 0.00659171
0 0 0.00650319
0 0 0.00649209
0 0 0.00640788
1 0.0267092 0.0331097
0 0 0.0063603
0 0 0.00633353
1 0.0249095 0.0312185
0 0 0.0062766
1 0.03039 0.0366624
1 0.00667001 0.0129057
0 0 0.00622381
1 0.269006 0.275175
1 0.00913209 0.0152631
0 0 0.00611711
0 0 0.00609903
0 0 0.00609501
1 0.0374435 0.0435321
1 0.0559816 0.0620109
0 0 0.00600631
1 0.0290981 0.0350878
0 0 0.00594332
0 0 0.00581243
2 0.404058 0.409849
0 0 0.00571345
1 0.0253626 0.0310757
0 0 0.00555991
0 0 0.00546629
0 0 0.00537698
0 0 0.00537242
0 0 0.00535971
1 0.0186846 0.0240252
0 0 0.00527413
0 0 0.00527103
0 0 0.00523242
0 0 0.00511444
0 0 0.00509813
0 0 0.00509682
1 0.04155 0.0466365
0 0 0.0050678
0 0 0.00504113
0 0 0.00502967
0 0 0.00483759
0 0 0.00480849
2 0.142531 0.147307
0 0 0.00473388
1 0.0273892 0.0320794
0 0 0.00464228
1 0.0186366 0.0232186
0 0 0.00454954
0 0 0.00454548
0 0 0.004447
1 0.0724572 0.0768814
1 0.0269496 0.0313717
2 0.0282513 0.0326248
1 0.0491355 0.0534969
0 0 0.00435127
0 0 0.00434696
2 0.0356053 0.039948
1 0.0336173 0.0379317
0 0 0.00431105
1 0.228974 0.233272
1 0.0279829 0.0322556
0 0 0.0041605
1 0.0315992 0.0357169
0 0 0.00406423
1 0.0725847 0.0765871
1 0.0547148 0.0586961
0 0 0.00397711
0 0 0.00396973
0 0 0.00396819
0 0 0.00394829
1 0.0221382 0.02602
1 0.00865345 0.0125166
1 0.0179372 0.0217467
0 0 0.00376631
1 0.20859 0.212304
0 0 0.00370343
1 0.0194968 0.0231451
0 0 0.00362782
0 0 0.00359563
0 0 0.00356944
1 0.044161 0.0476951
1 0.0254785 0.0289633
1 0.326018 0.329493
0 0 0.00341607
1 0.381743 0.385146
1 0.0220406 0.0254273
1 0.0466693 0.0500256
1 0.013049 0.0163737
2 0.140164 0.143472
0 0 0.00329232
1 0.0364183 0.0397093
1 0.0837186 0.0869961
2 0.0550495 0.0583014
1 0.0901283 0.0933558
1 0.0326388 0.0358548
1 0.034587 0.0377551
0 0 0.00311044
0 0 0.00310762
1 0.00622021 0.00931026
1 0.0235732 0.0266403
1 0.00847498 0.0115394
0 0 0.00298851
0 0 0.00298118
0 0 0.00297693
1 0.0295639 0.0324501
0 0 0.00286535
1 0.0237263 0.0265477
1 0.0208137 0.0235851
1 0.0184047 0.0211445
0 0 0.00273384
2 0.0655241 0.068244
1 0.00712868 0.00983995
1 0.0397764 0.0424804
1 0.0213907 0.0240615
2 0.289082 0.291744
1 0.0359849 0.038615
0 0 0.00261806
0 0 0.00257067
0 0 0.00255103
1 0.0374386 0.0399486
1 0.290062 0.29254
1 0.100613 0.103083
0 0 0.00244473
1 0.00707585 0.00951149
1 0.223015 0.22541
1 0.0248777 0.0272655
0 0 0.00236689
0 0 0.00234342
0 0 0.00232994
1 0.0166376 0.0189642
0 0 0.00228395
0 0 0.00227399
1 0.0103699 0.0126369
0 0 0.00226148
0 0 0.0021179
2 0.0343314 0.0364403
1 0.0571861 0.0592292
1 0.0745696 0.0766035
1 0.0384192 0.0404525
1 0.0235667 0.0255725
1 0.00828904 0.0102789
0 0 0.00198412
0 0 0.00196717
0 0 0.00196518
1 0.129274 0.131234
1 0.109877 0.111828
0 0 0.00190359
2 0.143362 0.145238
1 0.0903476 0.0922203
1 0.0283087 0.0301794
1 0.0178341 0.0196845
1 0.164168 0.165999
1 0.0426682 0.0444685
1 0.0351857 0.0369807
1 0.00743894 0.00921339
1 0.0220472 0.0238067
1 0.00896092 0.0107183
0 0 0.00174039
1 0.0284854 0.0301999
1 0.0488444 0.0505552
1 0.0171864 0.0188838
1 0.0286402 0.0303039
0 0 0.00165836
0 0 0.00165018
1 0.112087 0.113642
1 0.0172837 0.0188261
1 0.0744705 0.0759762
0 0 0.00150373
1 0.0396867 0.0411858
1 0.119678 0.121175
0 0 0.00148745
1 0.0317112 0.0331766
1 0.0433043 0.0447403
1 0.00425586 0.0056709
0 0 0.00139528
1 0.00476822 0.00611856
0 0 0.00134608
1 0.036808 0.038151
0 0 0.00132028
2 0.0444703 0.0457633
2 0.0614341 0.0627156
1 0.0251728 0.0264454
1 0.00957717 0.0108422
1 0.00762211 0.00886921
1 0.0731576 0.0743981
1 0.104101 0.105339
1 0.273452 0.274669
1 0.0194786 0.0206691
0 0 0.00118846
2 0.347458 0.348645
1 0.0254719 0.0266485
2 0.258213 0.259386
1 0.0255429 0.0267055
2 0.0589785 0.0601368
1 0.0430352 0.0441887
2 0.0341609 0.0352991
1 0.0190791 0.0202139
1 0.0707296 0.0718631
1 0.0170892 0.0182213
0 0 0.00111985
0 0 0.00110425
1 0.00732506 0.00841738
1 0.242481 0.243546
1 0.0519539 0.0530108
1 0.0172094 0.0182652
1 0.0178619 0.0188989
2 0.239905 0.240935
1 0.0221988 0.0232097
1 0.0104157 0.0114093
1 0.0744379 0.0754289
1 0.0459087 0.0468862
1 0.00825279 0.00922667
1 0.0134626 0.0144362
0 0 0.000953884
1 0.00906309 0.0100031
1 0.0259559 0.0268802
0 0 0.000918713
1 0.0140871 0.0149967
1 0.0880342 0.088938
1 0.0272196 0.0281194
1 0.0199229 0.0208216
0 0 0.000890205
1 0.008549 0.00943896
1 0.03982 0.0406848
1 0.0282774 0.0291332
1 0.0661533 0.0669993
1 0.00757363 0.00840625
1 0.0636106 0.0644393
2 0.108086 0.108908
1 0.0298927 0.0307106
2 0.138475 0.139278
1 0.0117735 0.0125699
2 0.030836 0.0316184
1 0.0208091 0.021588
1 0.005561 0.00632751
1 0.0502143 0.0509807
2 0.0375854 0.0383449
1 0.0638596 0.0646157
2 0.0370472 0.0378022
1 0.0345552 0.0353098
1 0.00797512 0.00872762
2 0.0247724 0.0255048
2 0.358396 0.359117
2 0.0319995 0.0327175
1 0.0282325 0.0289476
2 0.387414 0.388118
1 0.0753337 0.0760341
1 0.0957314 0.0964295
1 0.201048 0.201728
1 0.0205456 0.021191
0 0 0.000642951
1 0.00582769 0.00646779
1 0.0288345 0.0294713
1 0.0503695 0.0510049
0 0 0.000631506
1 0.00491527 0.00554332
2 0.0307139 0.03133
1 0.0422376 0.0428493
2 0.046081 0.0466864
1 0.00803883 0.00864148
1 0.0207103 0.0213046
2 0.0837174 0.0843077
1 0.0228807 0.0234656
2 0.0442461 0.0448296
1 0.00293358 0.0035133
2 0.0877456 0.0883239
2 0.0785059 0.0790748
1 0.00823188 0.00879736
1 0.0056955 0.00625639
2 0.0356064 0.0361666
2 0.0264585 0.0270186
1 0.0258042 0.0263623
0 0 0.000556764
0 0 0.000556493
1 0.0184122 0.0189613
1 0.097823 0.098362
1 0.139324 0.13986
1 0.0788898 0.0794253
1 0.0370769 0.0376082
1 0.0116758 0.0122012
1 0.0161848 0.0167037
1 0.00620862 0.00672626
2 0.0988472 0.0993643
1 0.00826524 0.00877957
0 0 0.000511339
2 0.0304855 0.0309954
2 0.0807385 0.0812458
2 0.031135 0.0316377
1 0.0356375 0.0361338
1 0.0239509 0.0244174
2 0.0413973 0.0418621
1 0.0149399 0.0154012
2 0.0829857 0.0834456
1 0.329652 0.330106
1 0.00883299 0.00928656
1 0.0317739 0.0322091
1 0.0351463 0.0355763
1 0.00683932 0.00726593
1 0.161871 0.162297
1 0.0167693 0.017188
1 0.00287855 0.0032889
1 0.0279285 0.0283327
2 0.0532713 0.0536753
0 0 0.000397672
1 0.0313969 0.0317942
1 0.00564966 0.0060445
1 0.0048282 0.00521855
1 0.00857512 0.00896285
2 0.143689 0.14407
1 0.0260485 0.0264246
1 0.012173 0.0125189
1 0.0428636 0.0432089
1 0.372067 0.372384
2 0.087571 0.0878853
1 0.0333114 0.0336213
2 0.0871815 0.0874914
1 0.0254631 0.0257687
1 0.0489695 0.0492746
1 0.0304095 0.0307119
1 0.00348457 0.00378359
1 0.0155204 0.015813
1 0.0303418 0.0306263
1 0.0115919 0.0118746
2 0.0116156 0.011887
1 0.0183941 0.0186644
1 0.0232885 0.0235431
1 0.0152244 0.0154756
2 0.0425606 0.0428072
1 0.0210987 0.021344
1 0.0293368 0.0295788
1 0.044742 0.0449797
1 0.03463 0.034863
1 0.00594502 0.00617215
2 0.016711 0.0169358
2 0.0270727 0.0272972
2 0.0377679 0.037992
1 0.0465004 0.0467239
2 0.011352 0.0115713
2 0.0262425 0.0264585
2 0.0558128 0.0560277
2 0.0290134 0.0292276
1 0.0111873 0.0113996
1 0.00874356 0.00895426
1 0.136642 0.136845
1 0.00949792 0.00969892
1 0.0119755 0.0121746
2 0.0397981 0.039996
1 0.0182825 0.0184748
1 0.0105536 0.0107456
2 0.0101157 0.010303
1 0.0398182 0.0400023
1 0.143014 0.143195
2 0.107308 0.107487
1 0.0146172 0.014792
1 0.0293829 0.0295573
1 0.0158662 0.0160315
1 0.0887414 0.0889041
1 0.0391431 0.0393053
2 0.0352198 0.0353807
1 0.0788528 0.0790058
2 0.063958 0.0641103
2 0.0443807 0.0445314
2 0.0932201 0.0933644
1 0.0102373 0.0103811
1 0.0233155 0.0234481
2 0.0790348 0.0791657
1 0.0217324 0.0218621
2 0.0555726 0.0556974
1 0.0405251 0.0406494
2 0.0301229 0.0302408
1 0.00588814 0.00600049
1 0.0564716 0.0565826
1 0.0260673 0.026175
1 0.0279356 0.0280386
2 0.044597 0.0446996
2 0.049508 0.0496092
1 0.0327734 0.0328718
2 0.142437 0.142534
1 0.057295 0.057389
2 0.0897126 0.0898043
2 0.0283621 0.0284499
2 0.0212967 0.0213835
1 0.0151688 0.0152552
1 0.0768578 0.076941
1 0.0124522 0.0125353
1 0.0208219 0.0209008
1 0.0211434 0.0212222
1 0.0154846 0.0155634
1 0.018279 0.0183564
2 0.0574654 0.0575415
1 0.00492411 0.00499983
0 0 7.4988e-05
1 0.0223821 0.0224547
1 0.00414158 0.00421342
2 0.0674559 0.067527
1 0.0167068 0.0167776
2 0.00598206 0.00605279
1 0.107162 0.107232
2 0.0597983 0.0598678
1 0.0232442 0.0233119
1 0.0178895 0.0179545
2 0.0312303 0.0312927
1 0.055336 0.0553945
1 0.00130631 0.00136408
1 0.014736 0.0147917
1 0.0104459 0.0104983
1 0.034296 0.0343473
2 0.303462 0.303513
2 0.0117053 0.0117562
1 0.00521373 0.00526429
2 0.0236185 0.023669
1 0.277983 0.278032
1 0.0150721 0.015121
1 0.0118888 0.0119364
2 0.334153 0.3342
2 0.0473747 0.0474201
1 0.078124 0.0781667
1 0.0595249 0.0595671
1 0.00495792 0.0050001
2 0.0534686 0.0535107
1 0.0099641 0.0100046
1 0.0215012 0.0215414
1 0.00920134 0.00924055
2 0.0456028 0.0456388
1 0.00551802 0.00555306
1 0.0126259 0.01266
2 0.00898272 0.00901649
2 0.030847 0.0308806
1 0.0582176 0.0582512
2 0.0132772 0.0133102
1 0.00956702 0.00959982
1 0.0698166 0.0698478
1 0.0116162 0.0116466
1 0.0108206 0.01085
2 0.0954661 0.0954952
1 0.0286348 0.0286637
2 0.046107 0.0461358
1 0.0708458 0.0708745
1 0.017786 0.0178127
1 0.193788 0.193813
2 0.032759 0.032784
2 0.0406997 0.0407233
1 0.00790395 0.0079272
2 0.0121991 0.012222
2 0.0283861 0.0284085
1 0.00259503 0.00261481
2 0.073897 0.0739167
2 0.0336924 0.0337112
2 0.0274286 0.0274472
2 0.0858125 0.0858306
2 0.0439171 0.043935
2 0.0559768 0.0559943
1 0.012068 0.0120852
2 0.0414417 0.0414587
2 0.00605667 0.00607311
1 0.0535049 0.0535208
2 0.0990878 0.0991028
1 0.0232771 0.0232921
2 0.0582898 0.0583043
2 0.0570237 0.057038
2 0.00987832 0.00989249
1 0.0262553 0.0262681
1 0.0519665 0.0519792
2 0.0386127 0.0386253
2 0.0159856 0.0159982
2 0.0253381 0.0253495
1 0.0340319 0.0340433
1 0.169158 0.169169
1 0.0110709 0.0110792
1 0.0443213 0.0443293
2 0.0703272 0.0703351
1 0.0306236 0.0306314
2 0.0998827 0.0998904
1 0.011108 0.0111157
2 0.0124098 0.0124171
2 0.0814292 0.0814364
2 0.143536 0.143543
1 0.00289851 0.00290475
2 0.0129905 0.0129966
1 0.0400043 0.0400097
1 0.0561409 0.0561464
2 0.0342364 0.0342418
2 0.0525716 0.052577
1 0.0158992 0.0159044
1 0.00196941 0.00197444
1 0.00919891 0.00920373
2 0.0216106 0.0216151
1 0.0279441 0.0279485
1 0.0315494 0.0315537
2 0.089611 0.089615
1 0.00822935 0.00823319
2 0.344656 0.344659
1 0.00736228 0.00736581
1 0.0407927 0.040796
2 0.0348432 0.0348462
1 0.344518 0.344521
1 0.0110174 0.0110199
1 0.0279162 0.0279187
1 0.0123246 0.012327
1 0.0534006 0.0534023
2 0.0355318 0.0355329
2 0.0865025 0.0865035
2 0.0488421 0.048843
2 0.0315563 0.0315573
1 0.0901431 0.0901439
1 0.0239592 0.0239598
2 0.0647945 0.0647951
2 0.0209894 0.0209898
1 0.0366947 0.036695
2 0.0326872 0.0326873
1 0.00761574 0.00761586
1 0.0181589 0.0181589
1 0.0315884 0.0315884
1 0.0104806 0.0104806
