0 0 inf
1 0.0313582 0.196196
0 0 0.150839
0 0 0.143874
0 0 0.091844
0 0 0.0876493
0 0 0.0845414
1 0.0787648 0.159422
0 0 0.0788901
1 0.0252637 0.103817
1 0.205148 0.279038
0 0 0.0719611
1 0.0416799 0.111318
0 0 0.0690851
0 0 0.0629516
0 0 0.0605475
0 0 0.0594763
0 0 0.0581413
1 0.0232465 0.0813655
0 0 0.0558365
0 0 0.0557009
1 0.0963439 0.150582
1 0.123141 0.175741
1 0.092124 0.1421
1 0.12349 0.172818
0 0 0.0462781
1 0.137521 0.179938
0 0 0.0422956
0 0 0.0412801
0 0 0.0410651
1 0.156763 0.197169
1 0.0780113 0.116949
0 0 0.037378
1 0.120426 0.15728
1 0.0353952 0.0720253
2 0.351043 0.385317
1 0.0321514 0.0658611
0 0 0.0318608
0 0 0.0318507
0 0 0.0317934
0 0 0.0304523
0 0 0.0289217
0 0 0.0287617
0 0 0.0282153
0 0 0.0277168
1 0.299286 0.32692
0 0 0.0267536
0 0 0.026333
1 0.124558 0.150476
0 0 0.025256
0 0 0.0244484
1 0.0377671 0.0617434
0 0 0.0231624
0 0 0.0226416
0 0 0.0219405
0 0 0.0214658
1 0.233365 0.254596
1 0.026714 0.0478367
1 0.0876506 0.108156
1 0.115935 0.135762
0 0 0.0198052
0 0 0.0192228
0 0 0.0190068
0 0 0.0185814
1 0.0998899 0.118426
0 0 0.0183387
1 0.117539 0.135692
0 0 0.0178672
0 0 0.0175998
0 0 0.0173618
1 0.0965641 0.113868
0 0 0.0172141
1 0.109901 0.127109
0 0 0.0169476
1 0.265182 0.282039
0 0 0.0164481
0 0 0.016392
1 0.224565 0.24035
0 0 0.0150269
0 0 0.0149834
0 0 0.0149151
0 0 0.0146593
1 0.152507 0.166909
2 0.179381 0.193057
0 0 0.0135332
0 0 0.0134974
1 0.0235759 0.0370553
0 0 0.0132794
0 0 0.0131242
1 0.0158635 0.02869
0 0 0.0128044
0 0 0.0127081
0 0 0.0126739
2 0.282646 0.295239
0 0 0.0125366
0 0 0.012362
0 0 0.012298
0 0 0.0122235
0 0 0.0120142
1 0.1085 0.120494
2 0.197464 0.209313
0 0 0.0113872
0 0 0.01138
0 0 0.0112219
0 0 0.0108299
0 0 0.0107371
2 0.102109 0.112811
1 0.0213413 0.031991
1 0.0898853 0.100193
0 0 0.0102895
0 0 0.0102642
1 0.338266 0.348499
0 0 0.0101816
0 0 0.0101279
0 0 0.00996834
0 0 0.00986907
0 0 0.00968061
1 0.0899244 0.0995588
0 0 0.00962398
2 0.176228 0.185793
1 0.0775674 0.0866764
0 0 0.00873273
0 0 0.00865861
2 0.205304 0.21391
1 0.0218412 0.030072
0 0 0.00806084
0 0 0.00788431
0 0 0.00783599
1 0.0317646 0.0395097
1 0.0117202 0.0194267
0 0 0.00747453
0 0 0.00742902
1 0.00798772 0.0154133
0 0 0.00737692
1 0.127641 0.134979
0 0 0.00731757
0 0 0.00725894
1 0.161387 0.168376
1 0.0349123 0.0418803
0 0 0.00688209
0 0 0.00680813
0 0 0.00675174
0 0 0.00656244
0 0 0.00652502
0 0 0.00652465
0 0 0.00652255
0 0 0.00650421
1 0.10432 0.11077
1 0.0368385 0.0432829
0 0 0.00635947
2 0.112854 0.119184
0 0 0.00630202
0 0 0.00628172
1 0.260572 0.266838
1 0.00930522 0.0154729
1 0.0517248 0.0578296
2 0.290855 0.296946
1 0.101227 0.107311
0 0 0.00600547
0 0 0.00596577
0 0 0.00594627
1 0.0331736 0.0390598
0 0 0.00587778
2 0.182574 0.188412
1 0.023073 0.0288322
1 0.246089 0.251818
0 0 0.00552629
0 0 0.00549192
1 0.514191 0.519621
0 0 0.00539504
2 0.130442 0.135756
1 0.30678 0.312037
1 0.048342 0.0535137
1 0.193657 0.198813
0 0 0.00514989
0 0 0.00508636
1 0.0259648 0.0309793
1 0.0351282 0.040053
0 0 0.00488948
1 0.0243878 0.0292725
1 0.107215 0.112098
1 0.0398024 0.0446165
0 0 0.00475951
0 0 0.00475155
1 0.0333612 0.0380283
1 0.0396542 0.0443073
0 0 0.00464796
0 0 0.00459689
0 0 0.00454322
1 0.0448097 0.0492909
1 0.0436994 0.0481709
2 0.105958 0.110421
2 0.239019 0.243479
1 0.110858 0.115235
0 0 0.00437163
2 0.292656 0.297024
0 0 0.00435995
1 0.0125348 0.0168618
0 0 0.00427938
0 0 0.00424315
1 0.0370833 0.0413019
1 0.0337028 0.0377082
0 0 0.00399717
0 0 0.00391336
0 0 0.00388778
1 0.0159985 0.0198739
0 0 0.00382531
1 0.0929094 0.0966909
0 0 0.00377419
0 0 0.00375866
0 0 0.00375224
0 0 0.00374627
0 0 0.00374027
1 0.0208374 0.0245736
1 0.0081858 0.0118722
0 0 0.00365097
1 0.105139 0.10879
1 0.0201763 0.0237896
0 0 0.00357977
0 0 0.00357718
0 0 0.00355981
0 0 0.00355692
0 0 0.00355516
0 0 0.00353262
0 0 0.00351003
0 0 0.00350067
0 0 0.00349416
1 0.101386 0.10488
1 0.0412309 0.0446829
0 0 0.00342186
0 0 0.0033923
1 0.012678 0.016027
0 0 0.0032655
0 0 0.00323697
0 0 0.00320641
0 0 0.00318961
0 0 0.0031813
0 0 0.00316647
0 0 0.00316167
1 0.09841 0.101568
0 0 0.00308752
0 0 0.00305776
0 0 0.00304721
1 0.0142497 0.0172822
0 0 0.00300958
0 0 0.00295959
1 0.0333994 0.0363565
2 0.0554868 0.058397
1 0.0398723 0.0427144
0 0 0.00282143
0 0 0.00281006
1 0.0361105 0.0389135
0 0 0.00280261
1 0.0526637 0.0554467
0 0 0.00277731
1 0.174652 0.177418
1 0.0475524 0.0503059
1 0.0321753 0.0349273
1 0.0170707 0.0198043
2 0.163205 0.165929
0 0 0.00267416
1 0.1486 0.151272
0 0 0.00265571
0 0 0.00263826
0 0 0.00261565
0 0 0.00259391
0 0 0.00254805
1 0.0287753 0.0313148
0 0 0.00251227
1 0.0168058 0.0193149
1 0.0445446 0.04701
2 0.0425035 0.0449647
1 0.0311036 0.0335254
1 0.12166 0.124039
1 0.178431 0.180805
0 0 0.00233248
0 0 0.00231031
0 0 0.00225692
0 0 0.00224204
1 0.399608 0.401828
1 0.0408095 0.0430045
1 0.060745 0.062926
2 0.106741 0.108916
2 0.0496874 0.0518354
1 0.0113967 0.0135286
0 0 0.00211523
1 0.0208069 0.0228769
2 0.1155 0.117555
0 0 0.00203569
2 0.0297416 0.0317532
0 0 0.00200083
1 0.0474013 0.0493927
1 0.147154 0.149145
0 0 0.00195009
1 0.012615 0.0145487
0 0 0.0019067
1 0.00842345 0.0102722
2 0.253306 0.255118
0 0 0.00180884
1 0.0145425 0.0163248
0 0 0.00171962
0 0 0.00170585
0 0 0.0017017
1 0.00737863 0.00905563
1 0.00396826 0.0056234
2 0.107755 0.109409
1 0.00409153 0.005729
1 0.0435456 0.045174
1 0.035812 0.0374243
1 0.0111093 0.0127169
0 0 0.00158029
0 0 0.00153914
0 0 0.00153439
1 0.178995 0.180517
1 0.0355253 0.037044
1 0.0110006 0.0124908
2 0.0807872 0.0822631
1 0.0607096 0.062165
1 0.0201991 0.0216396
2 0.0529322 0.0543689
1 0.0825885 0.0840117
0 0 0.00142213
0 0 0.00138534
1 0.00854157 0.00992648
0 0 0.00137937
0 0 0.00135379
1 0.144103 0.145397
2 0.0681932 0.0694835
0 0 0.00124472
1 0.0163757 0.0175824
1 0.0216931 0.0228948
1 0.0190155 0.0202156
1 0.00680074 0.00794478
0 0 0.0011437
0 0 0.00113096
1 0.014321 0.0154435
1 0.0394759 0.0405967
0 0 0.00111269
1 0.0267327 0.0278215
1 0.0228049 0.0238918
1 0.0169589 0.0180155
0 0 0.00105281
1 0.0156716 0.0167148
1 0.00381883 0.00485162
1 0.102417 0.10342
1 0.146276 0.147267
0 0 0.000983477
1 0.0106004 0.0115781
1 0.0133189 0.0142727
1 0.0504477 0.0513903
1 0.00439894 0.00532099
0 0 0.000917
1 0.0198083 0.02072
0 0 0.000909014
1 0.00484407 0.00573358
1 0.006797 0.00768081
1 0.00399573 0.00487942
1 0.0528407 0.0537174
1 0.0140334 0.0148693
2 0.0517029 0.0525171
1 0.0264123 0.0272037
2 0.11036 0.111144
1 0.00670223 0.00747016
2 0.101654 0.102418
2 0.121685 0.122446
1 0.0203725 0.021131
2 0.212463 0.213212
1 0.00933845 0.010085
1 0.0143777 0.0151216
2 0.0290143 0.029744
1 0.0533916 0.054121
1 0.0469763 0.0476899
1 0.0141672 0.0148802
2 0.0670195 0.0677315
1 0.00695343 0.00765869
0 0 0.000691754
0 0 0.00068582
1 0.0286464 0.0293306
1 0.0184442 0.0191223
1 0.0118043 0.0124703
1 0.00812819 0.00878732
1 0.0213291 0.0219757
1 0.0264384 0.0270765
2 0.180988 0.181609
1 0.0129384 0.0135497
2 0.0288396 0.0294396
1 0.0336814 0.0342593
1 0.0337143 0.0342896
1 0.00594527 0.00651086
1 0.0153783 0.0159409
1 0.00873708 0.00929954
1 0.00441181 0.00496501
1 0.00861815 0.00916972
1 0.00996623 0.0105051
2 0.0411466 0.0416795
2 0.102567 0.103076
0 0 0.000503221
1 0.00511899 0.00561213
1 0.0276283 0.0281206
1 0.0929545 0.0934407
1 0.0763172 0.0768026
1 0.0284676 0.028951
1 0.0480517 0.0485306
1 0.00500327 0.00547684
0 0 0.000465337
1 0.00493956 0.00539056
1 0.16838 0.16883
2 0.169092 0.169535
2 0.135939 0.136367
1 0.0108349 0.0112591
1 0.0077277 0.00814361
0 0 0.000412073
1 0.003696 0.00410077
2 0.0895257 0.0899218
0 0 0.000394045
2 0.00936418 0.00974906
1 0.0142081 0.0145766
1 0.0187472 0.0191125
1 0.0525388 0.0528953
1 0.0249464 0.025302
0 0 0.000340233
1 0.0188603 0.0191917
1 0.0191123 0.0194364
1 0.00741895 0.00773768
2 0.0459157 0.0462272
2 0.280195 0.280499
2 0.0231082 0.0233996
1 0.00252031 0.0028044
2 0.0384599 0.0387386
2 0.00940074 0.00967934
0 0 0.00027307
1 0.00441073 0.00468286
1 0.0140633 0.0143279
0 0 0.000263459
1 0.101578 0.101839
2 0.142042 0.142296
1 0.00868387 0.00892762
1 0.0279455 0.0281841
1 0.00159789 0.00183545
1 0.00265204 0.00288726
2 0.0493664 0.0496014
1 0.0201206 0.020354
1 0.0332389 0.0334694
2 0.103073 0.103299
1 0.00422297 0.00444759
1 0.0206679 0.0208924
1 0.0536989 0.0539222
2 0.218439 0.218658
1 0.0246854 0.0248968
2 0.203171 0.203381
1 0.01834 0.0185436
1 0.0423475 0.0425503
1 0.00934456 0.00954543
2 0.0456665 0.0458647
1 0.0120952 0.0122869
1 0.0309281 0.0311193
1 0.0966946 0.0968845
1 0.00681992 0.00699957
2 0.0436321 0.0438113
0 0 0.000176467
1 0.0117056 0.011864
2 0.203674 0.203831
1 0.0711076 0.071264
1 0.00339275 0.00354512
1 0.00584712 0.00599817
2 0.0164716 0.0166213
2 0.00806834 0.00821757
2 0.039848 0.0399781
1 0.0795927 0.0797217
2 0.0535942 0.0537204
1 0.135787 0.135913
1 0.00459115 0.00471582
1 0.00488072 0.00500448
1 0.00711575 0.0072277
1 0.0119363 0.0120477
1 0.0125746 0.0126853
2 0.111694 0.111804
1 0.00895349 0.00906087
1 0.0162644 0.0163627
1 0.12776 0.127854
2 0.135594 0.135685
2 0.0294693 0.0295591
1 0.210884 0.210974
1 0.0669019 0.0669906
1 0.0368476 0.0369326
2 0.034777 0.0348584
1 0.0238684 0.0239489
2 0.246892 0.246971
1 0.0369602 0.0370387
1 0.00451014 0.00458815
1 0.0189024 0.0189789
2 0.0358363 0.0359101
2 0.0425259 0.0425951
2 0.0742165 0.0742807
1 0.00174409 0.00180593
1 0.00952078 0.00957948
1 0.0337166 0.0337749
1 0.0444179 0.0444761
2 0.100091 0.100149
1 0.0603861 0.0604408
2 0.054825 0.054878
1 0.00851541 0.00856818
2 0.0349443 0.034997
1 0.00542149 0.00547383
1 0.0756821 0.0757339
2 0.0342937 0.0343447
1 0.0394387 0.0394893
2 0.0118882 0.0119386
1 0.0055287 0.00557819
2 0.0508658 0.0509125
1 0.162822 0.162866
2 0.110959 0.111001
0 0 4.1618e-05
1 0.0369597 0.0369986
1 0.0794557 0.0794927
1 0.000903212 0.000936201
1 0.0258069 0.0258369
2 0.0566215 0.0566513
1 0.0144699 0.014498
2 0.0753292 0.075357
1 0.00310735 0.00313462
2 0.02125 0.0212767
1 0.00222542 0.00225149
2 0.019335 0.0193609
1 0.0943308 0.0943546
2 0.0210517 0.0210741
2 0.0118891 0.0119115
1 0.0811081 0.0811301
1 0.00563998 0.00566039
1 0.0778482 0.0778682
1 0.0380219 0.0380413
2 0.180822 0.180841
1 0.0164978 0.0165166
1 0.00626358 0.00628065
1 0.00549978 0.00551663
1 0.0964191 0.0964345
1 0.00689991 0.00691527
1 0.0423356 0.0423506
2 0.0570177 0.057032
1 0.0404836 0.0404978
1 0.0391961 0.0392101
1 0.0348932 0.034906
2 0.00786558 0.00787795
1 0.00671064 0.00672226
2 0.356689 0.3567
2 0.201573 0.201584
2 0.135154 0.135164
2 0.220597 0.220606
1 0.0320657 0.0320749
2 0.0516913 0.0516982
1 0.0355443 0.0355512
1 0.114499 0.114504
2 0.0241377 0.0241423
1 0.16558 0.165583
1 0.00911648 0.0091196
2 0.0404982 0.0405012
1 0.0168327 0.0168355
2 0.0370632 0.0370658
2 0.0447589 0.0447613
2 0.0412227 0.0412249
1 0.021618 0.0216201
1 0.00443265 0.00443463
2 0.00294301 0.00294472
2 0.0353113 0.0353129
1 0.0178301 0.0178313
2 0.0196016 0.0196028
2 0.216027 0.216028
1 0.0516811 0.0516819
2 0.0261255 0.026126
1 0.00785695 0.00785741
1 0.0344306 0.034431
1 0.0312498 0.0312499
2 0.211028 0.211028
1 0.00166296 0.00166305
2 0.0163947 0.0163947
