0 0 inf
0 0 0.150839
0 0 0.143874
1 0.0613888 0.196196
1 0.157896 0.279038
0 0 0.0963439
0 0 0.091844
0 0 0.0876493
0 0 0.0845414
0 0 0.0778482
1 0.0787648 0.152232
1 0.0330369 0.103817
0 0 0.0690851
0 0 0.0629516
0 0 0.0605475
0 0 0.0594763
1 0.0416799 0.100963
0 0 0.0591422
0 0 0.0581413
0 0 0.0557009
1 0.123141 0.175741
1 0.238807 0.289438
1 0.092124 0.1421
1 0.12349 0.172818
0 0 0.0462781
0 0 0.0445086
1 0.0232465 0.0668492
1 0.137521 0.179938
0 0 0.0412801
0 0 0.0412309
0 0 0.0410651
1 0.0780113 0.116949
0 0 0.037378
1 0.120426 0.15728
1 0.0353952 0.0720253
1 0.158716 0.19461
2 0.351043 0.385317
0 0 0.0321514
0 0 0.0318608
0 0 0.0313582
0 0 0.030652
0 0 0.0304523
0 0 0.0287617
1 0.249421 0.277876
0 0 0.0282153
1 0.156763 0.184611
0 0 0.0277168
1 0.299286 0.32692
1 0.124558 0.150476
0 0 0.025256
0 0 0.0251149
0 0 0.0244484
1 0.0377671 0.0617434
0 0 0.0226416
0 0 0.0219405
0 0 0.0214658
1 0.0818317 0.103199
0 0 0.0208374
0 0 0.0201763
1 0.115935 0.135762
1 0.0530139 0.0724764
0 0 0.0192228
0 0 0.0190068
1 0.134007 0.152938
0 0 0.0185911
0 0 0.0185814
0 0 0.0183387
0 0 0.0181405
1 0.0600407 0.0781661
0 0 0.0175999
0 0 0.0175998
1 0.0965641 0.113868
1 0.109901 0.127109
0 0 0.0169476
1 0.0333612 0.0500224
0 0 0.016392
0 0 0.0158635
2 0.0971258 0.112811
0 0 0.0150269
0 0 0.0149834
0 0 0.0146593
1 0.0333994 0.0478367
1 0.152507 0.166909
2 0.179381 0.193057
0 0 0.0135332
0 0 0.0134974
1 0.0235759 0.0370553
0 0 0.0131242
0 0 0.0128044
0 0 0.0126739
0 0 0.0125366
1 0.0209708 0.0332798
0 0 0.012298
0 0 0.0122235
1 0.1085 0.120494
0 0 0.0113872
0 0 0.01138
0 0 0.0108299
1 0.0213413 0.031991
1 0.0898853 0.100193
0 0 0.0102895
0 0 0.0101816
1 0.135293 0.145397
0 0 0.00996834
0 0 0.00986907
0 0 0.00968061
1 0.0899244 0.0995588
0 0 0.00962398
2 0.176228 0.185793
1 0.0775674 0.0866764
0 0 0.00873273
0 0 0.00865861
1 0.0246439 0.0330694
0 0 0.0081858
0 0 0.00817866
0 0 0.00812492
1 0.0876506 0.0957669
0 0 0.00806084
0 0 0.0080353
1 0.00930522 0.0173243
0 0 0.00798772
2 0.282646 0.290556
0 0 0.00788431
0 0 0.00783599
0 0 0.00783354
1 0.0117202 0.0194267
0 0 0.00754707
0 0 0.00751336
1 0.0607096 0.0681932
0 0 0.00744557
0 0 0.00742902
0 0 0.00737692
0 0 0.00731757
0 0 0.00725894
1 0.0115082 0.0185529
1 0.161387 0.168376
1 0.0349123 0.0418803
0 0 0.00688209
0 0 0.0067577
1 0.0193985 0.0261159
0 0 0.00656244
0 0 0.00652502
0 0 0.00652255
0 0 0.00650421
1 0.10432 0.11077
1 0.0881946 0.0945936
0 0 0.00635947
2 0.270528 0.276871
0 0 0.00630202
0 0 0.00628172
1 0.260572 0.266838
1 0.0517248 0.0578296
2 0.290855 0.296946
0 0 0.00600547
0 0 0.00596577
1 0.0331736 0.0390598
0 0 0.00587778
2 0.182574 0.188412
1 0.248187 0.254015
0 0 0.00579016
1 0.023073 0.0288322
1 0.246089 0.251818
1 0.0621289 0.0677584
1 0.101227 0.106789
1 0.146276 0.151686
0 0 0.00539504
2 0.130442 0.135756
1 0.0107939 0.0160497
1 0.048342 0.0535137
0 0 0.00514989
0 0 0.00508636
1 0.0351282 0.040053
0 0 0.00488948
1 0.0243878 0.0292725
1 0.0218412 0.0266754
2 0.220597 0.225422
0 0 0.00475951
2 0.035069 0.039732
1 0.0396542 0.0443073
0 0 0.00464796
0 0 0.00459689
0 0 0.00454322
1 0.0448097 0.0492909
1 0.0436994 0.0481709
2 0.105958 0.110421
0 0 0.00443265
1 0.110858 0.115235
0 0 0.00437163
2 0.292656 0.297024
0 0 0.00435995
0 0 0.00427938
0 0 0.00424315
1 0.0713217 0.0755553
0 0 0.00420424
1 0.0337028 0.0377082
0 0 0.00400012
0 0 0.00399717
0 0 0.00399573
2 0.073923 0.0778781
0 0 0.00391336
1 0.038399 0.0422399
1 0.299733 0.303563
0 0 0.00382531
2 0.10879 0.112584
0 0 0.00375224
0 0 0.00374627
0 0 0.00374027
2 0.279062 0.282798
0 0 0.00365097
0 0 0.00357977
0 0 0.00357718
0 0 0.00355981
0 0 0.00355516
0 0 0.00353262
1 0.0118043 0.0153355
0 0 0.00351003
0 0 0.00350067
0 0 0.00349416
1 0.101386 0.10488
0 0 0.00347943
1 0.00844196 0.0118722
1 0.147154 0.150582
0 0 0.00342186
2 0.0510095 0.0544165
0 0 0.00337655
0 0 0.0032655
0 0 0.00324128
0 0 0.00323697
0 0 0.00320641
0 0 0.00318961
2 0.195999 0.199156
0 0 0.00310735
0 0 0.00308752
1 0.0407177 0.0437805
0 0 0.00305776
0 0 0.00304721
1 0.0142497 0.0172822
0 0 0.00300683
1 0.048601 0.0515801
0 0 0.00295959
1 0.0202321 0.0231023
1 0.19095 0.193808
1 0.0522112 0.0550691
0 0 0.00282143
0 0 0.00281869
0 0 0.00281006
1 0.0526637 0.0554467
0 0 0.00277731
1 0.0475524 0.0503059
1 0.0321753 0.0349273
0 0 0.00274476
1 0.112842 0.115583
1 0.0170707 0.0198043
1 0.1486 0.151272
0 0 0.00265571
0 0 0.00263826
1 0.0159985 0.0186181
0 0 0.00261565
0 0 0.00259391
1 0.265182 0.267772
0 0 0.00254805
0 0 0.00251227
1 0.0445446 0.04701
2 0.0425035 0.0449647
1 0.0269068 0.0293306
1 0.0311036 0.0335254
1 0.12166 0.124039
1 0.178431 0.180805
1 0.018619 0.0209791
0 0 0.00233248
0 0 0.00231031
1 0.105139 0.107397
0 0 0.00225692
0 0 0.00224204
1 0.399608 0.401828
1 0.060745 0.062926
2 0.106741 0.108916
0 0 0.00211523
0 0 0.00207845
1 0.0208069 0.0228769
0 0 0.00203569
2 0.0297416 0.0317532
0 0 0.00200086
0 0 0.00200083
1 0.0474013 0.0493927
0 0 0.00195009
1 0.012615 0.0145487
0 0 0.0019067
1 0.00842345 0.0102722
2 0.253306 0.255118
0 0 0.00180884
1 0.219081 0.220863
0 0 0.00176295
0 0 0.00171962
0 0 0.00170585
0 0 0.0017017
1 0.00737863 0.00905563
1 0.00355692 0.00523255
2 0.221406 0.223068
1 0.00396826 0.0056234
2 0.107755 0.109409
2 0.186445 0.188098
1 0.0435456 0.045174
1 0.0111093 0.0127169
0 0 0.00159789
0 0 0.00158029
0 0 0.00157183
1 0.178995 0.180517
1 0.0190165 0.0205183
1 0.0110006 0.0124908
2 0.0807872 0.0822631
0 0 0.00146132
1 0.0201991 0.0216396
1 0.0825885 0.0840117
0 0 0.00142213
1 0.00789486 0.00929578
2 0.197169 0.198567
1 0.0641474 0.0655408
0 0 0.00138534
0 0 0.00137937
1 0.111407 0.112748
1 0.215995 0.217314
1 0.144103 0.145392
1 0.0102072 0.0114731
1 0.16558 0.166843
0 0 0.00124472
0 0 0.00121151
1 0.0163757 0.0175824
1 0.062522 0.0637173
1 0.00680074 0.00794478
0 0 0.0011437
0 0 0.00114036
0 0 0.00113096
1 0.014321 0.0154435
1 0.0394759 0.0405967
1 0.0885605 0.0896802
0 0 0.00111269
1 0.0835464 0.0846558
1 0.0525519 0.0536608
1 0.0267327 0.0278215
1 0.0228049 0.0238918
0 0 0.00105281
1 0.0398723 0.0409098
1 0.00381883 0.00485162
0 0 0.00102215
2 0.103382 0.104385
1 0.102417 0.10342
0 0 0.000983477
1 0.0106004 0.0115781
1 0.0504477 0.0513903
2 0.0517181 0.0526587
0 0 0.000934306
1 0.0389021 0.0398266
1 0.00439894 0.00532099
1 0.0113967 0.0123186
1 0.0198083 0.02072
0 0 0.000909014
1 0.00484407 0.00573358
1 0.006797 0.00768081
2 0.279333 0.28016
1 0.00812819 0.00895488
2 0.0951581 0.0959699
1 0.0312744 0.032078
2 0.11036 0.111144
1 0.00670223 0.00747016
2 0.121685 0.122446
1 0.0203725 0.021131
1 0.00933845 0.010085
1 0.0143777 0.0151216
1 0.127641 0.128374
1 0.0533916 0.054121
2 0.148689 0.149406
1 0.00695343 0.00765869
0 0 0.000681461
1 0.0184442 0.0191223
2 0.284971 0.285648
1 0.0126245 0.0132897
1 0.0451138 0.0457765
2 0.0452534 0.045902
1 0.0213291 0.0219757
1 0.0264384 0.0270765
1 0.00861815 0.00924893
2 0.180988 0.181609
1 0.0129384 0.0135497
1 0.062259 0.0628652
1 0.0393875 0.0399818
2 0.270788 0.271368
1 0.0336814 0.0342593
1 0.0337143 0.0342896
1 0.00594527 0.00651086
1 0.00873708 0.00929954
1 0.0532716 0.0538277
1 0.01464 0.015196
1 0.00441181 0.00496501
0 0 0.000547589
1 0.00996623 0.0105051
2 0.159687 0.160214
2 0.195378 0.195891
1 0.242445 0.242953
0 0 0.000503221
1 0.0276283 0.0281206
1 0.0929545 0.0934407
1 0.0763172 0.0768026
1 0.0188603 0.019335
1 0.00500327 0.00547684
0 0 0.000465337
1 0.0031813 0.00363841
1 0.008142 0.00858346
2 0.0523588 0.0527891
2 0.135939 0.136367
1 0.0108349 0.0112591
1 0.0163565 0.0167802
1 0.0077277 0.00814361
0 0 0.000412073
1 0.003696 0.00410077
1 0.063096 0.0634917
0 0 0.000394045
2 0.00936418 0.00974906
2 0.0401253 0.0405097
1 0.0360437 0.0364221
1 0.00880748 0.00916972
1 0.0525388 0.0528953
1 0.0286464 0.0289905
1 0.174652 0.174996
0 0 0.000340233
2 0.0786646 0.0789982
1 0.00686528 0.00719352
1 0.0191123 0.0194364
1 0.00741895 0.00773768
2 0.0459157 0.0462272
1 0.0033923 0.00370085
2 0.280195 0.280499
2 0.218805 0.219098
2 0.0231082 0.0233996
1 0.0622938 0.062584
2 0.1155 0.115786
1 0.0292172 0.0295019
1 0.00252031 0.0028044
2 0.00940074 0.00967934
2 0.0570177 0.0572937
0 0 0.00027307
1 0.00441073 0.00468286
1 0.0153928 0.0156644
1 0.0711334 0.0714026
0 0 0.000263459
2 0.142042 0.142296
1 0.00868387 0.00892762
2 0.107311 0.107555
1 0.0108336 0.0110731
1 0.00265204 0.00288726
1 0.0237086 0.0239427
2 0.103073 0.103299
2 0.0505872 0.0508127
1 0.00422297 0.00444759
1 0.0206679 0.0208924
2 0.218439 0.218658
1 0.0246854 0.0248968
1 0.0167575 0.0169656
1 0.01834 0.0185436
1 0.00934456 0.00954543
1 0.0120952 0.0122869
1 0.0309281 0.0311193
2 0.0670103 0.0672007
1 0.0117056 0.0118882
1 0.00681992 0.00699957
1 0.00999673 0.0101752
0 0 0.000176467
2 0.0200075 0.0201689
1 0.0216931 0.0218526
1 0.0711076 0.071264
1 0.00339275 0.00354512
1 0.00860376 0.00875489
2 0.00806834 0.00821757
2 0.0535942 0.0537204
1 0.135787 0.135913
1 0.00459115 0.00471582
1 0.00488072 0.00500448
1 0.0901004 0.0902227
2 0.100837 0.100959
1 0.151525 0.151646
2 0.0228948 0.0230083
1 0.00711575 0.0072277
1 0.0119363 0.0120477
1 0.0125746 0.0126853
2 0.111694 0.111804
1 0.00895349 0.00906087
2 0.0403095 0.0404161
1 0.0149151 0.0150214
1 0.0162644 0.0163627
1 0.0159272 0.016025
2 0.135594 0.135685
2 0.0294693 0.0295591
1 0.0368476 0.0369326
1 0.0318507 0.0319344
2 0.034777 0.0348584
1 0.0238684 0.0239489
1 0.0369602 0.0370387
1 0.00451014 0.00458815
2 0.121175 0.121253
1 0.0121679 0.0122451
1 0.0189024 0.0189789
2 0.0358363 0.0359101
1 0.106517 0.106587
2 0.0742165 0.0742807
1 0.012362 0.0124253
1 0.00174409 0.00180593
1 0.00952078 0.00957948
1 0.0337166 0.0337749
1 0.0444179 0.0444761
1 0.0603861 0.0604408
2 0.054825 0.054878
2 0.0349443 0.034997
1 0.00542149 0.00547383
1 0.0756821 0.0757339
2 0.0342937 0.0343447
1 0.0055287 0.00557819
2 0.0538346 0.0538801
1 0.00711059 0.00715406
2 0.110959 0.111001
0 0 4.1618e-05
2 0.0200962 0.0201372
1 0.0221802 0.0222198
1 0.0369597 0.0369986
1 0.0184981 0.0185357
1 0.0794557 0.0794927
1 0.0637575 0.0637921
2 0.0250742 0.0251079
1 0.000903212 0.000936201
1 0.0319547 0.0319863
1 0.0258069 0.0258369
1 0.0713058 0.0713357
1 0.0144699 0.014498
1 0.00431185 0.00433964
2 0.02125 0.0212767
1 0.00222542 0.00225149
2 0.0537586 0.0537843
1 0.0943308 0.0943546
2 0.0118891 0.0119115
1 0.0811081 0.0811301
2 0.0320809 0.032102
1 0.00563998 0.00566039
1 0.0380219 0.0380413
2 0.180822 0.180841
1 0.0164978 0.0165166
1 0.00626358 0.00628065
1 0.00689991 0.00691527
1 0.0423356 0.0423506
1 0.0404836 0.0404978
1 0.0116991 0.0117122
2 0.147388 0.147401
1 0.0348932 0.034906
2 0.00786558 0.00787795
1 0.00671064 0.00672226
2 0.356689 0.3567
2 0.0895257 0.0895361
1 0.0320657 0.0320749
2 0.0275069 0.0275155
1 0.0239357 0.0239435
1 0.0159864 0.015994
1 0.0355443 0.0355512
1 0.0410298 0.0410354
1 0.114499 0.114504
2 0.0241377 0.0241423
1 0.0636065 0.0636094
1 0.0168327 0.0168355
2 0.221682 0.221685
2 0.0370632 0.0370658
2 0.0447589 0.0447613
2 0.036682 0.0366844
1 0.00375866 0.00376087
1 0.021618 0.0216201
1 0.00911648 0.00911829
2 0.00294301 0.00294472
2 0.0353113 0.0353129
2 0.0657774 0.0657788
1 0.0178301 0.0178313
2 0.0196016 0.0196028
1 0.0516811 0.0516819
1 0.0125348 0.0125354
2 0.116215 0.116215
2 0.0261255 0.026126
1 0.00785695 0.00785741
1 0.0344306 0.034431
2 0.0295489 0.0295493
1 0.0312498 0.0312499
1 0.00166296 0.00166305
2 0.0163947 0.0163947
