0 0 inf
0 0 0.285498
0 0 0.243048
1 0.0973963 0.229331
0 0 0.120428
1 0.209533 0.328015
1 0.0859869 0.200362
1 0.106332 0.218704
0 0 0.108111
1 0.29309 0.396948
0 0 0.0990243
0 0 0.0887252
1 0.0859566 0.173784
0 0 0.0792661
0 0 0.0756033
0 0 0.070459
0 0 0.0666988
0 0 0.0648008
0 0 0.0630332
0 0 0.0567173
1 0.276978 0.332295
0 0 0.0501828
1 0.0200173 0.0691397
0 0 0.0482981
0 0 0.0476379
0 0 0.0460417
1 0.0469633 0.0909848
0 0 0.0432581
0 0 0.042236
0 0 0.0416001
1 0.0481628 0.089271
1 0.0500137 0.0887964
0 0 0.0378595
0 0 0.0376705
0 0 0.0355081
0 0 0.035176
0 0 0.0334744
0 0 0.0316578
1 0.0408509 0.0700884
0 0 0.0286288
0 0 0.0279029
0 0 0.0267592
2 0.42451 0.451157
0 0 0.025957
0 0 0.0259315
0 0 0.0258219
1 0.0707865 0.0961669
1 0.0966279 0.121505
1 0.0368699 0.0615058
0 0 0.0245698
1 0.0290046 0.0527392
0 0 0.023462
0 0 0.0233775
0 0 0.02274
0 0 0.0226927
1 0.0390967 0.0612486
0 0 0.021382
1 0.0655106 0.085405
0 0 0.0194791
1 0.325896 0.345234
1 0.0486926 0.0678475
0 0 0.0188885
0 0 0.0185817
0 0 0.0185408
1 0.0174085 0.0356053
0 0 0.018067
0 0 0.0177587
0 0 0.0176129
1 0.0399562 0.056773
1 0.0117977 0.0282711
0 0 0.0163854
0 0 0.0161332
1 0.141341 0.157236
0 0 0.0154547
1 0.0503016 0.0656916
1 0.116344 0.131197
0 0 0.0147532
0 0 0.0147382
0 0 0.0146522
0 0 0.0146208
2 0.0821462 0.0958726
0 0 0.013723
1 0.0649736 0.0784025
0 0 0.0132393
1 0.314187 0.327382
0 0 0.0131728
2 0.255711 0.268517
0 0 0.0126557
0 0 0.0125936
0 0 0.0124375
0 0 0.0123291
0 0 0.0122232
1 0.0842882 0.0964241
0 0 0.0120767
0 0 0.0120196
0 0 0.0119369
0 0 0.0118965
0 0 0.0118304
0 0 0.0114954
1 0.0759893 0.087322
1 0.115557 0.126721
0 0 0.0110769
1 0.0253609 0.0363625
0 0 0.0109446
0 0 0.0106888
0 0 0.0104996
0 0 0.0104484
0 0 0.0104437
0 0 0.01038
0 0 0.0102375
1 0.0266713 0.0368819
0 0 0.0101667
1 0.0913055 0.101471
1 0.0871436 0.0966874
1 0.513567 0.522884
0 0 0.00917462
0 0 0.00892457
0 0 0.00886163
0 0 0.00883528
1 0.019677 0.0284975
0 0 0.00876319
2 0.219536 0.228243
1 0.0921263 0.100596
1 0.0571735 0.0654349
1 0.074303 0.082546
0 0 0.0081315
0 0 0.00807634
0 0 0.0080229
1 0.0102391 0.0181515
1 0.0155114 0.0232812
0 0 0.00775804
1 0.161326 0.169054
2 0.102047 0.109704
2 0.128399 0.136046
0 0 0.00760775
1 0.0150297 0.0226195
1 0.291495 0.299083
1 0.0402907 0.0478607
0 0 0.00743009
2 0.0971883 0.104397
0 0 0.00710906
1 0.384751 0.391858
1 0.0386679 0.0456499
0 0 0.00693884
0 0 0.00692016
0 0 0.00689904
0 0 0.00689374
0 0 0.00688148
1 0.0490767 0.0558949
0 0 0.0067889
0 0 0.00676458
0 0 0.00676445
1 0.0469864 0.0537089
1 0.022366 0.0290612
1 0.0680517 0.0746953
0 0 0.00656179
0 0 0.0065511
0 0 0.00654837
0 0 0.00631036
0 0 0.00628313
1 0.226793 0.233055
0 0 0.00620413
2 0.251631 0.25767
0 0 0.00596457
0 0 0.00592648
1 0.0905164 0.0964129
1 0.0290257 0.034898
0 0 0.00581853
0 0 0.00579157
0 0 0.00572119
0 0 0.00568122
1 0.0292872 0.0348333
1 0.0286494 0.0341906
1 0.0530223 0.0585146
1 0.0724149 0.0778878
0 0 0.00543096
0 0 0.00540645
0 0 0.00538903
0 0 0.00538321
0 0 0.00535103
0 0 0.00532966
0 0 0.00531095
0 0 0.00525493
0 0 0.00524946
0 0 0.00520412
0 0 0.00513448
0 0 0.00510143
1 0.0277294 0.0327924
0 0 0.00504167
1 0.150024 0.155027
1 0.0380743 0.0430254
2 0.0728168 0.0777135
0 0 0.00488575
0 0 0.0048657
0 0 0.00480155
1 0.0422746 0.047002
1 0.0283508 0.0330632
1 0.0260475 0.0306338
0 0 0.00452796
1 0.0161565 0.0206275
1 0.0877718 0.0922326
1 0.0852851 0.0897332
1 0.273574 0.277994
0 0 0.0043758
1 0.202035 0.206307
0 0 0.00424948
1 0.0572488 0.0614881
0 0 0.00422679
0 0 0.00415638
1 0.0298498 0.0339872
1 0.0675829 0.0716919
2 0.113051 0.117075
0 0 0.00402128
0 0 0.00395619
2 0.102855 0.106775
1 0.0469373 0.0508492
0 0 0.00386606
2 0.217486 0.221347
1 0.0229032 0.0267321
0 0 0.00381154
2 0.0917773 0.0955509
1 0.0159029 0.0196124
0 0 0.00370393
0 0 0.00367499
0 0 0.0036724
2 0.0328112 0.0362361
1 0.00680774 0.0102131
1 0.0121328 0.015519
0 0 0.00335687
0 0 0.00332262
0 0 0.00328497
1 0.0656496 0.0688909
0 0 0.0032376
0 0 0.00322998
0 0 0.00321385
1 0.0492118 0.0524252
1 0.0300708 0.033263
1 0.188686 0.191856
1 0.176743 0.179913
0 0 0.00316594
0 0 0.00316569
0 0 0.00316543
1 0.0396869 0.0428427
1 0.351933 0.355034
2 0.0572018 0.0602662
0 0 0.00303887
2 0.0442026 0.0471954
0 0 0.00297694
1 0.0266258 0.0295955
0 0 0.00288819
0 0 0.00288486
2 0.356792 0.359568
1 0.0531885 0.0559361
2 0.104332 0.107036
1 0.0167581 0.0194582
0 0 0.00262572
1 0.0175271 0.0201245
1 0.00680336 0.00937502
1 0.0674762 0.0700422
1 0.0188672 0.0214325
1 0.0280253 0.0305853
1 0.128522 0.131078
2 0.235866 0.238412
1 0.0627509 0.065259
0 0 0.00247965
1 0.0681851 0.0706268
0 0 0.00238171
1 0.0165324 0.0188884
1 0.15701 0.159347
1 0.0289799 0.0313024
2 0.0994888 0.101811
1 0.0140135 0.0163043
0 0 0.00228571
2 0.426686 0.428959
1 0.0505616 0.0528246
0 0 0.0022325
0 0 0.00221484
2 0.101109 0.103303
1 0.101004 0.103185
0 0 0.00217976
1 0.0293268 0.0315038
1 0.00885463 0.0109839
1 0.0182159 0.0203295
1 0.040783 0.0428934
1 0.0526792 0.0547816
0 0 0.0020892
1 0.0264744 0.0285572
2 0.100287 0.102325
1 0.0909987 0.0930159
1 0.029062 0.0310663
1 0.119925 0.121928
0 0 0.00199315
0 0 0.00199129
0 0 0.00197844
0 0 0.00191583
2 0.102945 0.10486
1 0.0944152 0.0963278
0 0 0.0019011
1 0.0656926 0.0675775
0 0 0.00186394
0 0 0.00185727
0 0 0.00184399
1 0.01179 0.0136316
1 0.0394584 0.0412918
1 0.0193806 0.0211983
1 0.00924168 0.0110591
1 0.186107 0.187908
1 0.28857 0.29033
0 0 0.00175487
1 0.0913686 0.093107
0 0 0.00169511
0 0 0.00166391
1 0.0275738 0.0292348
0 0 0.00165243
2 0.213512 0.215163
1 0.0670579 0.0686924
1 0.0162743 0.0178941
0 0 0.00158386
0 0 0.00158197
1 0.378472 0.380021
1 0.0371175 0.0386384
2 0.0296048 0.0311072
1 0.0919577 0.0933981
0 0 0.00143374
0 0 0.00143279
1 0.0210672 0.0224918
2 0.0362887 0.037707
1 0.0124442 0.013862
0 0 0.00137596
0 0 0.00136865
1 0.00740539 0.0087725
1 0.159851 0.161211
2 0.195163 0.196519
0 0 0.00133258
1 0.00804235 0.00936264
1 0.0637752 0.0650737
1 0.00944193 0.0107161
2 0.315957 0.317197
1 0.0581598 0.0593747
0 0 0.0012091
1 0.0166682 0.0178711
1 0.0520732 0.0532688
1 0.0412211 0.0424167
0 0 0.00119475
1 0.108468 0.10966
1 0.124818 0.126003
0 0 0.00118211
2 0.0875839 0.0887405
1 0.0612716 0.0624268
1 0.0727451 0.0738903
1 0.0175827 0.0187182
0 0 0.00109552
0 0 0.00107069
1 0.0292811 0.0303304
1 0.00309831 0.00414442
1 0.00879475 0.00980985
0 0 0.0010117
1 0.0137945 0.014805
1 0.0254662 0.0264733
1 0.0274798 0.028483
1 0.0146509 0.0156469
1 0.0454785 0.0464691
1 0.0124796 0.0134682
1 0.013511 0.0144952
0 0 0.000972904
2 0.0613291 0.0623004
2 0.047781 0.048744
2 0.197447 0.198404
0 0 0.000955611
0 0 0.000949004
1 0.0189451 0.0198777
2 0.0388897 0.0398215
0 0 0.000931575
1 0.0893486 0.0902419
1 0.00891144 0.00979155
1 0.0142903 0.0151668
0 0 0.000874927
0 0 0.000868317
1 0.00342017 0.00427811
1 0.014151 0.0150056
0 0 0.000828247
2 0.0680824 0.0689067
1 0.0527377 0.0535615
1 0.194307 0.195111
0 0 0.000792675
1 0.079322 0.0801135
1 0.212283 0.213069
2 0.0972369 0.0979754
0 0 0.00073052
2 0.0448143 0.0455184
1 0.0129708 0.0136733
2 0.406623 0.407308
0 0 0.000680119
1 0.0510029 0.0516425
1 0.00433494 0.00497065
1 0.0400518 0.0406839
1 0.0226667 0.0232866
1 0.0152187 0.0158154
2 0.393225 0.39381
1 0.0113895 0.0119715
1 0.0184158 0.0189889
1 0.0205422 0.0211122
2 0.0214612 0.0220311
1 0.029966 0.0305333
1 0.0020644 0.00263124
1 0.0233993 0.023963
1 0.0173385 0.0179012
1 0.0237197 0.0242818
1 0.0184266 0.0189868
2 0.0204624 0.0210186
1 0.00368278 0.00423328
0 0 0.000539213
1 0.00375441 0.0042889
1 0.00679144 0.00732466
0 0 0.000521742
0 0 0.000515559
1 0.0271997 0.027698
1 0.00237574 0.00286298
2 0.102348 0.102825
1 0.00323172 0.00370157
1 0.00620482 0.00666071
1 0.0483691 0.0488071
1 0.0218874 0.0223169
1 0.10863 0.109053
1 0.0471971 0.0476075
0 0 0.000408252
1 0.00625477 0.00665788
2 0.0704392 0.0708342
1 0.0121801 0.0125738
1 0.3912 0.39159
2 0.0621695 0.0625588
1 0.0262401 0.0266233
1 0.0197089 0.0200889
1 0.0369647 0.0373439
1 0.0292158 0.0295926
2 0.0712454 0.071619
2 0.195854 0.196227
1 0.00159095 0.00195945
1 0.0183368 0.0187052
1 0.00808228 0.00845021
1 0.00731024 0.00767076
1 0.0446952 0.0450498
1 0.0296111 0.0299651
1 0.0328315 0.0331778
1 0.00439276 0.00473655
0 0 0.000343192
2 0.0911784 0.0915214
0 0 0.000341507
2 0.362094 0.362435
1 0.00257683 0.00291162
1 0.00956436 0.00989611
2 0.0708052 0.0711366
1 0.00131599 0.00164338
1 0.00769681 0.00801786
2 0.0103575 0.0106775
1 0.0205231 0.0208423
1 0.0276695 0.0279863
2 0.116724 0.117032
1 0.0436146 0.0439219
1 0.0186207 0.0189132
1 0.0100062 0.0102983
1 0.00401906 0.00430357
2 0.0624632 0.0627456
1 0.0603729 0.0606536
1 0.00264073 0.00292068
1 0.0334543 0.0337339
1 0.0278543 0.0281278
2 0.0778186 0.0780863
2 0.0834739 0.0837391
1 0.0964177 0.0966799
1 0.0252113 0.0254713
1 0.00983077 0.0100893
2 0.019578 0.0198286
1 0.00290048 0.00314436
2 0.0766989 0.0769395
1 0.0867044 0.0869419
1 0.190873 0.191107
1 0.0297711 0.0300046
1 0.0560706 0.0562968
1 0.0034461 0.00366735
2 0.0174831 0.0177038
2 0.031969 0.0321833
1 0.00326239 0.00347328
1 0.0199392 0.0201451
1 0.0621067 0.0623027
2 0.00433047 0.00452533
2 0.0667153 0.0669035
2 0.0238295 0.0240157
1 0.0246132 0.0247932
1 0.0043994 0.00457293
2 0.0954245 0.0955963
1 0.00342295 0.00359162
2 0.0945827 0.09475
1 0.00113875 0.00130497
1 0.0644159 0.0645807
2 0.0221654 0.0223296
2 0.0768133 0.0769712
1 0.0709628 0.0711184
1 0.0452637 0.0454159
2 0.0411081 0.0412589
2 0.0244098 0.0245592
2 0.0302127 0.0303558
1 0.0212184 0.0213599
1 0.0902023 0.0903427
1 0.00405175 0.00418976
2 0.241456 0.241594
2 0.0628365 0.0629706
1 0.00678833 0.0069203
1 0.0296526 0.0297788
0 0 0.000124932
1 0.019075 0.0191969
1 0.0234315 0.0235514
1 0.00205063 0.00216837
1 0.00617491 0.00629224
1 0.00730055 0.00741467
1 0.0220793 0.0221868
1 0.00764993 0.00775478
1 0.0149157 0.0150167
1 0.00217426 0.00227492
1 0.0104311 0.0105289
2 0.0374608 0.0375566
2 0.00397645 0.00406766
1 0.0403513 0.0404419
2 0.0871179 0.0872027
1 0.0173913 0.0174728
1 0.00636282 0.00643981
1 0.00771441 0.00778786
1 0.0384785 0.0385499
1 0.00262156 0.00269284
1 0.00565172 0.0057197
1 0.0117464 0.0118137
2 0.0923952 0.0924623
1 0.00699693 0.00706293
1 0.336762 0.336827
1 0.108568 0.108634
1 0.0307851 0.0308494
1 0.0410678 0.0411316
1 0.0298429 0.0299065
2 0.0602651 0.0603272
1 0.0570136 0.0570713
1 0.055548 0.055604
1 0.0090976 0.00915221
1 0.0306341 0.0306856
1 0.0295447 0.0295959
1 0.0199929 0.0200437
1 0.0120783 0.0121286
1 0.0110357 0.0110854
1 0.0300783 0.0301247
2 0.0762313 0.0762774
2 0.0682171 0.0682624
2 0.0713967 0.071441
1 0.015279 0.0153229
1 0.0148421 0.014885
2 0.011305 0.0113463
2 0.0299442 0.029985
1 0.00452188 0.00456115
2 0.0372208 0.0372599
1 0.0474463 0.0474841
1 0.00701862 0.00705562
1 0.069649 0.0696848
1 0.0422153 0.0422497
2 0.00916217 0.00919598
2 0.128143 0.128176
2 0.0105057 0.0105375
2 0.0121136 0.012145
2 0.132184 0.132215
1 0.131971 0.132002
1 0.0398201 0.0398504
1 0.00176503 0.00179523
1 0.0218661 0.0218946
1 0.109192 0.109221
1 0.278379 0.278406
2 0.0217292 0.0217561
0 0 2.50364e-05
1 0.00864022 0.00866511
2 0.0592047 0.0592295
2 0.0311085 0.0311327
1 0.0148401 0.0148641
1 0.0409748 0.0409986
2 0.0156974 0.0157198
2 0.055976 0.0559982
2 0.0729374 0.0729593
1 0.0586817 0.0587019
2 0.13538 0.135398
1 0.0516691 0.0516845
2 0.026631 0.0266461
1 0.045129 0.0451437
2 0.0312605 0.031275
2 0.136022 0.136035
1 0.00367481 0.00368797
1 0.0604303 0.0604427
1 0.0484148 0.0484263
2 0.0955161 0.0955253
2 0.0962169 0.0962247
1 0.0121966 0.0122039
2 0.0472782 0.0472845
1 0.0364758 0.0364821
1 0.00690435 0.00691061
1 0.0841492 0.0841546
2 0.0612281 0.0612328
1 0.0760833 0.0760878
2 0.00378791 0.00379235
1 0.0123848 0.0123892
1 0.0426538 0.0426582
1 0.027052 0.0270561
2 0.00238908 0.00239277
1 0.0078338 0.00783722
2 0.0758199 0.0758233
1 0.0342508 0.034254
2 0.191115 0.191118
2 0.056412 0.0564141
1 0.00606422 0.00606618
1 0.0133781 0.01338
1 0.049343 0.0493447
2 0.0442847 0.0442864
1 0.00269725 0.00269887
1 0.0670241 0.0670256
2 0.0478957 0.0478971
1 0.0513086 0.0513099
1 0.009022 0.00902311
1 0.0114227 0.0114235
2 0.196511 0.196512
1 0.0137121 0.0137124
1 0.0181819 0.0181821
1 0.0598154 0.0598155
1 0.0257154 0.0257155
2 0.113702 0.113702
2 0.00804709 0.00804711
