0 0 inf
0 0 0.123417
1 0.0958409 0.17446
0 0 0.0772402
0 0 0.0731527
0 0 0.0716213
1 0.0391858 0.11035
0 0 0.0658224
1 0.0164225 0.0732718
0 0 0.0562009
1 0.0394715 0.0879766
0 0 0.046129
1 0.0475898 0.0911717
1 0.0317863 0.0748302
0 0 0.042019
0 0 0.0404867
0 0 0.0392422
1 0.128378 0.165993
0 0 0.0371909
0 0 0.0364366
0 0 0.0360121
1 0.0777034 0.113344
0 0 0.0354695
0 0 0.0353562
0 0 0.0315379
1 0.0639513 0.0954192
0 0 0.0303087
0 0 0.0300687
1 0.0506562 0.0805747
0 0 0.0295613
1 0.230482 0.259009
0 0 0.0282973
0 0 0.0278054
0 0 0.02762
0 0 0.0274396
0 0 0.0266253
0 0 0.0262674
0 0 0.0255337
0 0 0.025504
0 0 0.0250102
1 0.0401047 0.0651061
0 0 0.0249347
0 0 0.0240832
1 0.0435846 0.0666659
0 0 0.0229031
0 0 0.0226233
0 0 0.0224451
1 0.0426163 0.0647866
0 0 0.0218812
0 0 0.02175
0 0 0.0210132
1 0.0860216 0.106987
0 0 0.0209088
0 0 0.0204252
0 0 0.020362
0 0 0.0202747
0 0 0.0201262
0 0 0.0201196
0 0 0.0197563
1 0.0235487 0.0429707
0 0 0.0192446
0 0 0.0190753
1 0.0567811 0.0754693
0 0 0.0186591
1 0.0359444 0.0545535
1 0.015449 0.033839
1 0.0175907 0.0359428
1 0.132246 0.150479
0 0 0.0177223
0 0 0.0174836
1 0.0396408 0.056891
0 0 0.0168818
0 0 0.0165972
1 0.0562761 0.0728124
0 0 0.0162643
0 0 0.0159298
0 0 0.015847
0 0 0.0157652
1 0.0813172 0.097065
0 0 0.0154505
0 0 0.0150923
0 0 0.0150856
0 0 0.0146897
0 0 0.0143365
0 0 0.0140014
1 0.0400814 0.0540195
1 0.055656 0.0690245
1 0.0659208 0.0792644
1 0.0157487 0.0288905
0 0 0.0131385
0 0 0.0130486
1 0.0135503 0.0265688
0 0 0.0129566
2 0.189024 0.201939
0 0 0.0128802
0 0 0.0126522
1 0.152801 0.165318
1 0.0703692 0.0821905
1 0.146448 0.158116
0 0 0.0114518
0 0 0.0114442
0 0 0.0113889
0 0 0.0112718
0 0 0.0111882
0 0 0.0111338
1 0.0810254 0.0920908
0 0 0.0109857
1 0.029019 0.0400046
1 0.0164524 0.0272654
0 0 0.0107528
1 0.229195 0.239944
0 0 0.0107144
0 0 0.0105996
0 0 0.0104378
1 0.155813 0.166189
1 0.0131534 0.0234101
0 0 0.0101884
0 0 0.00992585
0 0 0.00978155
0 0 0.00961576
0 0 0.00947003
0 0 0.00943597
1 0.0170678 0.0264656
0 0 0.00938685
0 0 0.00927942
0 0 0.00924012
0 0 0.00912743
0 0 0.0091109
1 0.0303746 0.0393038
0 0 0.00872883
1 0.0307474 0.0393225
0 0 0.00853823
1 0.00979417 0.0183103
0 0 0.00837328
0 0 0.0083098
0 0 0.0083068
0 0 0.00825754
0 0 0.00797346
0 0 0.00779866
0 0 0.0076846
0 0 0.00765182
0 0 0.00758746
0 0 0.00741131
1 0.0302823 0.0376834
0 0 0.00711241
0 0 0.00696608
0 0 0.00691217
0 0 0.00684356
0 0 0.0068279
1 0.0116542 0.0182116
1 0.0303775 0.036798
2 0.153155 0.159429
1 0.0293716 0.0355992
1 0.039657 0.04584
0 0 0.00617096
0 0 0.00590117
2 0.0950382 0.100939
1 0.0859683 0.0918582
1 0.118489 0.124278
0 0 0.00570982
0 0 0.00568632
1 0.0287404 0.0343239
1 0.0857327 0.091307
1 0.0247252 0.0302739
1 0.230014 0.235552
1 0.0112572 0.0167543
0 0 0.00548239
0 0 0.0054712
0 0 0.00545893
1 0.0237159 0.0291557
1 0.0731062 0.0784751
0 0 0.00535674
0 0 0.00534371
0 0 0.00530132
0 0 0.00528248
1 0.01471 0.0199562
2 0.190247 0.195398
0 0 0.0051359
0 0 0.00513537
0 0 0.00504077
1 0.157015 0.16205
0 0 0.00500037
2 0.111977 0.116944
1 0.0540891 0.0590459
0 0 0.00482128
0 0 0.00480694
0 0 0.00480351
2 0.0987255 0.103529
0 0 0.00476592
1 0.124738 0.129461
1 0.0199751 0.0246969
0 0 0.00469514
0 0 0.00466664
1 0.103607 0.108232
1 0.0265215 0.0311404
1 0.0818998 0.086517
0 0 0.00458191
2 0.23635 0.240926
0 0 0.00455954
1 0.0782458 0.0828042
1 0.00530814 0.00984213
1 0.0240767 0.0286009
1 0.0554338 0.0599244
0 0 0.00440849
1 0.0963581 0.10075
2 0.24175 0.246081
0 0 0.00432409
0 0 0.00431333
1 0.0218707 0.0261413
0 0 0.00424588
0 0 0.0041814
0 0 0.00411192
0 0 0.00403646
0 0 0.00400271
0 0 0.00390572
1 0.02619 0.0300871
1 0.0878812 0.0917733
0 0 0.00387015
0 0 0.00386081
2 0.0368295 0.0406562
0 0 0.00382501
0 0 0.00377115
0 0 0.00374408
0 0 0.00374078
1 0.0133465 0.0170359
1 0.111828 0.115508
1 0.0116035 0.0152204
1 0.0234585 0.0270671
1 0.019833 0.0233985
1 0.0726392 0.0761671
1 0.0503362 0.0538588
1 0.0164695 0.0199735
1 0.0120753 0.0155779
1 0.0512454 0.0547038
0 0 0.00345405
1 0.19462 0.198058
0 0 0.00342833
0 0 0.00341982
0 0 0.0033464
1 0.117808 0.121088
1 0.0545788 0.0578541
1 0.0161747 0.019445
1 0.0191202 0.0223698
1 0.0424053 0.0456506
0 0 0.00323066
1 0.0143816 0.0176107
0 0 0.00322884
0 0 0.00320189
2 0.0747721 0.077929
1 0.0104962 0.013605
1 0.0127543 0.0158424
1 0.02692 0.0300059
1 0.148961 0.152023
2 0.0367067 0.0397642
2 0.107173 0.110198
1 0.0338338 0.0368265
2 0.020785 0.0237392
2 0.114757 0.117703
1 0.0214387 0.0243796
1 0.0369256 0.0398427
0 0 0.00287134
1 0.0380115 0.0408246
0 0 0.00279774
0 0 0.00279634
1 0.0172402 0.0199246
0 0 0.00267835
1 0.0432481 0.0459077
1 0.00978916 0.0124484
0 0 0.00265015
1 0.0212796 0.0239077
1 0.0359871 0.0385541
1 0.100254 0.102802
1 0.13435 0.13689
1 0.0115968 0.0141262
0 0 0.00252202
0 0 0.00252155
2 0.0417761 0.0442865
0 0 0.00250461
1 0.0147971 0.0172951
1 0.0306868 0.0331066
0 0 0.0024157
1 0.0699717 0.0723662
0 0 0.00238903
2 0.0298758 0.0322527
1 0.0141071 0.0164743
0 0 0.00236413
1 0.108378 0.110735
1 0.057507 0.0598626
2 0.0309948 0.033312
1 0.0352644 0.0375265
0 0 0.00226123
1 0.0201629 0.0224055
0 0 0.00223517
1 0.0352796 0.0375008
1 0.0128371 0.0150336
1 0.0129279 0.0151119
2 0.195981 0.198133
1 0.00645654 0.0085876
1 0.105222 0.10735
0 0 0.00212653
0 0 0.00211641
0 0 0.00211107
0 0 0.00207092
0 0 0.00206668
2 0.0632965 0.0653563
1 0.0534079 0.0554627
0 0 0.00203764
0 0 0.00202961
1 0.0286648 0.0306681
1 0.0776045 0.0795973
0 0 0.00199054
1 0.155325 0.157272
1 0.0924609 0.0943696
1 0.0207014 0.0225582
0 0 0.00184994
1 0.134195 0.135975
2 0.104446 0.106218
1 0.0889011 0.090668
2 0.170486 0.172252
1 0.009922 0.0116851
0 0 0.00176308
0 0 0.00175664
1 0.057913 0.0596661
0 0 0.00174774
1 0.0431829 0.0449178
0 0 0.00171972
1 0.045094 0.0468011
0 0 0.00169951
0 0 0.00169017
1 0.0183904 0.0200793
1 0.0308251 0.0324862
1 0.0108259 0.0124369
1 0.0800224 0.0815849
1 0.0241633 0.0257157
0 0 0.0015451
2 0.037779 0.0393235
1 0.00300908 0.00454638
0 0 0.0015364
1 0.0994213 0.100955
1 0.0122319 0.0137454
1 0.0274503 0.028961
1 0.024598 0.0261075
2 0.065779 0.0672639
1 0.00552009 0.00696986
1 0.033497 0.0349449
1 0.0190868 0.0205291
1 0.0192148 0.020651
1 0.0256403 0.0269861
2 0.0604344 0.0617681
1 0.0380737 0.0394001
1 0.0196133 0.0209106
1 0.0102578 0.0114603
0 0 0.00118161
1 0.0122658 0.0134395
2 0.101996 0.103166
0 0 0.00116394
0 0 0.00113252
1 0.0119213 0.0130446
0 0 0.00111902
1 0.145866 0.146975
1 0.00613985 0.00724251
1 0.0211034 0.022198
1 0.0252678 0.0263573
2 0.0163494 0.0174341
1 0.0956029 0.0966865
0 0 0.00106832
1 0.0595709 0.0606172
0 0 0.00102233
1 0.0144779 0.0154773
1 0.00568276 0.00666245
0 0 0.000979315
2 0.109952 0.110928
2 0.132767 0.133729
1 0.0343787 0.0353246
1 0.00404336 0.0049873
2 0.122175 0.123097
1 0.00826164 0.00915632
1 0.159467 0.160355
1 0.0070445 0.00790937
0 0 0.000858767
1 0.00688387 0.00773813
2 0.0929035 0.0937549
1 0.0286208 0.0294678
1 0.0371249 0.0379591
1 0.0324736 0.0333067
1 0.0166284 0.0174545
0 0 0.000815446
2 0.180039 0.180852
1 0.0180675 0.0188772
2 0.169996 0.170801
1 0.0323028 0.0330965
1 0.0107746 0.0115672
1 0.00593755 0.00671531
1 0.00731698 0.00807685
1 0.0167141 0.0174692
1 0.00904249 0.0097905
1 0.144164 0.144907
1 0.0491177 0.049855
2 0.0600173 0.0607395
1 0.0116546 0.0123738
1 0.0248904 0.0256086
1 0.00806276 0.00877354
1 0.00925119 0.00996109
1 0.0466306 0.0473147
1 0.00585006 0.0065142
1 0.0658496 0.0665129
1 0.00545359 0.00611283
1 0.011084 0.01174
2 0.125916 0.126565
0 0 0.000631368
1 0.0369311 0.0375624
0 0 0.000630516
2 0.026553 0.0271723
2 0.0840742 0.0846855
2 0.0418657 0.042476
1 0.0112948 0.0118922
1 0.0188388 0.0194293
1 0.0237824 0.0243717
1 0.0302347 0.0308213
0 0 0.000585487
1 0.0152696 0.0158514
2 0.0389134 0.0394822
0 0 0.000563721
2 0.0807969 0.0813573
1 0.0124494 0.013009
2 0.0324141 0.0329589
1 0.0351797 0.0357141
1 0.00791607 0.00844693
2 0.0180255 0.0185416
1 0.0131467 0.0136584
0 0 0.000508836
2 0.155023 0.155511
1 0.0101814 0.0106625
2 0.0718541 0.0723335
1 0.0137678 0.0142369
1 0.0163657 0.016833
2 0.165363 0.165827
1 0.074066 0.0745276
1 0.0398616 0.0403217
1 0.0129969 0.0134447
2 0.0222849 0.0227313
2 0.00948601 0.00992722
1 0.00554211 0.00597994
1 0.00233672 0.00277416
0 0 0.000433493
2 0.0352053 0.035635
2 0.194784 0.195212
1 0.00599805 0.00641644
1 0.0296253 0.0300344
0 0 0.000407843
1 0.00633958 0.00671882
0 0 0.000378805
1 0.0115784 0.0119487
2 0.0266801 0.02705
1 0.0286337 0.0289969
2 0.0208028 0.0211625
1 0.00975085 0.0101051
1 0.00729927 0.00765268
1 0.013049 0.0133985
2 0.0315047 0.03185
1 0.0362747 0.0366198
1 0.0522025 0.05254
1 0.0088246 0.00916128
2 0.0456869 0.046021
1 0.022789 0.0231213
1 0.0553395 0.055668
2 0.0683046 0.0686306
1 0.0074286 0.00774994
2 0.0261727 0.0264789
1 0.00767522 0.00798071
1 0.0158221 0.0161221
1 0.0152463 0.0155463
1 0.0258208 0.0261155
2 0.0289435 0.0292339
1 0.0224404 0.0227277
1 0.0232813 0.0235575
2 0.0807223 0.0809926
1 0.424141 0.424406
2 0.0278779 0.0281333
1 0.0240038 0.0242591
1 0.0164004 0.0166553
1 0.0158887 0.0161431
1 0.0339662 0.0342185
1 0.0176751 0.0179226
2 0.0432307 0.0434764
1 0.0060919 0.00633235
1 0.11144 0.111677
1 0.016875 0.0171109
2 0.0616553 0.0618839
1 0.0502586 0.050484
1 0.00816171 0.00838492
2 0.0922454 0.0924675
2 0.0311874 0.0314069
1 0.0342954 0.0345066
0 0 0.000206102
1 0.0275323 0.0277379
1 0.00341922 0.00362388
2 0.129426 0.129628
2 0.045808 0.0460103
1 0.00268046 0.00288209
2 0.0311708 0.0313671
1 0.0170532 0.0172455
1 0.0873584 0.0875504
1 0.0242566 0.0244483
1 0.0180225 0.0182122
2 0.0318631 0.0320519
1 0.218428 0.218614
1 0.0392032 0.0393849
1 0.0167834 0.0169596
1 0.00403495 0.0042071
1 0.0139075 0.0140783
1 0.0234325 0.0236016
1 0.0908221 0.0909897
2 0.0721727 0.0723398
1 0.0846718 0.0848373
1 0.0786 0.0787639
1 0.0676685 0.0678289
2 0.0732552 0.0734143
2 0.0944888 0.0946476
1 0.00959866 0.00975493
1 0.0228465 0.0230009
1 0.0131973 0.0133515
1 0.0927404 0.0928915
1 0.00525437 0.00540187
0 0 0.000147406
2 0.0215534 0.0216986
2 0.0988688 0.0990127
2 0.0136665 0.013808
0 0 0.000140734
1 0.0196114 0.0197435
2 0.0174967 0.0176281
2 0.0752698 0.075401
1 0.0108021 0.0109329
2 0.0314445 0.031575
1 0.0802795 0.0804096
1 0.0187905 0.0189086
1 0.0100218 0.0101366
1 0.0223349 0.0224467
1 0.0844112 0.0845204
2 0.0419283 0.0420369
1 0.00345395 0.00356226
1 0.0354721 0.0355804
1 0.00757034 0.00767859
1 0.00340649 0.00351187
1 0.061035 0.0611388
2 0.0169817 0.0170845
2 0.074833 0.0749334
1 0.0174564 0.0175563
1 0.0110148 0.0111142
2 0.11999 0.120087
1 0.00939708 0.00948613
1 0.00564024 0.00572843
1 0.0161723 0.0162579
2 0.0813231 0.0814083
2 0.0182962 0.0183795
2 0.0362021 0.0362835
1 0.020491 0.0205702
1 0.00328261 0.00336141
1 0.169665 0.169743
2 0.0310712 0.0311475
2 0.0969819 0.097054
2 0.0261947 0.0262659
1 0.00223616 0.0023056
2 0.122577 0.122644
1 0.0191263 0.0191929
2 0.100339 0.100405
1 0.0615547 0.0616174
2 0.0291106 0.0291703
2 0.100348 0.100405
1 0.0120008 0.0120571
2 0.0306475 0.0307026
1 0.0943703 0.0944249
1 0.0211672 0.0212208
2 0.0782866 0.0783387
1 0.154291 0.154343
1 0.0119135 0.0119638
2 0.0217583 0.0218056
1 0.00745258 0.00749823
2 0.0379546 0.0379999
1 0.070497 0.0705417
1 0.00515422 0.00519727
2 0.0183264 0.0183683
2 0.0157794 0.0158212
1 0.027979 0.0280205
2 0.0287904 0.0288311
2 0.0108041 0.0108447
1 0.0311336 0.0311742
1 0.00477883 0.00481799
2 0.0773779 0.077412
2 0.105827 0.105861
2 0.0250482 0.0250814
2 0.0196439 0.0196764
1 0.0170704 0.0171028
2 0.0887564 0.0887887
2 0.0397871 0.0398192
2 0.00894534 0.00897635
1 0.0306848 0.0307152
1 0.00595554 0.00598437
1 0.0616627 0.0616892
2 0.0157776 0.0158028
2 0.0179488 0.0179728
1 0.0300177 0.0300408
2 0.0956378 0.0956604
2 0.0590112 0.0590336
1 0.0153719 0.0153934
1 0.0264238 0.0264432
1 0.0283766 0.0283954
1 0.000901271 0.000919627
2 0.155092 0.15511
1 0.0164551 0.016472
1 0.0170386 0.0170532
1 0.0177267 0.0177409
1 0.0242348 0.0242489
2 0.0352756 0.0352895
1 0.012071 0.0120846
1 0.0228893 0.0229016
1 0.150872 0.150884
2 0.0194571 0.019469
1 0.031064 0.0310757
1 0.0141376 0.0141486
2 0.0432128 0.0432235
2 0.0265892 0.0265996
1 0.0122583 0.0122685
1 0.146795 0.146805
1 0.0627588 0.0627664
1 0.0102655 0.010273
2 0.245436 0.245443
2 0.175725 0.175732
1 0.0670136 0.0670203
1 0.027574 0.0275799
1 0.139682 0.139688
2 0.0628521 0.0628577
2 0.0380983 0.0381032
2 0.0127496 0.0127542
1 0.00943544 0.00943999
1 0.0285861 0.0285902
2 0.424618 0.424621
1 0.0278477 0.0278504
2 0.00944071 0.00944333
1 0.0120917 0.0120927
1 0.00817939 0.00818043
1 0.0414511 0.0414521
1 0.0747602 0.0747611
1 0.0732764 0.0732772
2 0.0283984 0.0283991
1 0.0291187 0.0291192
2 0.159482 0.159482
2 0.0302336 0.030234
2 0.0674686 0.0674688
2 0.0412522 0.0412523
2 0.167694 0.167694
1 0.0331997 0.0331998
2 0.0079797 0.00797972
2 0.0778827 0.0778828
