0 0 inf
0 0 0.231996
0 0 0.193846
0 0 0.154692
0 0 0.148241
0 0 0.129607
1 0.0449682 0.162056
1 0.187359 0.303525
1 0.140575 0.251567
0 0 0.1078
0 0 0.0924178
0 0 0.0873285
0 0 0.0734062
1 0.197723 0.270656
1 0.252822 0.316416
0 0 0.0596922
0 0 0.0589628
0 0 0.0573133
0 0 0.0562445
1 0.09369 0.149069
1 0.087903 0.142219
0 0 0.0527827
1 0.282354 0.335081
0 0 0.0476547
0 0 0.0441614
0 0 0.0418404
1 0.102672 0.142874
0 0 0.0349307
1 0.0811713 0.115037
0 0 0.0336842
0 0 0.0335164
1 0.01919 0.0518574
0 0 0.0317967
0 0 0.031769
0 0 0.0308463
1 0.299008 0.328277
1 0.2127 0.241678
0 0 0.0288603
0 0 0.0285189
0 0 0.0278639
0 0 0.02744
0 0 0.0255755
0 0 0.0239811
1 0.234778 0.258423
0 0 0.0235518
1 0.115001 0.138267
1 0.0801409 0.102753
0 0 0.0222996
0 0 0.021015
0 0 0.020782
1 0.197614 0.218178
1 0.0790452 0.0994541
1 0.024822 0.0452144
1 0.0180504 0.0383629
1 0.05439 0.0747022
1 0.0176437 0.0374681
0 0 0.0192778
2 0.316579 0.335766
0 0 0.0189725
1 0.242077 0.260207
1 0.0499328 0.0679526
0 0 0.0179259
0 0 0.0178896
0 0 0.0172798
1 0.0470347 0.0642145
0 0 0.0161769
0 0 0.0160314
1 0.0484294 0.0642957
2 0.0583 0.0739899
1 0.0300106 0.045341
0 0 0.0150682
0 0 0.0144559
0 0 0.0143154
0 0 0.0142433
0 0 0.0141524
0 0 0.0138299
1 0.022201 0.035971
0 0 0.0137675
0 0 0.0136604
1 0.255657 0.269211
0 0 0.0134878
1 0.0411472 0.0545975
0 0 0.0133956
0 0 0.012536
0 0 0.0121915
0 0 0.0120952
1 0.308531 0.320511
0 0 0.0118993
0 0 0.0118667
0 0 0.0117504
1 0.196169 0.207824
0 0 0.0115046
0 0 0.0113524
0 0 0.0112578
0 0 0.0111805
1 0.0494193 0.0605146
0 0 0.0107225
0 0 0.010704
0 0 0.0106267
0 0 0.010623
1 0.0193125 0.0299086
0 0 0.0104721
0 0 0.0104115
0 0 0.0103181
0 0 0.0102948
0 0 0.0102939
0 0 0.00999118
0 0 0.00994489
0 0 0.0099284
0 0 0.00991359
0 0 0.00988281
0 0 0.00983507
1 0.015813 0.0255049
2 0.0475113 0.0570667
0 0 0.00937916
0 0 0.00931549
0 0 0.00926756
0 0 0.00926148
0 0 0.00911459
0 0 0.00909037
0 0 0.00907485
1 0.058127 0.0671389
0 0 0.00886557
1 0.170332 0.179078
0 0 0.00850804
1 0.0524733 0.0609189
0 0 0.00841086
0 0 0.00837287
1 0.293035 0.301387
1 0.265295 0.273624
1 0.156012 0.164273
0 0 0.00820253
0 0 0.0080596
0 0 0.00803187
0 0 0.00801295
0 0 0.0079668
0 0 0.00791449
0 0 0.00789774
0 0 0.00772855
0 0 0.00751653
0 0 0.00743305
0 0 0.00738473
1 0.0504907 0.0578495
1 0.0956077 0.102922
0 0 0.00730046
0 0 0.00730002
0 0 0.00728352
0 0 0.00724458
1 0.0126192 0.0197612
2 0.512747 0.519794
1 0.0358049 0.0428476
1 0.0211105 0.0281142
1 0.0807701 0.0876913
0 0 0.0069189
1 0.0410264 0.0479005
1 0.0862662 0.0931334
0 0 0.0068251
1 0.124238 0.131045
0 0 0.00678483
0 0 0.00677598
1 0.121482 0.128143
1 0.0274869 0.0341375
0 0 0.00664861
0 0 0.00663204
0 0 0.0065952
1 0.0193528 0.0258798
0 0 0.00637138
0 0 0.00636655
1 0.0123617 0.0187125
1 0.317985 0.324311
1 0.0642847 0.0705154
0 0 0.00609259
0 0 0.00605926
1 0.0361092 0.042162
0 0 0.00600902
1 0.389731 0.395526
1 0.0662876 0.0720661
0 0 0.0057623
1 0.0231695 0.0288129
0 0 0.00561524
1 0.0629523 0.0684529
0 0 0.00546586
0 0 0.00543275
0 0 0.00531335
1 0.0168695 0.0221679
0 0 0.00529401
0 0 0.00523461
0 0 0.00517581
0 0 0.0050914
0 0 0.00503271
0 0 0.00492903
0 0 0.00488844
1 0.163259 0.168108
0 0 0.00476073
2 0.323352 0.328094
1 0.0849599 0.0896657
1 0.0225297 0.0271136
0 0 0.00456147
1 0.211736 0.216283
0 0 0.00448426
0 0 0.00444908
1 0.0439509 0.0483177
1 0.0211178 0.0254106
1 0.0332895 0.0375637
0 0 0.00427334
0 0 0.00421404
1 0.0177932 0.0219903
1 0.0125168 0.0167033
0 0 0.00418277
0 0 0.00417935
1 0.0203382 0.0244972
1 0.281605 0.285761
1 0.0136963 0.0178473
1 0.0100497 0.0141634
0 0 0.00408622
1 0.0139919 0.0180771
0 0 0.00406984
0 0 0.00392673
0 0 0.00377438
1 0.32177 0.325523
0 0 0.00375014
1 0.00894353 0.0126562
0 0 0.00370873
0 0 0.00368446
1 0.0203022 0.0239598
0 0 0.00361377
1 0.0115539 0.0151532
1 0.00780409 0.0113746
1 0.0322579 0.0358205
1 0.0193271 0.0228647
1 0.0146447 0.018089
1 0.306889 0.310328
1 0.11121 0.114639
1 0.0978196 0.101235
1 0.227235 0.230639
1 0.0363169 0.0397168
1 0.147306 0.150703
0 0 0.00339122
0 0 0.00336089
1 0.0152493 0.0186085
1 0.0377552 0.0410785
1 0.0331049 0.0363206
0 0 0.00320385
1 0.0132305 0.016396
0 0 0.00307031
1 0.13956 0.142562
0 0 0.00298835
0 0 0.0029149
0 0 0.00284148
1 0.0243701 0.0271395
0 0 0.00275667
2 0.321604 0.32436
0 0 0.00268359
1 0.0259398 0.0286203
0 0 0.00264948
2 0.6129 0.615522
1 0.00971325 0.012317
0 0 0.00256957
0 0 0.00254
1 0.0196173 0.0221017
0 0 0.00245625
0 0 0.00245159
0 0 0.00244099
1 0.0848139 0.0872247
0 0 0.00240651
0 0 0.00237939
0 0 0.00236946
1 0.0275404 0.0299021
1 0.094658 0.0969895
1 0.0963851 0.0986931
0 0 0.00230071
0 0 0.00227351
1 0.0134139 0.0156842
1 0.0797511 0.0819474
1 0.0286231 0.0308093
1 0.00991833 0.0121033
1 0.00953738 0.011718
1 0.0146596 0.0168376
1 0.0127829 0.0149566
1 0.0801253 0.0822866
0 0 0.00215938
0 0 0.00215859
2 0.0199494 0.0220842
0 0 0.00210651
1 0.0205565 0.0226509
1 0.0516185 0.0537075
1 0.0352367 0.0373131
0 0 0.00206386
0 0 0.00206005
0 0 0.00203561
0 0 0.00203337
0 0 0.00203027
1 0.0250585 0.0270856
0 0 0.00202229
0 0 0.00201823
0 0 0.00199627
1 0.136575 0.138528
0 0 0.00193909
1 0.0293439 0.0312783
2 0.0346171 0.0365435
2 0.234166 0.236014
0 0 0.00184715
0 0 0.0018273
0 0 0.00182707
1 0.0108017 0.0126207
0 0 0.00181492
0 0 0.00179111
1 0.00536106 0.0071437
1 0.125166 0.12693
1 0.0163448 0.0180849
1 0.0371389 0.0388766
1 0.0123999 0.0141189
2 0.119166 0.120862
1 0.0658578 0.0675317
0 0 0.00160898
2 0.0318527 0.0334568
1 0.0294476 0.0310259
2 0.0614577 0.0630325
1 0.059531 0.0610966
0 0 0.00154319
0 0 0.00154263
1 0.354677 0.356214
1 0.0262243 0.0277499
0 0 0.00151141
1 0.034454 0.0359641
1 0.0204282 0.0219085
0 0 0.00145146
1 0.0133069 0.0147501
1 0.0871064 0.088534
2 0.0162843 0.0176955
1 0.0313939 0.0328013
0 0 0.00140628
1 0.216625 0.218028
1 0.0264447 0.0278402
1 0.00674691 0.00813719
0 0 0.00137456
0 0 0.0013719
1 0.0261938 0.0275447
1 0.016523 0.0178734
2 0.0921437 0.0934894
0 0 0.00132971
0 0 0.00131269
1 0.0149471 0.0162521
1 0.0044194 0.00572247
1 0.0143369 0.0156133
2 0.265653 0.266925
0 0 0.00125459
1 0.014118 0.0153361
1 0.0577058 0.0588869
1 0.0127137 0.0138926
1 0.0222439 0.0234188
1 0.0155686 0.0167352
1 0.0216267 0.0227541
1 0.0600221 0.0611437
2 0.120924 0.122018
2 0.0551869 0.0562624
2 0.0274726 0.0285445
1 0.0242713 0.0253004
2 0.0374753 0.0385029
1 0.0778031 0.0788303
1 0.0195729 0.0205932
1 0.021698 0.0227139
0 0 0.00100082
2 0.471499 0.472482
2 0.0261301 0.0270991
1 0.0243373 0.0252573
1 0.0118951 0.0128138
0 0 0.000912396
1 0.0376508 0.0385512
2 0.141556 0.142415
2 0.0138673 0.0147257
1 0.498082 0.498931
1 0.00902318 0.00985891
2 0.103635 0.10447
2 0.172805 0.173633
1 0.0100302 0.0108442
1 0.0158232 0.0166196
2 0.0442346 0.0450133
1 0.112482 0.113249
2 0.100235 0.101002
2 0.0177124 0.0184729
2 0.139594 0.140354
2 0.512255 0.513016
2 0.0579623 0.0587219
1 0.0244303 0.0251898
1 0.0143882 0.0151304
2 0.071419 0.0721536
2 0.0387216 0.0394324
1 0.0460731 0.046782
1 0.0501915 0.0508907
1 0.0460973 0.046787
1 0.0118681 0.0125441
1 0.0933624 0.0940286
2 0.0506315 0.0512922
1 0.023469 0.0241236
2 0.306747 0.307389
1 0.0190893 0.019723
1 0.0368799 0.0375077
2 0.103824 0.104449
1 0.0118046 0.0124241
1 0.00846924 0.00907776
1 0.00417376 0.00475037
1 0.0199063 0.0204796
2 0.026452 0.0270017
1 0.00406098 0.00460431
1 0.0262988 0.0268346
1 0.0549846 0.0555086
1 0.0106583 0.0111791
1 0.321151 0.321672
1 0.00998378 0.0105002
1 0.0189458 0.0194608
1 0.0139686 0.0144677
0 0 0.000487554
1 0.033817 0.0343034
1 0.0218233 0.0223079
1 0.0134978 0.0139818
1 0.00874589 0.00922968
1 0.0493869 0.0498665
1 0.0126336 0.013109
2 0.0278549 0.0283288
1 0.00547006 0.00593451
1 0.0156569 0.0161177
1 0.0385785 0.0390376
1 0.0290944 0.0295401
2 0.0695304 0.0699715
0 0 0.000436713
1 0.0269674 0.0273982
1 0.00295999 0.00337369
1 0.0189441 0.0193488
1 0.00457699 0.00496873
1 0.0147961 0.0151862
1 0.0260094 0.0263884
2 0.0235786 0.0239567
1 0.0142446 0.0146215
2 0.069044 0.0694158
1 0.00159829 0.00196936
1 0.060038 0.0604061
1 0.0101635 0.0105197
1 0.0286312 0.0289805
1 0.135647 0.135994
0 0 0.000345058
1 0.0700043 0.0703487
1 0.0131356 0.0134781
2 0.0328732 0.0332096
2 0.0615262 0.0618586
1 0.0516513 0.0519835
1 0.287908 0.28824
1 0.0414124 0.0417427
1 0.0448835 0.0452131
1 0.0131578 0.0134788
1 0.0192723 0.0195929
0 0 0.000317881
1 0.0122132 0.0125295
1 0.0370741 0.0373894
1 0.0193483 0.019661
1 0.031868 0.0321692
1 0.0271582 0.0274567
0 0 0.000295176
1 0.025628 0.0259163
2 0.0386356 0.0389224
2 0.0881714 0.0884544
2 0.0467129 0.0469926
1 0.246669 0.246946
1 0.0137587 0.0140352
1 0.0360285 0.0362963
1 0.0358865 0.0361512
1 0.00586075 0.00611915
0 0 0.000254851
1 0.012219 0.0124699
1 0.0122991 0.0125477
2 0.0313242 0.0315701
2 0.061601 0.0618454
1 0.0209292 0.0211689
1 0.0306548 0.0308939
1 0.0188797 0.0191165
2 0.0140475 0.0142826
1 0.0709822 0.0712166
1 0.0346246 0.0348497
1 0.102932 0.103154
1 0.0594285 0.0596446
1 0.020799 0.0210127
1 0.0117117 0.0119229
1 0.033108 0.0333145
2 0.0141854 0.0143896
1 0.0148273 0.0150316
1 0.0112253 0.0114267
1 0.00865268 0.00885185
1 0.0254728 0.0256691
1 0.235116 0.235311
1 0.0192631 0.0194529
1 0.0341407 0.0343256
0 0 0.000179493
1 0.0224534 0.0226318
1 0.0112073 0.0113841
1 0.00163163 0.00180695
1 0.0247593 0.0249344
1 0.00599491 0.00616931
1 0.033327 0.0334988
2 0.0200348 0.0202025
1 0.146545 0.146712
2 0.0280954 0.0282612
2 0.0566133 0.0567768
2 0.0313833 0.0315444
1 0.039806 0.0399659
1 0.0157349 0.0158931
1 0.0671654 0.0673172
1 0.00488876 0.00503996
1 0.0633811 0.0635304
1 0.00939416 0.00954155
1 0.0196167 0.0197626
1 0.0402087 0.0403529
1 0.0334263 0.0335687
1 0.0156637 0.0158049
1 0.0308224 0.0309613
1 0.0138037 0.0139422
1 0.0607365 0.0608737
1 0.032623 0.0327599
2 0.0286202 0.0287564
1 0.00483764 0.00497175
2 0.222436 0.22257
1 0.00611844 0.00624981
1 0.0121783 0.0123087
2 0.0204715 0.0206011
2 0.341803 0.341931
1 0.0113522 0.0114797
1 0.00502173 0.00514679
1 0.0111103 0.0112348
1 0.010558 0.0106813
1 0.0573656 0.0574888
2 0.0720582 0.0721795
1 0.0105875 0.0107081
1 0.0750527 0.0751721
2 0.146746 0.146863
2 0.0189766 0.0190935
1 0.145699 0.145812
2 0.0364731 0.0365864
1 0.131261 0.13137
1 0.00973144 0.00984026
1 0.252991 0.253096
1 0.196202 0.196304
2 0.0137046 0.0138053
2 0.0150143 0.0151145
1 0.0222174 0.0223086
2 0.10479 0.104881
2 0.0361516 0.0362424
2 0.0620493 0.0621397
2 0.0650335 0.0651237
1 0.360001 0.360088
1 0.00899499 0.0090819
2 0.259162 0.259248
2 0.096333 0.0964171
2 0.314301 0.314386
1 0.0235567 0.0236313
1 0.22086 0.220934
1 0.00906167 0.00913453
2 0.0134388 0.0135095
1 0.00578394 0.00585368
1 0.0667557 0.0668244
2 0.266193 0.26626
2 0.0362895 0.0363557
1 0.128752 0.128817
1 0.0370863 0.0371492
2 0.0424755 0.0425384
2 0.0617109 0.061773
1 0.0671165 0.0671774
1 0.0856569 0.0857164
1 0.0265354 0.0265939
1 0.0464146 0.0464718
2 0.0170635 0.0171206
2 0.0315928 0.0316485
2 0.0203726 0.0204251
1 0.0283321 0.0283813
2 0.0329955 0.0330433
1 0.0211572 0.021205
1 0.0371932 0.0372385
2 0.12815 0.128195
2 0.0156815 0.0157248
1 0.142061 0.142104
1 0.0202214 0.0202619
1 0.0174268 0.0174619
1 0.061874 0.0619071
1 0.0243863 0.024413
2 0.0364481 0.0364744
1 0.116706 0.116732
1 0.00415144 0.00417718
2 0.0359215 0.0359471
1 0.00798606 0.0080105
2 0.00921253 0.00923595
1 0.000685362 0.00070818
2 0.291105 0.291127
2 0.0680405 0.0680616
2 0.0308751 0.0308956
1 0.0572366 0.057257
2 0.00505006 0.00507
2 0.0152763 0.0152959
2 0.0313052 0.0313242
1 0.101702 0.10172
1 0.0287361 0.0287539
1 0.0261335 0.0261513
1 0.0907934 0.0908101
2 0.0627889 0.0628048
1 0.0124989 0.0125144
1 0.0279605 0.0279756
2 0.00909534 0.00911043
1 0.0138208 0.0138355
1 0.00893238 0.0089458
1 0.100615 0.100628
1 0.0166188 0.0166319
2 0.0410497 0.0410625
2 0.0173263 0.0173388
1 0.0194467 0.0194584
1 0.0188294 0.0188405
1 0.0350459 0.0350568
2 0.0376959 0.0377059
1 0.0455932 0.0456032
2 0.0515712 0.0515805
2 0.383367 0.383376
1 0.0616909 0.0616997
1 0.0504558 0.0504642
2 0.045614 0.0456222
2 0.0587925 0.0588001
2 0.0271614 0.0271688
2 0.0160616 0.0160681
2 0.00923344 0.00923895
2 0.0340047 0.0340099
2 0.0566469 0.0566516
1 0.0147324 0.0147368
0 0 4.158e-06
2 0.048854 0.0488575
1 0.0161515 0.0161547
2 0.0949545 0.0949564
1 0.0283573 0.028359
1 0.0471914 0.047193
1 0.0225694 0.0225708
1 0.0348111 0.0348122
2 0.027612 0.027613
1 0.311704 0.311705
2 0.0445992 0.0446001
2 0.0319001 0.0319009
2 0.0512897 0.0512905
2 0.173689 0.17369
1 0.031611 0.0316117
1 0.0269912 0.0269917
1 0.0301763 0.0301768
2 0.0314294 0.0314298
2 0.295945 0.295945
2 0.0241924 0.0241925
