0 0 inf
0 0 0.0431709
0 0 0.041195
0 0 0.0373917
0 0 0.0325589
0 0 0.0312082
0 0 0.0297546
0 0 0.024784
0 0 0.0242937
0 0 0.0238987
1 0.0113794 0.0352664
0 0 0.0237356
0 0 0.0225912
0 0 0.0212534
0 0 0.0207297
0 0 0.0204248
1 0.0286682 0.0485067
0 0 0.01824
0 0 0.0177325
1 0.0673981 0.0839623
0 0 0.0162085
0 0 0.0160553
0 0 0.0158535
0 0 0.0157606
0 0 0.0157272
1 0.051659 0.0669557
0 0 0.015149
1 0.0207351 0.0357892
0 0 0.0150104
0 0 0.0143005
0 0 0.0141223
0 0 0.0139148
0 0 0.0134161
0 0 0.0133953
0 0 0.0130126
1 0.0680982 0.0810797
1 0.0304862 0.0432597
0 0 0.0118762
0 0 0.0117093
0 0 0.011335
1 0.0297303 0.0409938
0 0 0.0110134
0 0 0.010711
0 0 0.0104142
0 0 0.0104044
1 0.0134934 0.0237018
1 0.0391762 0.0493604
0 0 0.0100694
0 0 0.00968333
0 0 0.00872459
0 0 0.00871884
1 0.0154836 0.0240211
0 0 0.00850527
0 0 0.00825896
0 0 0.00815468
0 0 0.00808322
0 0 0.0076174
1 0.0481787 0.0557412
1 0.0141567 0.0216318
1 0.0204773 0.0274637
1 0.0300236 0.0367945
0 0 0.00675041
0 0 0.00644097
0 0 0.00634539
1 0.0325163 0.0384436
1 0.0360558 0.0419632
2 0.0587076 0.0646002
0 0 0.00588348
0 0 0.0052771
0 0 0.00514264
0 0 0.00507596
0 0 0.00503036
0 0 0.0048654
0 0 0.00469332
1 0.0518505 0.0564908
1 0.0290126 0.0335045
1 0.0219695 0.0264226
1 0.015667 0.0199432
0 0 0.00425451
1 0.0341516 0.0383029
0 0 0.004113
1 0.00990555 0.013977
1 0.0173611 0.0214147
0 0 0.00396785
0 0 0.00378836
1 0.00797786 0.0117551
0 0 0.00365126
0 0 0.00360299
1 0.00751509 0.0110673
1 0.00229117 0.00582014
0 0 0.00338235
0 0 0.003371
0 0 0.00331329
2 0.0134157 0.0166829
0 0 0.00320896
1 0.00811963 0.0112098
0 0 0.00308949
0 0 0.00305051
0 0 0.00302575
1 0.00727596 0.0102166
1 0.0182812 0.0210282
0 0 0.00272026
0 0 0.00267164
0 0 0.00263432
0 0 0.00263172
1 0.00366472 0.00629231
0 0 0.00261834
0 0 0.00259217
1 0.0195186 0.0220812
0 0 0.00251269
1 0.0287554 0.0312651
0 0 0.00250279
1 0.0294664 0.0319253
0 0 0.00244804
1 0.0288221 0.0312583
0 0 0.00239192
0 0 0.00224933
1 0.0181585 0.0203855
1 0.0548705 0.0570544
0 0 0.00215774
0 0 0.00209192
0 0 0.00208756
1 0.00271173 0.00479194
1 0.0138599 0.0159104
0 0 0.00200339
0 0 0.00199035
0 0 0.00196604
0 0 0.00195389
0 0 0.00194899
1 0.0351373 0.0370859
0 0 0.00194639
0 0 0.00191865
0 0 0.0019134
0 0 0.00189273
0 0 0.00188059
0 0 0.00187752
0 0 0.0018747
0 0 0.00187176
1 0.0465826 0.0484397
1 0.00271562 0.00456951
0 0 0.00184005
0 0 0.00181985
0 0 0.00181549
1 0.0040708 0.00587092
0 0 0.0017756
1 0.00221858 0.00398697
0 0 0.00175408
0 0 0.00174086
2 0.0958569 0.0975695
1 0.0457987 0.0474815
1 0.00369776 0.00537038
1 0.0413542 0.0430266
1 0.161358 0.162983
1 0.0114924 0.0130937
1 0.0195417 0.021136
0 0 0.00157596
0 0 0.00155379
0 0 0.00153403
0 0 0.00150662
1 0.0548364 0.0563417
0 0 0.00149029
1 0.00556669 0.00705398
1 0.0224365 0.0239039
0 0 0.00146715
0 0 0.00146585
1 0.0406279 0.0420895
1 0.00509178 0.00652511
0 0 0.00143272
0 0 0.00136969
0 0 0.00136968
0 0 0.00134065
1 0.0404724 0.0418085
1 0.00564937 0.00696929
0 0 0.00131784
1 0.00257746 0.00387286
0 0 0.00129195
1 0.0195564 0.0208318
1 0.00270635 0.00396564
0 0 0.00123039
1 0.00196584 0.00319592
1 0.144275 0.145504
0 0 0.00122708
0 0 0.00122275
0 0 0.001222
0 0 0.00122161
1 0.00574474 0.00696048
1 0.0536678 0.054883
1 0.00968408 0.0108949
1 0.029137 0.0303174
0 0 0.00118001
1 0.0109186 0.0120924
0 0 0.00117199
0 0 0.00116857
0 0 0.0011614
2 0.0369364 0.0380927
1 0.0825638 0.083716
0 0 0.00113552
1 0.0199981 0.0211296
1 0.0348507 0.0359722
1 0.0368932 0.038
0 0 0.00110427
0 0 0.00109261
0 0 0.00109139
1 0.00488636 0.00597583
0 0 0.00107974
1 0.00241902 0.00348797
1 0.0027435 0.00380952
1 0.00231802 0.00337616
0 0 0.00104235
0 0 0.00103709
0 0 0.00103207
0 0 0.00101872
0 0 0.000997945
1 0.0366413 0.037629
0 0 0.000985529
1 0.00495287 0.00593381
0 0 0.000976287
0 0 0.000972823
0 0 0.000967519
2 0.0137789 0.0147451
1 0.00151938 0.00248017
2 0.0570799 0.0580381
1 0.00225682 0.00321242
0 0 0.000953506
1 0.00454627 0.00548543
1 0.00714175 0.00807588
1 0.0031501 0.00407899
0 0 0.000926308
1 0.0519634 0.052887
0 0 0.000922361
0 0 0.000907721
0 0 0.000905408
1 0.0572393 0.058142
0 0 0.000898245
1 0.00979312 0.0106913
1 0.0181703 0.0190481
1 0.014644 0.0155167
1 0.0334762 0.0343426
0 0 0.000859596
1 0.0042688 0.00511638
1 0.0381035 0.0389498
1 0.00186734 0.00270872
1 0.00751957 0.00835606
0 0 0.000834521
0 0 0.000833692
2 0.0712687 0.0720896
2 0.0289852 0.0298042
0 0 0.000812353
1 0.0459228 0.046735
0 0 0.000810658
0 0 0.000801646
0 0 0.000801117
2 0.0240122 0.0248054
1 0.0206242 0.0214168
0 0 0.000789492
0 0 0.00078299
0 0 0.000777742
1 0.00533534 0.00609461
2 0.0129234 0.0136806
1 0.00568629 0.00644071
1 0.0468864 0.0476392
2 0.0237572 0.0245093
1 0.00361724 0.00435644
1 0.00196888 0.00270661
1 0.0570695 0.0578063
1 0.0437431 0.0444789
0 0 0.000734118
0 0 0.000709751
0 0 0.000683315
1 0.153223 0.1539
0 0 0.000674713
0 0 0.000671079
1 0.00200358 0.00267202
1 0.00173903 0.00240318
0 0 0.000662628
0 0 0.000640395
1 0.00232419 0.00296053
1 0.0038835 0.00451314
1 0.00532031 0.00594993
0 0 0.000627709
1 0.0851481 0.0857664
0 0 0.000614496
1 0.0451538 0.0457527
0 0 0.000597184
2 0.0459056 0.0465018
1 0.00203226 0.0026271
1 0.00475803 0.00534584
1 0.00818129 0.00876906
0 0 0.00058292
1 0.00335267 0.00391552
0 0 0.000562637
1 0.00505745 0.00561448
1 0.0247482 0.0253006
1 0.00100699 0.0015574
1 0.00290216 0.00345226
0 0 0.000540158
2 0.0726369 0.073177
0 0 0.000538809
1 0.014082 0.0146163
1 0.00556215 0.00608986
1 0.0129069 0.0134229
2 0.0516295 0.0521443
1 0.0330425 0.0335495
1 0.0516067 0.0521035
0 0 0.000489121
1 0.00198331 0.00246975
1 0.00786123 0.00834742
1 0.00363194 0.00411388
0 0 0.00047561
1 0.00296415 0.00343872
1 0.00438931 0.00485205
1 0.0205605 0.0210151
1 0.0309562 0.0314096
0 0 0.000453168
1 0.000919257 0.00136408
1 0.020446 0.0208856
0 0 0.000436702
1 0.00666288 0.00709446
2 0.0159883 0.0164165
2 0.00325141 0.00367852
1 0.00230968 0.00273172
1 0.0155179 0.0159319
0 0 0.000412746
1 0.00437522 0.00478201
1 0.0128469 0.013252
1 0.0502247 0.0506292
1 0.0184153 0.0188183
0 0 0.000400015
1 0.00312668 0.00352568
1 0.00101388 0.00141211
0 0 0.000391275
2 0.0436414 0.0440282
0 0 0.000383242
2 0.0599916 0.0603739
1 0.00104703 0.00142822
1 0.00946988 0.00984661
0 0 0.000376473
1 0.00125973 0.00163557
1 0.0114257 0.0118015
1 0.0243291 0.0247045
0 0 0.000369737
0 0 0.000369374
2 0.0258382 0.0262033
1 0.0016931 0.002057
2 0.00544353 0.00580728
2 0.00761995 0.00798236
0 0 0.000356927
0 0 0.000354963
1 0.0227249 0.0230728
2 0.0053344 0.00568216
0 0 0.000347702
0 0 0.000344723
1 0.00286107 0.00319213
1 0.0101397 0.0104707
2 0.0062198 0.0065395
0 0 0.000317368
1 0.108021 0.108337
1 0.00138184 0.00169461
1 0.00277502 0.00308024
1 0.00788806 0.0081925
2 0.15696 0.157262
1 0.0173527 0.0176546
1 0.00228785 0.00258674
1 0.0199268 0.0202256
1 0.00189184 0.00218974
0 0 0.000296483
1 0.0113772 0.011673
2 0.038125 0.0384191
1 0.00333721 0.00362379
1 0.00386955 0.00415588
0 0 0.000285501
1 0.0020129 0.00229785
1 0.00141315 0.00169759
1 0.0501348 0.0504144
1 0.00407892 0.00435556
2 0.0109635 0.0112341
1 0.0200994 0.0203688
1 0.00592135 0.00618772
2 0.00755088 0.00781448
1 0.0020083 0.00226857
1 0.00512783 0.00538583
1 0.00707403 0.00732866
1 0.0340465 0.034301
1 0.00169567 0.00194937
1 0.00228782 0.00254066
1 0.036303 0.0365555
2 0.0259986 0.0262498
2 0.00418181 0.00442836
0 0 0.000244668
1 0.00595953 0.00620395
1 0.00378763 0.00402786
1 0.00358873 0.0038219
1 0.00318162 0.00340711
2 0.00349832 0.00372331
1 0.00167203 0.00189181
0 0 0.000217709
1 0.00184103 0.00205283
1 0.01337 0.0135743
1 0.00181137 0.00201459
1 0.00290231 0.00310415
0 0 0.000201605
1 0.00905933 0.00925817
2 0.0441129 0.0443099
1 0.0206181 0.0208112
2 0.0132506 0.0134424
1 0.00111011 0.0013018
1 0.000822624 0.00101432
1 0.00355148 0.00374047
1 0.00118528 0.00136854
2 0.0189031 0.0190817
1 0.00390776 0.00408622
1 0.00428662 0.00446437
2 0.00654442 0.00672127
1 0.00797307 0.00814377
1 0.0162979 0.0164667
0 0 0.000168658
1 0.00109692 0.00126332
0 0 0.000165749
2 0.0106606 0.0108242
1 0.0818245 0.0819881
1 0.0100456 0.0102091
0 0 0.000163267
2 0.00810323 0.00826537
1 0.00426048 0.00442114
1 0.0050396 0.00520012
2 0.0216316 0.0217918
0 0 0.000158568
1 0.0701258 0.0702833
1 0.00522101 0.00537832
0 0 0.000156591
1 0.00974607 0.0099006
1 0.00113137 0.00128571
1 0.00479259 0.00494316
1 0.00252445 0.00267416
1 0.010892 0.0110388
2 0.00589115 0.00603368
1 0.0011889 0.00132925
2 0.00177512 0.00191405
1 0.00133017 0.00146801
2 0.0396604 0.0397974
1 0.0267914 0.0269271
2 0.0125763 0.0127113
1 0.00142973 0.00156455
1 0.00282467 0.00295833
2 0.0061115 0.00624504
1 0.0187533 0.0188851
2 0.00862345 0.00875312
1 0.0377148 0.0378444
1 0.0241463 0.0242735
1 0.00282114 0.00294691
1 0.00303078 0.00315171
1 0.00282863 0.00294895
2 0.00616922 0.00628899
1 0.00249945 0.00261899
2 0.0761111 0.0762291
0 0 0.000117186
1 0.00511002 0.0052226
2 0.00298221 0.00309263
2 0.00893441 0.00904434
1 0.00574466 0.00585443
1 0.00515871 0.00526682
1 0.00474517 0.00485294
1 0.0133378 0.0134435
1 0.00266606 0.00277147
1 0.00346037 0.00356002
1 0.00973243 0.00983115
0 0 9.67135e-05
2 0.015549 0.0156447
2 0.00591442 0.0060097
1 0.0439855 0.0440786
1 0.000909763 0.00100185
1 0.000689228 0.000775559
1 0.00609958 0.00618427
2 0.00426039 0.00434461
1 0.00523995 0.00532387
2 0.00537098 0.00545462
2 0.0360922 0.0361754
1 0.00741371 0.00749556
2 0.0456386 0.0457203
1 0.00163585 0.00171724
1 0.00213925 0.00222056
1 0.00563615 0.00571567
1 0.00275712 0.00283453
0 0 7.64692e-05
1 0.00182401 0.00190037
2 0.00196525 0.00204116
2 0.0472003 0.0472761
1 0.0352514 0.0353262
1 0.000848567 0.000922959
2 0.0050228 0.00509703
1 0.00525866 0.00533267
0 0 7.12626e-05
2 0.0362027 0.0362736
1 0.000814379 0.00088417
1 0.00611804 0.00618755
1 0.00922157 0.009291
1 0.05559 0.0556584
1 0.00305895 0.0031273
1 0.00582355 0.00589123
2 0.0141452 0.0142109
1 0.00106688 0.00113249
2 0.00592905 0.00599252
2 0.00162583 0.00168851
1 0.00245272 0.00251512
1 0.00556019 0.00562218
1 0.00438267 0.00444377
2 0.00270702 0.00276757
1 0.00648661 0.006547
2 0.00761774 0.00767771
2 0.0258641 0.025923
2 0.0386574 0.038716
1 0.00268437 0.00274083
2 0.0117276 0.0117818
2 0.00672517 0.0067792
2 0.00593233 0.00598605
1 0.0012063 0.00125961
1 0.00582832 0.00588053
2 0.00163791 0.00168995
1 0.0103672 0.0104179
1 0.00120891 0.00125938
2 0.00489668 0.00494677
1 0.00344388 0.00349286
2 0.00354652 0.00359464
1 0.00208702 0.00213483
2 0.00718045 0.00722721
1 0.00718639 0.00723315
1 0.00583423 0.0058807
1 0.00143013 0.00147653
1 0.00370999 0.00375632
1 0.0051639 0.00521023
2 0.0106089 0.0106546
2 0.0239421 0.0239863
2 0.003936 0.00397869
1 0.00638502 0.00642756
2 0.00295572 0.00299788
1 0.00420598 0.00424638
1 0.00396018 0.00399898
1 0.0037431 0.00378057
0 0 3.74679e-05
1 0.00347292 0.00350858
2 0.00205763 0.00209179
2 0.00437446 0.00440829
2 0.0111259 0.0111578
1 0.00902988 0.00906096
1 0.00324789 0.00327859
2 0.00658588 0.00661604
1 0.00534761 0.00537713
1 0.00763039 0.00765883
2 0.00268995 0.002718
1 0.0323362 0.0323639
1 0.00537622 0.00540379
1 0.00331293 0.00334032
2 0.0103702 0.0103974
1 0.00131124 0.00133827
2 0.0491011 0.0491281
1 0.0244272 0.0244531
1 0.000802216 0.000827119
2 0.00593096 0.00595448
2 0.00777034 0.00779372
1 0.0019368 0.00195992
1 0.00157723 0.00160025
1 0.0016114 0.00163371
1 0.00245321 0.00247435
2 0.00882165 0.00884199
1 0.00241967 0.00243987
1 0.00103887 0.00105902
1 0.00346707 0.00348704
2 0.00296303 0.00298191
1 0.00152115 0.00153899
1 0.000804516 0.000822158
1 0.00208631 0.00210366
1 0.0560576 0.0560748
2 0.00509943 0.00511653
2 0.00409303 0.00410994
0 0 1.65205e-05
1 0.0225332 0.0225497
1 0.00256742 0.00258375
1 0.0134378 0.013454
2 0.011863 0.0118788
2 0.00984729 0.00986306
1 0.00294032 0.00295602
2 0.0110682 0.0110839
1 0.0032059 0.00322115
2 0.00355107 0.00356553
1 0.00542118 0.00543552
1 0.00110485 0.00111889
1 0.00742738 0.00744123
2 0.00160967 0.00162283
2 0.0124494 0.0124623
2 0.00650512 0.00651764
1 0.00421871 0.00423099
1 0.00198377 0.00199602
1 0.0017286 0.00174026
1 0.00103491 0.00104532
2 0.0045256 0.00453567
1 0.0018215 0.00183148
2 0.00278638 0.00279623
2 0.00166696 0.00167661
2 0.00659715 0.00660631
1 0.00307475 0.00308379
2 0.00245674 0.0024657
1 0.0023173 0.00232535
1 0.00174002 0.00174779
2 0.0552711 0.0552789
1 0.00348608 0.00349309
2 0.00200096 0.00200776
1 0.0242382 0.0242449
1 0.0125788 0.0125853
1 0.00260456 0.00261093
2 0.00275673 0.00276299
1 0.00340712 0.00341336
2 0.0132844 0.0132906
1 0.00485039 0.00485614
2 0.00650974 0.00651515
1 0.00126822 0.00127351
2 0.0100239 0.0100291
2 0.00589134 0.00589644
2 0.00234296 0.00234791
1 0.000828936 0.000833516
2 0.0458828 0.0458873
1 0.00142394 0.00142831
1 0.00172758 0.00173178
2 0.00323421 0.00323815
1 0.00394961 0.00395343
1 0.00173893 0.00174243
2 0.00371574 0.00371898
1 0.00506541 0.00506849
2 0.00174459 0.00174756
1 0.00174149 0.00174434
2 0.00836445 0.00836718
2 0.00324427 0.00324689
1 0.00934888 0.0093515
1 0.00128986 0.00129233
1 0.000701284 0.000703693
1 0.00149345 0.00149584
1 0.00153308 0.00153541
1 0.00249214 0.00249425
1 0.00443971 0.0044418
1 0.00114278 0.00114482
2 0.0355479 0.0355499
1 0.0065003 0.0065021
1 0.0045145 0.00451629
1 0.035438 0.0354396
2 0.00135715 0.00135876
1 0.00129287 0.00129429
2 0.00756677 0.00756818
2 0.049114 0.0491154
1 0.00233122 0.00233259
1 0.0810076 0.0810089
1 0.00464086 0.00464219
1 0.000410981 0.000412181
2 0.00155456 0.00155574
1 0.00265874 0.00265988
1 0.00225167 0.00225258
2 0.00427171 0.00427222
2 0.00455816 0.00455856
1 0.00135293 0.00135324
1 0.00289826 0.00289853
2 0.00152591 0.0015261
2 0.00646211 0.00646224
2 0.0164099 0.01641
1 0.0348891 0.0348892
2 0.00485904 0.00485908
1 0.00528521 0.00528522
1 0.00963547 0.00963548
2 0.0521592 0.0521592
