0 0 inf
0 0 0.501255
0 0 0.16539
1 0.0304789 0.177337
1 0.149695 0.290381
1 0.0629729 0.190644
0 0 0.111621
1 0.16415 0.272461
0 0 0.0928276
0 0 0.0789469
0 0 0.0776718
1 0.505179 0.582454
0 0 0.0653273
0 0 0.0643261
1 0.169024 0.23189
0 0 0.0626498
1 0.107634 0.168949
0 0 0.0532209
1 0.0322779 0.0848136
1 0.114358 0.16655
0 0 0.0515439
0 0 0.0500486
0 0 0.0494008
1 0.0879818 0.136144
0 0 0.0478226
0 0 0.0456726
0 0 0.0443649
0 0 0.0438003
1 0.0345463 0.0775385
0 0 0.0426005
0 0 0.0397468
0 0 0.0395058
0 0 0.0368704
0 0 0.0352306
0 0 0.0340666
1 0.100638 0.131721
0 0 0.0309061
0 0 0.0291119
0 0 0.0290944
0 0 0.0284493
0 0 0.0258131
1 0.176238 0.201998
0 0 0.0253779
2 0.258603 0.283452
1 0.181939 0.206714
0 0 0.0244802
0 0 0.0242877
0 0 0.0242471
0 0 0.0240601
0 0 0.0240476
1 0.188691 0.211198
0 0 0.0221608
1 0.0248449 0.0466531
1 0.0965607 0.118289
0 0 0.0217259
1 0.0283084 0.0499062
1 0.0153655 0.0368317
0 0 0.0213115
0 0 0.0209719
0 0 0.0206273
1 0.0588162 0.0793227
0 0 0.0204872
1 0.0466863 0.0664082
1 0.0389925 0.0584305
0 0 0.0193462
1 0.0421829 0.0612107
0 0 0.0187329
0 0 0.0179389
0 0 0.0177089
0 0 0.0165312
0 0 0.0164987
0 0 0.0160741
0 0 0.0160669
0 0 0.0155718
0 0 0.0154769
0 0 0.0154248
1 0.180913 0.196318
0 0 0.0153616
0 0 0.015274
0 0 0.0152488
0 0 0.0148059
0 0 0.0147886
0 0 0.0141592
0 0 0.0141294
0 0 0.0140673
0 0 0.0138737
0 0 0.0137693
0 0 0.0137261
1 0.0171814 0.030789
0 0 0.0135599
0 0 0.0133632
1 0.0329075 0.04611
1 0.0906518 0.103634
0 0 0.0128999
0 0 0.0128917
0 0 0.0128853
1 0.0885004 0.101357
0 0 0.0126758
0 0 0.0120866
0 0 0.0120516
1 0.0216339 0.0336796
0 0 0.011871
0 0 0.0118567
0 0 0.0118087
2 0.211739 0.223386
1 0.0332717 0.0449098
0 0 0.0115633
0 0 0.0110903
0 0 0.011077
1 0.0258753 0.0368498
0 0 0.0109661
1 0.0672203 0.0781832
1 0.225474 0.236422
1 0.0414783 0.0522644
0 0 0.0106009
0 0 0.0105472
0 0 0.0104527
0 0 0.0104498
1 0.0409183 0.0512059
1 0.141198 0.151422
1 0.0425161 0.0526115
0 0 0.0100274
0 0 0.00991877
1 0.133171 0.142961
0 0 0.00976426
0 0 0.00970297
0 0 0.009596
0 0 0.00939053
1 0.508318 0.517687
1 0.0328312 0.0419393
1 0.10928 0.118385
0 0 0.00884548
1 0.0165227 0.0252953
0 0 0.00874139
0 0 0.00872966
0 0 0.00870234
0 0 0.00859021
0 0 0.00857993
0 0 0.00852333
0 0 0.00840199
0 0 0.00839083
0 0 0.00826958
0 0 0.00826215
0 0 0.00820037
1 0.0276477 0.0357878
1 0.0839437 0.0920041
0 0 0.00802751
1 0.190324 0.198289
1 0.0738897 0.0817658
0 0 0.00780372
1 0.03138 0.0391807
0 0 0.00775916
1 0.036611 0.044292
0 0 0.00766076
1 0.0240624 0.0316884
0 0 0.0076128
1 0.0167797 0.0243431
0 0 0.00752335
0 0 0.00736101
1 0.0107025 0.0177929
1 0.200309 0.207365
0 0 0.0068919
0 0 0.00680977
0 0 0.00666992
2 0.324498 0.33104
0 0 0.00642202
0 0 0.00637169
1 0.0879979 0.0943377
0 0 0.00633689
2 0.397374 0.403593
0 0 0.00620825
0 0 0.0061647
1 0.0185493 0.0246469
0 0 0.00608028
0 0 0.0060418
0 0 0.00602589
0 0 0.00593431
1 0.0171864 0.0231104
1 0.0186156 0.0245282
1 0.0628707 0.0687775
1 0.0711098 0.0770069
0 0 0.00589032
0 0 0.005824
0 0 0.00579732
1 0.136104 0.141879
1 0.0386783 0.0443566
1 0.0171497 0.0227912
1 0.218055 0.223666
0 0 0.00552581
0 0 0.00545331
0 0 0.00542742
1 0.0816299 0.0870434
0 0 0.00538405
1 0.183275 0.188622
1 0.0228472 0.0280761
1 0.0261088 0.0313249
0 0 0.00520133
0 0 0.00520064
0 0 0.00514655
0 0 0.00510333
0 0 0.00509562
0 0 0.00502695
0 0 0.00497571
2 0.0484234 0.0533808
1 0.0167952 0.021666
1 0.0175912 0.0224396
0 0 0.00482585
1 0.0258478 0.0306373
0 0 0.00470736
0 0 0.00466922
0 0 0.00465548
0 0 0.00464171
1 0.0167779 0.0213745
0 0 0.00457183
0 0 0.0045469
0 0 0.00446981
1 0.0222224 0.0266581
2 0.0850926 0.0895272
1 0.157912 0.162284
0 0 0.00436345
0 0 0.00435199
1 0.0204577 0.024732
2 0.0802032 0.0843663
0 0 0.00415737
0 0 0.00414792
1 0.786019 0.790039
1 0.0333978 0.0373225
0 0 0.00392224
1 0.0243071 0.0282289
1 0.130792 0.134712
1 0.025257 0.0291558
0 0 0.00388164
1 0.104856 0.108653
0 0 0.00379141
1 0.0315157 0.0352975
1 0.0421317 0.045897
1 0.00964862 0.0134095
0 0 0.00369429
0 0 0.00357942
0 0 0.00345579
1 0.0583966 0.061832
1 0.00925909 0.0125772
1 0.0193228 0.0226218
1 0.014995 0.0182315
1 0.00795878 0.0111483
0 0 0.0030969
1 0.0125381 0.0156228
2 0.138837 0.141901
0 0 0.00306149
1 0.0170877 0.0200883
1 0.0482198 0.0512149
1 0.0307123 0.0336791
1 0.0160439 0.019001
1 0.0151478 0.0180861
1 0.260069 0.262998
1 0.0978328 0.100686
0 0 0.00279956
1 0.00824564 0.0110325
1 0.0307236 0.0335017
1 0.0542272 0.0569999
2 0.213028 0.215762
0 0 0.00272997
1 0.038927 0.041645
1 0.0396051 0.0423141
0 0 0.00259129
0 0 0.00256078
1 0.0725875 0.0751392
2 0.102003 0.10449
1 0.0128077 0.0152014
0 0 0.00237198
1 0.0140083 0.0163703
0 0 0.00233375
0 0 0.00232205
0 0 0.00228824
0 0 0.00222877
0 0 0.00221929
1 0.016821 0.0190355
2 0.085184 0.0873732
0 0 0.00215918
0 0 0.00215583
0 0 0.00215186
2 0.034937 0.0370813
0 0 0.00213616
1 0.0184743 0.0205815
0 0 0.00209819
2 0.299776 0.301866
1 0.0252412 0.0273133
0 0 0.0020453
0 0 0.00203907
1 0.0227738 0.0247746
2 0.302508 0.304458
0 0 0.00190609
1 0.00695773 0.00884331
1 0.00984413 0.0117182
1 0.00924549 0.0110989
0 0 0.00184423
0 0 0.00182502
1 0.0346752 0.0364917
1 0.0113941 0.013204
0 0 0.00179388
1 0.00858012 0.0103662
2 0.0570436 0.0588239
1 0.0336684 0.0354181
1 0.0715231 0.0732565
1 0.0158558 0.0175858
2 0.24896 0.250679
0 0 0.00170212
0 0 0.00169363
1 0.102652 0.104342
0 0 0.00164759
1 0.0102575 0.0118818
2 0.0874119 0.0890013
0 0 0.00158027
1 0.0101719 0.011727
1 0.0187678 0.0203039
2 0.0358451 0.03737
1 0.14326 0.144764
1 0.0377164 0.0392186
2 0.0854281 0.0869118
0 0 0.00148124
1 0.0320596 0.0334406
1 0.069365 0.070745
1 0.0228466 0.0242251
1 0.0179755 0.0193408
2 0.257476 0.258808
1 0.0147251 0.0160505
1 0.0341505 0.0354708
1 0.0236173 0.0248836
1 0.0175262 0.0187641
2 0.0448338 0.0460508
1 0.0592075 0.0604169
1 0.00924264 0.0104483
1 0.0294844 0.030687
2 0.201033 0.202232
0 0 0.00117782
1 0.0308176 0.0319876
1 0.145599 0.146764
1 0.00941771 0.0105699
0 0 0.00111972
1 0.123065 0.124181
1 0.00381876 0.00492311
2 0.213531 0.214616
2 0.154215 0.155283
1 0.184534 0.185601
1 0.0951711 0.0962265
1 0.00568605 0.00671728
1 0.0123353 0.0133612
0 0 0.00102365
0 0 0.00101367
1 0.0454276 0.0464364
0 0 0.00100801
1 0.144834 0.145838
1 0.0628201 0.0638217
0 0 0.000982646
2 0.0243844 0.0253558
1 0.0444031 0.0453723
0 0 0.000945608
1 0.00406403 0.00499571
1 0.0072575 0.00818598
1 0.0791223 0.0800253
1 0.00470172 0.00560465
1 0.0292024 0.0301024
0 0 0.000887732
1 0.0647585 0.0656402
2 0.0249452 0.0258254
1 0.0264006 0.0272617
1 0.084054 0.0849082
0 0 0.000839932
2 0.0920527 0.0928907
1 0.0789166 0.0797471
1 0.0261749 0.0270051
1 0.014457 0.0152809
0 0 0.000820611
1 0.0220406 0.0228602
1 0.201972 0.202782
1 0.199693 0.200498
0 0 0.000793252
2 0.0468441 0.0476289
1 0.038856 0.0396396
0 0 0.000778606
2 0.0364407 0.0372189
0 0 0.000774598
2 0.0273468 0.028105
1 0.127424 0.128172
2 0.172107 0.172833
0 0 0.000717837
1 0.0290873 0.0297869
2 0.026808 0.0274997
1 0.0747086 0.0753976
1 0.0335885 0.0342746
2 0.0587835 0.0594644
1 0.221081 0.22176
1 0.00259103 0.00327002
2 0.037234 0.0379038
1 0.168464 0.169121
1 0.0215739 0.0222212
2 0.0114224 0.0120444
1 0.0228215 0.0234275
2 0.120226 0.120815
2 0.084892 0.0854741
1 0.0682906 0.0688726
1 0.0175288 0.0181006
2 0.0320703 0.0326346
1 0.0663093 0.0668587
2 0.0972953 0.0978442
1 0.0256981 0.0262435
1 0.0513657 0.0519021
1 0.0233364 0.0238519
1 0.0206106 0.0211251
1 0.0181826 0.0186947
0 0 0.000507418
2 0.0783505 0.0788512
1 0.0457616 0.0462587
2 0.281269 0.281763
0 0 0.000487703
1 0.0389198 0.0393978
1 0.00887781 0.00934092
2 0.0580152 0.0584749
1 0.218389 0.218838
1 0.0027405 0.00317535
2 0.0539666 0.0543838
0 0 0.00041629
1 0.0110622 0.0114728
1 0.0147789 0.0151837
1 0.0115208 0.011923
2 0.0263492 0.026749
1 0.0443904 0.0447845
2 0.0186272 0.0190143
1 0.00342856 0.0038143
1 0.264588 0.264966
2 0.060604 0.060978
1 0.00997163 0.0103432
1 0.00791019 0.00828021
1 0.0453959 0.0457657
1 0.1315 0.13187
2 0.0211516 0.0215199
1 0.0492299 0.0495874
1 0.0273875 0.0277378
1 0.0145356 0.0148849
1 0.168965 0.169303
1 0.00732052 0.00765729
2 0.0614338 0.0617683
1 0.0110817 0.0114067
1 0.025832 0.0261544
1 0.0102195 0.0105362
1 0.0358578 0.0361726
1 0.0210166 0.0213284
1 0.127547 0.127854
1 0.0378397 0.0381448
1 0.0202002 0.0204993
1 0.010715 0.011014
1 0.396105 0.396395
1 0.016212 0.0164991
2 0.02768 0.0279647
2 0.0384653 0.0387477
1 0.0226194 0.022898
1 0.025782 0.0260588
2 0.030967 0.0312411
1 0.0318105 0.0320843
1 0.0484388 0.048687
1 0.251106 0.251352
1 0.0300892 0.0303218
1 0.0120233 0.0122468
1 0.119968 0.120186
1 0.0263112 0.0265271
2 0.0491017 0.0493149
2 0.0373626 0.0375687
1 0.00126456 0.0014683
2 0.0302028 0.0304022
1 0.0170288 0.0172246
1 0.0549665 0.0551611
1 0.0173217 0.0175137
2 0.0244499 0.0246398
0 0 0.000187521
2 0.019471 0.019656
2 0.292283 0.292461
1 0.00333416 0.00350774
1 0.021753 0.0219265
1 0.0364897 0.0366612
1 0.03143 0.0316006
1 0.0257239 0.0258913
1 0.0349766 0.0351417
1 0.330009 0.330167
2 0.0708025 0.0709596
1 0.00178644 0.00194249
2 0.0467545 0.0469092
0 0 0.000154393
2 0.024801 0.0249517
2 0.033984 0.0341343
1 0.00177269 0.00192002
1 0.0488861 0.0490323
1 0.054232 0.0543754
2 0.218911 0.219053
1 0.00100724 0.00114924
1 0.255036 0.255173
2 0.0230348 0.023171
1 0.0191251 0.0192606
2 0.143102 0.143238
2 0.0339256 0.0340589
1 0.0245753 0.0247084
1 0.0259912 0.0261225
1 0.0410677 0.0411897
1 0.0204078 0.0205294
1 0.055524 0.0556421
1 0.00737967 0.00749052
2 0.0444653 0.0445698
1 0.0345062 0.0346092
2 0.0767822 0.0768848
0 0 0.00010132
1 0.0307778 0.0308746
2 0.14799 0.148086
2 0.0251534 0.0252485
1 0.122493 0.122588
1 0.060535 0.0606284
1 0.0192554 0.0193485
1 0.0246728 0.0247587
1 0.036007 0.0360903
1 0.00223186 0.00231445
1 0.024843 0.0249245
2 0.0374051 0.0374828
1 0.00219066 0.00226445
1 0.0375311 0.0376041
1 0.193146 0.193217
2 0.0205451 0.0206158
1 0.00882399 0.00889471
2 0.0716562 0.0717268
1 0.131445 0.131516
1 0.0463656 0.0464324
2 0.00327666 0.00334134
1 0.00866417 0.00872065
2 0.0267717 0.0268277
1 0.0534695 0.0535242
1 0.0060666 0.00612091
2 0.0629616 0.0630157
0 0 5.39528e-05
2 0.0198389 0.0198897
2 0.0079927 0.00804289
2 0.026284 0.0263332
1 0.0177147 0.0177602
1 0.0100215 0.0100642
2 0.151515 0.151557
1 0.00149744 0.00153761
2 0.244577 0.244616
2 0.0740539 0.074087
1 0.0117822 0.0118136
1 0.0153251 0.0153532
1 0.025731 0.0257575
2 0.0248923 0.0249173
1 0.0112834 0.0113073
1 0.0338545 0.0338782
2 0.85555 0.855573
1 0.0147687 0.0147916
2 0.0764561 0.076479
2 0.0267309 0.0267537
1 0.00260616 0.00262814
1 0.0315231 0.0315447
1 0.022866 0.0228862
1 0.0193276 0.0193471
2 0.0371491 0.0371682
2 0.0386521 0.03867
1 0.0336734 0.0336893
1 0.00763934 0.00765518
1 0.00781229 0.00782785
2 0.0385772 0.0385899
1 0.0110799 0.011092
1 0.014125 0.0141347
1 0.0540877 0.0540963
2 0.251461 0.251469
1 0.0619261 0.0619335
1 0.0197122 0.0197194
1 0.021599 0.0216056
1 0.0244147 0.0244213
2 0.0265721 0.0265784
1 0.0145951 0.0146014
1 0.0352582 0.0352641
1 0.012661 0.0126664
1 0.0265607 0.0265652
2 0.0977619 0.0977664
1 0.0138285 0.0138329
2 0.089513 0.0895165
1 0.00482323 0.00482639
1 0.607123 0.607126
2 0.347988 0.347991
2 0.0365574 0.0365601
1 0.198251 0.198254
2 0.121549 0.121551
1 0.0489186 0.0489205
1 0.00591992 0.00592175
2 0.0284492 0.0284509
1 0.113086 0.113088
1 0.234379 0.23438
2 0.0222854 0.0222865
1 0.0436429 0.0436435
2 0.258919 0.25892
2 0.0366298 0.0366304
1 0.00541566 0.00541619
2 0.293122 0.293123
1 0.0132736 0.013274
2 0.269386 0.269387
1 0.00406429 0.00406445
