0 0 inf
0 0 0.170131
0 0 0.138861
1 0.2542 0.383851
0 0 0.116841
1 0.129089 0.226925
0 0 0.0954189
0 0 0.084369
0 0 0.0808733
0 0 0.0782826
1 0.128537 0.205224
1 0.0252092 0.0965045
0 0 0.0704484
0 0 0.0645853
0 0 0.0557014
0 0 0.0553546
1 0.0496666 0.104433
1 0.0889776 0.14283
0 0 0.0535304
0 0 0.0534402
1 0.194051 0.242764
1 0.131595 0.178179
0 0 0.0463102
0 0 0.0455445
0 0 0.044999
0 0 0.0430886
0 0 0.043033
1 0.172461 0.21484
1 0.0337038 0.0760262
0 0 0.0416742
2 0.387551 0.42842
1 0.0628147 0.102873
0 0 0.0362476
1 0.0701939 0.105405
0 0 0.0342373
1 0.0393757 0.0730601
1 0.105736 0.138221
0 0 0.0303513
0 0 0.0303217
1 0.0193772 0.049469
1 0.0263928 0.0552263
1 0.170852 0.199399
1 0.0682404 0.0966142
1 0.0351508 0.0624123
1 0.113037 0.140133
2 0.242587 0.268495
0 0 0.0256543
0 0 0.0254616
1 0.0642647 0.0891916
0 0 0.0245984
0 0 0.0235295
0 0 0.0235026
1 0.0855156 0.108806
0 0 0.023021
0 0 0.0224516
0 0 0.0222586
1 0.0757402 0.0979932
1 0.028319 0.050404
0 0 0.0219047
0 0 0.0205196
0 0 0.020415
0 0 0.0200689
0 0 0.0199767
0 0 0.0199396
1 0.107619 0.127052
1 0.0169318 0.0361832
0 0 0.0191779
0 0 0.0190014
0 0 0.0187357
0 0 0.0184182
0 0 0.018243
0 0 0.0178032
1 0.0911947 0.108901
1 0.155152 0.172561
0 0 0.0170561
0 0 0.0165968
0 0 0.016252
0 0 0.015287
0 0 0.0151823
1 0.187457 0.202281
2 0.389709 0.404413
1 0.0147541 0.0294236
0 0 0.014496
0 0 0.0142994
0 0 0.0137225
0 0 0.0136445
0 0 0.0134477
0 0 0.0133772
0 0 0.0129585
0 0 0.0129546
0 0 0.0126065
0 0 0.012606
0 0 0.0123423
1 0.0477299 0.0600117
0 0 0.0122733
1 0.132942 0.145128
1 0.0427127 0.0547354
0 0 0.0118622
0 0 0.0117872
0 0 0.011699
0 0 0.0116435
0 0 0.0114523
0 0 0.0112963
0 0 0.011229
0 0 0.0112262
1 0.348952 0.360123
0 0 0.0108269
0 0 0.0107323
2 0.256825 0.267453
0 0 0.0103321
0 0 0.0100322
1 0.0233468 0.0333467
0 0 0.00998711
0 0 0.00993936
2 0.112841 0.122594
1 0.0946732 0.104351
0 0 0.00952846
0 0 0.00944094
1 0.0136223 0.0230013
0 0 0.00905317
0 0 0.0088678
1 0.0464317 0.0552573
0 0 0.00881067
0 0 0.00863487
0 0 0.00843167
1 0.0266416 0.0350676
1 0.01307 0.0214931
0 0 0.00832455
0 0 0.00824619
0 0 0.0081551
0 0 0.00807087
0 0 0.00806958
0 0 0.00804557
0 0 0.00780638
0 0 0.00756904
0 0 0.00751916
1 0.0297773 0.037236
1 0.00900435 0.0164541
0 0 0.00737187
0 0 0.00737031
0 0 0.00733392
1 0.0808071 0.0881378
0 0 0.00720639
0 0 0.00715083
0 0 0.00714813
0 0 0.00703658
0 0 0.0068903
1 0.353363 0.360156
0 0 0.00671812
0 0 0.00671559
1 0.0274323 0.0341052
1 0.022707 0.029248
0 0 0.00649073
1 0.0687212 0.075121
2 0.0692359 0.0753384
0 0 0.00609385
0 0 0.00606122
1 0.0135025 0.0195142
0 0 0.00576543
0 0 0.00563736
0 0 0.00550006
0 0 0.00540662
0 0 0.0053216
0 0 0.0053191
0 0 0.00531602
1 0.0301619 0.0353806
1 0.0849717 0.090186
1 0.0158684 0.0210737
0 0 0.00517073
0 0 0.00512081
0 0 0.00511454
2 0.075411 0.0805116
0 0 0.00505854
0 0 0.00504774
0 0 0.00499933
0 0 0.00493912
0 0 0.00491374
0 0 0.00487392
1 0.0565801 0.0614342
1 0.0935958 0.0984495
0 0 0.00474724
0 0 0.00468174
0 0 0.00465645
1 0.0708685 0.0754734
2 0.147023 0.151575
0 0 0.00453714
1 0.163161 0.167694
0 0 0.00453141
1 0.0698735 0.0744047
1 0.0840175 0.088531
0 0 0.00449333
0 0 0.00446623
0 0 0.00444159
0 0 0.00440033
1 0.0194605 0.0237338
1 0.0311209 0.035324
1 0.0283999 0.032602
0 0 0.0041639
1 0.0372119 0.0413502
0 0 0.004123
1 0.0141225 0.01823
1 0.0818822 0.0859231
1 0.0121462 0.0161654
0 0 0.00398997
0 0 0.00396706
0 0 0.00393333
0 0 0.00380883
0 0 0.0038007
0 0 0.00374741
0 0 0.00373883
0 0 0.00362048
1 0.108593 0.112202
1 0.0361242 0.0397155
0 0 0.00358736
1 0.0156329 0.0191899
0 0 0.00349724
0 0 0.00345016
0 0 0.0034499
0 0 0.00335457
0 0 0.00329225
1 0.0742691 0.0775166
0 0 0.00323846
2 0.0978795 0.10111
1 0.00711646 0.0102978
2 0.0526469 0.0558281
0 0 0.00317192
1 0.0640946 0.0672627
0 0 0.00316739
0 0 0.00312311
1 0.0327835 0.0359045
0 0 0.00309855
0 0 0.00307335
0 0 0.00303401
1 0.0246245 0.0276489
1 0.0112798 0.0142836
1 0.0688402 0.0718221
0 0 0.0029116
0 0 0.00290444
1 0.146637 0.149538
0 0 0.00289541
1 0.0607927 0.0636791
0 0 0.00287434
0 0 0.00286593
1 0.143733 0.146589
0 0 0.00284901
1 0.0287906 0.0315952
1 0.0547451 0.0575222
1 0.0174533 0.0202103
1 0.0165203 0.0192262
1 0.0273968 0.0300508
1 0.02164 0.0242904
1 0.0287818 0.0314079
1 0.0646723 0.0672806
2 0.0363571 0.0389613
1 0.0362543 0.0388558
1 0.0118257 0.0144204
0 0 0.0025319
0 0 0.00253118
1 0.0220314 0.0245509
0 0 0.00251939
0 0 0.00249976
1 0.0912633 0.0937413
2 0.115694 0.11815
0 0 0.00244466
0 0 0.00243955
2 0.0621377 0.0645514
1 0.0660726 0.0684734
1 0.0326385 0.0350386
1 0.0110801 0.0134549
0 0 0.00236848
0 0 0.00231613
1 0.108377 0.110644
0 0 0.00219791
1 0.0449501 0.0471153
0 0 0.00212106
0 0 0.00211285
0 0 0.00207481
1 0.0175493 0.0195615
0 0 0.00197404
1 0.0126172 0.0145357
0 0 0.00191434
2 0.0362423 0.0381529
0 0 0.00190937
1 0.0109726 0.0128664
0 0 0.00189003
1 0.0435229 0.0454099
0 0 0.00183877
2 0.265914 0.267747
1 0.164874 0.166698
1 0.0524958 0.0543163
1 0.0265978 0.0284131
0 0 0.00180457
1 0.00591177 0.00768846
1 0.0130433 0.0147968
0 0 0.00172691
0 0 0.00171478
1 0.155169 0.15688
1 0.0248649 0.0265691
2 0.0214841 0.0230998
1 0.0118819 0.0134867
1 0.0177988 0.0193961
1 0.00340886 0.00494669
0 0 0.00153145
0 0 0.00153125
1 0.00716024 0.00868192
1 0.0356496 0.0371493
1 0.0199049 0.0214046
1 0.268604 0.270093
0 0 0.00147811
1 0.0129007 0.0143495
1 0.0755893 0.0770298
1 0.0071314 0.0085712
1 0.0130254 0.0144651
1 0.0180305 0.0194559
1 0.264798 0.266187
0 0 0.00138725
1 0.00825361 0.00963792
1 0.0261198 0.0274991
1 0.0274634 0.0288137
1 0.0357876 0.0371217
1 0.0159319 0.0172406
1 0.0623572 0.0636657
1 0.0328526 0.0341504
1 0.0571637 0.0584513
0 0 0.00128492
1 0.00590417 0.00718257
1 0.0144616 0.0157389
0 0 0.00126042
1 0.0550776 0.056334
1 0.00837998 0.00962433
1 0.0222102 0.0234528
1 0.0672863 0.0685221
2 0.116389 0.117622
1 0.0166455 0.0178559
0 0 0.00118925
2 0.0363511 0.0375402
2 0.0566943 0.057875
2 0.103158 0.104309
1 0.00453428 0.00567361
0 0 0.00111639
1 0.0175445 0.0186366
2 0.141651 0.142703
1 0.0291095 0.0301599
0 0 0.00104265
1 0.210709 0.21175
0 0 0.0010385
1 0.0949262 0.0959411
1 0.169749 0.170762
1 0.00825625 0.00926837
1 0.0986736 0.0996736
2 0.0584272 0.0594252
0 0 0.000959102
2 0.0762753 0.077226
1 0.0144862 0.015433
1 0.026865 0.0277949
0 0 0.000918206
1 0.215602 0.216515
1 0.00780541 0.00870084
1 0.0053994 0.00628726
1 0.0212046 0.0220411
1 0.0392323 0.0400363
1 0.00876041 0.009553
1 0.00747357 0.00826306
1 0.0129585 0.0137319
1 0.00849354 0.00926346
1 0.00379775 0.004523
1 0.0124484 0.0131433
1 0.199223 0.199904
0 0 0.000679737
1 0.0351262 0.0358041
2 0.150226 0.150876
1 0.0648878 0.0655291
1 0.271681 0.272309
2 0.11099 0.111614
1 0.0171104 0.0177296
1 0.00507549 0.00569212
1 0.0543933 0.0550023
0 0 0.000584418
1 0.0242029 0.0247788
1 0.00255448 0.00312626
2 0.0324561 0.0330231
0 0 0.000557448
1 0.087306 0.0878615
1 0.00185677 0.002406
2 0.0831965 0.0837455
2 0.0658076 0.0663527
1 0.233745 0.234286
1 0.0264314 0.0269613
1 0.00461258 0.00514136
2 0.0195433 0.0200716
1 0.035187 0.0357152
1 0.0572421 0.0577663
1 0.024249 0.0247667
2 0.0961807 0.096698
1 0.0141277 0.0146413
1 0.00782195 0.00832989
1 0.0128339 0.0133416
1 0.00543495 0.00594037
1 0.0217369 0.0222416
1 0.0060694 0.00656314
1 0.0125385 0.013023
1 0.0212996 0.0217826
1 0.00214465 0.00260787
2 0.112659 0.113115
2 0.00999568 0.0104344
2 0.0661408 0.0665779
2 0.112831 0.113258
1 0.0456826 0.0461042
2 0.0104282 0.0108428
1 0.101101 0.101507
0 0 0.000403669
1 0.0340538 0.0344563
2 0.0441912 0.0445818
1 0.0078244 0.00820934
1 0.00988866 0.0102644
1 0.132167 0.132543
1 0.0138748 0.014249
0 0 0.000371525
1 0.0163573 0.0167271
1 0.0138516 0.0142088
2 0.0752045 0.0755561
2 0.023772 0.0241225
1 0.00368366 0.00402702
2 0.119874 0.120214
0 0 0.000336662
1 0.0181774 0.018513
1 0.00204722 0.00237182
1 0.00746154 0.00778516
1 0.0184152 0.0187315
2 0.15777 0.158085
0 0 0.000304078
1 0.00875474 0.0090562
1 0.00705341 0.00734982
1 0.0235214 0.0238156
1 0.040157 0.040444
1 0.00572115 0.00600762
2 0.304097 0.304381
1 0.0137565 0.0140312
1 0.0319855 0.0322559
1 0.0114963 0.0117661
2 0.0197465 0.0200118
1 0.0557198 0.0559838
0 0 0.000259507
1 0.0090267 0.00928406
1 0.0208586 0.021107
1 0.0490912 0.0493376
2 0.0366061 0.0368461
1 0.0410427 0.0412815
1 0.041387 0.0416212
1 0.0156153 0.0158473
1 0.0107508 0.010979
2 0.0222315 0.0224595
1 0.101402 0.101625
1 0.141113 0.141334
1 0.0240952 0.0243141
1 0.0349375 0.0351548
2 0.0758622 0.076079
1 0.0158588 0.0160752
2 0.0358646 0.0360803
2 0.0360324 0.0362476
2 0.0362288 0.0364433
1 0.0218288 0.0220431
2 0.107211 0.107418
1 0.0325151 0.0327211
1 0.0168246 0.0170304
2 0.0101674 0.0103698
1 0.00498552 0.0051834
1 0.00168062 0.00187801
1 0.00609412 0.00628712
1 0.302502 0.302695
1 0.0058762 0.0060632
1 0.0166431 0.0168288
1 0.0186336 0.0188191
2 0.0136342 0.0138138
1 0.00897864 0.00915723
1 0.0562021 0.0563797
1 0.00650848 0.00668585
1 0.137864 0.13804
2 0.176815 0.17698
2 0.0919263 0.0920896
1 0.00736235 0.00752327
1 0.00558597 0.0057458
1 0.0650234 0.0651762
2 0.0159012 0.0160485
1 0.0176378 0.0177807
1 0.00911075 0.00925143
2 0.0550253 0.0551655
1 0.0121976 0.0123294
2 0.0620108 0.0621419
1 0.044634 0.0447646
1 0.0669683 0.0670955
1 0.00908039 0.00920187
1 0.0199826 0.0201023
1 0.0217444 0.0218609
2 0.00611604 0.00622907
2 0.0869548 0.0870654
1 0.107354 0.107458
1 0.012191 0.01229
0 0 9.83625e-05
2 0.0105407 0.0106379
2 0.0373349 0.0374225
1 0.0175035 0.0175897
1 0.0141758 0.0142613
1 0.0157969 0.0158804
2 0.0345757 0.0346568
0 0 7.84546e-05
2 0.0721719 0.0722495
2 0.056147 0.0562246
1 0.00749072 0.00756686
1 0.0901515 0.0902267
1 0.101945 0.102016
2 0.111486 0.111556
2 0.0181028 0.0181724
1 0.00652655 0.00659432
2 0.01733 0.0173951
1 0.0433626 0.0434269
2 0.0255945 0.0256564
2 0.206827 0.206883
1 0.011233 0.0112881
1 0.00355496 0.00360869
1 0.00573107 0.00578432
1 0.0133203 0.0133732
1 0.110238 0.110291
1 0.0306651 0.0307166
1 0.215473 0.215524
1 0.0599635 0.0600145
1 0.0782378 0.0782885
2 0.0911706 0.0912203
2 0.0815281 0.081577
1 0.0267915 0.0268402
2 0.0328847 0.0329312
2 0.149171 0.149217
1 0.0107986 0.0108438
1 0.0467837 0.0468283
1 0.0390729 0.0391164
1 0.0118218 0.0118627
1 0.00731049 0.00734756
1 0.0176458 0.0176823
2 0.0374095 0.0374426
1 0.0171671 0.0172001
2 0.00373024 0.0037624
1 0.0321389 0.032171
2 0.0319334 0.0319651
1 0.0127357 0.0127669
1 0.0250835 0.0251138
1 0.0151933 0.0152211
2 0.0235169 0.0235437
1 0.0101095 0.010136
2 0.102098 0.102124
1 0.0122353 0.0122599
1 0.0129161 0.0129397
1 0.023411 0.0234342
2 0.147979 0.148002
1 0.285653 0.285676
1 0.016651 0.0166725
1 0.028337 0.0283563
2 0.0461721 0.0461901
1 0.00379364 0.00381149
1 0.00938081 0.00939757
1 0.0159664 0.0159831
1 0.0230554 0.0230719
1 0.00666796 0.00668416
2 0.00842742 0.00844221
1 0.0343434 0.0343573
1 0.0251078 0.0251203
2 0.0755475 0.07556
2 0.017225 0.0172366
2 0.0303742 0.0303854
1 0.111227 0.111237
1 0.0242585 0.024269
1 0.0105413 0.0105502
1 0.00529639 0.00530453
2 0.105433 0.10544
1 0.0520234 0.052031
2 0.0753262 0.0753335
1 0.19682 0.196827
2 0.0620294 0.0620357
1 0.00941665 0.00942268
1 0.00332101 0.00332698
1 0.01898 0.0189859
2 0.0719623 0.071968
1 0.0444614 0.0444667
1 0.0671113 0.0671166
2 0.270126 0.270131
1 0.0127766 0.0127812
1 0.0221199 0.0221243
2 0.0503006 0.0503043
1 0.0176598 0.0176635
1 0.0140145 0.014018
2 0.296529 0.296531
2 0.0224608 0.0224628
1 0.0498741 0.0498761
2 0.311588 0.311589
2 0.00621567 0.00621704
1 0.00811053 0.00811149
1 0.0462987 0.0462995
1 0.00741512 0.0074159
1 0.0544661 0.0544668
2 0.0104649 0.0104655
1 0.159025 0.159026
1 0.00786399 0.00786425
2 0.0570396 0.0570398
1 0.0610513 0.0610515
1 0.0216037 0.0216038
1 0.00338986 0.00338993
2 0.0199015 0.0199015
1 0.0115688 0.0115688
2 0.0253728 0.0253728
1 0.00292558 0.00292558
