0 0 inf
0 0 0.197527
0 0 0.165724
1 0.176092 0.341602
0 0 0.151732
0 0 0.116641
0 0 0.108812
1 0.226167 0.329775
0 0 0.0986563
0 0 0.0870689
1 0.119793 0.206196
0 0 0.0810092
0 0 0.080466
0 0 0.0734409
0 0 0.0727732
0 0 0.069543
1 0.21032 0.277734
0 0 0.0666139
0 0 0.0609322
0 0 0.0582517
1 0.219326 0.277499
0 0 0.0523379
0 0 0.0496861
1 0.132495 0.181054
0 0 0.047851
0 0 0.047531
0 0 0.0472919
0 0 0.0458292
1 0.0687796 0.113071
1 0.0481049 0.0920025
0 0 0.0432628
0 0 0.0430697
1 0.0584661 0.101252
0 0 0.0413959
0 0 0.0413351
0 0 0.038077
1 0.0496099 0.0848358
1 0.213399 0.247833
0 0 0.0340663
0 0 0.032748
1 0.0838841 0.115934
0 0 0.0309072
0 0 0.0307896
1 0.0186632 0.0487182
1 0.0898721 0.119018
1 0.0390502 0.0679958
1 0.0322018 0.0600504
0 0 0.0266221
1 0.0244611 0.0505283
0 0 0.0253352
0 0 0.0253106
0 0 0.024653
0 0 0.0232446
1 0.177209 0.199854
1 0.0534387 0.0759639
0 0 0.0222592
0 0 0.0214905
1 0.0211943 0.0420906
1 0.0196962 0.0404842
0 0 0.0204308
1 0.308003 0.328139
1 0.0301255 0.0490772
1 0.169132 0.18808
0 0 0.0189429
0 0 0.0188958
1 0.134639 0.153387
0 0 0.0185308
0 0 0.0181124
0 0 0.0180847
0 0 0.0177678
0 0 0.0177275
1 0.21496 0.232141
0 0 0.0169361
0 0 0.0166966
1 0.172823 0.189494
0 0 0.0166007
0 0 0.0163777
0 0 0.0163328
0 0 0.0162976
0 0 0.0160921
0 0 0.0160729
1 0.367705 0.383676
0 0 0.0156073
0 0 0.0154896
1 0.0465379 0.0619959
0 0 0.0153157
1 0.0414215 0.0566794
0 0 0.0152558
0 0 0.015159
1 0.0248847 0.0398129
2 0.0977314 0.112319
1 0.103173 0.117743
0 0 0.0145244
0 0 0.0143263
1 0.0367531 0.05102
0 0 0.0139513
1 0.0898564 0.103736
1 0.0706358 0.0844757
1 0.0476698 0.0612193
0 0 0.0135184
0 0 0.0132464
1 0.0176117 0.0308009
0 0 0.0130819
1 0.213157 0.226046
0 0 0.0128727
1 0.00786142 0.0206684
1 0.128485 0.14111
0 0 0.0126106
0 0 0.0125806
1 0.0143325 0.0267898
1 0.147968 0.160349
0 0 0.0122177
0 0 0.0121551
0 0 0.0121448
1 0.0192698 0.0311009
0 0 0.0116932
0 0 0.0115744
0 0 0.011431
1 0.0146274 0.0260394
0 0 0.0113684
2 0.210354 0.221711
2 0.28216 0.293467
0 0 0.0112178
0 0 0.0111187
0 0 0.0110221
0 0 0.0109614
0 0 0.0109374
0 0 0.0109176
1 0.442721 0.453593
0 0 0.0106165
0 0 0.0105897
1 0.0499599 0.0604982
0 0 0.0104649
0 0 0.0103252
0 0 0.0103202
0 0 0.0102625
0 0 0.010245
0 0 0.0102088
0 0 0.0101455
0 0 0.0101374
1 0.26851 0.278502
2 0.380563 0.390496
0 0 0.00984396
1 0.109622 0.119427
0 0 0.00971659
0 0 0.00968467
0 0 0.00950591
1 0.0182039 0.0276812
2 0.160529 0.169994
0 0 0.00941417
0 0 0.00940055
0 0 0.00926201
0 0 0.00925585
0 0 0.00903337
1 0.0220446 0.0309582
0 0 0.00877736
1 0.0150573 0.0238236
1 0.011893 0.0206214
1 0.0511539 0.0597891
1 0.0674431 0.0760475
0 0 0.00853249
1 0.0291937 0.0375289
1 0.0773717 0.0856944
1 0.0850188 0.0932149
1 0.0122335 0.0203483
1 0.0270361 0.0351198
1 0.0104719 0.0185337
2 0.278084 0.286137
1 0.0270868 0.0350849
1 0.082029 0.0899945
1 0.0116103 0.0194962
1 0.0352164 0.0430804
1 0.0265127 0.0343377
0 0 0.00777798
0 0 0.00775526
0 0 0.0075482
0 0 0.0074799
0 0 0.00740622
2 0.208955 0.216265
1 0.0140608 0.0213149
2 0.248113 0.255342
2 0.174341 0.18157
2 0.202967 0.21016
1 0.0210183 0.0280998
0 0 0.00702326
0 0 0.00695902
0 0 0.00680651
0 0 0.00674753
1 0.0223799 0.0291155
0 0 0.00672518
1 0.164596 0.171288
1 0.0707704 0.0774579
0 0 0.00659401
1 0.0234826 0.0300374
0 0 0.00653579
2 0.11304 0.119463
0 0 0.00620617
1 0.0384665 0.0446643
1 0.30762 0.313672
0 0 0.00604191
1 0.0210201 0.0269489
1 0.0180003 0.0239179
1 0.0262108 0.0321244
1 0.0247318 0.0305194
0 0 0.0057035
1 0.173852 0.179458
1 0.0599762 0.0655415
1 0.0261632 0.031672
1 0.202331 0.207805
1 0.273697 0.279103
0 0 0.00536191
0 0 0.00530293
1 0.188185 0.193478
0 0 0.00528346
2 0.130835 0.136116
1 0.0554081 0.0606496
0 0 0.00523479
0 0 0.00523456
0 0 0.00522681
1 0.0261199 0.0312653
1 0.0292812 0.0343074
0 0 0.00498432
1 0.234033 0.238968
0 0 0.00481627
0 0 0.00476811
1 0.0162428 0.0210092
0 0 0.00475881
0 0 0.00472739
0 0 0.00472104
1 0.0406123 0.0453154
1 0.0227867 0.0273986
2 0.0601536 0.0647656
0 0 0.00461034
0 0 0.00460941
1 0.0326352 0.0371631
0 0 0.00448998
1 0.0108695 0.0153499
1 0.150227 0.154701
0 0 0.00445371
1 0.00603498 0.0104454
0 0 0.00430659
0 0 0.00428644
0 0 0.00427442
1 0.0231078 0.0273684
0 0 0.00425194
1 0.0177222 0.0219679
0 0 0.00423753
0 0 0.00421565
0 0 0.00415716
0 0 0.00413065
1 0.0355311 0.0396614
2 0.0502018 0.0543194
0 0 0.00403492
0 0 0.00402843
0 0 0.00402193
0 0 0.0040147
0 0 0.00395208
1 0.0471047 0.0509744
0 0 0.00376961
2 0.12299 0.126725
0 0 0.00367347
1 0.0722949 0.0759444
0 0 0.00364102
0 0 0.00362351
1 0.29798 0.301591
0 0 0.00358851
1 0.0115313 0.015112
2 0.380905 0.384465
1 0.0662616 0.0698113
1 0.0164507 0.019995
1 0.0452538 0.048791
0 0 0.0035256
1 0.0367325 0.040227
1 0.00746928 0.0109503
1 0.0639536 0.0674146
1 0.0399794 0.0434394
0 0 0.00343054
2 0.0433651 0.0467868
1 0.272845 0.276249
0 0 0.00340078
1 0.0213278 0.0246689
1 0.0378287 0.0411636
1 0.0112227 0.014541
0 0 0.00331731
1 0.016188 0.0194982
1 0.0586583 0.0619225
0 0 0.00324868
0 0 0.00317157
1 0.0425412 0.0457055
1 0.0207553 0.0238959
0 0 0.00310353
0 0 0.00309396
1 0.245953 0.248991
0 0 0.00302913
2 0.0580774 0.0611022
1 0.018948 0.0219638
1 0.049645 0.0526513
0 0 0.00299723
1 0.0263541 0.0293053
2 0.113441 0.116355
2 0.31405 0.316948
0 0 0.0028198
0 0 0.00281252
2 0.0291546 0.0319116
1 0.0235615 0.0263117
0 0 0.00273614
2 0.0454946 0.0482
1 0.00723484 0.0099378
0 0 0.00266863
1 0.037575 0.0402246
0 0 0.0026238
0 0 0.00257828
2 0.462498 0.465033
1 0.0283985 0.0308642
1 0.0292615 0.0317248
1 0.06191 0.064348
1 0.0192555 0.0216699
0 0 0.00238068
0 0 0.00237937
0 0 0.00236009
0 0 0.00235276
1 0.0169404 0.0192799
1 0.0451609 0.0474836
0 0 0.00231927
1 0.0689843 0.0712921
0 0 0.00228497
1 0.00752306 0.00979538
1 0.0278722 0.0301374
2 0.0405705 0.0428275
1 0.105592 0.107804
0 0 0.00218785
1 0.0772547 0.079421
0 0 0.00215633
1 0.0263535 0.028499
1 0.0733228 0.0754442
1 0.0144552 0.0165149
1 0.0547395 0.0567986
0 0 0.00203496
0 0 0.0020261
1 0.0235418 0.0255608
0 0 0.00201766
1 0.021411 0.0233914
2 0.0701904 0.0721217
0 0 0.00191319
1 0.00763194 0.00949684
1 0.0643413 0.0662059
0 0 0.0018609
1 0.0291759 0.0310251
0 0 0.00181478
0 0 0.00179669
2 0.0284588 0.0302503
1 0.126314 0.128101
1 0.0503974 0.052155
1 0.00904778 0.0108036
1 0.0136209 0.0153762
1 0.119937 0.121631
1 0.0677522 0.0694035
2 0.041212 0.0428598
1 0.0173989 0.0190426
1 0.0609487 0.0625834
1 0.0137631 0.0153594
1 0.0133721 0.0149452
0 0 0.00154654
1 0.0518941 0.0534365
2 0.0229579 0.0244853
1 0.0546139 0.0561308
1 0.00986382 0.0113792
0 0 0.00151249
1 0.0466991 0.0482109
0 0 0.00150735
1 0.00547818 0.00698176
2 0.0507347 0.0522183
0 0 0.00147634
1 0.0218758 0.0233236
0 0 0.00143665
0 0 0.00135667
1 0.0241544 0.0254837
0 0 0.00132515
1 0.0422669 0.0435853
1 0.0246268 0.0259401
0 0 0.00130634
0 0 0.00126745
1 0.120823 0.122091
0 0 0.00123508
2 0.101621 0.102845
1 0.0133787 0.0145958
1 0.0300396 0.0312335
1 0.0120141 0.0132022
1 0.0161949 0.0173755
0 0 0.00117101
1 0.00515477 0.00628277
2 0.189817 0.190928
1 0.0422891 0.0433919
1 0.0223528 0.0234374
2 0.463959 0.465032
1 0.0484275 0.0494895
2 0.022171 0.0232082
1 0.0138102 0.0148433
0 0 0.00102828
1 0.0948091 0.0958239
0 0 0.000999641
1 0.0394616 0.04044
1 0.03753 0.0385067
0 0 0.000960356
1 0.0154684 0.0164207
1 0.0164076 0.0173553
1 0.00564305 0.0065904
1 0.125894 0.126837
1 0.0128835 0.0138241
2 0.350816 0.351756
1 0.013301 0.0142201
1 0.0102904 0.0112035
1 0.0255744 0.02648
1 0.0164948 0.017383
1 0.0112449 0.0121088
2 0.0661177 0.0669582
1 0.115158 0.115991
2 0.0762695 0.0771015
1 0.00806757 0.00887269
2 0.0299772 0.0307722
2 0.0492475 0.0500309
2 0.240707 0.241487
2 0.0524149 0.0531727
2 0.0167312 0.017481
1 0.0383317 0.0390738
2 0.0394198 0.0401571
2 0.0675279 0.0682451
2 0.0639919 0.0647022
1 0.00742986 0.00813809
1 0.0341485 0.0348437
1 0.0125165 0.013211
1 0.00302115 0.00371431
1 0.0709766 0.0716508
2 0.0698561 0.0705287
1 0.0201885 0.0208591
1 0.00707258 0.00773205
1 0.00494542 0.00560332
1 0.0493847 0.0500413
2 0.0227076 0.0233621
2 0.0332053 0.0338598
2 0.0454332 0.0460833
2 0.0764156 0.0770616
1 0.239146 0.239784
1 0.0253852 0.0260218
1 0.0258931 0.02652
1 0.0470089 0.0476327
1 0.00475091 0.00537067
2 0.111475 0.112085
2 0.0324783 0.033086
2 0.022614 0.0232084
2 0.0265543 0.0271434
1 0.0976544 0.0982411
1 0.0100908 0.0106771
1 0.0330059 0.0335786
1 0.0118436 0.0124118
1 0.0291038 0.0296702
1 0.0190968 0.0196629
1 0.0482714 0.0488316
0 0 0.000554965
1 0.0220245 0.0225711
1 0.0111992 0.0117448
1 0.00497904 0.0055165
1 0.0230073 0.0235363
1 0.0682433 0.0687663
1 0.00547199 0.00599131
1 0.0060847 0.00660316
2 0.0824718 0.0829719
1 0.0163374 0.016831
2 0.463578 0.464069
1 0.0145984 0.0150889
2 0.0331507 0.0336383
1 0.167636 0.168119
2 0.0216913 0.0221733
2 0.055976 0.0564567
1 0.0224998 0.0229793
2 0.0279176 0.0283961
1 0.0247547 0.0252294
1 0.248966 0.249435
1 0.0165013 0.0169634
1 0.0214692 0.0219216
1 0.0139218 0.0143727
1 0.0228832 0.0233297
1 0.0360147 0.0364587
1 0.119841 0.120284
1 0.00909277 0.00953476
1 0.00874412 0.00918085
1 0.054898 0.0553331
1 0.00572796 0.00616028
0 0 0.000429844
1 0.0121676 0.0125968
1 0.0360293 0.036452
1 0.0637705 0.064176
1 0.0040671 0.00446505
1 0.0254256 0.0258222
1 0.0162568 0.0166409
2 0.0366996 0.0370758
0 0 0.000375239
2 0.1901 0.190475
2 0.111531 0.111904
1 0.0781438 0.0785025
1 0.0189301 0.0192791
2 0.0435548 0.0438999
1 0.050861 0.0512017
1 0.0200145 0.0203551
1 0.0152847 0.0156193
1 0.00875379 0.00907868
1 0.0185214 0.0188454
1 0.0222137 0.0225366
2 0.0357976 0.0361133
1 0.0192189 0.0195255
1 0.00781665 0.00812277
0 0 0.000304398
2 0.180935 0.181235
2 0.0666467 0.0669142
1 0.00930938 0.00957595
2 0.0229023 0.0231682
1 0.0549641 0.0552296
2 0.0672535 0.0675148
1 0.0860854 0.0863433
1 0.0281917 0.0284434
2 0.010037 0.0102835
1 0.0186451 0.0188875
1 0.00148122 0.0017215
1 0.0157818 0.0160196
1 0.00740746 0.0076447
1 0.0112844 0.0115209
1 0.0302302 0.0304654
1 0.0042236 0.00445754
2 0.0210051 0.0212372
1 0.0184457 0.0186723
2 0.026565 0.026791
2 0.0400216 0.0402417
2 0.121639 0.12185
2 0.0317729 0.0319747
2 0.0297826 0.0299804
1 0.0212391 0.0214342
1 0.0671327 0.0673275
1 0.0034085 0.00360115
1 0.0360615 0.0362536
2 0.209419 0.20961
1 0.0289094 0.0290953
1 0.0229594 0.023142
1 0.0165315 0.0167118
1 0.0284893 0.0286697
1 0.00307815 0.0032571
1 0.00612606 0.0063043
1 0.0300739 0.0302516
2 0.0154601 0.0156374
1 0.0496569 0.0498309
1 0.0271626 0.0273306
2 0.0200812 0.0202484
1 0.0123653 0.0125309
1 0.0204031 0.0205679
1 0.0116653 0.0118263
1 0.0244718 0.0246315
1 0.0253257 0.0254842
1 0.0200324 0.0201884
2 0.0160645 0.0162162
2 0.0457791 0.0459195
1 0.014246 0.0143843
2 0.0395382 0.0396726
2 0.0205714 0.0207005
1 0.028561 0.0286866
2 0.0480223 0.0481478
1 0.00742197 0.00754677
2 0.0355746 0.0356991
2 0.329525 0.329648
2 0.0929453 0.0930656
1 0.0236089 0.0237229
2 0.0168626 0.0169744
1 0.0155454 0.0156565
1 0.198673 0.198784
1 0.00869591 0.00880398
1 0.0493167 0.0494218
2 0.0689689 0.069064
2 0.0501654 0.050259
1 0.0298472 0.0299406
2 0.104383 0.104476
2 0.303416 0.303508
1 0.0202129 0.0203042
1 0.0139616 0.0140519
2 0.155394 0.155483
1 0.0149121 0.014996
2 0.101858 0.10194
1 0.019494 0.019572
1 0.00402539 0.00410213
2 0.0193622 0.0194389
1 0.0102499 0.0103248
1 0.0382116 0.038286
1 0.0185997 0.0186729
1 0.0107257 0.0107953
2 0.0273352 0.0274015
1 0.0192699 0.0193347
1 0.0295039 0.0295672
2 0.0125874 0.01265
2 0.0188342 0.0188967
1 0.0125613 0.0126229
2 0.290318 0.290379
1 0.00174963 0.00180821
2 0.0230604 0.0231188
1 0.0313224 0.0313789
1 0.0110754 0.0111316
1 0.0071178 0.00717244
1 0.0415645 0.0416177
2 0.0102482 0.010301
2 0.0485977 0.0486488
1 0.0386238 0.0386707
1 0.0220394 0.0220835
1 0.0569846 0.0570285
1 0.0166475 0.0166914
2 0.464963 0.465003
2 0.0357066 0.0357466
1 0.0155766 0.0156149
2 0.0926342 0.0926698
1 0.011069 0.0111012
1 0.00458185 0.00461379
1 0.0223557 0.0223875
1 0.0147855 0.014816
2 0.0360737 0.0361038
1 0.100996 0.101025
1 0.0557091 0.0557375
2 0.0128057 0.0128332
1 0.0355239 0.0355503
1 0.0242861 0.0243108
1 0.0118126 0.011836
1 0.00378603 0.0038091
1 0.010041 0.0100626
1 0.0270911 0.0271117
1 0.0207139 0.0207343
2 0.119502 0.119522
1 0.0146837 0.0147029
1 0.143318 0.143337
2 0.139502 0.139519
1 0.0181936 0.0182106
2 0.0165511 0.0165672
2 0.03857 0.0385858
1 0.0348358 0.0348501
2 0.0295576 0.0295716
1 0.0232428 0.023256
1 0.13077 0.130783
2 0.0437627 0.0437746
2 0.00633442 0.00634617
2 0.0159504 0.0159619
2 0.019055 0.0190647
2 0.0228782 0.0228872
1 0.0415832 0.0415922
2 0.0320679 0.0320768
1 0.0254336 0.0254425
1 0.015382 0.0153908
2 0.0370799 0.0370855
2 0.015415 0.0154203
2 0.0356053 0.0356105
2 0.0310166 0.0310217
1 0.0575434 0.0575485
1 0.0220534 0.0220581
1 0.0196096 0.0196134
1 0.278653 0.278657
2 0.0431149 0.0431179
1 0.046513 0.0465155
1 0.00439168 0.00439398
2 0.0236093 0.0236115
1 0.0338304 0.0338323
1 0.021148 0.0211495
2 0.023402 0.0234035
2 0.0434213 0.0434225
1 0.0241463 0.0241473
1 0.0213777 0.0213787
2 0.0281596 0.0281605
1 0.0186186 0.0186191
1 0.024555 0.0245555
1 0.0489584 0.0489587
1 0.0219426 0.0219427
2 0.0286519 0.0286519
