0 0 inf
0 0 0.264379
1 0.265295 0.408685
0 0 0.13751
0 0 0.129607
0 0 0.1078
1 0.147306 0.251567
0 0 0.087903
0 0 0.0873285
0 0 0.0847559
0 0 0.083719
0 0 0.0783219
1 0.227524 0.304174
0 0 0.0734062
1 0.0378914 0.109803
0 0 0.0573133
1 0.09369 0.149069
0 0 0.0522695
1 0.0945066 0.138407
0 0 0.0418404
0 0 0.0370051
0 0 0.0352938
1 0.0312057 0.0644898
1 0.234778 0.267592
1 0.0695985 0.0992025
0 0 0.0290907
1 0.0750103 0.104065
0 0 0.0285189
0 0 0.02762
1 0.102672 0.130215
0 0 0.0272468
1 0.0203382 0.0474003
0 0 0.0264588
0 0 0.0258618
0 0 0.0258231
1 0.500261 0.525981
0 0 0.0254924
0 0 0.0252678
0 0 0.0250538
1 0.0322579 0.056661
0 0 0.0238081
0 0 0.0235518
0 0 0.0234676
0 0 0.0229489
1 0.0634968 0.086236
0 0 0.0224334
0 0 0.0222996
0 0 0.0212303
0 0 0.0211105
0 0 0.021015
0 0 0.0209088
0 0 0.0204252
1 0.024822 0.0452144
1 0.125183 0.144754
0 0 0.0191976
0 0 0.0189725
1 0.0379302 0.0566761
0 0 0.0183952
0 0 0.0180675
0 0 0.0178896
0 0 0.0172894
1 0.0470347 0.0642145
1 0.0420721 0.05918
0 0 0.0165781
0 0 0.0162643
1 0.125693 0.140931
0 0 0.0150682
0 0 0.0145278
0 0 0.0143154
0 0 0.0141837
0 0 0.014118
0 0 0.0137818
0 0 0.013529
1 0.0411472 0.0545975
0 0 0.013296
1 0.0400814 0.0532145
1 0.0116608 0.0247651
0 0 0.0129409
1 0.0143949 0.0270856
0 0 0.012536
0 0 0.0121915
1 0.16227 0.174431
1 0.0784039 0.0904343
0 0 0.0118993
0 0 0.0118607
1 0.0179707 0.029618
0 0 0.0116379
1 0.0270327 0.0385885
0 0 0.0115046
0 0 0.0114518
0 0 0.0114442
0 0 0.0113524
0 0 0.0112978
0 0 0.0112918
1 0.0339528 0.0452144
0 0 0.0111805
0 0 0.0108178
0 0 0.0106319
0 0 0.0105687
1 0.293035 0.303525
0 0 0.0103181
0 0 0.0101942
0 0 0.0100302
0 0 0.00997454
0 0 0.00991359
1 0.100615 0.110497
0 0 0.00983772
1 0.0261651 0.035955
1 0.0164695 0.0258521
0 0 0.00911459
0 0 0.00909957
0 0 0.00909846
0 0 0.00909037
0 0 0.0090347
1 0.0336842 0.0427018
2 0.0582385 0.0671495
0 0 0.00886557
0 0 0.00886538
1 0.00901002 0.0178473
1 0.170332 0.179078
0 0 0.00871999
1 0.0119984 0.020578
1 0.0586907 0.0672486
1 0.0139627 0.0224834
0 0 0.00851774
0 0 0.00837287
0 0 0.00821931
0 0 0.008176
0 0 0.00813469
0 0 0.0080596
0 0 0.0079693
0 0 0.00783137
0 0 0.00778954
1 0.0308012 0.0385788
0 0 0.00772244
0 0 0.00768183
0 0 0.00742707
0 0 0.00738473
0 0 0.00730046
0 0 0.00728352
0 0 0.00723124
1 0.0194994 0.0265671
0 0 0.00701307
0 0 0.0069838
0 0 0.0069189
1 0.031032 0.0379171
1 0.0238753 0.0307084
1 0.124238 0.131045
0 0 0.00680373
0 0 0.00677598
0 0 0.00668627
0 0 0.00664861
0 0 0.00658872
1 0.0188326 0.0253683
1 0.0186671 0.0251371
0 0 0.00645219
1 0.372866 0.379317
2 0.131168 0.137371
2 0.110819 0.117008
1 0.0494612 0.0555873
0 0 0.00609259
1 0.039568 0.0455648
0 0 0.00599433
0 0 0.00589339
0 0 0.00583051
0 0 0.00578394
1 0.0464696 0.0521244
0 0 0.00555972
0 0 0.00552358
1 0.133901 0.139368
0 0 0.00546586
1 0.0152574 0.0206938
1 0.0304414 0.0358442
0 0 0.00531335
0 0 0.00522086
1 0.0337676 0.0389663
0 0 0.00519819
1 0.0092034 0.0143811
0 0 0.00517581
1 0.0319062 0.0370124
0 0 0.0050914
1 0.310289 0.31533
0 0 0.00503271
0 0 0.00502173
0 0 0.00501013
0 0 0.00498899
1 0.0711572 0.0761425
0 0 0.00496837
0 0 0.00492378
0 0 0.00488844
1 0.025235 0.0300154
1 0.0196691 0.024363
1 0.0828382 0.0874777
1 0.0240042 0.0285943
1 0.0134878 0.0180771
1 0.00772855 0.012317
1 0.0290944 0.033669
0 0 0.00457108
1 0.145879 0.150443
1 0.0475823 0.0521354
2 0.39463 0.399151
0 0 0.00448456
0 0 0.00448426
0 0 0.00442774
0 0 0.00430712
1 0.0476547 0.0519546
1 0.0408061 0.0450348
1 0.0173765 0.0216026
0 0 0.00421404
1 0.0424369 0.0466497
0 0 0.00417935
0 0 0.00415144
0 0 0.00413175
1 0.0132305 0.0173263
0 0 0.00408622
0 0 0.00407176
1 0.0112578 0.0153189
1 0.00942403 0.0134107
1 0.0117037 0.0156753
1 0.0432458 0.0471518
1 0.0275927 0.0314584
0 0 0.00380632
1 0.0275942 0.0313749
1 0.027645 0.0314082
2 0.0974282 0.101167
1 0.0129767 0.0166864
0 0 0.00370873
0 0 0.0036242
1 0.0108902 0.0145103
0 0 0.00361377
0 0 0.0035594
1 0.0131742 0.016727
1 0.092517 0.0959388
1 0.0303828 0.0337718
1 0.0859561 0.0893229
0 0 0.00336089
1 0.0223334 0.0256699
1 0.0377552 0.0410785
1 0.124467 0.127699
0 0 0.00317523
0 0 0.00315149
1 0.0132583 0.016396
0 0 0.00306645
1 0.13956 0.142562
0 0 0.00299714
1 0.0226848 0.0256391
1 0.053315 0.056266
0 0 0.00291861
1 0.0490192 0.0519264
2 0.0633647 0.0662636
2 0.0465555 0.0494369
0 0 0.00283583
1 0.0357684 0.0385814
0 0 0.00275667
0 0 0.00268359
1 0.0112073 0.0138673
0 0 0.00257127
1 0.023301 0.0258341
1 0.0208016 0.0232724
1 0.0406164 0.0430614
0 0 0.00236946
1 0.0396888 0.0420551
0 0 0.00232216
1 0.0737886 0.0760791
0 0 0.00227351
2 0.104456 0.106726
1 0.0292773 0.0315349
2 0.0524024 0.0546544
1 0.015847 0.0180925
1 0.0320749 0.0343085
1 0.194169 0.19636
0 0 0.00218796
1 0.0577509 0.0599267
1 0.0201353 0.0222921
0 0 0.00212678
0 0 0.00210651
1 0.0277262 0.0298239
1 0.0352367 0.0373131
0 0 0.00206386
1 0.213376 0.215437
1 0.0891145 0.0911613
2 0.058622 0.0606621
0 0 0.00203561
0 0 0.00203027
0 0 0.00202961
0 0 0.00202229
0 0 0.00201823
1 0.0503221 0.0523398
1 0.0366618 0.0386769
1 0.00975554 0.0117625
1 0.026869 0.0288697
0 0 0.00199054
2 0.0491634 0.0511284
2 0.102596 0.104547
0 0 0.00192552
2 0.0226086 0.0244721
0 0 0.00184994
0 0 0.00183497
0 0 0.0018273
1 0.0108017 0.0126207
0 0 0.00179875
0 0 0.00179111
0 0 0.00177729
1 0.0233528 0.0250834
1 0.0123999 0.0141189
1 0.0469944 0.0486901
1 0.0234474 0.0251322
0 0 0.00168186
1 0.100677 0.10235
2 0.0422535 0.0439183
0 0 0.00160898
1 0.0127785 0.0143447
2 0.0392672 0.0408103
2 0.0254223 0.0269565
2 0.161582 0.163069
0 0 0.00148312
2 0.0258994 0.0273817
1 0.0133069 0.0147501
1 0.0136963 0.0151181
0 0 0.00137456
1 0.0505141 0.051887
2 0.0309107 0.032273
2 0.0689146 0.0702527
1 0.0095319 0.0108698
0 0 0.00132971
1 0.0139919 0.0153192
0 0 0.00131269
1 0.381951 0.383258
1 0.0270815 0.0283836
2 0.0439137 0.045206
1 0.0273468 0.0286202
1 0.00473215 0.00599991
2 0.0328732 0.0341341
0 0 0.00125459
1 0.00855692 0.00980869
1 0.021414 0.0226652
1 0.162112 0.163358
0 0 0.00123465
1 0.00678894 0.00795302
1 0.0216267 0.0227541
1 0.0600221 0.0611437
1 0.0205565 0.0216692
1 0.0137678 0.0148782
0 0 0.00109541
1 0.0594285 0.0605146
2 0.057962 0.0590025
2 0.0482023 0.0492317
1 0.0873588 0.0883852
1 0.00667018 0.00768651
1 0.00953738 0.0105197
0 0 0.000979427
1 0.0303144 0.0312889
1 0.0265155 0.0274673
1 0.0114308 0.0123622
1 0.0118951 0.0128138
1 0.012918 0.0138357
1 0.0311217 0.0320215
1 0.00971325 0.0105851
1 0.0286312 0.0294937
1 0.0117947 0.0126465
1 0.0149529 0.0157968
0 0 0.000808664
1 0.062504 0.0633034
1 0.0141622 0.014956
0 0 0.000791775
2 0.0208707 0.0216548
2 0.0316175 0.0323988
2 0.0177124 0.0184729
0 0 0.000759629
1 0.0138208 0.0145705
0 0 0.000747102
1 0.023469 0.0241924
1 0.0475927 0.0483141
1 0.205535 0.206249
0 0 0.000711157
2 0.0292305 0.0299412
1 0.0834232 0.0841331
2 0.030072 0.0307731
1 0.0350026 0.0356949
1 0.00730002 0.00799101
1 0.00273019 0.00341492
1 0.0108548 0.0115171
1 0.0149471 0.015607
2 0.14026 0.140908
1 0.0118681 0.0124949
1 0.00769299 0.00831674
1 0.0180429 0.0186614
1 0.00846924 0.00907776
0 0 0.000601111
1 0.00769899 0.00828348
1 0.0304298 0.0310064
2 0.0628987 0.0634739
1 0.0380872 0.0386488
1 0.0110312 0.0115927
0 0 0.000560839
2 0.0583 0.058839
2 0.0155766 0.0161019
1 0.0124494 0.0129709
2 0.058427 0.0589415
1 0.0189125 0.0194246
1 0.0176437 0.0181413
0 0 0.000487554
2 0.139577 0.140064
1 0.0218233 0.0223079
2 0.0479005 0.0483788
2 0.126319 0.126794
2 0.0278549 0.0283288
1 0.00433039 0.00479843
2 0.0420165 0.0424841
1 0.00547006 0.00593451
1 0.0934402 0.0938989
1 0.0920389 0.0924915
1 0.0557894 0.0562248
1 0.00569899 0.00612867
1 0.00295999 0.00337369
1 0.00926173 0.00967035
1 0.0906144 0.0910211
1 0.00922212 0.00962379
2 0.0401884 0.0405892
1 0.0225694 0.0229702
1 0.0363169 0.0367114
1 0.00730248 0.00769547
1 0.00457699 0.00496873
1 0.102932 0.103301
1 0.0202924 0.0206555
2 0.116654 0.117017
1 0.0174923 0.0178492
2 0.0168311 0.0171845
1 0.0496304 0.0499828
2 0.104779 0.105126
0 0 0.000345058
1 0.0131356 0.0134781
2 0.0544211 0.0547603
1 0.00963112 0.00996932
2 0.0570815 0.0574181
1 0.115284 0.11562
1 0.0516513 0.0519835
2 0.025319 0.0256499
1 0.0255755 0.0259035
1 0.0164981 0.0168198
1 0.0192723 0.0195929
1 0.0483434 0.0486635
1 0.0439509 0.0442683
1 0.0558877 0.056205
1 0.0122132 0.0125295
1 0.0193483 0.019661
1 0.0158965 0.0162085
2 0.136841 0.13715
1 0.028438 0.0287451
2 0.026695 0.0269932
0 0 0.000295176
1 0.00724458 0.00753267
1 0.0245028 0.024788
1 0.246669 0.246946
1 0.0628576 0.0631304
1 0.056657 0.0569275
1 0.0626799 0.0629463
1 0.0127447 0.0130095
1 0.00310681 0.00337144
0 0 0.000254851
2 0.0389375 0.0391881
1 0.0424593 0.0427049
1 0.00237939 0.00262476
1 0.011192 0.0114371
1 0.0451109 0.0453423
1 0.0289473 0.0291786
2 0.0350452 0.0352739
1 0.0127137 0.0129415
1 0.0346246 0.0348497
2 0.0454417 0.0456635
1 0.0410264 0.0412481
1 0.0432924 0.0435089
2 0.0396588 0.0398689
1 0.0311051 0.0313139
2 0.0155111 0.0157184
2 0.0632378 0.0634413
1 0.0112253 0.0114267
1 0.015105 0.0153054
1 0.0106267 0.010824
1 0.0312686 0.0314657
1 0.235116 0.235311
1 0.0041704 0.00436038
1 0.0192631 0.0194529
1 0.0206036 0.0207896
1 0.0158966 0.0160814
1 0.072717 0.0729017
0 0 0.000179493
0 0 0.000176489
2 0.0144896 0.0146584
1 0.00536106 0.00552506
1 0.0112894 0.0114531
2 0.0257249 0.0258812
1 0.0216151 0.0217697
1 0.0101635 0.0103093
0 0 0.000144901
1 0.0109456 0.0110899
2 0.0483571 0.0485002
2 0.0387171 0.0388593
1 0.00698812 0.00712956
1 0.00780933 0.00795037
2 0.0266176 0.0267564
1 0.127778 0.127913
2 0.0477423 0.0478752
1 0.0714662 0.0715945
2 0.0480841 0.0482117
1 0.0260102 0.0261338
1 0.010558 0.0106813
1 0.0291799 0.0293027
1 0.0271582 0.0272785
1 0.00616854 0.00628877
2 0.0207953 0.0209153
2 0.015027 0.0151455
1 0.0245694 0.0246866
2 0.0263888 0.0264907
1 0.00937916 0.00947873
2 0.0215882 0.0216865
2 0.0546165 0.0547145
1 0.0236199 0.0237159
1 0.0145271 0.0146224
2 0.00636567 0.00646052
1 0.0452833 0.0453757
1 0.0189773 0.0190693
2 0.0333988 0.0334906
2 0.259162 0.259248
1 0.0939768 0.0940623
1 0.0117117 0.0117971
2 0.0519099 0.0519864
1 0.00194435 0.00201867
1 0.00906167 0.00913453
0 0 7.28379e-05
1 0.0119982 0.0120707
2 0.0510726 0.0511442
1 0.00369296 0.00376282
1 0.0120008 0.0120701
1 0.0265364 0.0266051
1 0.0264163 0.0264829
1 0.128752 0.128817
1 0.0986485 0.0987114
2 0.0161735 0.016236
2 0.0325134 0.0325735
1 0.0140663 0.0141243
2 0.109845 0.109902
1 0.0214913 0.0215486
2 0.0254126 0.0254697
2 0.154185 0.154242
1 0.00406098 0.00411725
2 0.0617109 0.0617666
2 0.0315928 0.0316485
1 0.139682 0.139737
2 0.0125441 0.0125954
1 0.0169761 0.0170257
1 0.0369923 0.0370396
1 0.0157652 0.0158116
1 0.073399 0.0734417
1 0.134121 0.134164
2 0.033596 0.0336366
1 0.0196528 0.0196887
1 0.0126066 0.0126414
2 0.037923 0.0379561
1 0.108988 0.10902
2 0.0389285 0.0389597
1 0.0335954 0.0336255
1 0.106296 0.106326
1 0.087573 0.0876024
1 0.0290816 0.029109
1 0.0322535 0.0322804
1 0.00678483 0.00681028
2 0.0745118 0.0745365
1 0.0362675 0.036292
1 0.0479447 0.0479682
1 0.000685362 0.00070818
1 0.0108546 0.0108773
1 0.0170678 0.0170898
1 0.0374917 0.0375123
2 0.0335627 0.0335817
2 0.0353656 0.0353842
1 0.0616909 0.0617083
1 0.0332309 0.0332467
1 0.00599491 0.00600816
1 0.0347472 0.0347595
1 0.0260459 0.0260577
1 0.0194467 0.0194584
2 0.0422849 0.0422965
1 0.00456147 0.00457277
1 0.0154036 0.0154147
2 0.144962 0.144973
2 0.0822857 0.0822958
2 0.0155095 0.015519
2 0.0339801 0.0339894
1 0.0094566 0.00946453
2 0.049549 0.0495567
1 0.0468181 0.0468255
1 0.0522716 0.0522783
1 0.0115682 0.0115748
1 0.00564258 0.00564858
1 0.0360609 0.0360666
2 0.0109798 0.0109845
0 0 4.158e-06
2 0.0809507 0.0809532
1 0.0433569 0.0433594
2 0.0384822 0.0384847
2 0.387404 0.387405
2 0.0166866 0.0166879
2 0.605115 0.605116
1 0.0462416 0.0462418
1 0.00216684 0.00216699
1 0.0230066 0.0230067
1 0.0264447 0.0264448
2 0.175139 0.175139
2 0.0525872 0.0525872
2 0.05276 0.05276
