0 0 inf
0 0 0.276854
1 0.0248653 0.146403
1 0.151782 0.238504
0 0 0.0821595
0 0 0.0769472
0 0 0.0678622
1 0.0649081 0.128061
0 0 0.0623605
1 0.389069 0.448508
1 0.0271695 0.0818727
0 0 0.0535226
1 0.0309699 0.0803199
0 0 0.0477677
0 0 0.0473973
1 0.243584 0.289894
1 0.0343127 0.0789197
0 0 0.0384477
0 0 0.0371589
1 0.116389 0.152698
1 0.0907145 0.126242
0 0 0.0353252
0 0 0.0346002
1 0.0483444 0.0823988
0 0 0.0340277
0 0 0.0335122
0 0 0.0333733
0 0 0.0310927
0 0 0.0310751
0 0 0.0309992
0 0 0.0281704
0 0 0.0271524
1 0.0454178 0.07244
0 0 0.0267755
0 0 0.0266967
0 0 0.0253313
0 0 0.0252691
1 0.0361462 0.0611445
1 0.0333738 0.0582222
0 0 0.0246554
0 0 0.0243624
0 0 0.0239702
0 0 0.02384
0 0 0.0237217
0 0 0.0231437
0 0 0.0224966
0 0 0.0221106
0 0 0.0220408
1 0.0245495 0.0465426
0 0 0.021973
0 0 0.0219654
0 0 0.0213821
1 0.3199 0.341126
2 0.31816 0.339144
0 0 0.020977
0 0 0.0209197
0 0 0.0208309
0 0 0.0207864
0 0 0.0206666
0 0 0.0203941
0 0 0.019411
0 0 0.0192658
0 0 0.0187271
0 0 0.0182852
1 0.0498247 0.0680279
0 0 0.018025
0 0 0.0176575
0 0 0.017465
0 0 0.0173882
1 0.292556 0.309915
0 0 0.017177
0 0 0.0169995
0 0 0.0169105
0 0 0.0169033
0 0 0.0167639
0 0 0.0164728
0 0 0.0162113
0 0 0.0162005
1 0.0314322 0.0473503
0 0 0.0158367
1 0.321523 0.336951
0 0 0.0151814
1 0.107907 0.123077
0 0 0.0151507
0 0 0.0150094
1 0.0418855 0.0563452
0 0 0.0144505
0 0 0.0142808
0 0 0.0139437
0 0 0.0139187
1 0.0154545 0.0291465
0 0 0.0136883
0 0 0.0136861
0 0 0.0134905
1 0.0207178 0.0338784
0 0 0.0129661
0 0 0.0129609
0 0 0.0128709
1 0.0111786 0.023911
0 0 0.0127016
0 0 0.0126349
1 0.0702466 0.0828537
1 0.0564144 0.0689681
1 0.180298 0.192709
0 0 0.0123031
1 0.108216 0.120483
0 0 0.0121962
1 0.104948 0.116595
0 0 0.0114671
0 0 0.0114465
0 0 0.0111606
0 0 0.0110994
1 0.0418157 0.052786
0 0 0.0105708
0 0 0.0104322
0 0 0.0103551
0 0 0.0102815
0 0 0.0102658
0 0 0.0101776
0 0 0.00992871
0 0 0.00990997
0 0 0.00990579
1 0.0209698 0.0308583
0 0 0.00949205
0 0 0.00943489
0 0 0.00943301
0 0 0.00940196
0 0 0.00938845
1 0.325546 0.334931
1 0.0433892 0.0527712
0 0 0.00932668
0 0 0.00915718
0 0 0.00915607
0 0 0.00908563
2 0.212551 0.221585
0 0 0.00894659
0 0 0.00891974
0 0 0.00876565
0 0 0.00866313
0 0 0.00864294
0 0 0.00863083
0 0 0.00861366
0 0 0.00856345
0 0 0.00854533
0 0 0.00853384
0 0 0.00847541
0 0 0.00847153
1 0.205724 0.21411
0 0 0.00838446
0 0 0.00833445
1 0.0456235 0.0539512
1 0.0357994 0.0439911
0 0 0.00816706
1 0.0481244 0.0562298
0 0 0.00804375
2 0.085083 0.0929297
0 0 0.00783381
1 0.0552774 0.0630443
0 0 0.00762938
1 0.0592598 0.0668193
0 0 0.00752711
1 0.0308623 0.0383718
0 0 0.00746315
1 0.0470722 0.0544697
0 0 0.00727967
1 0.10244 0.109691
1 0.040562 0.0478056
1 0.0382465 0.0454148
0 0 0.00712157
0 0 0.00708511
0 0 0.00707029
1 0.0344991 0.0414996
0 0 0.00699563
0 0 0.00699068
1 0.0375937 0.0445769
0 0 0.00685944
1 0.0947656 0.1016
1 0.0434334 0.0502419
1 0.0616603 0.0684527
0 0 0.00670728
1 0.01062 0.0172195
0 0 0.00659928
1 0.0242827 0.030842
0 0 0.00644018
0 0 0.00632327
0 0 0.00631143
1 0.0167245 0.0229916
0 0 0.0062024
1 0.0421482 0.0481547
0 0 0.00597599
1 0.0320238 0.0379921
1 0.0265982 0.0325099
1 0.0515252 0.0572907
1 0.0963478 0.101926
0 0 0.0055743
0 0 0.00548394
1 0.0453534 0.0506731
0 0 0.00526329
1 0.00965717 0.0149066
1 0.063498 0.068729
0 0 0.0052196
1 0.0458194 0.0509933
0 0 0.00509947
1 0.0810344 0.0860718
1 0.0164974 0.0214267
0 0 0.00489632
1 0.278569 0.283449
0 0 0.00485605
0 0 0.00481229
0 0 0.0047582
0 0 0.00475244
0 0 0.00466169
2 0.109082 0.113741
1 0.0556456 0.0602624
0 0 0.00457143
0 0 0.00450097
1 0.0236999 0.0281838
1 0.272774 0.277114
0 0 0.00431067
0 0 0.00424994
1 0.0179062 0.0221087
0 0 0.00406945
1 0.0147313 0.0187805
2 0.253557 0.257587
1 0.0152616 0.0192726
0 0 0.00400753
1 0.0136608 0.0176394
1 0.0195959 0.0235528
1 0.0651731 0.069087
1 0.0407656 0.0446629
1 0.0111571 0.015053
0 0 0.00388957
1 0.0455507 0.0494385
1 0.0444577 0.0482838
1 0.0265637 0.0303834
0 0 0.00377708
0 0 0.0037214
0 0 0.00369394
1 0.035979 0.0396696
2 0.0490238 0.0527003
0 0 0.00365865
0 0 0.00364571
1 0.0202451 0.0238516
1 0.0128864 0.0164834
2 0.0725404 0.0761258
1 0.0299091 0.0334775
0 0 0.00355408
0 0 0.0035254
1 0.0795579 0.0830829
0 0 0.0035037
1 0.0182151 0.0216923
1 0.0190261 0.0224071
1 0.075618 0.0789898
1 0.0526297 0.0558947
1 0.0674662 0.0707197
1 0.0990214 0.102181
0 0 0.00314897
1 0.037142 0.0402667
0 0 0.00312205
1 0.0536102 0.0567303
1 0.0902964 0.0933648
1 0.117935 0.120991
0 0 0.00304831
0 0 0.00304546
0 0 0.00300252
1 0.025247 0.0282448
0 0 0.00298564
2 0.0658766 0.0688494
0 0 0.00296287
1 0.0355283 0.0383731
0 0 0.00282023
1 0.00890616 0.0117255
0 0 0.00273055
0 0 0.00271418
1 0.0327495 0.0354349
0 0 0.00262188
1 0.00404247 0.00665003
2 0.0913395 0.09392
1 0.015878 0.0184526
1 0.0548026 0.0573489
1 0.005359 0.00790068
2 0.0648185 0.0672677
1 0.0140064 0.0164149
1 0.0584869 0.0608951
1 0.0156228 0.0180161
2 0.10667 0.109027
1 0.133795 0.136142
1 0.0122452 0.0145872
1 0.0651812 0.0675173
1 0.0429983 0.0453192
0 0 0.00221607
0 0 0.00219175
1 0.0125587 0.0147352
0 0 0.00213419
0 0 0.00212652
1 0.00980118 0.0118746
1 0.0133071 0.0153759
1 0.129627 0.131678
0 0 0.00204117
2 0.079878 0.0819141
1 0.0328 0.034807
1 0.0452907 0.0472941
0 0 0.00196615
1 0.0480346 0.0499926
0 0 0.00193542
0 0 0.00192383
1 0.0315577 0.0334661
0 0 0.00190106
1 0.0396536 0.041552
1 0.0436231 0.0455117
1 0.1319 0.133769
0 0 0.00186671
1 0.072213 0.074077
1 0.00748979 0.00931973
0 0 0.00182133
1 0.023762 0.0255773
1 0.0430484 0.0448599
1 0.0714309 0.0732073
1 0.0727356 0.0745092
1 0.0106615 0.0124301
0 0 0.0017419
1 0.0640978 0.0658235
1 0.0137994 0.0155244
1 0.0303928 0.0320657
2 0.0715575 0.0732213
1 0.0126006 0.0142627
1 0.0137565 0.015401
2 0.340293 0.341934
2 0.0879654 0.0895742
1 0.00982923 0.0114052
2 0.0292308 0.0307784
2 0.0593876 0.0609307
1 0.0462355 0.0477681
1 0.0433966 0.0449047
0 0 0.00149378
0 0 0.00144298
0 0 0.00141584
1 0.00418589 0.0055969
2 0.369195 0.370594
1 0.00832745 0.00972443
0 0 0.00135128
1 0.0339927 0.0353351
0 0 0.00134019
1 0.0162431 0.0175793
0 0 0.00133563
1 0.0622049 0.0635384
1 0.0618744 0.0632027
1 0.18365 0.184941
1 0.0123209 0.0135761
1 0.0951728 0.096417
1 0.0918865 0.0931295
1 0.0314024 0.0326431
1 0.0421977 0.0434377
1 0.0206856 0.0219146
1 0.00661001 0.00783178
1 0.0142972 0.0155128
0 0 0.00120186
0 0 0.00118923
1 0.053711 0.0548971
1 0.230995 0.23216
1 0.0142525 0.0153652
1 0.0256246 0.0267211
1 0.0273836 0.0284455
1 0.0262059 0.0272656
1 0.0133962 0.0144364
0 0 0.00102499
1 0.0595249 0.0605075
1 0.0305155 0.031491
1 0.0060944 0.00705613
2 0.0198721 0.0208326
2 0.0313845 0.0323329
1 0.0605257 0.0614698
1 0.018325 0.0192688
1 0.0273686 0.0283111
1 0.0287223 0.0296568
1 0.0104154 0.0113485
1 0.0142612 0.0151815
1 0.00319129 0.00410905
1 0.0326414 0.0335528
2 0.134342 0.135252
1 0.18424 0.185141
2 0.0399565 0.0408549
2 0.0524225 0.0533122
1 0.0452622 0.0461457
1 0.00471411 0.00558531
2 0.0576482 0.0585181
1 0.339899 0.340758
1 0.0285464 0.0294041
1 0.0565965 0.0574509
1 0.0103142 0.0111559
1 0.12843 0.129269
1 0.046441 0.0472741
2 0.035864 0.0366933
1 0.0448677 0.0456966
1 0.0642882 0.0651142
1 0.0412561 0.0420814
1 0.0344946 0.0353067
2 0.0512549 0.0520561
1 0.0494317 0.050201
1 0.0295654 0.0303235
1 0.0303174 0.0310563
1 0.0348797 0.0356144
1 0.0122105 0.0129413
1 0.040075 0.0408006
2 0.0948339 0.0955537
1 0.00511439 0.00581627
1 0.0141146 0.014814
2 0.0585495 0.0592431
2 0.0871315 0.0878221
0 0 0.000689167
1 0.00796421 0.00864376
2 0.0854078 0.0860831
2 0.0661937 0.066865
0 0 0.000647334
1 0.0205055 0.0211506
1 0.131732 0.13237
0 0 0.00063692
0 0 0.000636597
1 0.045193 0.0458279
2 0.00562378 0.00624007
2 0.0361399 0.036746
1 0.0277914 0.0283923
1 0.0195005 0.0200973
1 0.0354029 0.0359985
0 0 0.000586199
1 0.0190373 0.0196024
0 0 0.000556359
1 0.0617927 0.0623402
1 0.00401181 0.00455618
1 0.00855358 0.00908754
1 0.0439635 0.0444971
1 0.00944742 0.0099605
1 0.27919 0.279703
1 0.00657239 0.00708134
1 0.0418843 0.042391
1 0.0424702 0.0429642
1 0.0466805 0.047173
1 0.0371262 0.0376108
2 0.10951 0.109994
1 0.00896271 0.0094454
2 0.0659023 0.0663823
1 0.0136036 0.0140802
1 0.026979 0.0274474
1 0.0167509 0.017219
1 0.0861371 0.0866011
2 0.0219977 0.0224604
1 0.0140522 0.0145095
1 0.0411517 0.0416081
1 0.0165558 0.0170062
2 0.0517151 0.0521602
0 0 0.000443826
2 0.0759475 0.0763893
2 0.0834834 0.0839117
0 0 0.000419183
1 0.0699914 0.0704079
1 0.0905041 0.0909111
2 0.031627 0.0320202
1 0.0828569 0.0832478
1 0.0230333 0.0234174
2 0.0154258 0.0158094
2 0.0355345 0.0359017
2 0.0833949 0.0837599
2 0.281607 0.281967
1 0.00765835 0.00801646
2 0.508119 0.508476
1 0.0254311 0.0257835
1 0.0525846 0.0529327
1 0.00958311 0.00992593
2 0.0507111 0.0510532
1 0.0322098 0.0325501
1 0.0290192 0.0293561
2 0.0611313 0.0614555
1 0.00464454 0.00496787
1 0.00800886 0.00832974
1 0.00476092 0.00507782
1 0.00897933 0.00927891
2 0.0866292 0.0869202
0 0 0.00029067
2 0.0665998 0.0668794
2 0.0473967 0.0476755
1 0.00717643 0.00745292
1 0.00893299 0.00920864
2 0.130234 0.13049
1 0.0339695 0.0342221
1 0.00295309 0.00320271
1 0.00684834 0.00709736
1 0.020801 0.0210479
2 0.0863158 0.0865618
1 0.606252 0.606494
2 0.0293039 0.0295455
1 0.0542464 0.0544833
1 0.0225375 0.0227636
2 0.0873764 0.0875992
2 0.609202 0.609417
1 0.0404774 0.040689
1 0.0235267 0.0237375
1 0.0176358 0.0178426
2 0.0229838 0.0231901
1 0.0136581 0.0138581
2 0.0489075 0.04909
1 0.0757834 0.0759625
1 0.0170568 0.0172351
2 0.00817554 0.00835295
1 0.0179683 0.0181436
2 0.0312479 0.0314225
1 0.0564926 0.056663
1 0.018565 0.0187228
2 0.0282735 0.0284312
2 0.0557227 0.0558801
1 0.00801744 0.00817436
2 0.0570206 0.0571771
2 0.0345041 0.0346541
1 0.0169305 0.0170795
1 0.026451 0.0265992
1 0.0117085 0.0118548
2 0.0632446 0.0633797
2 0.0166101 0.0167448
1 0.0109907 0.0111243
2 0.0762236 0.0763559
1 0.0281075 0.0282394
1 0.0898943 0.0900251
2 0.250115 0.250244
1 0.00146186 0.00158969
2 0.0284477 0.0285744
2 0.029421 0.0295444
1 0.0192631 0.0193853
1 0.0271826 0.0272999
2 0.0411045 0.0412203
2 0.0309018 0.0310168
1 0.0908345 0.0909483
1 0.0218445 0.0219531
1 0.0249155 0.0250208
1 0.0388272 0.0389321
1 0.0280422 0.0281431
1 0.0626604 0.0627604
1 0.0296126 0.0297057
1 0.0513964 0.0514886
1 0.0331494 0.0332394
2 0.12838 0.128469
2 0.0624598 0.0625486
2 0.0188369 0.018923
1 0.00180272 0.00188564
1 0.0162251 0.0163078
1 0.0503876 0.0504698
2 0.0570062 0.0570875
1 0.00753694 0.00761801
1 0.0270856 0.0271663
1 0.00670956 0.00678977
2 0.0542357 0.0543147
2 0.0244336 0.024507
1 0.00206387 0.00213529
1 0.0106369 0.0107041
1 0.00454835 0.00461435
1 0.0535486 0.053613
1 0.0226901 0.0227545
1 0.0165246 0.0165865
1 0.038137 0.0381984
2 0.131714 0.131771
1 0.0202082 0.0202651
1 0.0117942 0.0118501
1 0.0190851 0.0191404
1 0.00348151 0.00353628
2 0.363178 0.363232
2 0.0936819 0.0937339
2 0.0273432 0.0273922
2 0.0902824 0.09033
1 0.034227 0.0342717
2 0.0199857 0.0200287
1 0.0105121 0.0105541
1 0.00362029 0.00366168
1 0.0233553 0.0233964
1 0.224736 0.224777
2 0.0505448 0.0505846
1 0.0514287 0.0514674
2 0.00705354 0.00709183
1 0.0567575 0.0567924
2 0.0180837 0.0181158
2 0.238603 0.238634
1 0.0861678 0.0861981
1 0.0259539 0.0259835
1 0.0213239 0.0213487
2 0.0280178 0.0280423
1 0.00791936 0.00794374
2 0.0303371 0.0303615
1 0.0293941 0.0294176
1 0.0069927 0.00701432
2 0.0644371 0.0644579
1 0.0626963 0.062717
1 0.0334418 0.0334614
2 0.0214227 0.0214407
1 0.0107578 0.0107748
1 0.0274695 0.0274835
1 0.0260881 0.0260996
1 0.021784 0.0217947
2 0.0534117 0.0534219
2 0.0331715 0.0331809
1 0.0114915 0.0115006
1 0.0155187 0.0155276
2 0.0451645 0.0451731
2 0.0652256 0.0652342
2 0.0151065 0.0151149
2 0.108988 0.108997
1 0.0555406 0.0555487
1 0.00799388 0.00800144
2 0.0846992 0.084706
2 0.0460656 0.0460722
2 0.123385 0.12339
1 0.0851945 0.0851997
2 0.0312399 0.0312447
1 0.00750397 0.00750873
2 0.0215887 0.0215933
1 0.0629799 0.0629838
1 0.00582796 0.00583129
2 0.0108882 0.0108914
2 0.0500568 0.0500588
1 0.0458094 0.0458113
1 0.00696838 0.0069701
1 0.0325925 0.032594
1 0.00830229 0.00830361
2 0.0212187 0.02122
1 0.0272471 0.0272482
1 0.0146983 0.0146993
2 0.0376225 0.0376234
1 0.00546023 0.00546094
2 0.0500857 0.0500862
2 0.0659037 0.0659042
2 0.00548763 0.00548811
1 0.0457466 0.0457466
1 0.00919425 0.00919427
2 0.0339377 0.0339377
2 0.0294988 0.0294988
1 0.0817765 0.0817765
