0 0 inf
1 0.18573 0.512999
0 0 0.177209
0 0 0.174924
0 0 0.103436
0 0 0.0923809
0 0 0.0812658
0 0 0.0738097
0 0 0.0734409
1 0.175742 0.244148
0 0 0.0665198
1 0.084838 0.149753
1 0.0425412 0.106414
1 0.064947 0.124061
0 0 0.0551055
0 0 0.0530107
0 0 0.0513209
1 0.06204 0.110769
1 0.165273 0.213995
1 0.180422 0.228335
0 0 0.0471435
0 0 0.0452254
0 0 0.0430697
0 0 0.042401
0 0 0.0408399
1 0.433873 0.474689
1 0.143434 0.184026
0 0 0.040244
1 0.0687796 0.108687
0 0 0.0395145
1 0.160227 0.198576
2 0.129726 0.167957
1 0.243797 0.281634
0 0 0.035521
0 0 0.035068
0 0 0.0333444
0 0 0.0326244
1 0.106773 0.138792
0 0 0.0319894
0 0 0.0302439
0 0 0.0301462
0 0 0.0294831
1 0.101239 0.129848
0 0 0.0284528
0 0 0.0279645
0 0 0.02568
0 0 0.024555
1 0.0274722 0.0516518
0 0 0.0237319
0 0 0.0232446
0 0 0.0219756
0 0 0.0217165
1 0.0344427 0.0556558
0 0 0.0204706
0 0 0.0203232
0 0 0.0203129
1 0.023173 0.0434532
0 0 0.019356
0 0 0.0187652
1 0.0703916 0.089086
0 0 0.0184881
0 0 0.0177678
0 0 0.0177275
0 0 0.0175099
0 0 0.0171604
0 0 0.0166966
0 0 0.0162444
0 0 0.0156519
0 0 0.0153144
0 0 0.0152969
0 0 0.0148846
1 0.119317 0.134055
0 0 0.0143263
0 0 0.0140664
1 0.120345 0.13439
1 0.0639536 0.0777173
0 0 0.0135044
0 0 0.0130819
0 0 0.0130226
1 0.162319 0.175287
0 0 0.0129144
0 0 0.0127581
0 0 0.0124666
1 0.037575 0.0499861
2 0.513373 0.52559
0 0 0.0121551
0 0 0.0121032
0 0 0.0120572
0 0 0.0116932
0 0 0.0115744
0 0 0.0114638
0 0 0.0112178
0 0 0.0108136
1 0.04972 0.0605191
1 0.0409393 0.0514737
2 0.23129 0.241758
2 0.184925 0.195245
0 0 0.0102904
0 0 0.0102323
2 0.642502 0.652653
0 0 0.00992028
0 0 0.0097484
0 0 0.00962869
0 0 0.00954623
1 0.0218895 0.031399
1 0.0346913 0.0440062
1 0.0370682 0.0461124
1 0.0863956 0.0953092
0 0 0.00890209
1 0.0316205 0.0402424
0 0 0.00860344
1 0.215911 0.224473
0 0 0.00855269
0 0 0.0085329
0 0 0.00843339
1 0.0884292 0.0967131
0 0 0.00818181
0 0 0.00814187
1 0.0292615 0.0372651
0 0 0.00791648
1 0.0647949 0.0726881
1 0.0797784 0.0876647
0 0 0.00784171
0 0 0.00782752
1 0.012425 0.0202479
0 0 0.00756813
0 0 0.0074799
0 0 0.00739736
1 0.0294704 0.0367873
0 0 0.00728565
0 0 0.00728216
1 0.0599762 0.0672535
2 0.108769 0.115734
0 0 0.00674753
1 0.172511 0.179246
0 0 0.00671071
0 0 0.00665913
1 0.185577 0.192176
0 0 0.00652855
0 0 0.0065012
1 0.01376 0.0202551
0 0 0.00646456
1 0.0189358 0.0253123
0 0 0.00636782
0 0 0.00621703
1 0.0320991 0.0383059
1 0.0384665 0.0446643
0 0 0.00616529
0 0 0.00610735
1 0.0154419 0.0215345
0 0 0.00606529
0 0 0.00605794
0 0 0.00601105
1 0.0398708 0.0458379
1 0.0262108 0.0321244
0 0 0.00590303
1 0.195839 0.201703
0 0 0.00585959
0 0 0.00584537
0 0 0.00572446
0 0 0.00571961
1 0.00685003 0.0125519
0 0 0.00560556
0 0 0.0055247
1 0.58936 0.594845
1 0.0996669 0.105147
1 0.0102102 0.0156573
0 0 0.00536191
0 0 0.00528346
0 0 0.0052487
1 0.0133483 0.0185898
1 0.0210531 0.0262688
1 0.134825 0.140008
0 0 0.0051373
1 0.0196962 0.0248226
0 0 0.00509581
1 0.0292812 0.0343074
0 0 0.00500525
0 0 0.00498432
0 0 0.00489575
0 0 0.00475881
1 0.0186653 0.0234188
0 0 0.00472104
0 0 0.00470511
0 0 0.00461034
0 0 0.00460941
0 0 0.00458354
0 0 0.00457849
0 0 0.00456981
0 0 0.00455431
0 0 0.00454788
2 0.14502 0.149541
1 0.0406123 0.0451039
0 0 0.00445371
1 0.0488971 0.0533446
1 0.42147 0.425833
0 0 0.00430659
1 0.0177222 0.0219679
1 0.0216875 0.0259327
0 0 0.00422629
0 0 0.00419067
0 0 0.00409825
1 0.0434365 0.0474861
1 0.0274246 0.0314704
1 0.16509 0.168922
0 0 0.00378603
2 0.0414302 0.0452021
0 0 0.00376961
0 0 0.00372467
1 0.0394616 0.0431675
1 0.0143325 0.0180366
1 0.0180003 0.0216718
1 0.0422669 0.0459321
0 0 0.0036418
0 0 0.00362351
0 0 0.00361584
0 0 0.00359492
0 0 0.00356747
0 0 0.00356072
1 0.0946853 0.0981739
1 0.0377844 0.0412576
0 0 0.00344517
0 0 0.0034372
1 0.0142971 0.0177289
1 0.00723484 0.0106647
0 0 0.00341969
0 0 0.00337559
0 0 0.00336244
0 0 0.00333383
0 0 0.00326808
0 0 0.00325108
1 0.00746562 0.0107117
0 0 0.00318181
0 0 0.00313548
1 0.0382216 0.041356
0 0 0.00303531
0 0 0.00302234
1 0.0279387 0.0309085
0 0 0.00296592
1 0.122295 0.125244
0 0 0.00293201
1 0.0168492 0.0197683
2 0.0518345 0.0547403
0 0 0.00287307
1 0.0283985 0.0312653
1 0.0109176 0.0137375
1 0.00620617 0.00902395
1 0.0261199 0.0289342
1 0.635219 0.638017
2 0.0430945 0.0458799
0 0 0.00277767
0 0 0.00275106
0 0 0.00273614
0 0 0.00271493
0 0 0.00270857
0 0 0.00266863
0 0 0.0026238
1 0.0227352 0.0253489
0 0 0.00257828
1 0.0105286 0.0130807
1 0.0172904 0.0198039
1 0.00757903 0.0100618
2 0.0323243 0.0347629
2 0.0677767 0.0702111
1 0.0054304 0.00784553
2 0.204276 0.206691
1 0.0215192 0.023894
1 0.0110719 0.0134428
1 0.0248847 0.0272552
2 0.513842 0.516192
0 0 0.00232267
1 0.0140497 0.0163634
1 0.0112227 0.0134639
0 0 0.00222935
0 0 0.00220788
1 0.0676378 0.0698414
0 0 0.00219308
0 0 0.00218785
0 0 0.00215633
0 0 0.00214139
1 0.0733228 0.0754442
1 0.03869 0.0408054
1 0.0523698 0.054478
0 0 0.00210576
1 0.0850737 0.0871783
1 0.00603498 0.00813809
0 0 0.00205519
0 0 0.00203927
0 0 0.00202952
1 0.11542 0.117422
1 0.0129745 0.0149531
1 0.189303 0.191271
0 0 0.00191319
0 0 0.00190323
0 0 0.00187441
1 0.0102594 0.0121211
0 0 0.00184165
1 0.0141713 0.016006
1 0.00466069 0.0064775
2 0.0287089 0.030506
1 0.0048813 0.00666183
1 0.0388754 0.0406443
1 0.030263 0.0320183
0 0 0.00174963
1 0.0151624 0.0169022
1 0.0134652 0.0151984
0 0 0.0017218
1 0.0312707 0.0329754
2 0.0348213 0.0365175
0 0 0.00168635
0 0 0.00167843
1 0.0515693 0.0532369
1 0.029608 0.0312643
1 0.0664126 0.0680455
1 0.021988 0.0236174
1 0.0354639 0.0370858
1 0.0103234 0.0119394
1 0.0384767 0.0400861
1 0.00700005 0.00856304
0 0 0.00155342
0 0 0.00154654
1 0.107218 0.108742
0 0 0.00150792
1 0.0139158 0.0154148
1 0.12219 0.123688
2 0.0563947 0.0578881
1 0.0284893 0.0299772
0 0 0.00148122
2 0.640396 0.641872
1 0.0281507 0.0296239
0 0 0.00145126
1 0.278872 0.280289
1 0.011137 0.0125069
1 0.00441691 0.00578156
1 0.0250576 0.0263963
1 0.0124702 0.0138045
1 0.0310771 0.0323929
2 0.53431 0.535621
1 0.0154896 0.0167975
2 0.659332 0.66064
0 0 0.00130022
1 0.0144552 0.0157547
1 0.121685 0.122966
1 0.0218464 0.0231162
0 0 0.00126745
1 0.00998833 0.0112399
1 0.0276101 0.0288385
1 0.0294964 0.0307147
1 0.0184573 0.0196745
2 0.571302 0.572514
1 0.0188972 0.0201087
1 0.148093 0.149279
1 0.039279 0.0404599
1 0.020115 0.0212926
2 0.0172044 0.0183579
1 0.0114778 0.0126255
1 0.0123516 0.013467
1 0.0137497 0.0148441
1 0.010612 0.0117022
0 0 0.00108639
1 0.04507 0.0461544
2 0.0135362 0.014616
0 0 0.00107872
0 0 0.00106805
0 0 0.00105823
1 0.101044 0.102101
1 0.00881016 0.00985207
1 0.0422726 0.0433026
0 0 0.00102902
1 0.00501665 0.00603768
1 0.0081535 0.0091736
1 0.00740622 0.00842146
1 0.00420896 0.00521321
1 0.0122452 0.0132397
1 0.137814 0.138803
1 0.00920596 0.0101946
0 0 0.000955062
1 0.00700268 0.00795484
1 0.00564305 0.0065904
1 0.0203345 0.0212769
1 0.0291759 0.0301125
1 0.0124403 0.0133727
1 0.00617323 0.00709527
2 0.0188226 0.0197311
1 0.0139362 0.0148433
1 0.00755082 0.00844401
1 0.00535453 0.006234
1 0.00273019 0.00360628
1 0.115344 0.116211
2 0.0132544 0.0141095
1 0.0105897 0.0114289
2 0.0466761 0.0474918
0 0 0.000794029
1 0.0659291 0.0667229
0 0 0.000775025
1 0.00316433 0.00393431
2 0.0307577 0.0315242
1 0.0182128 0.0189775
2 0.217066 0.21781
1 0.0135599 0.014303
1 0.00884256 0.00958064
2 0.060109 0.0608438
1 0.0339016 0.0346361
1 0.0463771 0.0471064
1 0.238104 0.238826
1 0.0170081 0.0177237
1 0.00370535 0.00441894
1 0.0108346 0.0115339
0 0 0.000697669
1 0.0367664 0.0374395
2 0.0440577 0.0447062
1 0.0123337 0.0129813
1 0.20359 0.204229
1 0.0197844 0.0204208
1 0.0258931 0.02652
1 0.01658 0.0172024
2 0.0205151 0.0211156
1 0.0145476 0.0151456
1 0.0152575 0.015831
0 0 0.000566678
1 0.0593318 0.059894
1 0.0837182 0.0842726
1 0.0275886 0.0281296
1 0.0201486 0.0206867
1 0.010071 0.0106089
2 0.0448991 0.0454335
1 0.00544895 0.00597932
1 0.00894775 0.00945994
2 0.0337174 0.0342165
1 0.177567 0.178066
1 0.0163374 0.016831
1 0.0145984 0.0150889
1 0.00609384 0.00657185
2 0.0219967 0.022474
2 0.042042 0.0424971
0 0 0.00044218
1 0.0873513 0.0877782
1 0.0138102 0.0142354
2 0.107446 0.10787
2 0.210511 0.210934
1 0.00310353 0.00352281
1 0.0814905 0.081902
1 0.0441931 0.0445917
1 0.0550404 0.0554265
1 0.00404478 0.004426
1 0.382692 0.383071
2 0.0148986 0.0152753
2 0.0366996 0.0370758
1 0.00543205 0.00580183
2 0.0299435 0.0302999
1 0.0378275 0.0381794
1 0.250813 0.251162
2 0.106777 0.107122
1 0.00783219 0.00817444
1 0.0200686 0.0204043
1 0.0119796 0.0123124
1 0.0040147 0.00432921
2 0.0107573 0.0110691
2 0.0198676 0.0201714
2 0.0472107 0.0474982
1 0.00907067 0.00935752
2 0.0542591 0.0545451
2 0.141834 0.142116
1 0.0495904 0.0498718
1 0.0786136 0.0788937
1 0.204414 0.204694
2 0.116565 0.11684
1 0.00856541 0.00883251
2 0.397871 0.398132
1 0.214077 0.214335
1 0.291525 0.29178
2 0.00922378 0.00947529
1 0.00666125 0.0069086
1 0.00776995 0.00801705
1 0.00662168 0.00686795
2 0.00846701 0.00871146
1 0.00236009 0.00260382
1 0.0101103 0.0103506
1 0.0142247 0.0144647
1 0.0154642 0.0157007
1 0.0042236 0.00445754
1 0.00741167 0.00762029
1 0.0158016 0.0159979
1 0.0360615 0.0362536
1 0.421603 0.42179
1 0.0393369 0.0395219
2 0.0326309 0.0328139
1 0.0411011 0.0412809
1 0.0472919 0.0474708
1 0.00612606 0.0063043
1 0.110942 0.11112
1 0.0120758 0.0122514
1 0.0825185 0.082693
2 0.152894 0.153068
2 0.0122745 0.0124458
2 0.00900368 0.00917347
2 0.123441 0.123606
2 0.0398065 0.0399691
1 0.0386238 0.0387845
1 0.00175312 0.00191151
2 0.0542063 0.0543618
2 0.0560571 0.0562053
1 0.0303468 0.0304944
1 0.01858 0.0187265
1 0.0247318 0.0248754
1 0.00550676 0.00564885
2 0.63891 0.639048
2 0.0180743 0.0182061
1 0.0298142 0.02994
2 0.119246 0.119371
1 0.0156086 0.0157333
2 0.0524149 0.0525393
1 0.127401 0.127521
1 0.00863568 0.0087542
1 0.0323519 0.0324682
1 0.0135251 0.0136405
2 0.0168626 0.0169744
1 0.00584046 0.00595153
1 0.0035256 0.00363598
2 0.0272124 0.0273222
2 0.0171929 0.0173001
2 0.0396321 0.0397386
2 0.0290315 0.0291346
1 0.0169567 0.0170582
2 0.0228569 0.0229582
1 0.00264234 0.00274288
1 0.0203768 0.0204747
1 0.0069857 0.00707557
1 0.0112449 0.0113318
1 0.0759825 0.0760672
1 0.0149121 0.014996
1 0.00829768 0.00838126
2 0.150939 0.151023
2 0.0287564 0.0288371
1 0.0230322 0.0231117
1 0.0496193 0.0496953
1 0.126528 0.126604
1 0.00349274 0.00356765
1 0.0382116 0.038286
1 0.0258796 0.0259524
2 0.041899 0.0419704
1 0.0396141 0.0396836
2 0.0337674 0.033836
1 0.036121 0.0361865
1 0.101928 0.10199
1 0.0195512 0.0196116
2 0.163198 0.163252
2 0.0232376 0.0232899
1 0.0211988 0.0212488
2 0.0499289 0.0499773
2 0.0389934 0.0390402
1 0.0166399 0.0166857
1 0.0597113 0.059756
1 0.00998195 0.0100258
1 0.0196095 0.0196519
1 0.00331731 0.00335951
1 0.0081957 0.00823771
1 0.0085615 0.00860293
2 0.0418815 0.0419229
2 0.0441177 0.0441582
2 0.0345441 0.0345838
1 0.0392285 0.0392678
1 0.0155766 0.0156149
2 0.0792079 0.079246
2 0.0195964 0.0196338
1 0.0232439 0.0232807
1 0.0178763 0.0179124
2 0.0468226 0.0468572
2 0.228173 0.228206
1 0.0172183 0.0172491
1 0.0302968 0.0303269
2 0.025255 0.0252835
1 0.104013 0.104038
1 0.120069 0.120093
1 0.0315199 0.0315442
2 0.0500058 0.0500293
1 0.11959 0.119612
1 0.0270911 0.0271117
2 0.017445 0.0174644
1 0.00787993 0.00789697
1 0.0489584 0.0489732
1 0.0040431 0.00405707
2 0.0208335 0.0208469
2 0.0327562 0.0327692
1 0.0107948 0.0108072
1 0.0249589 0.0249703
1 0.00529914 0.00531035
1 0.0441089 0.0441198
1 0.0124278 0.0124381
1 0.0369518 0.0369619
2 0.0228782 0.0228872
2 0.0537491 0.0537577
2 0.0394198 0.0394274
2 0.0335257 0.0335333
1 0.0193755 0.0193829
2 0.0318489 0.0318563
1 0.00479845 0.00480298
1 0.0129602 0.0129645
2 0.0124111 0.0124154
1 0.0115031 0.0115071
1 0.0125766 0.0125799
2 0.147499 0.147503
1 0.0335186 0.0335214
1 0.184855 0.184857
1 0.021148 0.0211495
2 0.0215404 0.0215419
1 0.0165503 0.0165515
2 0.0212812 0.0212821
1 0.0457283 0.0457292
2 0.00498017 0.00498078
2 0.0383985 0.0383991
2 0.0115159 0.0115164
1 0.00639603 0.00639634
2 0.0234608 0.023461
1 0.00966844 0.00966862
1 0.0371434 0.0371435
1 0.00506443 0.00506457
2 0.00436196 0.00436208
1 0.173628 0.173628
2 0.0439805 0.0439805
2 0.0904398 0.0904399
2 0.0390357 0.0390357
