0 0 inf
0 0 0.26514
0 0 0.260851
0 0 0.171312
1 0.120525 0.267211
0 0 0.131951
1 0.0608124 0.176366
1 0.276203 0.384703
1 0.0441648 0.138619
1 0.296053 0.389264
0 0 0.0889718
0 0 0.0807323
1 0.304309 0.374749
0 0 0.0669454
0 0 0.0626937
0 0 0.0598513
1 0.114833 0.167154
0 0 0.0497502
0 0 0.0486258
0 0 0.0469495
0 0 0.046844
0 0 0.0445899
0 0 0.0410503
1 0.339049 0.37619
1 0.0801527 0.115485
0 0 0.0344971
0 0 0.0338935
0 0 0.0330868
0 0 0.0324121
0 0 0.0287739
0 0 0.0283808
0 0 0.028352
0 0 0.0278493
1 0.0818833 0.109656
1 0.0123286 0.0374939
0 0 0.0242728
2 0.568726 0.59298
0 0 0.0240527
0 0 0.0233166
0 0 0.0232114
1 0.0143444 0.0367123
0 0 0.0196763
0 0 0.019637
1 0.392123 0.41171
0 0 0.0193785
0 0 0.0185956
1 0.0842964 0.102091
0 0 0.0176828
0 0 0.0176054
1 0.0431612 0.0603793
1 0.13497 0.15213
0 0 0.0168523
0 0 0.0165886
0 0 0.0162537
0 0 0.0160936
1 0.532807 0.548857
0 0 0.0157304
0 0 0.0156811
0 0 0.0154716
0 0 0.0147127
1 0.0425063 0.0571136
0 0 0.0143506
1 0.0215059 0.035275
1 0.0210773 0.0347827
0 0 0.013345
0 0 0.0126111
0 0 0.0125731
0 0 0.0119753
0 0 0.0119552
1 0.0205951 0.0323787
0 0 0.011664
0 0 0.0113376
0 0 0.0110083
1 0.0124042 0.0233116
0 0 0.0108868
1 0.0118807 0.0226245
0 0 0.0106851
0 0 0.0105236
0 0 0.0103999
0 0 0.0102412
0 0 0.0101471
0 0 0.0101372
1 0.0158971 0.025928
0 0 0.00997532
0 0 0.00992642
0 0 0.00984178
0 0 0.00947554
0 0 0.00945917
0 0 0.00902184
1 0.0761642 0.0851205
0 0 0.00885554
1 0.0590552 0.0678882
0 0 0.00868771
0 0 0.00856536
0 0 0.00855053
1 0.140503 0.148799
0 0 0.00812254
0 0 0.00803593
0 0 0.00796636
0 0 0.00795521
1 0.0534682 0.0613401
0 0 0.00784167
0 0 0.0078372
0 0 0.00779463
0 0 0.00779202
0 0 0.00778755
0 0 0.00756739
1 0.0872104 0.0947485
0 0 0.00747985
1 0.0128355 0.0202807
0 0 0.00718758
0 0 0.00706811
0 0 0.00693795
1 0.0496497 0.0565068
0 0 0.00684611
0 0 0.00683188
1 0.0479448 0.0547497
0 0 0.0068045
0 0 0.00673001
0 0 0.0067115
0 0 0.00666213
0 0 0.00659595
1 0.0480027 0.0544357
0 0 0.0063892
0 0 0.00633715
0 0 0.00630151
0 0 0.00622427
0 0 0.00615734
0 0 0.00606377
0 0 0.00604387
0 0 0.00603431
0 0 0.00602772
0 0 0.0059793
1 0.0189096 0.0248307
0 0 0.00570526
1 0.113049 0.118723
0 0 0.00559429
1 0.0602766 0.0658665
0 0 0.00555609
0 0 0.0055426
0 0 0.00553077
0 0 0.00543412
0 0 0.00542086
1 0.0200537 0.0253525
1 0.0203086 0.0254967
1 0.0775671 0.0827524
0 0 0.00516897
1 0.165973 0.171127
0 0 0.00515003
0 0 0.00499551
0 0 0.00498241
1 0.122494 0.127468
0 0 0.00495006
1 0.029345 0.034263
1 0.198153 0.203058
0 0 0.0048216
1 0.0833001 0.0880645
0 0 0.00469326
1 0.00794052 0.0124745
1 0.00624155 0.0107481
0 0 0.00447693
0 0 0.00445659
0 0 0.00445274
0 0 0.00440348
1 0.0180569 0.0224369
1 0.0467611 0.0509461
0 0 0.00418494
0 0 0.00415552
0 0 0.00413171
0 0 0.00410097
0 0 0.0040903
1 0.0576599 0.0616532
0 0 0.00391814
1 0.364104 0.368015
0 0 0.003723
0 0 0.00372154
0 0 0.00371682
1 0.025083 0.0287947
0 0 0.00369709
1 0.0119708 0.0156008
0 0 0.00360048
0 0 0.00351536
0 0 0.00351367
0 0 0.00342366
1 0.0472758 0.0506393
0 0 0.00332817
1 0.183113 0.186435
1 0.0126046 0.015873
1 0.0106829 0.0138688
1 0.0188509 0.0220092
0 0 0.00315333
1 0.0227194 0.025862
0 0 0.00313571
1 0.0104199 0.013541
0 0 0.00302833
1 0.0276237 0.0306471
0 0 0.003005
0 0 0.00296687
1 0.0070827 0.0100383
0 0 0.0028606
0 0 0.00284563
1 0.0463506 0.0491752
1 0.0505249 0.0533482
1 0.0157237 0.0185121
1 0.0263881 0.0291492
0 0 0.00274508
0 0 0.00272382
1 0.0960624 0.0987598
0 0 0.00266982
2 0.0383281 0.0409856
1 0.0257668 0.0283944
1 0.0228415 0.025466
1 0.0424421 0.0450653
0 0 0.00261006
0 0 0.00260896
0 0 0.00254483
1 0.0208418 0.0232802
1 0.00698805 0.00939364
1 0.0107916 0.013164
1 0.0147207 0.0170877
2 0.0354619 0.0378215
0 0 0.002336
2 0.149919 0.152233
0 0 0.00230754
1 0.0134515 0.0157298
1 0.0108954 0.0131698
0 0 0.00218873
1 0.011776 0.0139575
0 0 0.00216123
1 0.022063 0.0242093
0 0 0.00213228
1 0.0147869 0.0168963
0 0 0.00210576
0 0 0.00209217
0 0 0.00207871
1 0.0814768 0.0835205
1 0.0138921 0.0159356
0 0 0.00202405
1 0.0332097 0.0352249
1 0.364671 0.36667
0 0 0.00199105
1 0.0357649 0.0377436
1 0.244333 0.246276
0 0 0.00193082
2 0.557621 0.559551
0 0 0.00192638
0 0 0.00189914
1 0.0350031 0.0368995
0 0 0.00187577
1 0.126585 0.128459
0 0 0.00185659
1 0.0107852 0.0126291
0 0 0.00184153
0 0 0.00180112
0 0 0.00171436
2 0.0347882 0.0365014
1 0.0492063 0.0509187
0 0 0.00169791
0 0 0.00169704
0 0 0.00169007
1 0.0144389 0.0161123
1 0.017511 0.0191389
0 0 0.00161808
1 0.00705481 0.00866972
1 0.0201484 0.0217632
0 0 0.00159995
0 0 0.0015856
1 0.358114 0.359672
1 0.0423375 0.0438933
0 0 0.00153916
0 0 0.00153682
1 0.00728018 0.00878913
1 0.0172245 0.0187121
0 0 0.0014732
1 0.063682 0.0651222
1 0.066944 0.0683633
2 0.0387462 0.040165
2 0.0256272 0.027038
0 0 0.00139161
0 0 0.0013873
1 0.023777 0.0251544
2 0.0377364 0.0391014
0 0 0.00135631
1 0.00774243 0.00908164
2 0.0329769 0.0343087
0 0 0.00133103
1 0.0332983 0.0346289
0 0 0.00131597
1 0.0286323 0.0299445
2 0.148234 0.149523
1 0.00538681 0.00666679
1 0.00974377 0.0110183
1 0.00458563 0.00585848
1 0.0188414 0.0201022
1 0.0672246 0.0684394
0 0 0.0012098
1 0.00805307 0.00924194
2 0.201714 0.202885
1 0.0116322 0.0127993
1 0.0479284 0.0490917
2 0.022508 0.0236676
0 0 0.00115115
0 0 0.00112342
1 0.0335458 0.0346668
0 0 0.00110965
1 0.0491187 0.0502018
2 0.360561 0.361635
2 0.0220885 0.0231422
1 0.143509 0.144563
1 0.0162116 0.0172479
1 0.550229 0.551238
1 0.0869438 0.0879492
1 0.00740518 0.00840346
0 0 0.000990922
1 0.0234919 0.0244264
1 0.146935 0.147866
1 0.00183876 0.00276553
0 0 0.000917314
0 0 0.000916779
1 0.0163354 0.017242
1 0.00719703 0.00809216
1 0.0277697 0.0286641
1 0.0120955 0.0129896
1 0.389907 0.3908
0 0 0.000890701
0 0 0.000888276
0 0 0.000865536
1 0.0392024 0.0400503
2 0.0355966 0.0364394
1 0.0057738 0.00661612
1 0.00667167 0.00745359
2 0.0350563 0.0358357
1 0.0143521 0.0151304
1 0.017164 0.0179278
1 0.0238162 0.0245782
0 0 0.000753656
0 0 0.000752179
1 0.219094 0.219841
2 0.0178876 0.0186284
1 0.0306149 0.0313485
0 0 0.000715835
1 0.0270983 0.0277968
1 0.0215396 0.0222375
2 0.418962 0.419655
2 0.0378806 0.038567
1 0.0342548 0.0349343
2 0.0269581 0.0276364
1 0.0131506 0.013798
0 0 0.000645799
1 0.0108777 0.0115156
2 0.10005 0.100674
1 0.0051762 0.00579261
1 0.0442821 0.0448903
1 0.0189857 0.0195749
1 0.0132211 0.0138043
1 0.0140645 0.0146431
1 0.034136 0.0347103
1 0.0309019 0.0314684
0 0 0.000564115
1 0.00868161 0.00924512
0 0 0.000560679
1 0.00917854 0.00971921
1 0.0263359 0.0268763
1 0.0943334 0.0948705
1 0.0153182 0.0158456
1 0.36806 0.36858
1 0.00687974 0.0073941
2 0.0441331 0.0446414
1 0.00651239 0.00701848
2 0.0295076 0.0300078
1 0.0598712 0.0603689
1 0.0108385 0.0113296
1 0.0172385 0.0177252
1 0.00394489 0.00442712
1 0.00879652 0.00927787
1 0.0232972 0.0237707
0 0 0.000457667
1 0.0498474 0.0502928
1 0.0109095 0.0113545
1 0.00510078 0.00554543
1 0.105117 0.105556
1 0.00816678 0.00859657
2 0.116587 0.117
0 0 0.000412171
2 0.0604725 0.0608812
2 0.4749 0.475303
1 0.00425613 0.0046514
1 0.037202 0.0375961
1 0.0115854 0.0119786
1 0.153545 0.15393
1 0.0162563 0.016632
2 0.14828 0.148651
1 0.0260339 0.0264029
0 0 0.000368057
1 0.0143057 0.0146707
0 0 0.000360134
1 0.0263029 0.0266604
2 0.0239603 0.0243122
2 0.100281 0.100628
2 0.00671327 0.00705327
1 0.0158791 0.0162184
1 0.00635679 0.00668882
1 0.00927994 0.00961027
0 0 0.000320241
2 0.0109782 0.0112921
1 0.0934881 0.0937978
2 0.0258086 0.0261116
2 0.0188014 0.0190982
1 0.0599587 0.0602537
0 0 0.000290371
1 0.127136 0.127425
1 0.00725289 0.0075404
1 0.0148042 0.0150886
1 0.00399069 0.00427338
1 0.0165352 0.016809
1 0.0338842 0.0341577
2 0.0330448 0.033315
1 0.0259789 0.0262488
1 0.0329889 0.0332544
1 0.0208884 0.0211495
1 0.00298403 0.00324023
1 0.00913222 0.00938518
1 0.0103413 0.010588
1 0.0639006 0.0641402
1 0.00218162 0.00241793
2 0.0967834 0.0970197
1 0.0336087 0.0338449
2 0.0220565 0.0222918
1 0.0130114 0.0132425
1 0.0204967 0.0207267
1 0.0834057 0.0836341
1 0.0449286 0.0451559
1 0.0128104 0.0130344
2 0.017874 0.0180948
2 0.0228219 0.0230222
1 0.0121296 0.0123297
1 0.016841 0.0170395
1 0.0104316 0.0106268
1 0.0295371 0.0297258
1 0.0268721 0.0270545
2 0.141097 0.14128
1 0.00576724 0.00594668
1 0.00705063 0.00722197
1 0.0183054 0.0184753
2 0.0136712 0.013834
2 0.011209 0.0113673
1 0.017987 0.0181435
2 0.442135 0.442291
1 0.031501 0.0316555
2 0.0255464 0.0256997
1 0.0247056 0.0248576
1 0.0398438 0.0399932
0 0 0.000148833
1 0.0286479 0.0287945
2 0.0220971 0.0222429
1 0.0626896 0.0628312
1 0.0124184 0.0125594
2 0.0164581 0.016597
2 0.0565724 0.0567087
1 0.00910158 0.00922944
1 0.0177863 0.017913
1 0.0331871 0.0333138
1 0.0253713 0.0254975
2 0.0378726 0.037998
1 0.0185948 0.018712
2 0.0135574 0.0136729
2 0.0179271 0.0180417
2 0.0615649 0.0616795
1 0.00873363 0.00884718
2 0.0317811 0.0318933
2 0.0188916 0.0190025
1 0.0123219 0.0124268
2 0.0175327 0.0176324
1 0.0214731 0.0215725
2 0.0318309 0.0319239
1 0.0340529 0.0341403
2 0.021379 0.021463
1 0.0171298 0.0172112
1 0.0148035 0.0148839
1 0.00183274 0.00191001
1 0.0523555 0.0524239
1 0.148038 0.148105
2 0.0349779 0.0350427
1 0.44203 0.44209
2 0.00604421 0.00610298
1 0.0208198 0.0208777
2 0.00602147 0.00607935
1 0.0115157 0.0115717
1 0.00589399 0.00594837
1 0.0590244 0.059077
1 0.0148185 0.0148705
2 0.177226 0.177277
1 0.00634921 0.00639922
2 0.0294277 0.0294753
2 0.00811607 0.00816207
1 0.00236657 0.00241034
1 0.0284093 0.0284526
1 0.0040338 0.00407698
1 0.00591948 0.00596264
2 0.0123367 0.0123784
1 0.00755508 0.00759445
1 0.00936735 0.00940647
1 0.0196496 0.019687
2 0.0145778 0.014615
1 0.0105584 0.010595
2 0.107597 0.107633
2 0.0643012 0.0643343
1 0.00410526 0.0041383
2 0.128799 0.128832
1 0.0405437 0.040575
1 0.00269157 0.00272287
1 0.012198 0.0122292
1 0.0162449 0.0162756
2 0.0372301 0.0372603
1 0.00347413 0.00350438
1 0.00648267 0.00651216
2 0.0168389 0.0168679
1 0.00268523 0.00271311
1 0.168416 0.168443
1 0.15935 0.159374
2 0.365671 0.365695
1 0.0897436 0.089767
1 0.117282 0.117304
1 0.0180146 0.0180362
1 0.0257536 0.0257742
1 0.0118666 0.0118851
1 0.0424896 0.042508
1 0.0208165 0.0208344
1 0.00609728 0.00611376
1 0.0133714 0.0133875
1 0.00553799 0.0055533
1 0.014473 0.0144877
1 0.0279873 0.0280008
1 0.00260725 0.00261972
1 0.0111374 0.0111498
1 0.0105724 0.0105815
2 0.442257 0.442266
2 0.017546 0.0175543
2 0.0259548 0.025963
2 0.0716116 0.0716187
2 0.0209564 0.0209629
1 0.0715913 0.0715975
2 0.0186178 0.018624
2 0.0138288 0.0138347
1 0.0352336 0.0352391
1 0.00905841 0.00906346
2 0.063319 0.0633236
2 0.0152143 0.0152187
2 0.0151525 0.0151559
1 0.00867013 0.00867301
1 0.0074465 0.00744915
1 0.00610571 0.00610834
1 0.00916003 0.00916251
1 0.0125203 0.0125223
1 0.0105528 0.0105547
1 0.00955961 0.00956132
1 0.0343416 0.034343
1 0.0378909 0.0378921
1 0.0021185 0.00211954
1 0.0145494 0.0145504
2 0.0112906 0.0112914
1 0.0284986 0.0284992
1 0.0423276 0.0423282
1 0.00330251 0.00330297
1 0.0338433 0.0338436
1 0.0181168 0.0181171
2 0.149483 0.149483
1 0.016305 0.0163051
2 0.0259587 0.0259588
1 0.0223853 0.0223854
