0 0 inf
0 0 0.268036
1 0.268052 0.498311
0 0 0.200043
0 0 0.162037
1 0.156039 0.305493
0 0 0.145239
1 0.0440471 0.164763
0 0 0.0905597
0 0 0.0805489
1 0.0439048 0.122093
0 0 0.0768623
0 0 0.075715
0 0 0.0663685
1 0.057468 0.120743
0 0 0.0597315
1 0.214723 0.267352
0 0 0.050434
1 0.216655 0.266234
0 0 0.0468958
1 0.263205 0.309688
0 0 0.0445096
1 0.0197502 0.0588888
0 0 0.0387219
0 0 0.0362718
0 0 0.0356598
1 0.266871 0.302155
0 0 0.0344203
0 0 0.0299119
0 0 0.0295446
0 0 0.0289804
0 0 0.0285735
1 0.0394734 0.0679853
0 0 0.0282475
0 0 0.0279407
1 0.219617 0.246742
0 0 0.0255909
1 0.304986 0.330233
0 0 0.0250002
0 0 0.0242415
1 0.0350915 0.0584876
0 0 0.0226671
0 0 0.022465
0 0 0.0222981
1 0.0528411 0.0750792
1 0.0882019 0.109845
0 0 0.0214527
1 0.0219755 0.0433458
0 0 0.0213678
0 0 0.0210553
0 0 0.0210541
0 0 0.0210378
0 0 0.020137
1 0.473659 0.493345
1 0.0272845 0.0464397
0 0 0.0189655
0 0 0.0188324
0 0 0.0183315
1 0.0403839 0.0585973
0 0 0.0180706
0 0 0.0178462
0 0 0.0175106
0 0 0.0173454
0 0 0.0171889
1 0.0518492 0.0689407
0 0 0.0168979
1 0.0454683 0.0620914
2 0.279659 0.295994
0 0 0.0162083
0 0 0.0160343
1 0.0225318 0.0385098
1 0.0177664 0.0336603
1 0.1665 0.182006
0 0 0.015365
0 0 0.015311
0 0 0.0152665
0 0 0.0151772
1 0.279882 0.294698
0 0 0.0147826
1 0.039075 0.0527109
0 0 0.0135353
0 0 0.0125176
0 0 0.012492
0 0 0.0124179
0 0 0.0122512
0 0 0.0119823
0 0 0.0118938
1 0.215334 0.227159
0 0 0.0117712
2 0.392394 0.404119
0 0 0.0117168
0 0 0.0117103
0 0 0.0116373
0 0 0.0116143
0 0 0.0114024
0 0 0.011155
0 0 0.010828
0 0 0.0107284
1 0.298391 0.309096
1 0.171748 0.182434
0 0 0.0106128
0 0 0.0103323
0 0 0.0103157
0 0 0.0102435
1 0.0177247 0.0279036
0 0 0.0100815
0 0 0.00999938
1 0.0319522 0.041883
0 0 0.00962637
1 0.0224378 0.0318847
1 0.138774 0.148147
0 0 0.00931286
0 0 0.0090618
1 0.420651 0.429694
0 0 0.00897454
0 0 0.00883426
0 0 0.0087643
1 0.018644 0.0272682
0 0 0.00844556
1 0.189696 0.197956
0 0 0.00821966
0 0 0.00813268
1 0.0365609 0.044616
0 0 0.00805428
1 0.0420672 0.0501168
0 0 0.00804428
1 0.442099 0.450141
0 0 0.00799104
1 0.0847796 0.0927081
0 0 0.00788205
1 0.0301049 0.0379174
0 0 0.00777211
0 0 0.00772319
1 0.284496 0.292119
2 0.404299 0.411861
0 0 0.00746996
0 0 0.00743815
0 0 0.00714678
0 0 0.00706475
0 0 0.00706417
2 0.672208 0.679037
1 0.274788 0.281605
1 0.0129239 0.0197139
1 0.0489027 0.0556772
0 0 0.0067162
1 0.0332687 0.0399278
0 0 0.00658339
1 0.0181078 0.024507
0 0 0.00639336
0 0 0.00634259
0 0 0.0062968
0 0 0.00616163
0 0 0.00612846
0 0 0.00610298
0 0 0.00602993
0 0 0.00602909
1 0.0599164 0.0659245
0 0 0.00596178
0 0 0.00593832
0 0 0.00590236
0 0 0.00584839
0 0 0.00571123
1 0.0130481 0.0187368
1 0.0253697 0.031027
1 0.00809865 0.0137513
0 0 0.00562603
0 0 0.00558554
1 0.045749 0.0512284
0 0 0.00547367
1 0.0314893 0.0369303
0 0 0.00542422
0 0 0.00537627
1 0.0109714 0.0163364
1 0.0213678 0.0266962
0 0 0.0051347
1 0.0864101 0.0914561
0 0 0.00498774
0 0 0.0049489
0 0 0.00488642
0 0 0.00486152
0 0 0.00484105
2 0.0751575 0.0799656
1 0.0258361 0.0305578
1 0.00699642 0.0117076
1 0.273722 0.278401
1 0.0125716 0.0172296
1 0.025766 0.0304001
0 0 0.00461314
1 0.0490426 0.0535915
0 0 0.00453972
0 0 0.00447486
0 0 0.00442759
1 0.0203355 0.024758
0 0 0.00436577
0 0 0.00434594
0 0 0.00432985
0 0 0.00431444
1 0.371265 0.375514
0 0 0.00423654
1 0.17838 0.182601
0 0 0.00419152
0 0 0.0041468
0 0 0.00412425
0 0 0.00410011
0 0 0.00405852
0 0 0.00402407
0 0 0.00400528
1 0.0222326 0.0262245
1 0.0409799 0.0449688
1 0.144113 0.148081
1 0.0222437 0.0261092
1 0.0394703 0.0432682
0 0 0.00379473
0 0 0.00373293
1 0.0260806 0.0297961
1 0.0106592 0.0143593
1 0.015186 0.0188799
0 0 0.00368602
0 0 0.00366735
1 0.0148341 0.0184856
0 0 0.00364722
0 0 0.00364389
0 0 0.00363913
0 0 0.00360024
0 0 0.00358435
0 0 0.00353574
2 0.268866 0.272399
0 0 0.00352279
1 0.0621215 0.0656194
0 0 0.00349164
0 0 0.00341919
0 0 0.00328807
1 0.0144895 0.0177479
0 0 0.00320805
0 0 0.003182
0 0 0.00318142
0 0 0.00317967
1 0.0687771 0.0719309
1 0.00576061 0.00888536
0 0 0.00312162
2 0.515419 0.518505
1 0.0284042 0.0314579
0 0 0.00302783
2 0.165359 0.168369
0 0 0.002925
0 0 0.00287839
0 0 0.00285278
0 0 0.00282971
0 0 0.00282462
2 0.0764362 0.0792212
0 0 0.00275261
0 0 0.00271249
0 0 0.00270863
1 0.018247 0.0209142
1 0.0811775 0.0837842
1 0.00613355 0.00872899
0 0 0.00250847
0 0 0.00249398
1 0.31917 0.321658
1 0.0599883 0.0624612
1 0.0124455 0.0149164
1 0.034126 0.0365794
1 0.0518045 0.0541855
1 0.0466077 0.0489357
1 0.323664 0.325944
1 0.0191124 0.0213617
0 0 0.0022315
1 0.0147927 0.0169313
0 0 0.00211459
1 0.0332122 0.0353035
1 0.296838 0.298906
2 0.0327336 0.0347559
0 0 0.00199388
2 0.072767 0.074706
1 0.00933535 0.0112542
1 0.0523008 0.0542083
1 0.0266744 0.028537
1 0.00765623 0.00949108
0 0 0.00179472
1 0.0161353 0.0179041
2 0.0538528 0.0555999
1 0.00898478 0.0107076
1 0.0672108 0.06893
0 0 0.00171323
1 0.0305808 0.0322866
1 0.0498737 0.0515742
0 0 0.00166713
1 0.0106219 0.0122668
1 0.0138471 0.0154488
1 0.0249683 0.0265518
0 0 0.00155032
1 0.016394 0.017916
1 0.0740068 0.0755163
0 0 0.00150814
1 0.033017 0.034517
0 0 0.00148757
0 0 0.0014577
0 0 0.00145379
0 0 0.00143183
1 0.0404682 0.0418984
1 0.0282768 0.0297011
0 0 0.00139023
1 0.0366556 0.0380299
1 0.0240745 0.0254471
1 0.0883805 0.0897472
1 0.0705105 0.0718716
1 0.0504277 0.0517613
0 0 0.00133267
0 0 0.00129238
0 0 0.00127348
2 0.0742116 0.0754693
2 0.450386 0.451644
1 0.0248081 0.0260569
1 0.0111982 0.01242
2 0.182623 0.183841
0 0 0.00119892
0 0 0.00119825
0 0 0.00119466
0 0 0.00118327
1 0.0931079 0.0942758
1 0.0162602 0.0174244
1 0.025641 0.0267953
1 0.00615146 0.00729872
1 0.0104427 0.0115534
0 0 0.00109429
1 0.0680882 0.0691338
1 0.0985103 0.0995509
0 0 0.00100934
1 0.00568537 0.00668785
2 0.501324 0.502326
1 0.0228893 0.0238875
1 0.00735067 0.00834629
1 0.0862412 0.0872196
1 0.00751525 0.00848248
1 0.0549124 0.0558695
1 0.0103629 0.0113104
1 0.0316634 0.0325777
1 0.00717027 0.00808408
0 0 0.000902671
0 0 0.000895813
1 0.407612 0.408506
2 0.0303277 0.0312072
0 0 0.000878047
1 0.00640269 0.00727748
1 0.00385793 0.00472927
1 0.00303332 0.00390041
2 0.0390165 0.0398788
2 0.0702625 0.07112
1 0.0290828 0.0299357
1 0.00945155 0.0102958
1 0.0154835 0.016317
2 0.0673899 0.0682068
2 0.0748712 0.0756561
1 0.0454143 0.0461982
1 0.0121567 0.0129307
1 0.0393743 0.0401412
0 0 0.000755587
2 0.0703868 0.0711388
1 0.0176224 0.0183727
1 0.0196723 0.0204161
1 0.0118738 0.0126088
0 0 0.000733374
2 0.0337457 0.0344765
1 0.0084284 0.00915041
1 0.0299087 0.0306307
1 0.00616957 0.00688023
1 0.00469495 0.00538824
0 0 0.000682644
1 0.02472 0.0254004
1 0.0216098 0.0222626
1 0.00469778 0.00533366
1 0.00522783 0.00585842
1 0.0230009 0.0236289
1 0.0317707 0.0323978
2 0.166914 0.167538
1 0.0596107 0.0602203
1 0.00644236 0.00704017
2 0.0391497 0.0397416
1 0.00530721 0.00589216
1 0.0151318 0.0157016
1 0.0485198 0.0490687
2 0.058896 0.0594319
1 0.116539 0.117069
1 0.0640628 0.0645882
2 0.0813217 0.081831
1 0.141905 0.14241
1 0.00601758 0.00652261
2 0.0661918 0.0666889
1 0.0745791 0.0750729
0 0 0.000488272
2 0.035235 0.0357168
1 0.00397237 0.00444612
1 0.0111729 0.011644
1 0.0459241 0.0463923
2 0.0635592 0.0640134
2 0.0602412 0.0606861
1 0.0254675 0.0259038
1 0.0292782 0.0297065
1 0.0527062 0.0531337
0 0 0.00042714
1 0.0288596 0.0292397
2 0.0473859 0.0477628
1 0.034491 0.0348665
1 0.0683066 0.0686803
1 0.00787978 0.00824721
2 0.0120322 0.0123937
2 0.0341375 0.0344934
1 0.0162274 0.0165815
1 0.00470644 0.00505755
2 0.0569388 0.0572738
0 0 0.000326504
1 0.00376208 0.00408856
1 0.0358322 0.0361438
2 0.00999959 0.0103081
1 0.0581667 0.0584589
1 0.0322059 0.0324895
2 0.0697716 0.0700527
1 0.057936 0.0581988
1 0.00808583 0.00834288
1 0.00431438 0.00456332
1 0.00667725 0.0069222
1 0.00964012 0.00988351
1 0.0379718 0.038214
1 0.00866554 0.00890642
1 0.0775892 0.0778292
1 0.17648 0.176715
1 0.0157069 0.0159408
1 0.00599283 0.0062173
1 0.00767543 0.00789933
1 0.00488492 0.00510396
2 0.0287373 0.0289558
1 0.0205803 0.0207822
1 0.0341139 0.0343131
1 0.00872131 0.00891708
1 0.00973403 0.00992804
0 0 0.000193343
1 0.0114201 0.0116133
0 0 0.000192848
2 0.0390802 0.0392703
1 0.0176373 0.0178244
1 0.0261868 0.0263717
1 0.00852463 0.00870545
2 0.0279244 0.0281029
2 0.0947005 0.094877
2 0.00752081 0.0076913
0 0 0.000169348
1 0.0484286 0.0485928
2 0.0312928 0.0314518
1 0.0510083 0.0511662
2 0.15124 0.151396
1 0.0351789 0.0353273
1 0.00584458 0.00599114
1 0.0040298 0.00417571
1 0.00497041 0.00511056
1 0.0587031 0.058841
1 0.055479 0.0556148
2 0.00498041 0.00511608
2 0.663956 0.664091
1 0.0359738 0.0361043
1 0.00453853 0.00466755
1 0.00623909 0.0063623
1 0.0143659 0.014489
1 0.0725292 0.0726476
1 0.00784249 0.00795996
1 0.00223502 0.00235198
1 0.00769648 0.00781069
1 0.162383 0.162495
1 0.0228688 0.022975
1 0.0216681 0.0217689
2 0.0673554 0.0674492
2 0.0364421 0.0365357
1 0.0319192 0.0320111
2 0.00702644 0.00711769
2 0.033273 0.0333636
1 0.00958435 0.00967216
2 0.0358087 0.0358922
1 0.229006 0.229086
1 0.0597618 0.0598393
2 0.0403731 0.04045
1 0.0366427 0.0367175
2 0.0085225 0.00859567
1 0.0436057 0.0436771
2 0.00463319 0.00470274
1 0.0376874 0.0377559
2 0.267383 0.26745
1 0.0231359 0.0232025
1 0.0754315 0.0754974
1 0.0745013 0.0745663
2 0.0132859 0.0133489
1 0.00301775 0.00307989
2 0.142614 0.142676
2 0.0603969 0.0604555
1 0.0291889 0.0292474
1 0.0806397 0.0806973
1 0.0196239 0.0196812
1 0.0410375 0.0410907
1 0.00422943 0.00428084
2 0.0289657 0.0290168
1 0.00491251 0.0049635
1 0.00163808 0.00168893
1 0.0100696 0.0101191
1 0.00590231 0.0059515
1 0.289153 0.289201
1 0.00741468 0.00746147
2 0.0318797 0.0319259
1 0.00740417 0.00745041
1 0.21522 0.215265
1 0.06451 0.064553
1 0.402254 0.402295
2 0.0142338 0.0142747
1 0.0205012 0.0205405
2 0.082216 0.0822547
2 0.0109196 0.0109578
1 0.033971 0.0340083
1 0.0109694 0.0110064
2 0.0515402 0.0515762
1 0.00619333 0.00622589
1 0.151139 0.15117
2 0.0338677 0.0338984
2 0.117124 0.117155
1 0.0328738 0.0329043
1 0.0244997 0.0245298
2 0.00670068 0.0067255
1 0.0175348 0.0175593
2 0.337512 0.337534
1 0.00879069 0.00881099
1 0.00907696 0.00909522
1 0.00813779 0.00815526
1 0.0585033 0.0585183
1 0.0454776 0.0454916
1 0.0393225 0.0393359
2 0.00938169 0.00939427
1 0.0107269 0.0107393
1 0.0282742 0.0282859
1 0.163076 0.163088
1 0.0680053 0.0680162
1 0.0133305 0.013341
1 0.0142193 0.0142294
1 0.0047599 0.00476934
1 0.0274852 0.0274946
2 0.068746 0.0687542
2 0.0951382 0.0951452
1 0.0451455 0.0451521
1 0.136434 0.13644
2 0.0533707 0.0533764
1 0.192722 0.192727
2 0.034466 0.0344703
1 0.142306 0.14231
1 0.0141602 0.0141641
1 0.0198631 0.0198661
2 0.0630763 0.0630791
1 0.0163659 0.0163686
1 0.0124001 0.0124027
1 0.0585977 0.0585998
2 0.0188059 0.0188079
1 0.0202797 0.0202817
1 0.0128398 0.0128417
1 0.47876 0.478762
2 0.0405624 0.0405639
1 0.00886305 0.00886406
1 0.0254819 0.0254828
1 0.0333871 0.0333879
2 0.00744881 0.00744946
2 0.00666781 0.00666825
1 0.0209132 0.0209135
2 0.075464 0.0754641
1 0.0018069 0.00180704
1 0.50118 0.50118
2 0.0743289 0.074329
2 0.0759885 0.0759885
