0 0 inf
0 0 0.400491
0 0 0.186872
0 0 0.180511
1 0.0860528 0.247301
0 0 0.135249
0 0 0.120989
0 0 0.11581
0 0 0.104457
0 0 0.0822393
0 0 0.0789469
0 0 0.0766272
1 0.162822 0.234767
0 0 0.0701927
0 0 0.0643261
1 0.0484991 0.111995
1 0.0533247 0.113704
1 0.319795 0.377625
0 0 0.0550359
0 0 0.0538807
0 0 0.0516371
0 0 0.0500486
0 0 0.0489186
0 0 0.0484434
0 0 0.0471498
0 0 0.0462505
0 0 0.0449537
1 0.0606327 0.104831
1 0.0478226 0.090616
0 0 0.0424079
0 0 0.0406012
0 0 0.0398854
1 0.474669 0.514252
1 0.552614 0.590929
1 0.0174599 0.0550519
0 0 0.037038
0 0 0.0367763
0 0 0.0366344
0 0 0.0365521
1 0.0285143 0.0646588
1 0.19427 0.22727
1 0.0634081 0.0957735
0 0 0.0322779
1 0.253105 0.285314
0 0 0.0321028
0 0 0.030662
1 0.102522 0.13293
1 0.16063 0.189272
1 0.436783 0.465346
1 0.190968 0.219522
1 0.0189699 0.0458173
1 0.0519305 0.0780597
0 0 0.0257734
1 0.0690052 0.0946834
0 0 0.0253773
0 0 0.0251428
1 0.0341505 0.0584592
0 0 0.0236545
0 0 0.0234419
1 0.61035 0.63343
1 0.412192 0.435114
1 0.0229487 0.0457304
0 0 0.0224981
0 0 0.02208
0 0 0.0220632
0 0 0.0216045
1 0.049229 0.0707234
0 0 0.0210668
0 0 0.0210051
0 0 0.0209719
0 0 0.020891
1 0.134667 0.155282
1 0.199292 0.219481
2 0.252791 0.272725
0 0 0.0199106
0 0 0.0193669
1 0.22334 0.242441
0 0 0.0187002
0 0 0.0182886
1 0.451335 0.469198
0 0 0.0178511
2 0.289555 0.307303
0 0 0.0177089
0 0 0.0171223
1 0.0452864 0.0616452
0 0 0.0161387
0 0 0.0160218
0 0 0.0158694
0 0 0.01585
1 0.176006 0.191755
0 0 0.0157303
1 0.0298636 0.0455167
0 0 0.015249
0 0 0.0152253
0 0 0.0149689
0 0 0.0147687
0 0 0.0147296
1 0.0536782 0.0683761
0 0 0.0146856
0 0 0.0145951
1 0.341539 0.356119
1 0.0880503 0.102553
0 0 0.0144522
0 0 0.014264
0 0 0.0142459
1 0.0138321 0.0279433
0 0 0.0139376
0 0 0.0137433
1 0.119753 0.133407
0 0 0.0132493
0 0 0.0129809
0 0 0.0129222
0 0 0.0129067
0 0 0.0128781
0 0 0.0128598
0 0 0.0128077
1 0.150282 0.163075
0 0 0.0126934
0 0 0.0126087
0 0 0.012544
0 0 0.0124864
1 0.0250637 0.0374316
0 0 0.0121994
1 0.0775274 0.0896261
0 0 0.0118567
1 0.196137 0.207966
0 0 0.0117502
0 0 0.0115633
0 0 0.0115369
2 0.0467667 0.0581317
0 0 0.0113417
0 0 0.0112862
0 0 0.0109661
1 0.0263215 0.0372618
1 0.0258753 0.0367204
0 0 0.0108009
0 0 0.0107808
0 0 0.0105844
1 0.0419336 0.0523198
1 0.256462 0.266835
0 0 0.0103722
0 0 0.0102521
1 0.05309 0.0632967
1 0.0167952 0.0266162
1 0.0347984 0.0445474
0 0 0.00970297
1 0.031395 0.0410935
1 0.272394 0.282058
1 0.0348292 0.0444832
1 0.0209306 0.030525
0 0 0.00948973
1 0.0158089 0.0252622
0 0 0.00936855
1 0.0198947 0.029172
0 0 0.00921147
0 0 0.00912873
0 0 0.00906615
1 0.195193 0.204102
0 0 0.00882399
1 0.0973016 0.106071
0 0 0.00872966
0 0 0.00859021
0 0 0.00857993
0 0 0.00855671
1 0.0153616 0.0237786
0 0 0.00839914
1 0.100746 0.109011
0 0 0.00801158
0 0 0.00775916
1 0.0116832 0.0194017
1 0.0529461 0.060604
1 0.0117278 0.019342
0 0 0.0076028
0 0 0.00759278
0 0 0.00752335
0 0 0.00744977
1 0.0178632 0.0252854
0 0 0.00739594
1 0.0156818 0.0230563
0 0 0.00736101
1 0.0949581 0.10231
0 0 0.00729914
0 0 0.00729108
0 0 0.0072588
0 0 0.00725564
0 0 0.00718667
1 0.0408448 0.0480232
0 0 0.00717274
1 0.0509953 0.058137
0 0 0.00691402
1 0.00874415 0.0156408
1 0.0140169 0.0208545
0 0 0.00680977
1 0.0854149 0.0922167
0 0 0.0067588
0 0 0.00670008
0 0 0.00665161
0 0 0.00663931
1 0.0281105 0.0347452
1 0.01517 0.0217204
0 0 0.00648018
0 0 0.00635484
0 0 0.00631373
0 0 0.00627294
0 0 0.00623452
1 0.016697 0.0228949
0 0 0.00612893
2 0.597071 0.603181
1 0.0192364 0.0253452
1 0.0477001 0.0537684
0 0 0.00595811
1 0.077491 0.0834484
1 0.0297422 0.0356947
0 0 0.00593431
0 0 0.0058457
1 0.189324 0.195146
2 0.0306675 0.0364352
0 0 0.00560128
1 0.0190816 0.024667
1 0.119157 0.124645
0 0 0.00545798
1 0.021546 0.0269825
0 0 0.0053524
0 0 0.00534638
0 0 0.00523212
1 0.0472632 0.0524523
1 0.127424 0.132401
1 0.0539179 0.0588662
1 0.00888036 0.0137858
1 0.0210367 0.0259389
0 0 0.00478186
0 0 0.00470736
0 0 0.00461325
2 0.591395 0.595964
1 0.0583966 0.0629616
0 0 0.0044806
0 0 0.00439732
0 0 0.00439635
1 0.157418 0.161761
0 0 0.00426297
0 0 0.0042089
0 0 0.00417681
0 0 0.00416203
2 0.0726683 0.076823
0 0 0.00411338
0 0 0.00403923
0 0 0.00397965
1 0.0410177 0.0449205
0 0 0.00388164
1 0.0510439 0.0548851
0 0 0.00383813
1 0.0863366 0.0900798
0 0 0.00369429
1 0.0149572 0.0186428
1 0.199285 0.202956
0 0 0.00365886
2 0.0602436 0.0638907
0 0 0.00363189
1 0.0705244 0.0741347
1 0.0428897 0.0464569
1 0.0486868 0.0522186
2 0.534344 0.537867
1 0.143461 0.146982
2 0.0543762 0.0578679
2 0.135498 0.138975
0 0 0.00345579
2 0.135241 0.138693
0 0 0.00342856
1 0.0636525 0.0670647
1 0.0867466 0.0901574
1 0.0131624 0.0164575
1 0.0492951 0.0525893
0 0 0.00327358
1 0.0256707 0.0289107
1 0.124333 0.127537
0 0 0.00318718
0 0 0.00318033
0 0 0.00317967
1 0.0325508 0.0357014
1 0.0251594 0.0283056
1 0.0628707 0.0659661
1 0.0140673 0.0171494
0 0 0.00306149
1 0.0912605 0.0942879
0 0 0.002997
0 0 0.00298993
2 0.106299 0.109232
1 0.0681968 0.0711246
2 0.0592395 0.062153
1 0.0709913 0.0739009
1 0.0171208 0.0200208
1 0.123056 0.125942
1 0.0919413 0.0948226
1 0.0288819 0.0317547
0 0 0.00284362
1 0.089552 0.0923784
2 0.0562716 0.0590825
1 0.0569422 0.0597163
1 0.0269785 0.0297415
0 0 0.00275867
0 0 0.00275582
1 0.0718643 0.0746141
0 0 0.00273678
0 0 0.00271186
1 0.127852 0.130544
0 0 0.00266511
1 0.0105472 0.013204
1 0.0170366 0.019688
2 0.470739 0.473388
1 0.0446599 0.0472829
0 0 0.00259077
1 0.106049 0.108636
2 0.239928 0.242507
2 0.112017 0.114587
1 0.0160137 0.0185513
1 0.0357112 0.0382131
1 0.00856893 0.0110631
2 0.0504661 0.0529557
0 0 0.00248489
1 0.0215184 0.0239757
1 0.0588251 0.0612136
1 0.0633307 0.065711
1 0.0256981 0.0280761
0 0 0.00237198
1 0.106508 0.10887
0 0 0.00228246
2 0.100659 0.102936
2 0.0751889 0.0774553
1 0.00877154 0.0109777
1 0.0194221 0.0216266
0 0 0.00218491
0 0 0.0021844
2 0.281052 0.283215
1 0.0321231 0.0342632
1 0.0193298 0.0214579
2 0.0586996 0.0608273
0 0 0.00212223
1 0.0512555 0.0533631
1 0.01039 0.0124682
0 0 0.0020453
0 0 0.00202393
0 0 0.00201016
1 0.0612633 0.0632134
0 0 0.00191415
1 0.0276117 0.0294961
1 0.0187047 0.0205793
0 0 0.00186119
1 0.0631644 0.0650049
0 0 0.00182502
0 0 0.00176541
0 0 0.00169363
0 0 0.00167945
1 0.021753 0.0234161
1 0.0243152 0.0259576
0 0 0.001637
2 0.102204 0.103816
1 0.0500382 0.0516336
1 0.0108718 0.0124642
2 0.0382396 0.0398041
1 0.0117397 0.0132949
0 0 0.00154538
1 0.674328 0.675864
1 0.124488 0.126022
1 0.0390888 0.0406203
1 0.0194179 0.0209432
2 0.244657 0.246172
1 0.0151962 0.0167049
1 0.0576364 0.0591306
2 0.0752484 0.07674
1 0.0109552 0.0124451
0 0 0.0014788
2 0.0557011 0.0571542
2 0.0302609 0.0316936
2 0.240827 0.242243
1 0.0105427 0.0119333
1 0.0170132 0.018391
1 0.0232227 0.0245994
2 0.0639201 0.0652926
1 0.0128238 0.0141633
1 0.0217446 0.0230778
1 0.0173879 0.0187182
1 0.0169469 0.0182358
1 0.0478626 0.0491434
0 0 0.00127759
1 0.461122 0.462384
1 0.0979913 0.0992223
1 0.0360991 0.0373253
2 0.373938 0.375152
1 0.0233569 0.024563
1 0.175344 0.176548
1 0.0423636 0.0435589
1 0.0098603 0.0110419
1 0.0228472 0.0240138
1 0.025782 0.0269482
1 0.0527451 0.0539032
2 0.0783838 0.0795405
1 0.0401586 0.041315
2 0.0377647 0.0388911
1 0.0571216 0.0582462
2 0.0760648 0.0771889
1 0.0183023 0.0194152
1 0.0263779 0.027488
1 0.0171465 0.0182562
1 0.0246531 0.025732
0 0 0.00106293
2 0.0606115 0.0616581
2 0.013163 0.0142061
1 0.0184246 0.019456
1 0.0287336 0.0297436
1 0.0203571 0.0213101
1 0.00772747 0.00867342
0 0 0.000945608
2 0.145663 0.146604
1 0.00406403 0.00499571
1 0.00477305 0.00569574
2 0.157654 0.158572
1 0.0078728 0.00878144
0 0 0.00089953
1 0.0113941 0.0122804
1 0.0306646 0.031541
1 0.0104527 0.0113115
1 0.0930048 0.0938548
1 0.0746493 0.0754992
2 0.473784 0.474632
2 0.0294557 0.0302877
1 0.0284335 0.029236
2 0.161844 0.16264
1 0.0324993 0.0332821
1 0.0213041 0.0220849
1 0.0382855 0.0390656
1 0.0205605 0.02134
2 0.0209687 0.0217475
2 0.0248049 0.0255785
2 0.0370992 0.0378542
2 0.0901534 0.0909011
1 0.0192562 0.0199925
1 0.0298642 0.0305919
2 0.0944711 0.0951903
1 0.209388 0.210095
1 0.0194118 0.0201185
1 0.029176 0.0298778
1 0.0928339 0.0935349
1 0.0279698 0.0286601
1 0.0314047 0.0320813
1 0.00570793 0.0063573
1 0.078764 0.0794095
1 0.00190609 0.00254536
2 0.152275 0.152911
2 0.0368498 0.0374828
2 0.206509 0.207142
1 0.0145024 0.0151175
1 0.0141428 0.0147534
2 0.0482093 0.0488152
2 0.0207312 0.021331
1 0.0739431 0.0745365
1 0.0454276 0.0460205
1 0.0216244 0.0222134
1 0.0345942 0.0351824
1 0.00700562 0.00756716
1 0.0283095 0.0288682
2 0.0163467 0.0168982
1 0.0112418 0.0117921
1 0.0106009 0.0111494
1 0.0125353 0.013082
2 0.108152 0.108686
1 0.0134685 0.0139886
1 0.552133 0.552652
1 0.0495559 0.0500735
1 0.0172541 0.0177711
1 0.0325885 0.0330933
1 0.023723 0.0242252
2 0.157191 0.157687
2 0.0319895 0.0324791
1 0.0141216 0.0146011
1 0.0397069 0.0401742
1 0.058326 0.0587918
1 0.00880349 0.00926894
1 0.0177935 0.0182583
1 0.0234203 0.0238691
1 0.0269515 0.0273975
1 0.0105024 0.0109379
1 0.0215811 0.0220164
2 0.0223593 0.0227858
0 0 0.00041629
2 0.0576088 0.0580249
1 0.0551098 0.0555255
1 0.132138 0.132546
1 0.0718638 0.0722625
2 0.0271418 0.0275302
2 0.0201628 0.0205348
1 0.00997163 0.0103432
1 0.00791019 0.00828021
1 0.151277 0.151641
1 0.0959328 0.0962934
1 0.0336534 0.0340095
1 0.227626 0.227981
1 0.0440303 0.0443809
1 0.0512218 0.0515718
1 0.0197446 0.0200883
2 0.0322238 0.03256
1 0.00888545 0.00921577
1 0.0895682 0.0898864
1 0.0502306 0.050541
1 0.0400332 0.0403353
2 0.0299565 0.0302574
2 0.0261985 0.0264988
1 0.0308373 0.0311358
1 0.107723 0.108017
1 0.00320777 0.00350241
1 0.151747 0.152037
1 0.00536269 0.0056486
2 0.255819 0.256105
1 0.169029 0.169313
2 0.102985 0.103267
2 0.0208642 0.0211466
1 0.0412821 0.0415637
1 0.00923087 0.00951221
1 0.00886726 0.00914766
2 0.499047 0.499318
1 0.0101255 0.0103933
1 0.0153415 0.015608
1 0.0147137 0.0149797
1 0.165434 0.1657
2 0.0379104 0.0381732
1 0.0132816 0.0135418
1 0.0728525 0.0731083
1 0.00568605 0.00594176
2 0.0786126 0.0788594
1 0.00639349 0.00663996
1 0.0473702 0.0476093
2 0.0256989 0.0259351
2 0.0751995 0.0754355
1 0.00406429 0.00428456
2 0.203029 0.203244
1 0.0205167 0.0207296
2 0.235881 0.236087
1 0.00620567 0.00640852
2 0.0299568 0.0301536
2 0.0311644 0.0313598
1 0.0549665 0.0551611
0 0 0.000187521
1 0.00462086 0.00480535
1 0.0564264 0.0566095
2 0.13619 0.136371
1 0.029589 0.0297649
1 0.0653292 0.0655035
2 0.0589152 0.0590859
1 0.0332717 0.0334411
2 0.0461426 0.0463095
2 0.691806 0.691971
1 0.0253507 0.0255141
1 0.00280211 0.00296525
1 0.0220116 0.0221746
2 0.0245218 0.0246649
2 0.0837489 0.0838875
1 0.0427025 0.0428401
2 0.0248271 0.0249557
1 0.020698 0.0208241
1 0.108752 0.108872
1 0.0392575 0.0393767
1 0.30019 0.300309
2 0.0155216 0.0156388
1 0.040215 0.0403305
1 0.0382345 0.0383499
2 0.203785 0.203895
1 0.00464171 0.00475205
1 0.0236552 0.0237632
1 0.0357632 0.0358693
1 0.0321607 0.0322666
2 0.0348644 0.0349695
2 0.0242442 0.0243476
0 0 0.00010132
2 0.0241726 0.0242731
1 0.0935108 0.0936077
1 0.0208492 0.0209414
1 0.0318442 0.031933
1 0.0256718 0.0257596
2 0.0331337 0.0332174
1 0.0531289 0.0532117
2 0.300682 0.300764
2 0.0212759 0.0213554
1 0.010715 0.0107913
2 0.0471695 0.047245
2 0.0516724 0.0517479
1 0.0297284 0.0298035
2 0.0169164 0.0169898
0 0 7.28216e-05
2 0.0535241 0.0535926
2 0.0588422 0.0589095
2 0.09515 0.0952171
1 0.00627844 0.00634497
2 0.0278079 0.0278743
2 0.292283 0.292347
1 0.0235778 0.0236375
1 0.0601088 0.0601677
1 0.0242219 0.0242807
2 0.022773 0.0228303
1 0.00866417 0.00872065
1 0.242818 0.242875
1 0.0341236 0.0341792
2 0.0298203 0.0298753
1 0.00405084 0.00410514
0 0 5.39528e-05
2 0.00652365 0.00657742
1 0.0514687 0.0515221
1 0.0216639 0.0217159
1 0.0153308 0.0153815
1 0.0177147 0.0177602
1 0.0221231 0.0221682
2 0.0796369 0.0796815
1 0.0131977 0.0132423
2 0.0633056 0.0633482
2 0.0170944 0.0171362
1 0.0412511 0.0412918
2 0.060118 0.0601584
2 0.0596463 0.0596852
1 0.0204564 0.0204948
1 0.0228777 0.022915
2 0.083676 0.083713
1 0.0529403 0.0529766
2 0.0265124 0.0265459
1 0.238101 0.238135
1 0.00566278 0.00569529
2 0.157585 0.157616
1 0.108068 0.108099
2 0.00262814 0.00265892
1 0.0166291 0.0166592
2 0.152782 0.152812
1 0.100965 0.100994
2 0.0529774 0.0530064
1 0.036783 0.0368116
1 0.0239306 0.0239583
1 0.025731 0.0257575
1 0.0354489 0.0354743
1 0.0069935 0.00701796
1 0.0307236 0.0307467
2 0.0620986 0.0621212
1 0.0290027 0.0290248
2 0.0587549 0.0587767
1 0.00742558 0.00744693
2 0.055281 0.0553018
1 0.218055 0.218075
1 0.426971 0.42699
1 0.033392 0.033411
2 0.014137 0.0141549
2 0.0350603 0.0350769
1 0.0256434 0.02566
1 0.0216038 0.0216199
1 0.0359477 0.0359634
2 0.0527581 0.0527709
2 0.111175 0.111186
2 0.0276191 0.0276292
2 0.0423816 0.0423906
2 0.708187 0.708195
2 0.11586 0.115867
2 0.0333049 0.0333116
1 0.0235946 0.0236009
1 0.0369572 0.0369632
2 0.138628 0.138634
1 0.0169397 0.0169452
1 0.00158091 0.00158581
1 0.0506236 0.0506285
2 0.0374051 0.03741
1 0.0061462 0.00615046
2 0.0263994 0.0264036
2 0.00671728 0.00672114
1 0.0265024 0.0265063
2 0.00897275 0.00897624
1 0.00260616 0.00260946
2 0.0781815 0.0781843
1 0.0226874 0.0226902
2 0.00946845 0.00947062
2 0.0305972 0.0305993
1 0.0834222 0.0834238
2 0.0476467 0.0476482
2 0.0596718 0.0596733
1 0.020493 0.0204945
1 0.0286686 0.0286699
2 0.0249238 0.0249249
1 0.0696736 0.0696746
2 0.103032 0.103033
2 0.0211646 0.0211653
1 0.459802 0.459802
1 0.0572091 0.0572095
1 0.135757 0.135757
1 0.0434888 0.0434892
2 0.0210544 0.0210547
2 0.0207081 0.0207083
2 0.0216685 0.0216686
1 0.0028585 0.0028585
1 0.235818 0.235818
1 0.491611 0.491611
1 0.150308 0.150308
