0 0 inf
0 0 0.197527
0 0 0.135974
0 0 0.125077
0 0 0.116748
1 0.177265 0.289573
0 0 0.104896
0 0 0.0986563
0 0 0.0960247
0 0 0.095887
0 0 0.0910469
0 0 0.0870689
1 0.059467 0.145911
0 0 0.0790775
0 0 0.0779002
0 0 0.069543
0 0 0.0692497
0 0 0.0632588
0 0 0.0565142
0 0 0.0484275
0 0 0.047851
1 0.031302 0.0777255
0 0 0.043365
0 0 0.043259
0 0 0.043033
0 0 0.0413351
1 0.016252 0.0573376
1 0.0242701 0.0631445
0 0 0.038077
0 0 0.0378287
0 0 0.0377325
1 0.0392909 0.0750541
1 0.0220114 0.0576348
0 0 0.0354413
0 0 0.0350679
1 0.136471 0.171001
2 0.32749 0.361342
1 0.286916 0.31775
1 0.0256543 0.0552263
1 0.0933835 0.122484
1 0.0584661 0.0874986
1 0.0566603 0.0856449
1 0.0231974 0.0520039
1 0.0496099 0.0783397
0 0 0.0278753
1 0.0547395 0.0822294
1 0.0315203 0.0578706
0 0 0.0261794
0 0 0.0257834
0 0 0.0256448
0 0 0.0253352
0 0 0.0252092
1 0.0756222 0.100589
0 0 0.024653
0 0 0.0245437
1 0.0634234 0.0878399
1 0.0165334 0.0401141
0 0 0.0235138
1 0.280675 0.304168
1 0.0504919 0.073502
0 0 0.0224516
0 0 0.0223428
1 0.047229 0.0691005
0 0 0.0214905
1 0.123974 0.144617
0 0 0.0204342
0 0 0.0204031
1 0.0491988 0.0685228
0 0 0.0193052
0 0 0.0191779
0 0 0.0190238
0 0 0.0188572
1 0.102706 0.121482
1 0.37247 0.391093
0 0 0.0185308
1 0.130107 0.148602
0 0 0.0184886
0 0 0.0182909
0 0 0.0182039
0 0 0.0181718
1 0.036588 0.0544161
0 0 0.0171009
0 0 0.0169404
1 0.0554081 0.0720321
1 0.080047 0.096626
0 0 0.0163777
0 0 0.0163484
0 0 0.0162976
0 0 0.0161949
0 0 0.0160921
0 0 0.0160756
1 0.367705 0.383676
1 0.0409383 0.0566733
0 0 0.0152558
0 0 0.0151149
0 0 0.0150744
0 0 0.0149768
0 0 0.0149362
1 0.0241463 0.0390711
0 0 0.014916
1 0.159228 0.174058
0 0 0.0147984
1 0.325466 0.340224
0 0 0.014736
1 0.0181936 0.0325742
1 0.0176378 0.0319909
1 0.0488963 0.0632397
0 0 0.0142999
0 0 0.0139513
0 0 0.0139263
0 0 0.0137225
0 0 0.0135184
0 0 0.013473
0 0 0.0134377
0 0 0.0134272
1 0.0297188 0.0430837
0 0 0.0132162
0 0 0.0132159
0 0 0.0132079
0 0 0.0131166
2 0.0996244 0.112594
0 0 0.0129585
0 0 0.0128181
0 0 0.0128165
0 0 0.0127287
0 0 0.0126065
0 0 0.0126064
0 0 0.0125293
0 0 0.0123607
0 0 0.0122173
0 0 0.0121677
0 0 0.0118436
0 0 0.0117872
0 0 0.0116043
0 0 0.0115688
1 0.087781 0.0992441
2 0.0691876 0.0803259
1 0.0326269 0.0437491
0 0 0.0109758
1 0.199266 0.21006
0 0 0.0107438
1 0.0266285 0.0371282
2 0.0660231 0.0764196
0 0 0.0103348
1 0.273697 0.284026
0 0 0.0103202
0 0 0.0102511
0 0 0.010245
1 0.0120116 0.0222329
0 0 0.0102088
0 0 0.0101595
0 0 0.0100322
1 0.244992 0.254995
1 0.0414215 0.0512577
0 0 0.00947393
1 0.0199821 0.0294303
0 0 0.00930938
0 0 0.00930782
1 0.17071 0.179665
0 0 0.00889898
0 0 0.00885154
1 0.0409731 0.049786
0 0 0.00877736
1 0.0677522 0.0763595
0 0 0.00855847
1 0.0168875 0.0253299
0 0 0.00841025
0 0 0.00827483
1 0.379152 0.387415
1 0.308003 0.316254
1 0.0213777 0.0295627
1 0.0321304 0.0402898
0 0 0.00809724
1 0.0270361 0.0351198
1 0.0213941 0.0293899
1 0.0110754 0.0190267
0 0 0.00777798
1 0.0283967 0.0360383
0 0 0.00762675
1 0.0609322 0.0685306
0 0 0.0075482
0 0 0.00749517
0 0 0.0073473
1 0.0610513 0.0683309
1 0.0810092 0.08821
0 0 0.00718141
1 0.00566598 0.0128081
0 0 0.0071241
1 0.0445149 0.0516084
2 0.299253 0.306327
0 0 0.00706625
1 0.0529108 0.0599544
1 0.0657069 0.0727027
1 0.0323617 0.0393419
0 0 0.00690831
1 0.0162428 0.0231
2 0.334272 0.341105
0 0 0.00681479
0 0 0.00679749
1 0.0387896 0.0455512
0 0 0.00659498
0 0 0.00659401
0 0 0.00658434
0 0 0.00653176
1 0.0450122 0.0514627
1 0.30762 0.31405
0 0 0.00639487
0 0 0.0063112
0 0 0.00626719
1 0.0175521 0.0237631
0 0 0.00606122
1 0.0418558 0.0479008
0 0 0.00584292
1 0.0276927 0.0335094
0 0 0.00581657
0 0 0.00577058
1 0.0284076 0.0341013
1 0.0139612 0.0196521
1 0.0227867 0.0284588
1 0.100207 0.105874
0 0 0.00562806
1 0.0155696 0.0210233
1 0.0334914 0.0388761
0 0 0.00530293
1 0.0617968 0.0670981
2 0.260405 0.265677
1 0.0574236 0.0626372
2 0.0587843 0.0639974
0 0 0.00519186
0 0 0.00512081
0 0 0.00504774
0 0 0.00499764
1 0.0309072 0.0358525
0 0 0.00487377
0 0 0.00481627
1 0.0245995 0.0293823
2 0.041071 0.0458469
1 0.0696838 0.0744584
0 0 0.00476811
2 0.0598524 0.0645679
1 0.0166827 0.021298
2 0.0965698 0.10117
0 0 0.00459246
0 0 0.00451263
1 0.336931 0.34144
1 0.112683 0.11719
0 0 0.00446723
1 0.0603921 0.0648208
1 0.135474 0.139888
2 0.0957196 0.100087
1 0.0134477 0.0178124
2 0.0847874 0.0890711
0 0 0.00427448
0 0 0.00426056
0 0 0.00424044
0 0 0.0042054
0 0 0.00418219
1 0.0355311 0.0396614
0 0 0.00407591
1 0.0167637 0.0208198
0 0 0.00402843
0 0 0.00402193
1 0.0131088 0.0171146
0 0 0.00395348
2 0.0698189 0.0737689
1 0.0286024 0.0325412
0 0 0.00388107
1 0.170131 0.17398
1 0.0169446 0.0207852
0 0 0.00380883
1 0.499476 0.503256
1 0.0722949 0.0759444
1 0.00886129 0.0124817
0 0 0.00361139
2 0.0727388 0.0763365
1 0.0177465 0.021258
1 0.042921 0.0464236
0 0 0.00349724
0 0 0.00347497
1 0.0399794 0.0434394
0 0 0.0034499
2 0.114232 0.117641
0 0 0.00340255
1 0.015287 0.0186591
0 0 0.00336234
1 0.0386205 0.0419803
0 0 0.00334762
1 0.00980822 0.0131355
2 0.344923 0.348173
2 0.0972152 0.100448
2 0.0754198 0.0785815
1 0.03753 0.0406637
0 0 0.00312311
1 0.0388392 0.041947
0 0 0.00309396
1 0.0926671 0.0957581
1 0.0426685 0.0457506
1 0.0705258 0.0735809
1 0.0339117 0.0369662
0 0 0.00301978
2 0.106175 0.109185
0 0 0.00299723
0 0 0.00297195
1 0.00693278 0.00990016
0 0 0.00295612
1 0.0323568 0.0352731
0 0 0.0029116
2 0.075005 0.077909
1 0.0585508 0.0614012
1 0.0288912 0.031741
1 0.0224998 0.0252551
1 0.0394896 0.0421822
1 0.0216583 0.0243215
1 0.0164768 0.0191356
1 0.0424972 0.0451466
1 0.0184755 0.0211151
1 0.0204319 0.0230707
1 0.0230452 0.0256474
1 0.0151757 0.0177774
1 0.059838 0.0624264
0 0 0.00257481
1 0.00807087 0.0106158
1 0.109686 0.112226
1 0.0660086 0.0685119
1 0.0938144 0.0962639
0 0 0.00243955
1 0.111755 0.114138
0 0 0.00235276
0 0 0.00231927
0 0 0.00228497
2 0.12825 0.130523
1 0.423607 0.425816
1 0.018496 0.0206698
1 0.0175035 0.0196735
2 0.342957 0.345121
1 0.0422891 0.0444136
1 0.0538374 0.0559508
0 0 0.0021071
1 0.00864054 0.0107404
1 0.0472273 0.0493081
1 0.023341 0.0254097
0 0 0.00203458
2 0.0645011 0.0665352
0 0 0.0020261
1 0.0104116 0.0124332
1 0.0235418 0.0255608
1 0.0241544 0.0261438
1 0.022376 0.0243494
1 0.021321 0.0232864
1 0.198877 0.200821
1 0.0393425 0.0412856
2 0.41877 0.420665
1 0.0338654 0.0357393
2 0.0570312 0.0588982
1 0.00904778 0.0109098
1 0.0611286 0.0629843
0 0 0.00181478
0 0 0.00180457
0 0 0.0017941
2 0.0202097 0.021967
2 0.0688227 0.0705749
1 0.0826305 0.0843646
2 0.0746678 0.0763955
0 0 0.00168136
1 0.0634148 0.0650946
1 0.0207072 0.0223525
1 0.0213885 0.0230185
1 0.0223131 0.0239333
1 0.0193896 0.0209813
1 0.0180545 0.0196263
1 0.0140145 0.0155743
1 0.0518941 0.0534365
1 0.0546139 0.0561308
0 0 0.00151249
0 0 0.00147209
2 0.0455841 0.0470548
1 0.0081551 0.00962433
0 0 0.00145633
1 0.0142196 0.0156563
1 0.0192761 0.0207075
1 0.0698735 0.071292
1 0.0464842 0.0478772
1 0.00413065 0.0055165
2 0.0527203 0.0541054
1 0.0649028 0.0662862
1 0.0902892 0.0916631
1 0.026311 0.0276812
0 0 0.00135667
2 0.06603 0.0673761
1 0.0665789 0.0679199
0 0 0.00134056
1 0.0413167 0.0426271
2 0.0429274 0.044235
1 0.0906673 0.0919729
1 0.0422027 0.0434914
2 0.0478378 0.0491235
0 0 0.00128492
1 0.0550776 0.056334
0 0 0.00122975
1 0.0576807 0.0589052
2 0.0601481 0.0613698
1 0.0299229 0.031117
2 0.0222995 0.0234927
1 0.00947396 0.010661
1 0.0889078 0.0900699
2 0.0371372 0.0382957
2 0.0600504 0.0612039
2 0.103158 0.104309
1 0.0181124 0.0192577
1 0.0599972 0.0611351
1 0.00634683 0.00748316
1 0.0202129 0.021348
1 0.00926201 0.0103948
1 0.0515832 0.0527112
1 0.0168813 0.0179869
2 0.0709408 0.0720438
1 0.0106729 0.0117714
1 0.0198852 0.0209776
2 0.335118 0.336196
2 0.0457791 0.0468463
1 0.0928118 0.0938502
2 0.0653224 0.0663569
1 0.0491884 0.0502218
1 0.61724 0.618272
1 0.00705341 0.00807064
2 0.0594428 0.0604579
2 0.0376655 0.0386802
1 0.0986736 0.0996736
1 0.326705 0.327684
1 0.0182203 0.0191974
1 0.00860339 0.00957629
0 0 0.000960356
1 0.0137984 0.0147564
1 0.00971659 0.0106689
1 0.0220467 0.0229919
2 0.0373759 0.0383111
1 0.00611858 0.0070315
2 0.115476 0.116369
1 0.0136445 0.0145151
2 0.0197515 0.0206205
1 0.0566283 0.0574971
1 0.0630461 0.0639133
1 0.00722994 0.00809143
1 0.0660518 0.0668997
1 0.0370479 0.0378925
1 0.0212046 0.0220411
1 0.0152474 0.0160764
2 0.0234128 0.0242371
2 0.0385912 0.0394116
2 0.0509744 0.0517848
2 0.116508 0.117309
1 0.13397 0.134762
2 0.124901 0.125692
1 0.0355599 0.0363458
2 0.0716833 0.0724615
1 0.0569635 0.057699
1 0.0330422 0.0337726
0 0 0.000717695
0 0 0.000704005
1 0.0135886 0.0142824
1 0.00302115 0.00371431
1 0.0649505 0.065643
1 0.00665937 0.00734178
1 0.10842 0.109077
1 0.016536 0.017179
1 0.0596798 0.0603222
1 0.0182076 0.0188435
1 0.00475091 0.00537067
2 0.104763 0.105373
2 0.0407149 0.0413173
1 0.0100908 0.0106771
1 0.0925496 0.0931345
0 0 0.000584418
2 0.0125211 0.0131014
1 0.026931 0.027508
2 0.103537 0.104111
2 0.340169 0.340742
2 0.0424597 0.0430305
1 0.0918139 0.0923822
1 0.0294434 0.0300004
1 0.00499526 0.00554327
0 0 0.000544268
1 0.0250397 0.025584
1 0.0102203 0.0107631
1 0.0268555 0.0273965
1 0.0625202 0.0630517
1 0.00465645 0.0051834
1 0.0334455 0.0339705
1 0.0204912 0.0210092
1 0.219233 0.219741
2 0.125129 0.125634
1 0.0719487 0.0724472
2 0.0216071 0.0220971
1 0.0106745 0.0111632
2 0.187674 0.188154
2 0.0227047 0.0231823
2 0.0579653 0.058442
1 0.0298472 0.0303226
1 0.0247547 0.0252294
1 0.254071 0.254544
2 0.0903014 0.0907747
1 0.0506082 0.0510801
1 0.043504 0.0439699
1 0.0418479 0.0423046
1 0.0445052 0.0449592
1 0.054898 0.0553331
2 0.0866201 0.0870546
0 0 0.000429844
1 0.0360293 0.036452
1 0.0470089 0.0474223
2 0.075411 0.0758244
1 0.00497904 0.00538925
0 0 0.000403669
2 0.0359336 0.0363362
1 0.0125165 0.012919
1 0.0319245 0.0323245
1 0.0040671 0.00446505
0 0 0.000392534
1 0.00523479 0.00561083
0 0 0.000375239
1 0.0184285 0.0187928
2 0.226595 0.226959
1 0.0634337 0.06379
1 0.0181403 0.0184906
2 0.0715088 0.0718531
1 0.0185997 0.0189424
1 0.1022 0.102542
1 0.0859966 0.0863364
1 0.0208586 0.0211959
1 0.0152847 0.0156193
1 0.0249397 0.0252727
2 0.0324297 0.0327592
1 0.0309585 0.0312858
1 0.00897864 0.0093017
2 0.0866976 0.0870092
1 0.0302649 0.0305749
1 0.020893 0.0212019
2 0.0439642 0.0442718
2 0.0447461 0.0450472
1 0.046513 0.0468073
1 0.0133483 0.0136405
1 0.0525748 0.0528667
1 0.00169488 0.00198528
1 0.0291362 0.0294209
1 0.0373211 0.0376045
1 0.0271904 0.0274734
1 0.0471047 0.0473856
1 0.0163489 0.0166261
2 0.0112792 0.0115518
2 0.03631 0.0365775
1 0.00435441 0.00462055
2 0.118156 0.118421
1 0.0261198 0.0263808
1 0.0235793 0.023839
1 0.0140241 0.0142789
2 0.0202279 0.0204801
2 0.0557543 0.0560059
1 0.035821 0.0360702
1 0.00666796 0.00690783
1 0.0410427 0.0412815
2 0.0764156 0.0766488
1 0.0216325 0.0218601
2 0.0148168 0.0150435
1 0.0184457 0.0186723
2 0.0713512 0.0715778
1 0.0493721 0.0495964
1 0.00991579 0.0101398
1 0.0123231 0.0125422
1 0.0784038 0.0786196
1 0.0360564 0.0362665
1 0.0403513 0.0405595
1 0.0384998 0.0387059
1 0.0107986 0.0110035
1 0.0293159 0.0295183
1 0.0498704 0.0500706
2 0.318217 0.318413
2 0.046194 0.0463883
1 0.00714813 0.00734077
1 0.0221793 0.0223716
1 0.0189008 0.0190872
1 0.0119696 0.0121554
1 0.0107389 0.0109228
1 0.0423398 0.0425236
2 0.102178 0.102358
1 0.397859 0.398036
2 0.241075 0.241246
1 0.0372988 0.0374656
1 0.0976544 0.0978195
2 0.391789 0.391946
1 0.0226859 0.022834
2 0.0657189 0.0658627
1 0.115736 0.115879
2 0.0352881 0.0354265
1 0.0328623 0.0329982
1 0.0163838 0.0165156
2 0.175458 0.175586
1 0.0342297 0.0343571
1 0.0101528 0.010279
2 0.0480223 0.0481478
2 0.075022 0.0751463
2 0.0288326 0.0289543
2 0.0236556 0.0237726
0 0 0.000116719
1 0.0183237 0.0184401
2 0.0352198 0.0353356
2 0.0726577 0.0727711
2 0.254619 0.254732
2 0.0649019 0.0650113
1 0.049645 0.0497538
1 0.0251065 0.0252152
2 0.0494684 0.0495761
1 0.00442475 0.00453153
1 0.0193069 0.0194115
1 0.00326149 0.00336572
2 0.026463 0.0265671
1 0.0301619 0.0302651
2 0.00951332 0.00961542
2 0.0861527 0.086254
2 0.0932746 0.0933758
1 0.00676935 0.00686897
1 0.0748103 0.0749088
2 0.0637621 0.0638579
2 0.397961 0.398056
2 0.0476327 0.0477266
1 0.013062 0.0131531
1 0.112716 0.112804
2 0.0798842 0.0799728
2 0.0662118 0.0662986
1 0.0349317 0.0350129
2 0.00716954 0.00724933
2 0.0721719 0.0722495
1 0.00907901 0.00915455
2 0.0129179 0.0129931
2 0.025231 0.0253057
2 0.116589 0.116664
2 0.0731377 0.0732111
1 0.0123867 0.012459
2 0.0605923 0.0606589
2 0.034092 0.0341571
1 0.0192699 0.0193347
1 0.0125613 0.0126229
1 0.011233 0.0112944
2 0.0694049 0.0694663
2 0.0778287 0.0778882
2 0.0626251 0.0626834
1 0.0210213 0.0210795
2 0.0644751 0.0645316
2 0.0147428 0.0147959
2 0.328014 0.328066
1 0.394207 0.394256
2 0.0656615 0.0657095
1 0.0295855 0.0296301
1 0.0178477 0.0178873
1 0.0291038 0.0291418
2 0.0724053 0.0724429
2 0.078671 0.078708
1 0.0526258 0.0526627
2 0.0739067 0.0739435
1 0.0219954 0.0220305
1 0.180749 0.180782
1 0.0572544 0.0572875
1 0.0150264 0.0150593
1 0.0223557 0.0223875
1 0.0372119 0.0372433
2 0.0496413 0.0496718
1 0.00925585 0.00928616
2 0.134778 0.134807
1 0.0347357 0.0347649
1 0.226876 0.226904
1 0.0150609 0.0150887
1 0.13735 0.137377
2 0.0748472 0.0748735
1 0.0637274 0.063751
1 0.0334709 0.033494
1 0.00378603 0.0038091
2 0.0112558 0.0112788
1 0.0403459 0.0403683
1 0.00600929 0.00603165
2 0.105412 0.105434
1 0.0376514 0.0376721
1 0.0613858 0.0614059
2 0.0373577 0.0373777
1 0.0186167 0.0186366
1 0.0378072 0.0378252
2 0.0628371 0.0628549
1 0.0168981 0.0169158
1 0.0244225 0.0244402
1 0.0380807 0.0380979
2 0.0211841 0.0212005
1 0.300741 0.300758
1 0.0211197 0.0211352
1 0.0166565 0.0166716
2 0.0248369 0.0248519
1 0.0840503 0.084065
1 0.0856873 0.0857016
1 0.0109506 0.0109647
1 0.0115977 0.0116116
1 0.0483317 0.0483429
1 0.33886 0.33887
1 0.0368244 0.036833
1 0.0364447 0.0364532
1 0.016159 0.0161675
2 0.019927 0.0199349
1 0.00849388 0.00850051
2 0.0531536 0.0531598
2 0.0133768 0.0133828
1 0.0186896 0.0186955
1 0.0427 0.0427057
2 0.0255723 0.0255776
1 0.00755648 0.00756162
1 0.0470453 0.04705
1 0.0606275 0.060632
2 0.0434907 0.0434948
1 0.016431 0.0164351
1 0.0155843 0.0155882
2 0.0151465 0.0151504
2 0.00604826 0.00605184
2 0.0853257 0.0853292
1 0.101402 0.101405
2 0.0644527 0.0644559
1 0.0629715 0.0629745
2 0.124974 0.124977
1 0.00439168 0.00439398
2 0.0112487 0.0112507
2 0.113187 0.113189
1 0.0147854 0.014787
1 0.0602381 0.0602397
2 0.0424367 0.0424381
2 0.0247315 0.0247328
2 0.0377607 0.037762
1 0.117377 0.117378
2 0.121856 0.121857
1 0.204269 0.20427
1 0.00741512 0.0074159
1 0.0511084 0.051109
2 0.0867799 0.0867805
2 0.0102774 0.0102778
1 0.119793 0.119793
2 0.0629804 0.0629804
2 0.0638541 0.0638542
