0 0 inf
0 0 0.213275
0 0 0.154996
1 0.108632 0.262004
0 0 0.118541
1 0.465163 0.579612
1 0.167968 0.279111
1 0.0438235 0.138078
1 0.0379897 0.131387
0 0 0.0893093
0 0 0.0883574
1 0.0380435 0.112839
0 0 0.0702704
0 0 0.0691575
0 0 0.0682257
1 0.0526032 0.120012
0 0 0.064017
0 0 0.0631597
1 0.113692 0.175384
0 0 0.0588046
1 0.279995 0.331766
1 0.225274 0.276214
0 0 0.0495289
0 0 0.0480438
0 0 0.0478357
0 0 0.0461266
1 0.115956 0.160315
1 0.0517036 0.0957079
0 0 0.0426046
0 0 0.0425193
0 0 0.0424373
0 0 0.0380369
0 0 0.0358136
0 0 0.0354299
0 0 0.0353923
2 0.711505 0.74678
2 0.346342 0.381487
0 0 0.0347888
0 0 0.0331344
0 0 0.0329448
1 0.240514 0.271787
0 0 0.0311243
0 0 0.0306763
1 0.037424 0.0675526
0 0 0.0295801
0 0 0.0292405
2 0.433035 0.461905
0 0 0.0286345
0 0 0.0280526
0 0 0.027705
0 0 0.0272634
0 0 0.0265034
1 0.12278 0.147333
1 0.0597448 0.0839843
0 0 0.0241779
1 0.0489056 0.0724725
1 0.0402996 0.0635762
1 0.207588 0.229889
1 0.0353151 0.0564912
0 0 0.0210623
0 0 0.0208573
0 0 0.0201627
0 0 0.019879
0 0 0.0198299
0 0 0.0196241
0 0 0.0191312
0 0 0.019086
0 0 0.0188731
0 0 0.0185585
0 0 0.0184802
0 0 0.0182125
0 0 0.0181925
0 0 0.0180906
0 0 0.0180834
0 0 0.0180796
0 0 0.0179244
0 0 0.0178328
1 0.0562971 0.0739048
0 0 0.0173284
0 0 0.0173216
0 0 0.0168941
0 0 0.0163427
0 0 0.0162779
0 0 0.0160431
1 0.161466 0.177377
1 0.0793726 0.0951428
1 0.0759438 0.0915216
0 0 0.0155757
0 0 0.0149767
1 0.050487 0.0654492
0 0 0.0145456
0 0 0.0145067
0 0 0.0141926
0 0 0.0140569
2 0.143787 0.157774
0 0 0.0139596
0 0 0.0138046
0 0 0.0136918
1 0.123986 0.137282
0 0 0.0129068
2 0.11598 0.128575
0 0 0.0120957
1 0.385267 0.397127
0 0 0.0115967
1 0.0383321 0.0497565
1 0.0439234 0.0548385
1 0.0972991 0.107794
1 0.017792 0.028261
1 0.0241318 0.0344625
0 0 0.0103289
0 0 0.0102172
1 0.0238002 0.0338461
0 0 0.00996084
0 0 0.00982356
0 0 0.00975216
1 0.11895 0.128665
0 0 0.00954317
1 0.0433835 0.0528531
1 0.0616755 0.0711178
1 0.692136 0.70155
0 0 0.00932939
0 0 0.00919974
0 0 0.00914696
1 0.0216789 0.0307279
1 0.0649992 0.073846
0 0 0.00880576
0 0 0.00867081
1 0.211037 0.219564
0 0 0.00849081
1 0.127545 0.136017
0 0 0.00845354
0 0 0.00816285
0 0 0.00803733
0 0 0.0078738
0 0 0.00777521
0 0 0.00774298
1 0.032696 0.0403859
0 0 0.00768793
1 0.110992 0.118508
0 0 0.00740402
1 0.0692975 0.0766796
0 0 0.00735178
0 0 0.00722282
1 0.0490155 0.0562297
0 0 0.00721083
0 0 0.00717398
1 0.011351 0.0184307
1 0.0316803 0.0386525
0 0 0.00695
1 0.00989984 0.0168482
0 0 0.006814
1 0.0789419 0.0857487
0 0 0.00672402
0 0 0.00670047
0 0 0.00668168
0 0 0.00662476
0 0 0.00660288
2 0.181029 0.187544
0 0 0.00651479
1 0.0671719 0.0736248
0 0 0.00639825
1 0.0179109 0.0242915
0 0 0.00626884
0 0 0.00622449
0 0 0.00622302
0 0 0.0062096
0 0 0.0061857
1 0.0345276 0.0407092
1 0.0189204 0.024913
1 0.057731 0.0636556
0 0 0.00573352
1 0.0974479 0.103151
1 0.0186376 0.0243406
1 0.029352 0.035052
0 0 0.00564669
0 0 0.00561353
1 0.0220861 0.0275736
0 0 0.00544861
0 0 0.00544078
0 0 0.00533069
2 0.213168 0.218457
1 0.0213446 0.0265603
2 0.0963532 0.101515
0 0 0.00513594
0 0 0.00513181
1 0.135974 0.141064
0 0 0.00504826
1 0.092711 0.0977248
1 0.0221402 0.0271287
0 0 0.00495518
0 0 0.00492614
0 0 0.00490493
0 0 0.00490174
1 0.00910291 0.0138475
1 0.0467903 0.0514892
0 0 0.00467007
1 0.0257872 0.0304373
0 0 0.00459711
1 0.18677 0.191365
0 0 0.00451274
1 0.0178353 0.0223359
1 0.0113822 0.0158605
1 0.0106706 0.0151433
0 0 0.0044672
0 0 0.004226
1 0.0183894 0.0226134
1 0.0377564 0.0419519
1 0.048778 0.0529563
1 0.0672444 0.0714034
0 0 0.00415461
2 0.124673 0.128802
0 0 0.00409986
0 0 0.00409393
0 0 0.00409206
0 0 0.00408847
0 0 0.00407051
1 0.0883532 0.0923456
0 0 0.00399012
0 0 0.00398723
0 0 0.00394921
1 0.0637464 0.0675996
0 0 0.00385236
0 0 0.00376712
0 0 0.00359781
1 0.0478091 0.051384
1 0.110177 0.113751
0 0 0.00357325
0 0 0.00354703
0 0 0.00339639
1 0.0694668 0.072824
2 0.205525 0.208777
0 0 0.00324329
0 0 0.00321999
1 0.0151375 0.0183413
1 0.0522286 0.0554321
1 0.0153806 0.0185591
1 0.0419632 0.0451288
1 0.233767 0.236908
1 0.0364616 0.0395744
0 0 0.00305879
0 0 0.00305836
1 0.0543943 0.0574067
1 0.14951 0.152501
0 0 0.00294456
1 0.021284 0.0242133
1 0.0381901 0.0410777
1 0.119613 0.122458
0 0 0.00281431
0 0 0.00279206
1 0.0272901 0.0300731
1 0.112109 0.114772
0 0 0.00264418
0 0 0.00259135
1 0.11848 0.121043
1 0.0373497 0.0399122
0 0 0.00253352
0 0 0.00252752
1 0.052904 0.0554093
0 0 0.00247034
0 0 0.00245643
1 0.0107211 0.0131426
0 0 0.00234592
2 0.249203 0.251535
1 0.00555758 0.00788058
1 0.384196 0.386518
0 0 0.00231873
0 0 0.00223815
0 0 0.00223713
1 0.54042 0.542605
0 0 0.00217777
0 0 0.00215028
1 0.0254043 0.0275447
1 0.019908 0.0220285
0 0 0.00211202
2 0.237918 0.240005
0 0 0.00208063
1 0.0211681 0.0231786
1 0.00782614 0.00983615
2 0.0166942 0.0186951
2 0.359075 0.361047
1 0.00660524 0.00856866
0 0 0.00195841
2 0.105145 0.107079
0 0 0.00189513
1 0.022008 0.023902
0 0 0.00186769
1 0.0593758 0.0612163
1 0.0102178 0.0120572
1 0.0148679 0.0166773
1 0.0840385 0.0858394
0 0 0.00179997
0 0 0.00179012
0 0 0.00177999
1 0.141427 0.143168
0 0 0.00173145
1 0.0209454 0.0226734
1 0.0142148 0.0159403
1 0.0407105 0.0423819
1 0.0253606 0.0270231
1 0.0291324 0.0307811
1 0.0250501 0.0266804
1 0.018692 0.0203172
2 0.0209039 0.0225169
1 0.0264312 0.0280313
0 0 0.00159899
1 0.013949 0.0155074
1 0.0549576 0.0565003
1 0.0187112 0.0202436
0 0 0.00149702
1 0.0230657 0.0245484
1 0.00911478 0.0105669
2 0.0569224 0.0583441
1 0.0268663 0.0282717
2 0.366186 0.36757
1 0.0616156 0.0629614
1 0.0106935 0.0120322
1 0.213135 0.214469
1 0.00717015 0.00849378
1 0.00868626 0.0100074
1 0.0141035 0.0154163
0 0 0.00130139
0 0 0.00129795
1 0.569044 0.57034
0 0 0.00126373
0 0 0.00126145
0 0 0.00126111
0 0 0.00124582
1 0.00401815 0.00525557
0 0 0.0012334
2 0.0435586 0.0447716
1 0.00833751 0.00954315
1 0.0893376 0.0905408
1 0.0106775 0.0118476
2 0.0578084 0.0589723
1 0.00762113 0.008782
1 0.0808959 0.0820478
1 0.0425368 0.0436846
0 0 0.00114134
1 0.0719489 0.0730853
1 0.047439 0.0485714
2 0.0377554 0.0388868
2 0.148848 0.149953
1 0.0256035 0.0266847
0 0 0.00107954
1 0.0395095 0.0405807
2 0.097113 0.0981768
1 0.0324068 0.0334586
1 0.0105037 0.0115435
2 0.215788 0.216808
0 0 0.00101627
1 0.0567209 0.057734
1 0.040072 0.0410749
1 0.0517378 0.0527357
2 0.0284038 0.0293855
1 0.0197967 0.0207721
1 0.0494333 0.0504034
1 0.0103143 0.0112687
1 0.431673 0.432603
2 0.0177891 0.0187165
1 0.0164029 0.0173078
0 0 0.000902367
2 0.0742604 0.0751559
2 0.140259 0.141152
1 0.0567489 0.0576176
1 0.0215101 0.022357
0 0 0.000828653
1 0.00805687 0.00887524
1 0.0120615 0.0128417
2 0.0605341 0.0612959
1 0.00801653 0.00874952
1 0.00897786 0.00970929
1 0.0230793 0.0238107
1 0.00878588 0.00951705
0 0 0.000728483
2 0.443499 0.444227
1 0.12169 0.122416
1 0.0636967 0.0644211
0 0 0.00071552
1 0.0660969 0.0667933
2 0.0234131 0.0241049
1 0.00881936 0.0095029
1 0.0320933 0.0327749
1 0.0108037 0.0114767
1 0.0809711 0.0816422
0 0 0.000669837
1 0.0119871 0.0126463
2 0.229232 0.229891
0 0 0.000656406
1 0.0210266 0.021655
0 0 0.000616585
0 0 0.000614331
0 0 0.000611184
0 0 0.000606458
0 0 0.00060095
1 0.229525 0.230124
1 0.0106772 0.0112516
2 0.262404 0.262975
2 0.0636049 0.0641716
1 0.0262056 0.0267558
1 0.0358273 0.0363608
2 0.159537 0.160069
1 0.054896 0.0554248
1 0.0970823 0.0976105
1 0.132049 0.13257
1 0.0154869 0.0159897
1 0.251299 0.251799
1 0.0029401 0.00343547
1 0.0544624 0.0549536
1 0.00896507 0.00943435
1 0.0655184 0.0659801
1 0.0552985 0.0557484
2 0.0099208 0.0103617
1 0.0616297 0.06207
1 0.00214377 0.00258213
1 0.0113383 0.011766
2 0.12106 0.121485
1 0.00610312 0.00651176
2 0.0685009 0.0688914
1 0.0218729 0.0222595
1 0.00603373 0.0064202
1 0.0234252 0.0238094
1 0.192096 0.192462
0 0 0.000360941
2 0.0254547 0.0258096
2 0.0172314 0.0175842
1 0.0138986 0.0142429
1 0.0887988 0.0891368
2 0.0873808 0.0877127
1 0.00914444 0.00946999
1 0.00881483 0.00913741
1 0.0127556 0.0130677
1 0.196905 0.197213
2 0.059509 0.0598161
1 0.00601899 0.00632018
1 0.337849 0.338133
1 0.0269398 0.0272231
1 0.0609313 0.0612127
2 0.0355348 0.0358139
0 0 0.000278936
0 0 0.000277693
1 0.0526981 0.0529658
2 0.603064 0.603324
1 0.0371153 0.0373748
2 0.0959627 0.0962202
1 0.182503 0.182756
1 0.0872 0.0874501
2 0.064273 0.0645186
2 0.157334 0.157575
0 0 0.000238759
1 0.00917689 0.00940562
2 0.0409265 0.0411518
1 0.00361153 0.00383345
1 0.0361178 0.0363386
1 0.00459937 0.00481898
1 0.00452021 0.00473482
1 0.0148134 0.0150244
2 0.0633635 0.0635743
2 0.0746833 0.0748919
2 0.0491819 0.0493886
1 0.019536 0.0197354
1 0.0209839 0.0211819
1 0.0044781 0.00466744
1 0.00950419 0.00969153
1 0.020166 0.0203456
1 0.0301511 0.0303276
1 0.00419119 0.00436394
1 0.0536104 0.0537828
1 0.0372157 0.0373872
1 0.00923728 0.00940343
1 0.0489263 0.049088
1 0.0144797 0.014638
1 0.11026 0.110408
1 0.0426348 0.0427751
1 0.00449036 0.00462981
1 0.225387 0.225523
1 0.0190798 0.0192157
1 0.0032459 0.00338135
1 0.0039092 0.00403722
1 0.00918474 0.00931273
1 0.0151117 0.0152375
1 0.106046 0.106169
1 0.0152123 0.0153328
2 0.0435196 0.0436361
1 0.0736365 0.0737486
1 0.0588337 0.0589452
2 0.0895522 0.0896629
0 0 0.000110624
1 0.00196486 0.00207454
1 0.00401939 0.00412844
1 0.006979 0.00708797
1 0.061445 0.061552
1 0.0379948 0.0381017
1 0.00639918 0.00650539
2 0.0664772 0.0665832
2 0.0361067 0.0362101
1 0.0107829 0.0108793
0 0 9.33725e-05
1 0.00852618 0.00861859
1 0.0236071 0.023698
1 0.0121472 0.0122373
1 0.017348 0.017438
2 0.152404 0.152492
1 0.074258 0.0743455
1 0.130064 0.130149
1 0.0180217 0.0181063
2 0.193985 0.194069
2 0.100967 0.101049
1 0.0032547 0.00333127
1 0.0490669 0.0491416
1 0.0123656 0.0124395
1 0.00221361 0.00228729
1 0.0201211 0.020192
2 0.0330629 0.0331272
1 0.0228185 0.0228815
1 0.0599058 0.0599674
1 0.0581042 0.0581641
1 0.0337424 0.0338018
1 0.029082 0.0291384
2 0.0212042 0.02126
1 0.0138214 0.0138767
1 0.0660343 0.0660867
1 0.0882242 0.0882752
1 0.0240053 0.0240514
2 0.027778 0.027824
1 0.0176798 0.0177251
2 0.0100821 0.0101263
1 0.0148715 0.0149152
1 0.0460235 0.0460634
1 0.0096338 0.00966965
2 0.0141428 0.0141782
1 0.0152535 0.0152883
2 0.0379874 0.0380209
1 0.0101221 0.0101548
1 0.0350622 0.0350938
2 0.00880821 0.00883842
1 0.00851755 0.00854748
2 0.125823 0.125853
2 0.00945429 0.00948403
2 0.106345 0.106374
1 0.00160676 0.00163478
2 0.0185677 0.018594
2 0.0980338 0.0980594
1 0.0133523 0.0133772
1 0.0936633 0.0936872
2 0.03431 0.0343326
2 0.0245835 0.0246059
2 0.0224352 0.0224555
2 0.00987366 0.00989385
2 0.0883183 0.088338
1 0.0215617 0.0215796
1 0.00797551 0.00799295
2 0.0307146 0.0307297
2 0.0218758 0.021891
1 0.107506 0.10752
1 0.0240238 0.0240372
2 0.154677 0.15469
1 0.382646 0.382658
1 0.0557325 0.0557442
1 0.0138461 0.0138572
2 0.0185018 0.0185128
1 0.00313475 0.00314542
2 0.0293748 0.0293837
1 0.0105996 0.0106084
1 0.0276814 0.0276896
2 0.0372404 0.0372485
1 0.000700377 0.000707419
2 0.0286505 0.0286568
1 0.00603714 0.00604281
2 0.0125421 0.0125469
1 0.0871633 0.0871676
2 0.0150876 0.0150917
1 0.0392822 0.0392862
2 0.0277547 0.0277584
2 0.033821 0.0338247
1 0.153584 0.153587
2 0.0293478 0.0293509
2 0.0224958 0.0224988
1 0.0779828 0.0779853
1 0.0122509 0.0122534
1 0.0173416 0.0173439
2 0.0849293 0.0849313
1 0.00154833 0.00154943
2 0.0407068 0.0407079
1 0.00251602 0.00251694
1 0.248925 0.248926
1 0.0311071 0.0311078
1 0.0175339 0.0175345
1 0.0188022 0.0188027
1 0.00351292 0.00351306
1 0.0409375 0.0409376
2 0.0111037 0.0111038
2 0.017884 0.017884
1 0.00554862 0.00554863
1 0.0286716 0.0286716
