0 0 inf
1 0.158277 0.337679
0 0 0.135735
0 0 0.135198
0 0 0.124033
0 0 0.117616
1 0.183612 0.286636
0 0 0.0979577
0 0 0.0892357
1 0.149906 0.238019
0 0 0.0864741
1 0.195672 0.278181
0 0 0.0740885
1 0.160815 0.227255
0 0 0.0661319
0 0 0.0656178
0 0 0.0651034
1 0.0772599 0.141556
0 0 0.063582
0 0 0.0617364
0 0 0.0609042
1 0.0481829 0.108086
0 0 0.0549984
0 0 0.0540794
0 0 0.0526024
0 0 0.0510247
0 0 0.0494197
0 0 0.045794
0 0 0.0415888
0 0 0.0409598
0 0 0.0405409
1 0.0364298 0.0762369
1 0.100123 0.137623
1 0.059403 0.0947793
1 0.0469637 0.0807777
2 0.348876 0.381788
1 0.0228873 0.0539806
0 0 0.0288552
0 0 0.0278876
1 0.0270289 0.0537929
0 0 0.0266545
0 0 0.0263792
1 0.056173 0.0817406
1 0.0370081 0.0624242
0 0 0.0243849
0 0 0.0231288
1 0.185216 0.208314
0 0 0.0221966
0 0 0.0220295
0 0 0.0215674
0 0 0.021153
1 0.0682941 0.0892612
0 0 0.0207007
0 0 0.0202992
0 0 0.020186
0 0 0.0199317
1 0.0269782 0.0458411
1 0.0972191 0.116063
0 0 0.0186878
0 0 0.018581
0 0 0.0184535
1 0.105702 0.124016
0 0 0.0183012
1 0.101727 0.119872
0 0 0.0179418
0 0 0.0177436
2 0.287359 0.304585
0 0 0.0171953
1 0.0347833 0.0518224
0 0 0.0169068
1 0.199923 0.216721
1 0.0136908 0.0304771
1 0.0127633 0.0294581
1 0.0139126 0.0304855
1 0.267454 0.283907
0 0 0.0161625
0 0 0.0159618
0 0 0.0145953
0 0 0.0144664
1 0.0180656 0.0324501
0 0 0.0142035
2 0.163839 0.178032
1 0.207715 0.221774
1 0.0297387 0.0437307
0 0 0.0138825
0 0 0.0138756
0 0 0.0133247
0 0 0.0131409
0 0 0.0131197
0 0 0.013049
0 0 0.0128984
0 0 0.012892
0 0 0.0128567
0 0 0.0127666
0 0 0.0126863
0 0 0.0125857
0 0 0.0123819
0 0 0.01238
1 0.0220406 0.0342203
0 0 0.0119755
1 0.044161 0.0560392
0 0 0.0117057
0 0 0.011586
1 0.0160897 0.027598
0 0 0.0113556
1 0.0670337 0.0783803
0 0 0.0112762
1 0.0957314 0.106962
2 0.0787368 0.0897632
0 0 0.0105536
1 0.0255512 0.0359996
2 0.0341268 0.0445067
0 0 0.0103644
0 0 0.0103283
0 0 0.0100932
0 0 0.00995664
1 0.281177 0.291035
1 0.0244316 0.034254
0 0 0.00975571
1 0.0211028 0.0307965
0 0 0.00969134
0 0 0.00963381
0 0 0.00963139
0 0 0.00961552
1 0.0514585 0.0610397
1 0.0425157 0.0520629
0 0 0.00950689
1 0.0157744 0.0251884
0 0 0.0093673
1 0.0293327 0.0386552
0 0 0.00931991
0 0 0.00915765
1 0.0520296 0.0611488
1 0.199747 0.2086
1 0.0442049 0.0529383
0 0 0.00867008
0 0 0.00865845
0 0 0.00861561
1 0.106197 0.114707
1 0.0178341 0.026318
0 0 0.00844758
1 0.0180727 0.0264585
1 0.0640106 0.0723508
0 0 0.00826103
2 0.149153 0.157317
0 0 0.00801198
1 0.0156952 0.0235877
0 0 0.00775333
0 0 0.00769293
0 0 0.00757581
0 0 0.00754343
0 0 0.0074964
1 0.029334 0.0366541
0 0 0.00729942
0 0 0.00720772
0 0 0.00719567
0 0 0.0071602
0 0 0.00711472
1 0.0446449 0.0517314
1 0.144917 0.151917
2 0.0627074 0.0696872
0 0 0.00691626
0 0 0.00681102
0 0 0.00677891
0 0 0.00676097
0 0 0.00674515
0 0 0.00668971
0 0 0.00667954
1 0.038177 0.0448185
1 0.0529076 0.0595145
0 0 0.00659171
0 0 0.00649209
0 0 0.00640788
1 0.0267092 0.0331097
1 0.0228819 0.0292619
1 0.0167973 0.0231451
1 0.0249095 0.0312185
1 0.0638852 0.0701758
0 0 0.0062766
1 0.03039 0.0366624
1 0.0162414 0.0224547
1 0.269006 0.275175
0 0 0.00611711
0 0 0.0061006
0 0 0.00609903
0 0 0.00609501
0 0 0.00604153
1 0.0431616 0.0491672
1 0.0290981 0.0350878
1 0.0093848 0.0153382
0 0 0.00594332
2 0.404058 0.409849
2 0.100312 0.106099
1 0.0253626 0.0310757
0 0 0.00564966
1 0.191437 0.197034
0 0 0.0055874
0 0 0.005561
0 0 0.00555991
0 0 0.00546799
0 0 0.00546629
1 0.0326388 0.0381038
0 0 0.00537698
0 0 0.00535971
1 0.0186846 0.0240252
0 0 0.00527413
0 0 0.00523242
0 0 0.00511444
0 0 0.00509813
0 0 0.00509682
1 0.04155 0.0466365
0 0 0.00504113
0 0 0.00495792
1 0.00913209 0.0140657
0 0 0.00484398
0 0 0.00483759
0 0 0.00480849
2 0.142531 0.147307
0 0 0.00473388
0 0 0.0046906
0 0 0.00464228
1 0.0435694 0.0481396
0 0 0.00454548
0 0 0.00447608
2 0.0846229 0.0890838
0 0 0.004447
1 0.0269496 0.0313717
2 0.0282513 0.0326248
0 0 0.00435127
0 0 0.00434696
1 0.0336173 0.0379317
0 0 0.00431105
1 0.228974 0.233272
1 0.0279829 0.0322556
1 0.0146496 0.0188838
0 0 0.0041605
1 0.0315992 0.0357169
0 0 0.00400755
1 0.0725847 0.0765871
0 0 0.00396819
0 0 0.00395843
0 0 0.00394829
1 0.0221382 0.02602
1 0.00865345 0.0125166
0 0 0.00383796
1 0.0179372 0.0217467
2 0.0524507 0.0562424
0 0 0.00376631
1 0.0241261 0.0278802
1 0.20859 0.212304
0 0 0.00370343
0 0 0.00370029
0 0 0.00362782
1 0.0273892 0.0310141
0 0 0.00360237
0 0 0.00359563
1 0.0254785 0.0289633
0 0 0.00341607
1 0.0664107 0.0698208
1 0.381743 0.385146
1 0.0416221 0.0449797
1 0.0466693 0.0500256
1 0.0169643 0.0203072
0 0 0.00329232
1 0.0364183 0.0397093
1 0.0344876 0.0377551
2 0.0550495 0.0583014
1 0.0901283 0.0933558
0 0 0.00316291
1 0.00622021 0.00931026
0 0 0.00298851
0 0 0.00298118
0 0 0.00297693
2 0.0702311 0.0731668
0 0 0.00286535
1 0.010089 0.0129395
0 0 0.00284918
1 0.0237263 0.0265477
0 0 0.00281683
1 0.0118421 0.0145858
1 0.0184047 0.0211445
0 0 0.00273384
1 0.0195049 0.0222275
1 0.00712868 0.00983995
1 0.0397764 0.0424804
2 0.289082 0.291744
1 0.0359849 0.038615
0 0 0.00261806
0 0 0.00257067
0 0 0.00255103
0 0 0.00254806
1 0.0374386 0.0399486
1 0.0237965 0.0263059
2 0.0925099 0.0950082
1 0.100613 0.103083
1 0.0301884 0.0326496
0 0 0.00244473
1 0.223015 0.22541
0 0 0.00236689
1 0.0166376 0.0189642
0 0 0.00228395
0 0 0.00227399
1 0.0103699 0.0126369
0 0 0.00226148
2 0.0232919 0.0255048
0 0 0.0021179
2 0.0343314 0.0364403
1 0.0571861 0.0592292
1 0.0745696 0.0766035
0 0 0.00201583
1 0.0235667 0.0255725
1 0.00828904 0.0102789
1 0.0282774 0.0302417
2 0.0398138 0.0417748
1 0.129274 0.131234
1 0.0208376 0.0227978
1 0.109877 0.111828
2 0.0333489 0.0352991
1 0.029665 0.0315863
0 0 0.00188813
2 0.143362 0.145238
1 0.0903476 0.0922203
1 0.0283087 0.0301794
1 0.164168 0.165999
1 0.0942257 0.0960423
1 0.0351857 0.0369807
1 0.00743894 0.00921339
0 0 0.00176904
1 0.00896092 0.0107183
1 0.0284854 0.0301999
1 0.0488444 0.0505552
0 0 0.00168231
1 0.0286402 0.0303039
0 0 0.00165901
0 0 0.00165836
0 0 0.00165018
1 0.00509986 0.00673829
2 0.0320794 0.0337096
1 0.00406423 0.0056709
1 0.193441 0.19501
1 0.0306692 0.0322301
1 0.112087 0.113642
1 0.0519665 0.0535185
1 0.0753337 0.0768814
1 0.0172837 0.0188261
0 0 0.00150373
1 0.281833 0.283332
1 0.0396867 0.0411858
2 0.0363442 0.037842
1 0.119678 0.121175
1 0.0317112 0.0331766
1 0.01161 0.0130333
1 0.014736 0.0161462
0 0 0.00139528
1 0.00476822 0.00611856
0 0 0.00134608
1 0.017793 0.0191381
1 0.036808 0.038151
1 0.0239093 0.0252491
2 0.0614341 0.0627156
1 0.0251728 0.0264454
1 0.104101 0.105339
1 0.273452 0.274669
1 0.00783818 0.00904319
1 0.0194786 0.0206691
0 0 0.00118846
2 0.347458 0.348645
2 0.258213 0.259386
2 0.0601636 0.0613288
1 0.0255429 0.0267055
1 0.023258 0.0244174
0 0 0.00114699
1 0.0190791 0.0202139
1 0.0707296 0.0718631
1 0.0170892 0.0182213
0 0 0.00111985
0 0 0.00110425
1 0.0256822 0.0267759
1 0.0053892 0.00646779
1 0.0519539 0.0530108
1 0.0172094 0.0182652
2 0.239905 0.240935
1 0.0221988 0.0232097
2 0.0573478 0.0583406
1 0.0134626 0.0144362
0 0 0.000953884
1 0.00906309 0.0100031
1 0.0766039 0.0775338
0 0 0.000918713
1 0.0140871 0.0149967
1 0.0880342 0.088938
2 0.0943847 0.0952877
1 0.0272196 0.0281194
1 0.0199229 0.0208216
1 0.0353097 0.0362025
0 0 0.000890205
1 0.008549 0.00943896
2 0.108086 0.108908
1 0.0101081 0.0109289
1 0.0298927 0.0307106
2 0.0337026 0.0345068
2 0.138475 0.139278
1 0.0117735 0.0125699
1 0.0208091 0.021588
1 0.0502143 0.0509807
1 0.0160293 0.0167883
2 0.0370472 0.0378022
1 0.0884282 0.08917
2 0.358396 0.359117
2 0.033029 0.0337502
1 0.0561241 0.0568439
2 0.0319995 0.0327175
1 0.0282325 0.0289476
1 0.0606343 0.0613402
2 0.387414 0.388118
2 0.303462 0.304152
1 0.00298965 0.00367904
1 0.201048 0.201728
1 0.00310762 0.00378359
2 0.100129 0.100803
2 0.105094 0.105761
0 0 0.000642951
0 0 0.000631506
1 0.00491527 0.00554332
2 0.0307139 0.03133
1 0.0581773 0.0587905
1 0.00667001 0.00728184
1 0.0263419 0.0269529
1 0.00582769 0.00643673
2 0.046081 0.0466864
1 0.0188345 0.0194394
1 0.00803883 0.00864148
1 0.0199351 0.0205317
1 0.00683932 0.00742828
1 0.0228807 0.0234656
2 0.0442461 0.0448296
1 0.00293358 0.0035133
1 0.00486534 0.00544206
1 0.00823188 0.00879736
1 0.0056955 0.00625639
2 0.0356064 0.0361666
1 0.0258042 0.0263623
1 0.0131792 0.0137371
0 0 0.000556764
0 0 0.000556493
1 0.0184122 0.0189613
1 0.097823 0.098362
1 0.0788898 0.0794253
1 0.0217795 0.0223111
1 0.0370769 0.0376082
0 0 0.000511339
2 0.0807385 0.0812458
2 0.102587 0.103088
1 0.0356375 0.0361338
1 0.0214081 0.0218725
1 0.0149399 0.0154012
1 0.00883299 0.00928656
1 0.11408 0.114517
1 0.0317739 0.0322091
1 0.0351463 0.0355763
1 0.161871 0.162297
2 0.0846265 0.0850477
1 0.0167693 0.017188
1 0.0279285 0.0283327
0 0 0.000397672
1 0.0313969 0.0317942
1 0.00857512 0.00896285
1 0.0991811 0.0995625
2 0.143689 0.14407
1 0.00261315 0.00299351
1 0.0260485 0.0264246
1 0.0208137 0.0211704
1 0.0306236 0.0309777
2 0.0871034 0.0874508
2 0.0429452 0.0432913
1 0.012173 0.0125189
1 0.0428636 0.0432089
1 0.0608486 0.0611839
1 0.0171864 0.0175196
1 0.011649 0.0119767
2 0.100805 0.101131
1 0.0215012 0.0218226
1 0.372067 0.372384
1 0.0279291 0.028245
1 0.0333114 0.0336213
1 0.0120871 0.0123916
2 0.0245027 0.0247977
2 0.057263 0.0575568
2 0.0173632 0.0176568
1 0.0155204 0.015813
1 0.0303418 0.0306263
1 0.0115919 0.0118746
1 0.0595249 0.0597983
1 0.0152244 0.0154756
1 0.0210987 0.021344
1 0.0293368 0.0295788
2 0.0295249 0.0297613
2 0.029196 0.0294212
2 0.115385 0.115605
2 0.011352 0.0115713
2 0.0558128 0.0560277
2 0.0284831 0.0286975
1 0.055128 0.0553409
1 0.00874356 0.00895426
1 0.136642 0.136845
2 0.106758 0.10696
1 0.00949792 0.00969892
2 0.0397981 0.039996
1 0.0182825 0.0184748
2 0.0589993 0.0591897
1 0.00762211 0.00781074
2 0.0233436 0.023532
2 0.0101157 0.010303
1 0.143014 0.143195
1 0.0553763 0.0555562
2 0.107308 0.107487
1 0.0293829 0.0295573
2 0.0428493 0.0430183
1 0.0158662 0.0160315
1 0.0895007 0.0896655
1 0.0391431 0.0393053
2 0.0238481 0.0240097
2 0.0352198 0.0353807
1 0.0788528 0.0790058
2 0.063958 0.0641103
2 0.0443807 0.0445314
1 0.0239509 0.0240966
1 0.0102373 0.0103811
1 0.0820886 0.0822323
1 0.00217735 0.00231663
2 0.0595487 0.0596876
1 0.0638596 0.0639973
1 0.044742 0.0448771
2 0.201903 0.202036
1 0.0647698 0.0649025
1 0.0233155 0.0234481
2 0.0555726 0.0556974
1 0.0405251 0.0406494
2 0.0301229 0.0302408
1 0.0422376 0.04235
1 0.0260673 0.026175
1 0.0605812 0.0606889
1 0.0235732 0.0236784
1 0.0279356 0.0280386
2 0.044597 0.0446996
1 0.0259559 0.0260571
2 0.0281462 0.0282469
1 0.032777 0.0328761
1 0.0327734 0.0328718
1 0.0130036 0.0131011
1 0.057295 0.057389
2 0.0897126 0.0898043
1 0.0268808 0.0269717
1 0.0280299 0.0281188
2 0.0283621 0.0284499
2 0.0212967 0.0213835
1 0.0151688 0.0152552
2 0.0412735 0.0413587
2 0.0296068 0.0296906
1 0.0768578 0.076941
1 0.0124522 0.0125353
1 0.0208219 0.0209008
1 0.0211434 0.0212222
1 0.0154846 0.0155634
1 0.018279 0.0183564
2 0.0574654 0.0575415
1 0.00492411 0.00499983
2 0.0341609 0.0342359
0 0 7.4988e-05
1 0.00348457 0.00355758
2 0.354498 0.35457
2 0.0674559 0.067527
2 0.00598206 0.00605279
2 0.0905541 0.0906243
1 0.107162 0.107232
2 0.0205144 0.0205794
1 0.0178895 0.0179545
1 0.055336 0.0553945
1 0.00130631 0.00136408
1 0.0104459 0.0104983
1 0.0128542 0.0129057
1 0.034296 0.0343473
1 0.00521373 0.00526429
1 0.277983 0.278032
1 0.0118888 0.0119364
1 0.00739879 0.00744477
2 0.0534686 0.0535107
1 0.0099641 0.0100046
1 0.00920134 0.00924055
1 0.00551802 0.00555306
1 0.0126259 0.01266
2 0.030847 0.0308806
1 0.0582176 0.0582512
1 0.00956702 0.00959982
1 0.0232536 0.0232853
1 0.0698166 0.0698478
1 0.00707585 0.00710514
1 0.0286348 0.0286637
2 0.046107 0.0461358
1 0.0708458 0.0708745
2 0.0247724 0.0248008
1 0.0144739 0.0145008
1 0.017786 0.0178127
2 0.0369374 0.0369638
1 0.193788 0.193813
2 0.032759 0.032784
2 0.0406997 0.0407233
1 0.00790395 0.0079272
2 0.0283861 0.0284085
1 0.0170634 0.0170851
1 0.00259503 0.00261481
2 0.073897 0.0739167
2 0.0336924 0.0337112
2 0.0858125 0.0858306
2 0.0327962 0.032814
2 0.0559768 0.0559943
1 0.012068 0.0120852
2 0.0414417 0.0414587
2 0.00605667 0.00607311
1 0.0849567 0.084973
1 0.0535049 0.0535208
2 0.0582898 0.0583043
2 0.0570237 0.057038
1 0.0262553 0.0262681
1 0.0340319 0.0340433
1 0.169158 0.169169
1 0.0443213 0.0443293
2 0.0998827 0.0998904
2 0.10776 0.107767
2 0.143536 0.143543
1 0.00289851 0.00290475
1 0.0400043 0.0400097
1 0.0561409 0.0561464
2 0.0342364 0.0342418
1 0.0158992 0.0159044
1 0.00196941 0.00197444
1 0.0279441 0.0279485
1 0.0315494 0.0315537
1 0.00822935 0.00823319
1 0.00571345 0.00571709
2 0.344656 0.344659
1 0.00736228 0.00736581
1 0.0407927 0.040796
1 0.0114385 0.0114412
1 0.344518 0.344521
1 0.0110174 0.0110199
1 0.0941188 0.0941211
2 0.00941306 0.009415
1 0.0534006 0.0534023
1 0.0063603 0.00636159
1 0.0223821 0.0223833
2 0.0355318 0.0355329
2 0.0865025 0.0865035
2 0.0488421 0.048843
2 0.0315563 0.0315573
1 0.0901431 0.0901439
1 0.0239592 0.0239598
1 0.209962 0.209963
2 0.0209894 0.0209898
1 0.0167982 0.0167985
2 0.0392704 0.0392707
1 0.00761574 0.00761586
2 0.0236185 0.0236185
1 0.034587 0.034587
1 0.0315884 0.0315884
2 0.0271525 0.0271525
1 0.0104806 0.0104806
