0 0 inf
0 0 0.282354
0 0 0.264379
0 0 0.154692
1 0.265295 0.403123
0 0 0.129607
1 0.193846 0.314301
1 0.140575 0.251567
0 0 0.1078
0 0 0.105122
0 0 0.0873285
0 0 0.0783219
1 0.227524 0.304174
1 0.308531 0.383367
0 0 0.0734062
0 0 0.0713125
0 0 0.0596922
0 0 0.0589628
1 0.0530591 0.11199
0 0 0.0573133
0 0 0.0562445
1 0.09369 0.149069
1 0.087903 0.142219
0 0 0.0522695
0 0 0.0441614
1 0.0945066 0.138407
1 0.0695358 0.112132
0 0 0.0418404
1 0.102672 0.142874
1 0.0178896 0.0566761
0 0 0.0378914
1 0.0695985 0.104779
0 0 0.0336842
1 0.234778 0.267592
0 0 0.031769
0 0 0.0308463
1 0.0409639 0.0711354
1 0.0938767 0.12324
1 0.299008 0.328277
1 0.0750103 0.104065
0 0 0.0287963
0 0 0.0285189
0 0 0.0278639
0 0 0.027645
0 0 0.02762
0 0 0.02744
0 0 0.0264588
0 0 0.0250538
0 0 0.0239811
0 0 0.0238081
0 0 0.0235518
1 0.115001 0.138267
0 0 0.0230066
0 0 0.0229489
1 0.062504 0.0851307
0 0 0.0222996
0 0 0.0212303
0 0 0.021015
1 0.0586907 0.079265
1 0.197614 0.218178
1 0.0290944 0.049549
1 0.024822 0.0452144
0 0 0.0203382
2 0.0576469 0.0771938
0 0 0.0193528
0 0 0.0191976
0 0 0.0189725
1 0.0194994 0.0374681
0 0 0.0176437
0 0 0.0176153
1 0.0331547 0.0504402
1 0.0470347 0.0642145
0 0 0.0165781
0 0 0.0163448
2 0.241678 0.257168
1 0.125693 0.140931
1 0.0469944 0.0622163
0 0 0.0150682
0 0 0.0145278
0 0 0.0143949
0 0 0.0143154
0 0 0.0138299
0 0 0.0137818
0 0 0.0137675
1 0.0350954 0.048854
0 0 0.0136482
0 0 0.013529
1 0.0411472 0.0545975
1 0.0308012 0.0439137
0 0 0.0129409
0 0 0.0127785
1 0.0787671 0.091315
0 0 0.012536
0 0 0.0122122
0 0 0.0121915
1 0.16227 0.174431
1 0.0784039 0.0904343
0 0 0.0118993
0 0 0.0118607
0 0 0.0117504
0 0 0.0115046
0 0 0.0114518
0 0 0.0113672
0 0 0.0113524
0 0 0.0111805
0 0 0.0106319
0 0 0.0106267
1 0.293035 0.303525
0 0 0.0103181
0 0 0.0101942
1 0.0475927 0.0577339
0 0 0.00991359
1 0.0108178 0.020578
0 0 0.00926173
1 0.020826 0.0300192
1 0.100677 0.109845
0 0 0.00911459
0 0 0.00909037
0 0 0.0090347
1 0.058127 0.0671389
1 0.0270815 0.0359805
0 0 0.00886557
0 0 0.00886538
1 0.170332 0.179078
0 0 0.00871999
1 0.0139627 0.0224834
0 0 0.00851774
0 0 0.00850804
0 0 0.00841086
0 0 0.00837287
0 0 0.00821931
0 0 0.008176
1 0.0189125 0.0270856
0 0 0.0080596
1 0.295357 0.303231
0 0 0.00786891
1 0.0622439 0.0700762
0 0 0.00783137
0 0 0.00772855
0 0 0.00751653
0 0 0.00743305
0 0 0.00738473
2 0.408685 0.416011
0 0 0.00730046
0 0 0.00728352
0 0 0.00723124
1 0.0211105 0.0281142
0 0 0.0069838
1 0.0978196 0.10479
0 0 0.0069189
1 0.031032 0.0379171
1 0.0410264 0.0479005
1 0.124238 0.131045
0 0 0.00680373
0 0 0.00677598
0 0 0.00664861
0 0 0.00663204
0 0 0.0065952
1 0.0112578 0.0178473
0 0 0.00658872
1 0.22086 0.22744
0 0 0.00645219
0 0 0.00636655
2 0.131168 0.137371
0 0 0.00609259
0 0 0.00599433
0 0 0.00583051
1 0.389731 0.395526
1 0.0662876 0.0720661
0 0 0.00571658
1 0.0172894 0.023002
1 0.0464696 0.0521244
1 0.022201 0.0278402
0 0 0.00555972
0 0 0.00552358
1 0.0629523 0.0684529
0 0 0.00546586
1 0.0152574 0.0206938
0 0 0.00531335
0 0 0.00529401
0 0 0.00519819
0 0 0.00517581
0 0 0.0050914
1 0.0726839 0.0777424
0 0 0.0050557
0 0 0.00503271
0 0 0.00502173
0 0 0.00501013
0 0 0.00498899
1 0.0711572 0.0761425
0 0 0.00496837
0 0 0.00492378
0 0 0.00488844
1 0.21696 0.221748
1 0.025235 0.0300154
0 0 0.00476073
1 0.0134878 0.0180771
0 0 0.00457108
0 0 0.00456147
0 0 0.00448456
0 0 0.00448426
0 0 0.00442774
1 0.0476547 0.0519546
0 0 0.00427334
1 0.256044 0.260297
1 0.0173765 0.0216026
0 0 0.00421404
1 0.0177932 0.0219903
0 0 0.00417935
0 0 0.00413175
1 0.0140381 0.0181632
1 0.0177084 0.0218096
0 0 0.00408622
0 0 0.00407176
0 0 0.00406984
1 0.0179259 0.0219924
1 0.0146596 0.0186381
1 0.0275927 0.0314584
0 0 0.00383967
1 0.0274869 0.0312889
1 0.0275942 0.0313749
1 0.0229431 0.0266556
0 0 0.00370873
0 0 0.0036242
0 0 0.00361377
1 0.00780409 0.0113746
1 0.0322579 0.0358205
0 0 0.0035594
1 0.227235 0.230639
1 0.147306 0.150703
1 0.0303828 0.0337718
1 0.0859561 0.0893229
0 0 0.00336089
1 0.0377552 0.0410785
1 0.0475823 0.0508766
1 0.0168695 0.0201109
1 0.124467 0.127699
0 0 0.00320385
2 0.221819 0.225017
1 0.0066914 0.00985891
1 0.0132305 0.016396
0 0 0.00315149
1 0.0988368 0.101857
1 0.13956 0.142562
0 0 0.00299714
1 0.0132583 0.0162521
1 0.0226848 0.0256391
1 0.0439509 0.0468078
0 0 0.00284148
0 0 0.00275667
1 0.00991833 0.0126562
0 0 0.00268359
1 0.0119984 0.014608
1 0.00971325 0.012317
2 0.345631 0.34822
0 0 0.00257127
0 0 0.00254
1 0.00859608 0.0111351
0 0 0.00245159
0 0 0.00236946
0 0 0.00232216
0 0 0.00230071
2 0.115259 0.117547
0 0 0.00227351
2 0.104456 0.106726
1 0.00682009 0.00908612
1 0.00997454 0.0121937
0 0 0.00218796
1 0.0577509 0.0599267
2 0.0702463 0.0724054
2 0.0709423 0.0730742
0 0 0.00210651
1 0.0277262 0.0298239
2 0.073867 0.0759528
1 0.00678894 0.00886902
1 0.0352367 0.0373131
0 0 0.00206386
0 0 0.00206005
0 0 0.00203561
0 0 0.00203027
0 0 0.00202229
0 0 0.00201823
1 0.0503221 0.0523398
1 0.014118 0.0160616
2 0.0199494 0.0218908
1 0.015425 0.0172846
0 0 0.00183497
1 0.109758 0.11159
0 0 0.0018273
0 0 0.00182707
2 0.0226509 0.0244721
1 0.0108017 0.0126207
0 0 0.00181492
0 0 0.00179875
0 0 0.00179111
0 0 0.00177729
1 0.0682726 0.070032
2 0.603167 0.604888
1 0.0123999 0.0141189
1 0.0871064 0.0887784
1 0.0314299 0.0330994
1 0.409468 0.411092
2 0.0703939 0.0720127
0 0 0.00160898
0 0 0.00159829
1 0.0374609 0.0390042
0 0 0.00154319
1 0.354677 0.356214
2 0.161582 0.163069
1 0.0133069 0.0147501
1 0.0136963 0.0151181
1 0.0199723 0.0213673
1 0.00674691 0.00813719
0 0 0.00137456
1 0.0726666 0.0740274
1 0.0095319 0.0108698
0 0 0.00132971
1 0.0139919 0.0153192
0 0 0.00131269
1 0.0044194 0.00572247
2 0.14118 0.142467
1 0.00473215 0.00599991
2 0.0328732 0.0341341
0 0 0.00125459
1 0.00855692 0.00980869
0 0 0.00123465
1 0.0415427 0.0427075
2 0.0719831 0.073138
1 0.0174268 0.0185723
1 0.0216267 0.0227541
1 0.0862662 0.0873901
1 0.0600221 0.0611437
1 0.0205565 0.0216692
1 0.00818718 0.00928925
0 0 0.00109541
1 0.0594285 0.0605146
1 0.0978376 0.0989233
1 0.0242713 0.0253004
1 0.00667018 0.00768651
1 0.021698 0.0227139
2 0.0561353 0.0571468
2 0.471499 0.472482
1 0.00953738 0.0105197
0 0 0.000979427
0 0 0.000978289
1 0.0118951 0.0128138
0 0 0.000912396
2 0.0235786 0.0244755
2 0.0670778 0.0679652
2 0.0138673 0.0147257
1 0.0366618 0.0375077
1 0.0243701 0.0251953
1 0.0100302 0.0108442
0 0 0.000808664
1 0.0126336 0.0134388
0 0 0.000791775
2 0.0208707 0.0216548
1 0.0651173 0.0659005
1 0.112482 0.113249
2 0.0177124 0.0184729
2 0.139594 0.140354
2 0.512255 0.513016
0 0 0.000759629
2 0.0931334 0.0938605
0 0 0.000711157
2 0.030072 0.0307731
1 0.00730002 0.00799101
1 0.00273019 0.00341492
1 0.0149529 0.015632
1 0.0149471 0.015607
1 0.023469 0.0241236
1 0.0303144 0.0309613
2 0.12897 0.129597
1 0.0118681 0.0124949
1 0.00769299 0.00831674
1 0.0118046 0.0124241
1 0.00846924 0.00907776
0 0 0.000601111
1 0.11898 0.119568
1 0.00769899 0.00828348
1 0.00417376 0.00475037
1 0.0304298 0.0310064
2 0.0628987 0.0634739
1 0.0199063 0.0204796
1 0.0462416 0.0468085
1 0.0380872 0.0386488
1 0.0110312 0.0115927
0 0 0.000560839
1 0.0626799 0.0632378
0 0 0.000551333
2 0.0583 0.058839
1 0.0549846 0.0555086
1 0.0189458 0.0194608
1 0.0139686 0.0144677
1 0.0131742 0.0136683
1 0.00897632 0.00946874
0 0 0.000487554
1 0.102085 0.102571
1 0.0218233 0.0223079
2 0.175424 0.175902
2 0.0278549 0.0283288
1 0.00433039 0.00479843
1 0.00547006 0.00593451
2 0.435901 0.436365
1 0.0290907 0.029553
1 0.0920389 0.0924915
2 0.105165 0.105609
1 0.00569899 0.00612867
1 0.00295999 0.00337369
2 0.0669552 0.0673619
1 0.0906144 0.0910211
1 0.0189441 0.0193488
1 0.00922212 0.00962379
1 0.0363169 0.0367114
1 0.00457699 0.00496873
1 0.102932 0.103301
1 0.0202924 0.0206555
2 0.075157 0.07552
2 0.222296 0.222653
1 0.0174923 0.0178492
2 0.0168311 0.0171845
1 0.0496304 0.0499828
1 0.0286312 0.0289805
0 0 0.000345058
1 0.0131356 0.0134781
1 0.00963112 0.00996932
2 0.0570815 0.0574181
2 0.0549175 0.055253
1 0.0516513 0.0519835
1 0.0255755 0.0259035
1 0.0164981 0.0168198
1 0.0192723 0.0195929
1 0.0122132 0.0125295
1 0.0370741 0.0373894
1 0.0193483 0.019661
1 0.0702096 0.0705221
1 0.0158965 0.0162085
2 0.136841 0.13715
1 0.028438 0.0287451
0 0 0.000295176
2 0.0576988 0.0579886
1 0.00724458 0.00753267
1 0.134203 0.134483
1 0.246669 0.246946
2 0.0629495 0.0632135
2 0.306747 0.307005
1 0.00586075 0.00611915
0 0 0.000254851
1 0.0572984 0.0575519
1 0.012219 0.0124699
2 0.0389375 0.0391881
1 0.00237939 0.00262476
1 0.011192 0.0114371
1 0.0209292 0.0211689
1 0.00692115 0.00715286
1 0.0451109 0.0453423
2 0.0350452 0.0352739
1 0.0127137 0.0129415
1 0.0346246 0.0348497
2 0.0454417 0.0456635
1 0.0509022 0.0511236
2 0.105656 0.105874
1 0.0432924 0.0435089
2 0.0706165 0.0708315
1 0.0117117 0.0119229
1 0.0311051 0.0313139
1 0.033108 0.0333145
1 0.0148273 0.0150316
1 0.291799 0.292
1 0.0112253 0.0114267
1 0.015105 0.0153054
1 0.235116 0.235311
1 0.0192631 0.0194529
2 0.026824 0.0270124
1 0.0206036 0.0207896
1 0.0341407 0.0343256
2 0.0528542 0.0530383
1 0.00866429 0.00884739
1 0.0159939 0.0161735
0 0 0.000179493
1 0.0224534 0.0226318
1 0.0112073 0.0113841
0 0 0.000176489
1 0.00163163 0.00180695
1 0.033327 0.0334988
1 0.0574104 0.0575803
2 0.0280954 0.0282612
1 0.00536106 0.00552506
1 0.0112894 0.0114531
1 0.0216151 0.0217697
2 0.0593066 0.0594592
1 0.00488876 0.00503996
1 0.0422325 0.0423829
1 0.0368799 0.037029
1 0.0101635 0.0103093
0 0 0.000144901
1 0.0109456 0.0110899
1 0.0402087 0.0403529
1 0.00698812 0.00712956
1 0.0607365 0.0608737
1 0.032623 0.0327599
2 0.0286202 0.0287564
1 0.127778 0.127913
2 0.222436 0.22257
1 0.122221 0.122354
1 0.0121783 0.0123087
1 0.00770464 0.00783491
2 0.0204715 0.0206011
1 0.0216298 0.0217565
1 0.010558 0.0106813
1 0.0291799 0.0293027
1 0.0271582 0.0272785
2 0.0548793 0.0549958
2 0.0227162 0.0228259
1 0.00415144 0.00426114
2 0.0263888 0.0264907
1 0.00937916 0.00947873
2 0.0215882 0.0216865
1 0.0236199 0.0237159
2 0.00636567 0.00646052
2 0.0333988 0.0334906
2 0.122416 0.122507
1 0.00899499 0.0090819
1 0.00701307 0.00709946
2 0.259162 0.259248
2 0.0166864 0.0167706
2 0.072176 0.0722568
2 0.00790241 0.00798238
1 0.00194435 0.00201867
1 0.00812448 0.00819799
1 0.00906167 0.00913453
1 0.00902318 0.00909564
1 0.0963851 0.0964561
1 0.00369296 0.00376282
1 0.00578394 0.00585368
1 0.0265364 0.0266051
1 0.0264163 0.0264829
1 0.128752 0.128817
2 0.0386769 0.0387375
1 0.0362873 0.0363467
1 0.0127829 0.0128417
1 0.0265354 0.0265939
2 0.0291501 0.0292081
1 0.0140663 0.0141243
1 0.0308224 0.0308799
1 0.0214913 0.0215486
1 0.00406098 0.00411725
2 0.0617109 0.0617666
2 0.0315928 0.0316485
2 0.0203726 0.0204251
2 0.0125441 0.0125954
1 0.0169761 0.0170257
1 0.0157652 0.0158116
2 0.0292188 0.029265
1 0.0487037 0.0487493
2 0.12815 0.128195
1 0.0692236 0.0692669
1 0.00813469 0.00817778
1 0.073399 0.0734417
1 0.142061 0.142104
1 0.134121 0.134164
1 0.0202214 0.0202619
1 0.0579343 0.0579744
2 0.00948697 0.00952436
1 0.0196528 0.0196887
1 0.0126066 0.0126414
1 0.106296 0.106326
2 0.178659 0.178687
2 0.0274726 0.0274998
1 0.00678483 0.00681028
2 0.0745118 0.0745365
1 0.0700043 0.0700287
1 0.0479447 0.0479682
1 0.000685362 0.00070818
1 0.0108546 0.0108773
1 0.0616909 0.0617083
1 0.0225694 0.022586
1 0.297018 0.297034
1 0.0279605 0.0279756
2 0.00909534 0.00911043
1 0.0138208 0.0138355
2 0.0157968 0.0158109
1 0.100615 0.100628
1 0.00599491 0.00600816
2 0.0173263 0.0173388
1 0.0379302 0.0379424
1 0.0260459 0.0260577
1 0.0194467 0.0194584
2 0.144962 0.144973
2 0.0430313 0.0430423
2 0.0492879 0.0492986
2 0.087057 0.0870675
2 0.0376959 0.0377059
2 0.0138296 0.0138394
2 0.0515712 0.0515805
1 0.0300256 0.0300347
1 0.339794 0.339803
2 0.0218512 0.0218601
2 0.0579807 0.0579888
1 0.0094566 0.00946453
2 0.00988858 0.00989565
1 0.0522716 0.0522783
1 0.0115682 0.0115748
1 0.0158966 0.0159026
1 0.141546 0.141552
2 0.135025 0.135031
2 0.0111225 0.0111277
2 0.0109798 0.0109845
1 0.0147324 0.0147368
0 0 4.158e-06
2 0.016727 0.0167311
2 0.0149566 0.0149584
2 0.0771343 0.077136
1 0.0471914 0.047193
2 0.0974282 0.0974296
2 0.0166866 0.0166879
1 0.00766461 0.00766565
1 0.00781058 0.00781142
2 0.177732 0.177733
1 0.0591064 0.0591069
1 0.0134978 0.013498
1 0.0674535 0.0674537
1 0.00216684 0.00216699
2 0.071419 0.0714192
2 0.0241924 0.0241925
1 0.0264447 0.0264448
2 0.175139 0.175139
2 0.280862 0.280862
