0 0 inf
0 0 0.0451523
0 0 0.0415538
0 0 0.0390116
0 0 0.0381459
0 0 0.0381267
0 0 0.0379098
0 0 0.0360642
0 0 0.0355218
0 0 0.0315522
1 0.0270531 0.0539593
0 0 0.0237097
0 0 0.0210249
0 0 0.0203611
0 0 0.0196707
0 0 0.0194777
0 0 0.0193579
0 0 0.017914
0 0 0.0177148
1 0.00739229 0.024696
0 0 0.0170649
0 0 0.0167766
0 0 0.0155836
0 0 0.0148305
1 0.0104211 0.0249108
0 0 0.0140299
1 0.0427074 0.0557446
1 0.133471 0.145571
1 0.00831454 0.0201671
0 0 0.0114932
0 0 0.0110987
1 0.022169 0.0329441
1 0.0449534 0.0555264
0 0 0.010354
0 0 0.0100671
0 0 0.00988021
0 0 0.00907805
0 0 0.0090516
1 0.0185857 0.0270562
1 0.138872 0.147114
0 0 0.00804123
0 0 0.00799662
0 0 0.00790566
0 0 0.00770162
2 0.0286431 0.0360125
1 0.0251496 0.0323337
0 0 0.0068807
0 0 0.00681702
1 0.0159357 0.0226165
0 0 0.00666367
0 0 0.00657506
0 0 0.00648228
0 0 0.00627402
0 0 0.00626333
0 0 0.00620707
1 0.016157 0.0222519
1 0.0120559 0.0180426
0 0 0.0059046
0 0 0.00581081
0 0 0.00578333
0 0 0.00567551
1 0.0592107 0.0648781
1 0.020629 0.0262576
0 0 0.00562191
0 0 0.00551051
0 0 0.00550226
0 0 0.0054729
0 0 0.00540499
0 0 0.00537932
1 0.0406218 0.0459372
0 0 0.00531257
1 0.0661375 0.0713176
0 0 0.00516961
1 0.0466336 0.0517858
0 0 0.00513359
1 0.0166312 0.0217555
2 0.034993 0.04007
0 0 0.00495556
0 0 0.00491848
1 0.0138673 0.0187459
0 0 0.00479335
1 0.00390835 0.00869661
0 0 0.00476291
0 0 0.00475791
1 0.0252246 0.0299673
0 0 0.00472812
1 0.0503603 0.0549962
0 0 0.00462108
0 0 0.0046101
0 0 0.00457892
1 0.0329737 0.0375456
0 0 0.0044047
0 0 0.00440141
0 0 0.00437122
0 0 0.00434635
0 0 0.00431913
1 0.0356759 0.0399527
0 0 0.00427567
1 0.0105975 0.0148138
2 0.145916 0.150127
0 0 0.00414107
1 0.006531 0.0106482
0 0 0.00403758
0 0 0.00397263
0 0 0.0039342
1 0.0150807 0.0189361
0 0 0.00373345
0 0 0.00369543
1 0.0206542 0.0242926
0 0 0.00359897
1 0.0272475 0.0308442
0 0 0.00351102
0 0 0.00345263
1 0.00720362 0.0106555
0 0 0.0034385
0 0 0.00340345
0 0 0.00340046
1 0.0232849 0.0266803
1 0.0095386 0.0129249
0 0 0.00337448
1 0.0297502 0.0331191
0 0 0.00332478
0 0 0.00322352
0 0 0.00314606
0 0 0.0031371
1 0.0165226 0.0196276
0 0 0.00309806
0 0 0.00308808
0 0 0.00306626
0 0 0.00304741
1 0.0114252 0.0144484
0 0 0.00290718
1 0.023385 0.0262901
0 0 0.00290064
0 0 0.0028844
0 0 0.00276638
0 0 0.00276583
1 0.00969058 0.0124318
1 0.030649 0.0333709
1 0.020537 0.023152
1 0.0219864 0.0245941
1 0.00776117 0.0103441
0 0 0.00257656
0 0 0.00251217
0 0 0.00244236
0 0 0.00242467
1 0.0319337 0.0343552
1 0.0147735 0.0171393
0 0 0.00234431
0 0 0.00232366
0 0 0.00229822
0 0 0.00229166
1 0.0111205 0.0134082
0 0 0.00227282
0 0 0.00226683
1 0.0297373 0.0320016
0 0 0.00225856
0 0 0.00225485
2 0.0522168 0.054462
1 0.0342405 0.0364682
1 0.00405151 0.00624924
1 0.00294532 0.00505229
0 0 0.00210102
1 0.00970882 0.0117986
0 0 0.00207906
0 0 0.0020376
1 0.00755017 0.00958523
1 0.00996817 0.0119806
0 0 0.00192868
1 0.0072064 0.00911795
0 0 0.00190416
0 0 0.00190302
1 0.0476033 0.0494199
0 0 0.00178973
2 0.0723629 0.0741459
1 0.0354786 0.0372517
0 0 0.00176988
1 0.0513467 0.0531161
1 0.00708896 0.00883818
1 0.03941 0.0411223
0 0 0.00170189
0 0 0.00167699
0 0 0.00164635
0 0 0.00163414
0 0 0.00161247
0 0 0.00159276
1 0.010126 0.0117108
1 0.0251855 0.0267548
0 0 0.00154879
1 0.0136121 0.01516
0 0 0.00154288
1 0.0114527 0.0129684
1 0.00713555 0.00863096
0 0 0.00148982
1 0.0375924 0.0390813
0 0 0.00148663
1 0.00817959 0.00965712
1 0.00716628 0.00864344
2 0.03281 0.0342685
2 0.0412568 0.0426789
0 0 0.00141866
1 0.0136313 0.0150386
1 0.0112478 0.0126543
0 0 0.00138111
1 0.00401937 0.00537399
0 0 0.00135107
1 0.0118912 0.013227
0 0 0.00133377
0 0 0.00133152
1 0.00687477 0.00815016
2 0.0297749 0.0310502
1 0.00463023 0.00588993
1 0.0297739 0.0310048
0 0 0.00122412
0 0 0.00122345
1 0.00345111 0.0046552
0 0 0.00119648
0 0 0.00116459
2 0.058134 0.0592875
1 0.00299087 0.00414232
1 0.0225545 0.0237009
1 0.00531866 0.00644206
0 0 0.00111428
1 0.00438841 0.00549876
0 0 0.00110903
1 0.0312583 0.0323454
1 0.0115444 0.0126287
1 0.0125467 0.0136274
1 0.00954352 0.0106171
0 0 0.00107248
1 0.0121056 0.0131764
0 0 0.00105761
0 0 0.0010549
1 0.0107607 0.01181
2 0.0234861 0.0245233
1 0.114061 0.11508
1 0.0162756 0.0172778
1 0.0136121 0.0146058
1 0.016058 0.017049
2 0.0617372 0.0627248
2 0.0234341 0.0244124
1 0.057789 0.0587649
1 0.0614585 0.0624265
1 0.0105777 0.011533
0 0 0.000949787
1 0.0118814 0.0128026
2 0.0136623 0.0145738
1 0.0392361 0.0401459
0 0 0.000903393
1 0.0109588 0.0118567
2 0.00925809 0.0101537
0 0 0.000890639
0 0 0.000886665
1 0.0031428 0.00402394
1 0.0119152 0.0127918
0 0 0.000868138
1 0.0111063 0.0119603
0 0 0.000839728
0 0 0.000832942
0 0 0.000832159
1 0.00917139 0.0100021
1 0.0216697 0.0224992
1 0.00732617 0.00814248
0 0 0.00080996
1 0.0196354 0.0204296
2 0.027631 0.0284027
0 0 0.000769194
1 0.00441612 0.00518217
1 0.00173032 0.00249078
0 0 0.000754832
1 0.00185767 0.0026078
1 0.0141949 0.014945
0 0 0.000749891
0 0 0.000746016
1 0.00674566 0.00748782
0 0 0.0007408
2 0.0101452 0.0108765
1 0.00475272 0.00548314
0 0 0.000722505
1 0.00168557 0.00240097
1 0.0041094 0.00482391
2 0.018139 0.0188504
1 0.00749506 0.00819608
0 0 0.000696724
1 0.00638156 0.00707823
0 0 0.000684147
0 0 0.000682561
0 0 0.000680507
1 0.015905 0.0165849
1 0.00445257 0.00512923
0 0 0.000672877
1 0.00898181 0.00965352
1 0.00290982 0.00357973
2 0.0403085 0.0409779
0 0 0.000667972
0 0 0.000667474
1 0.00643742 0.00710425
0 0 0.000653073
0 0 0.000649766
1 0.0119983 0.0126447
0 0 0.000637852
1 0.00504277 0.00568037
0 0 0.000635942
1 0.00196568 0.00260041
1 0.0143226 0.0149529
1 0.00381179 0.00443574
0 0 0.000620747
1 0.0140212 0.0146411
1 0.0415146 0.0421249
1 0.0122073 0.0128099
0 0 0.000602043
1 0.0100241 0.0106207
0 0 0.000577787
1 0.0269307 0.0275037
1 0.00416161 0.00473036
1 0.00126266 0.00182265
1 0.00186222 0.00242051
1 0.0118417 0.012399
2 0.0110589 0.0116118
0 0 0.000551861
1 0.0154027 0.0159463
1 0.0574292 0.0579722
0 0 0.000535885
1 0.0118958 0.012431
1 0.0569709 0.0575047
1 0.0173745 0.0179038
1 0.0205581 0.0210856
1 0.0112595 0.0117852
1 0.00485594 0.00537787
0 0 0.000507212
0 0 0.000507204
2 0.0127827 0.0132855
1 0.018109 0.0186113
0 0 0.000498103
1 0.00241394 0.0029088
1 0.020583 0.0210776
0 0 0.000493732
2 0.014344 0.0148359
1 0.00443892 0.00492355
1 0.00687906 0.00736008
0 0 0.000478512
1 0.00354033 0.00401667
1 0.00588868 0.00635928
1 0.0308009 0.0312709
1 0.0218731 0.0223403
1 0.0033926 0.00385765
0 0 0.000463254
1 0.0101132 0.0105747
1 0.0404355 0.0408914
2 0.0024948 0.00295006
2 0.0167696 0.0172221
1 0.00115962 0.00161113
1 0.00953093 0.00997691
0 0 0.00044116
0 0 0.000438773
1 0.0892895 0.0897229
1 0.00471944 0.00515106
2 0.0105652 0.0109895
1 0.00173057 0.00215348
1 0.00299653 0.00341184
1 0.00467197 0.00506829
2 0.0404113 0.0408049
2 0.0633024 0.0636817
0 0 0.00037475
1 0.0061358 0.00650103
0 0 0.000364596
2 0.0057932 0.00615686
1 0.0059849 0.00634446
0 0 0.000359244
1 0.00169479 0.00204983
1 0.00395826 0.00431283
2 0.0144548 0.0147979
0 0 0.000337495
1 0.027704 0.0280382
1 0.0216402 0.0219674
0 0 0.000324057
1 0.0481941 0.0485158
0 0 0.000320732
2 0.0155221 0.0158395
1 0.0180705 0.0183871
1 0.0177787 0.0180949
0 0 0.000312931
1 0.0155718 0.0158841
0 0 0.000310119
1 0.00361078 0.00391725
0 0 0.000305976
1 0.00537619 0.00567877
2 0.0155494 0.01585
2 0.019892 0.0201839
2 0.00986432 0.0101524
1 0.00509848 0.00538628
1 0.0020757 0.00235512
1 0.0115421 0.0118207
2 0.0641428 0.0644198
1 0.00996176 0.0102382
0 0 0.000275609
1 0.0108463 0.011121
1 0.0266042 0.0268784
1 0.00971174 0.00998567
1 0.0165832 0.0168528
1 0.034063 0.0343302
1 0.00731611 0.0075823
1 0.0209402 0.0212031
0 0 0.000258841
1 0.0136475 0.0139062
2 0.00667164 0.00692731
1 0.0103609 0.0106145
1 0.00361877 0.00386848
1 0.038821 0.0390706
1 0.00600501 0.00625281
2 0.0279455 0.0281926
1 0.00223408 0.00248045
0 0 0.000245913
2 0.0376729 0.0379182
1 0.00124349 0.0014866
1 0.00241744 0.00265537
0 0 0.000237258
1 0.00693122 0.00716807
1 0.00642745 0.00666034
1 0.00563638 0.00586286
2 0.0131632 0.0133862
1 0.0179561 0.0181756
1 0.00510783 0.00532644
1 0.00777896 0.00799728
0 0 0.000217363
1 0.00451417 0.00472857
1 0.00430079 0.0045103
2 0.0351358 0.0353415
1 0.00970033 0.00990554
0 0 0.000203989
2 0.00695212 0.00715402
1 0.00112649 0.00132227
1 0.00566977 0.00586384
2 0.0057897 0.00598033
2 0.0125897 0.0127758
0 0 0.0001843
0 0 0.000183736
1 0.00100568 0.00118657
1 0.0107349 0.0109075
1 0.04829 0.0484625
1 0.00772575 0.00789289
2 0.0217413 0.0219075
1 0.012234 0.0123996
1 0.00957562 0.00974067
1 0.0130889 0.0132488
1 0.0513925 0.0515524
1 0.0699711 0.0701296
1 0.00735733 0.00751449
0 0 0.000155394
1 0.00270263 0.00285675
1 0.00241404 0.00256803
1 0.00552022 0.00567157
1 0.103717 0.103868
2 0.0133516 0.0134997
1 0.0553416 0.0554833
2 0.00945034 0.00959195
1 0.0277782 0.0279176
1 0.00358749 0.00372345
1 0.00312861 0.00326272
1 0.00410884 0.00424223
1 0.00172718 0.00186005
1 0.00281046 0.00294276
2 0.0426453 0.042773
2 0.105901 0.106029
1 0.000993326 0.00112039
1 0.000818067 0.000943553
1 0.00605099 0.00617552
1 0.00233337 0.00245437
2 0.0235199 0.0236398
1 0.0391211 0.0392384
1 0.00573158 0.00584656
1 0.0171549 0.0172688
1 0.000773342 0.000886581
1 0.00173042 0.00184317
2 0.00597772 0.00608934
1 0.00438199 0.00449175
1 0.00238924 0.00249562
2 0.0684361 0.0685421
1 0.0377896 0.0378953
1 0.0140609 0.014165
2 0.0277206 0.0278216
1 0.00616772 0.00626858
1 0.0271922 0.0272913
1 0.00113328 0.00123204
2 0.016083 0.0161797
1 0.0143139 0.0144099
2 0.00639682 0.00649242
2 0.0080821 0.00817735
1 0.00369446 0.00378971
1 0.0117625 0.0118577
2 0.00597353 0.00606734
1 0.00366506 0.00375826
1 0.0151541 0.0152456
1 0.000727775 0.000816678
2 0.0206912 0.0207794
1 0.00911403 0.0092
1 0.00390626 0.00398786
1 0.00130485 0.00138556
2 0.0135729 0.0136509
1 0.00496934 0.00504528
2 0.00579174 0.00586082
1 0.0204575 0.0205248
1 0.0010764 0.00114153
2 0.0141193 0.0141843
1 0.00318771 0.00325224
2 0.00825992 0.00832419
1 0.0144074 0.0144707
1 0.000550289 0.000608406
1 0.00121697 0.00127434
1 0.0030925 0.00314754
0 0 5.49974e-05
2 0.0562959 0.0563506
1 0.00145638 0.00151025
1 0.0091089 0.00916142
2 0.0026275 0.00267956
1 0.0292243 0.0292763
1 0.0252953 0.0253455
1 0.00520008 0.00525
1 0.0120789 0.012128
2 0.00492063 0.00496943
1 0.00271916 0.00276777
2 0.00517277 0.00522098
2 0.0323266 0.0323739
1 0.00209035 0.00213742
1 0.00211623 0.00216275
1 0.00311902 0.00316387
2 0.0372582 0.0373023
1 0.000660302 0.000704083
2 0.0104832 0.0105258
1 0.0130939 0.013136
1 0.00234371 0.00238568
1 0.0103977 0.0104381
2 0.0431996 0.0432387
0 0 3.7476e-05
1 0.00147423 0.0015115
1 0.00659568 0.00663266
1 0.000417441 0.000454288
1 0.000960804 0.000996998
2 0.0043798 0.00441521
2 0.035207 0.0352412
1 0.0640663 0.0641005
1 0.00632908 0.00636177
1 0.00468921 0.00472132
1 0.0414454 0.0414773
2 0.0275313 0.0275625
1 0.00661075 0.00664156
1 0.0221098 0.0221404
1 0.00571323 0.00574379
1 0.0143322 0.0143628
2 0.0134731 0.0135034
2 0.0102573 0.0102874
1 0.0266155 0.026645
1 0.00244345 0.00247282
0 0 2.88935e-05
2 0.00631941 0.00634771
2 0.00428976 0.00431801
2 0.00385464 0.00388227
1 0.000441865 0.000468979
1 0.000273164 0.000299372
1 0.0538541 0.05388
1 0.017236 0.0172607
1 0.0017247 0.00174899
1 0.00148632 0.00150921
2 0.0346475 0.0346702
2 0.0145022 0.0145238
1 0.00483727 0.00485862
2 0.00606957 0.00608872
1 0.0056933 0.00571212
2 0.0532078 0.053225
1 0.0016361 0.00165281
1 0.000779912 0.000796559
2 0.0067918 0.00680797
1 0.00577492 0.00579105
2 0.0576547 0.0576705
2 0.00512657 0.00514123
1 0.00358314 0.00359665
1 0.00628122 0.00629377
1 0.00683123 0.00684344
1 0.00940992 0.0094216
1 0.000979869 0.000991465
1 0.00113254 0.00114356
2 0.00320757 0.00321803
2 0.0646362 0.0646465
1 0.00251627 0.00252648
2 0.00154188 0.00155197
2 0.00726898 0.00727898
1 0.0444594 0.0444691
1 0.0143442 0.0143538
2 0.00291525 0.00292472
2 0.0421573 0.0421664
1 0.00907525 0.00908356
2 0.0359262 0.0359343
1 0.00666732 0.00667522
2 0.0145636 0.0145712
2 0.00674543 0.00675279
1 0.00383694 0.00384418
2 0.0139885 0.0139956
1 0.00177009 0.00177638
1 0.00267068 0.00267664
1 0.00210703 0.00211294
2 0.0113073 0.0113131
2 0.0272972 0.0273025
1 0.00109227 0.00109737
1 0.000785441 0.000790523
1 0.00196569 0.00197071
1 0.0111243 0.0111293
2 0.00259066 0.00259512
1 0.00957083 0.00957521
1 0.00064143 0.000645677
2 0.0136835 0.0136877
2 0.0292268 0.0292309
2 0.0161446 0.0161486
1 0.00441151 0.00441499
1 0.0230026 0.0230057
2 0.00614026 0.00614333
2 0.00453468 0.00453772
1 0.000305884 0.000308873
2 0.0179154 0.0179184
2 0.0172679 0.0172706
1 0.000943008 0.000945515
1 0.00685387 0.00685625
2 0.0112315 0.0112339
1 0.0234948 0.0234971
2 0.000660153 0.000662409
2 0.00166625 0.00166828
2 0.00518721 0.00518919
2 0.0104665 0.0104684
1 0.00544465 0.00544649
1 0.00442456 0.00442637
2 0.0016631 0.00166481
2 0.0347997 0.0348011
2 0.000841102 0.000842303
1 0.00149305 0.0014941
2 0.0740283 0.0740292
1 0.0021956 0.00219655
1 0.00122512 0.00122599
1 0.00368018 0.00368098
2 0.147703 0.147703
1 0.00345715 0.00345781
1 0.00239742 0.00239796
1 0.0102513 0.0102518
1 0.00259005 0.00259045
2 0.0236219 0.0236223
1 0.00919993 0.00920024
1 0.00179711 0.00179736
2 0.00250503 0.00250528
2 0.00290835 0.00290858
1 0.00346374 0.00346391
1 0.000860477 0.000860626
1 0.00377447 0.00377461
2 0.000493537 0.000493674
1 0.00216139 0.00216143
1 0.0015902 0.00159023
1 0.0102086 0.0102086
1 0.00146137 0.00146139
2 0.0331654 0.0331654
2 0.00285528 0.00285529
1 0.00240125 0.00240125
2 0.00484453 0.00484453
