0 0 inf
1 0.561156 0.700386
1 0.155054 0.293919
0 0 0.120232
0 0 0.119843
0 0 0.116738
0 0 0.108632
1 0.0792664 0.17221
0 0 0.0893273
0 0 0.0795997
0 0 0.0780319
0 0 0.0735962
0 0 0.0708001
0 0 0.0691316
1 0.0443426 0.113387
1 0.0360598 0.104228
1 0.0835032 0.150717
0 0 0.0662217
0 0 0.0536799
0 0 0.0493245
0 0 0.0440274
0 0 0.0412851
0 0 0.0349954
0 0 0.033907
0 0 0.0328889
0 0 0.0327724
0 0 0.0322956
0 0 0.0316859
1 0.0400154 0.0713327
0 0 0.0300027
0 0 0.0298239
0 0 0.0282403
0 0 0.0279755
1 0.0213702 0.0492691
0 0 0.027705
1 0.0321885 0.0596259
0 0 0.0272712
0 0 0.0271563
0 0 0.0263284
0 0 0.0261055
1 0.0495289 0.0755928
1 0.213048 0.239038
0 0 0.0255206
1 0.0410985 0.066399
0 0 0.0249787
1 0.117199 0.142054
0 0 0.0247281
0 0 0.0233448
0 0 0.0226934
0 0 0.0226927
1 0.646426 0.667735
1 0.0966279 0.11756
0 0 0.0204721
0 0 0.0202761
0 0 0.0200408
0 0 0.019513
0 0 0.0194918
0 0 0.0190855
0 0 0.0188914
0 0 0.0185432
1 0.0251505 0.0436777
0 0 0.0182299
1 0.0793726 0.0975761
0 0 0.0181246
1 0.0283222 0.0462306
0 0 0.0177811
0 0 0.0176779
0 0 0.0176188
1 0.193678 0.211096
0 0 0.0173371
0 0 0.0170212
1 0.0720895 0.0889959
1 0.047409 0.0642795
0 0 0.0166608
0 0 0.0160318
1 0.0756431 0.0911784
0 0 0.0149495
1 0.0300103 0.0448463
1 0.074303 0.0888826
1 0.0144268 0.0288264
1 0.0713226 0.0855231
0 0 0.0138212
0 0 0.0138149
0 0 0.0137463
0 0 0.013607
0 0 0.013605
1 0.0387447 0.0522269
0 0 0.0134408
0 0 0.013111
0 0 0.0131031
0 0 0.0129714
1 0.0842158 0.0971773
0 0 0.0129068
0 0 0.0126209
1 0.0221274 0.0346701
0 0 0.012222
0 0 0.012129
0 0 0.011962
0 0 0.0119237
0 0 0.0119125
0 0 0.0117533
2 0.174004 0.185639
1 0.153584 0.165095
0 0 0.0114983
0 0 0.011457
1 0.305572 0.316781
0 0 0.0111871
0 0 0.0110056
0 0 0.0109265
1 0.0162085 0.0271294
0 0 0.0109198
1 0.0510807 0.0618864
0 0 0.010739
1 0.0456631 0.0563601
0 0 0.0105942
2 0.758691 0.76927
0 0 0.0104895
0 0 0.0102704
1 0.0204069 0.0304136
0 0 0.00990998
0 0 0.00984146
0 0 0.00983077
0 0 0.00944797
0 0 0.00929827
1 0.0478736 0.0570895
0 0 0.00917462
0 0 0.00913913
1 0.0647257 0.0737735
0 0 0.00903846
0 0 0.0089319
0 0 0.00892494
2 0.0977491 0.106615
0 0 0.00884474
0 0 0.00872496
0 0 0.00868626
0 0 0.0086708
0 0 0.00863938
0 0 0.00857924
1 0.0390297 0.0473388
1 0.0398661 0.0480784
0 0 0.00814064
0 0 0.0081315
0 0 0.00812825
1 0.0656926 0.0737935
0 0 0.00797804
0 0 0.0078364
0 0 0.00781991
0 0 0.00766136
0 0 0.00761634
0 0 0.00759685
0 0 0.00725354
0 0 0.00718693
0 0 0.00699219
0 0 0.00693884
0 0 0.00690453
0 0 0.0068076
1 0.0195256 0.0263301
0 0 0.0067837
0 0 0.00678119
0 0 0.00673878
0 0 0.00668168
1 0.0527377 0.0591844
1 0.0400734 0.0464953
0 0 0.00639215
1 0.567507 0.573861
1 0.161358 0.167691
1 0.079322 0.0856252
0 0 0.00630141
2 0.0969316 0.103158
1 0.0204611 0.0266725
0 0 0.00616808
1 0.0380743 0.0442026
0 0 0.00611695
0 0 0.00603463
1 0.0404756 0.0464702
0 0 0.00598585
1 0.0228633 0.0287844
0 0 0.00590468
1 0.0419033 0.047797
0 0 0.00588779
0 0 0.00588503
0 0 0.0058246
1 0.0127285 0.0185382
1 0.029696 0.0354984
0 0 0.0056789
1 0.0117282 0.0173998
0 0 0.00567069
0 0 0.00546619
1 0.0334055 0.0388508
0 0 0.00538903
0 0 0.0053322
1 0.0292483 0.0345787
0 0 0.00525493
1 0.0233636 0.0285967
0 0 0.00522289
1 0.0381319 0.0433514
0 0 0.00517329
1 0.0115878 0.0167033
1 0.0339659 0.0390352
1 0.0441562 0.0492078
0 0 0.0050366
1 0.0438425 0.048879
1 0.0541076 0.0590786
2 0.0448155 0.0497685
1 0.0377751 0.0426641
1 0.11605 0.120922
1 0.0179755 0.0228212
0 0 0.00484091
0 0 0.00479357
1 0.014155 0.0188772
1 0.0372541 0.0419384
1 0.0566797 0.0613572
0 0 0.00467007
1 0.039543 0.0442045
0 0 0.00459937
1 0.0291672 0.0336947
1 0.0270336 0.0315026
1 0.0236396 0.0280963
1 0.19805 0.202493
0 0 0.00441467
0 0 0.00438163
1 0.0233546 0.0277273
0 0 0.00436426
0 0 0.00427543
2 0.176017 0.18028
1 0.0203912 0.0246351
0 0 0.00419479
1 0.0119755 0.0161385
1 0.0534927 0.057642
0 0 0.00413328
1 0.0671719 0.0712894
1 0.0173184 0.0214077
1 0.057731 0.0617315
1 0.0267592 0.0307533
0 0 0.00389547
1 0.0131901 0.0170789
1 0.0460697 0.0498843
1 0.0202666 0.0240138
2 0.0667279 0.0704735
1 0.0360896 0.039808
0 0 0.00370393
1 0.159661 0.163122
0 0 0.00341311
0 0 0.00339852
1 0.0691614 0.0725511
0 0 0.00338082
0 0 0.00328497
1 0.273815 0.277093
2 0.172785 0.176061
0 0 0.00325824
1 0.286238 0.289336
1 0.220665 0.223725
1 0.0565312 0.059572
0 0 0.00303887
2 0.048838 0.0518503
1 0.0775776 0.0805897
2 0.0457981 0.0487822
1 0.0322444 0.0352106
0 0 0.0029425
2 0.183073 0.186004
0 0 0.00286892
1 0.119613 0.122458
0 0 0.00279464
0 0 0.00273276
2 0.0649345 0.0676316
0 0 0.00264866
1 0.0307686 0.0333971
1 0.0224434 0.0250381
0 0 0.00253369
1 0.0577116 0.0602302
1 0.0154598 0.0179501
0 0 0.00247373
2 0.0739156 0.0763104
1 0.0295572 0.0318837
1 0.0146032 0.0169027
1 0.11307 0.115367
0 0 0.00228571
1 0.0373226 0.0395815
1 0.0507113 0.0529177
2 0.0715709 0.073765
1 0.0231654 0.0253436
1 0.0382867 0.0404512
0 0 0.00215028
0 0 0.00212186
0 0 0.00208254
2 0.166874 0.168943
2 0.0887828 0.0908056
2 0.0283781 0.0303829
1 0.023881 0.0258775
1 0.0400456 0.0420244
1 0.0122338 0.0141634
0 0 0.00191583
1 0.042993 0.0448808
1 0.050714 0.0525891
1 0.274536 0.276384
2 0.584039 0.585878
0 0 0.00183227
0 0 0.00182054
1 0.0382002 0.0399882
1 0.0146048 0.0163761
1 0.0130846 0.0148288
1 0.0197911 0.0215164
0 0 0.00172314
1 0.0119871 0.013661
1 0.0308333 0.0325058
0 0 0.00167143
0 0 0.00165948
1 0.0283373 0.029972
1 0.0250501 0.0266804
1 0.121366 0.122983
1 0.0133019 0.0148953
2 0.0988889 0.100476
0 0 0.00157878
2 0.594996 0.596571
1 0.0222104 0.0237829
0 0 0.00156022
0 0 0.00155633
1 0.0102458 0.0117924
1 0.0724728 0.0740025
2 0.722672 0.724196
0 0 0.00152366
0 0 0.00151762
1 0.0114529 0.0129307
1 0.018878 0.0203303
2 0.0260152 0.0274519
1 0.139756 0.141178
1 0.0798055 0.0812268
1 0.014583 0.0159989
1 0.0824389 0.0838513
1 0.0251647 0.0265749
0 0 0.00140334
1 0.014051 0.0154527
2 0.0323766 0.0337762
1 0.0171703 0.0185645
0 0 0.00139333
1 0.242531 0.243907
1 0.0119558 0.0133307
0 0 0.00136865
2 0.0607033 0.0620671
0 0 0.00134387
0 0 0.00130139
1 0.0593407 0.0606331
0 0 0.00126153
2 0.104686 0.105943
1 0.0692975 0.0705522
1 0.00852063 0.00976275
1 0.0182159 0.0194564
0 0 0.00121108
1 0.0377456 0.0389507
1 0.0104039 0.0116063
1 0.0648273 0.0660253
1 0.00925361 0.0104251
1 0.02069 0.0218487
1 0.0709132 0.0720644
1 0.0542209 0.0553584
2 0.0401468 0.0412715
1 0.0123165 0.0133985
0 0 0.00107414
0 0 0.00107125
1 0.0852842 0.0863516
2 0.0512851 0.0523516
1 0.0296893 0.0307492
1 0.0473803 0.0484333
1 0.0486926 0.0497106
0 0 0.000989786
1 0.0624453 0.0634344
1 0.285804 0.286784
0 0 0.000949004
1 0.0580695 0.0589986
1 0.0962583 0.0971869
1 0.0341552 0.0350782
1 0.0119614 0.0128732
1 0.0262675 0.0271777
2 0.118108 0.119002
1 0.08043 0.0812984
0 0 0.000868317
1 0.576769 0.577633
1 0.0448141 0.0456765
2 0.0288226 0.0296837
1 0.0158766 0.0167353
1 0.0103297 0.0111852
1 0.0127343 0.0135714
0 0 0.000827884
1 0.00249269 0.00331213
1 0.036757 0.037572
2 0.0464255 0.0472162
2 0.0439005 0.0446814
1 0.0127016 0.0134764
1 0.0264312 0.0271923
1 0.0200783 0.0208392
1 0.0593275 0.0600877
1 0.0157408 0.0164991
1 0.0742736 0.075027
2 0.0623542 0.0631043
1 0.0026022 0.00335074
1 0.0298571 0.0305991
1 0.042094 0.0428289
1 0.00743667 0.00815921
0 0 0.00071552
1 0.0213575 0.0220685
2 0.0469404 0.0476285
1 0.00858963 0.00927411
1 0.0182821 0.0189639
1 0.0642812 0.0649629
1 0.00940759 0.0100877
1 0.0181666 0.0188355
1 0.0848525 0.0854973
0 0 0.000639344
1 0.0101204 0.0107529
0 0 0.000611184
1 0.0123978 0.0130035
1 0.00750513 0.00810532
1 0.049746 0.0503357
0 0 0.000586587
1 0.0389788 0.0395645
0 0 0.000583295
1 0.0348111 0.0353898
1 0.0177986 0.0183747
1 0.0464252 0.0469961
2 0.287881 0.288452
1 0.00883229 0.00939987
2 0.10526 0.105823
1 0.0610012 0.0615628
1 0.018476 0.0190283
1 0.0573053 0.0578472
1 0.0615358 0.0620648
1 0.0113262 0.0118412
1 0.0588803 0.0593867
2 0.0118773 0.0123835
1 0.132787 0.133292
1 0.0187921 0.0192941
0 0 0.000479061
1 0.685574 0.686046
1 0.273574 0.274029
0 0 0.000451973
2 0.0775218 0.0779736
2 0.0435592 0.0440032
2 0.289457 0.289898
2 0.0819676 0.0823931
1 0.00354703 0.0039709
1 0.0151579 0.015573
1 0.0153468 0.0157472
1 0.0154527 0.0158498
1 0.017332 0.0177118
1 0.084061 0.0844381
1 0.104869 0.105244
0 0 0.000374502
1 0.0205422 0.0209142
2 0.0321412 0.0325119
0 0 0.000367976
1 0.023195 0.0235531
1 0.0590967 0.0594535
1 0.0867891 0.0871451
1 0.0279437 0.0282987
1 0.0158571 0.0162082
2 0.0309068 0.0312543
2 0.100693 0.101039
0 0 0.000344743
1 0.00891144 0.00925391
1 0.0129249 0.0132657
1 0.00222117 0.00256112
1 0.120226 0.120565
1 0.00249306 0.00282815
1 0.0298102 0.030133
2 0.0283402 0.0286606
1 0.0160466 0.0163633
1 0.0119635 0.0122754
1 0.0733603 0.0736652
2 0.0582175 0.0585206
1 0.0432587 0.0435379
0 0 0.000278936
2 0.0204267 0.0207025
1 0.0528062 0.0530769
1 0.0506727 0.0509399
1 0.0238922 0.0241584
1 0.0964177 0.0966799
1 0.02781 0.0280705
2 0.0308839 0.0311412
1 0.0332493 0.0335041
1 0.0422742 0.0425287
1 0.0629239 0.0631707
2 0.0383887 0.0386304
1 0.0302966 0.0305381
2 0.0428365 0.0430638
1 0.0372722 0.0374907
1 0.0116582 0.0118557
2 0.322993 0.323188
2 0.0437405 0.043935
2 0.0333695 0.0335584
1 0.02682 0.0270032
1 0.0548005 0.0549704
1 0.00856663 0.00873308
1 0.0115716 0.0117366
1 0.00879806 0.00896023
2 0.0749118 0.0750712
2 0.090247 0.0904045
1 0.0386629 0.0388202
2 0.0505843 0.0507392
2 0.113841 0.113994
2 0.0729903 0.0731377
1 0.00285239 0.00299641
2 0.758233 0.758371
1 0.100937 0.101074
1 0.0493093 0.0494465
2 0.0122154 0.012352
1 0.0311683 0.0313037
2 0.0145411 0.0146739
2 0.211131 0.211264
2 0.0351829 0.035314
1 0.0195894 0.019716
2 0.0190814 0.0192012
1 0.00622026 0.00633723
2 0.0714652 0.0715759
2 0.0435437 0.0436541
1 0.00262973 0.00273641
1 0.117408 0.117512
1 0.120309 0.120412
1 0.103958 0.104062
2 0.0333746 0.0334772
1 0.0249054 0.0250064
2 0.0142702 0.0143678
1 0.00417542 0.00427301
1 0.0230985 0.023195
2 0.0562646 0.0563607
1 0.0215572 0.0216525
1 0.0387902 0.0388846
2 0.224019 0.224108
1 0.0172885 0.0173761
1 0.0116466 0.011733
1 0.00409206 0.00417834
2 0.0507172 0.050794
1 0.00231987 0.00239342
1 0.0144797 0.0145531
1 0.0957623 0.0958307
1 0.0027192 0.00278564
1 0.0280977 0.0281614
1 0.011205 0.011268
2 0.686369 0.686432
1 0.0224747 0.0225359
2 0.0284722 0.028532
1 0.0281455 0.028205
2 0.0232253 0.0232848
2 0.568214 0.568272
1 0.0175827 0.0176396
1 0.0510212 0.0510779
2 0.0107954 0.0108507
1 0.0477589 0.0478141
1 0.014116 0.0141709
1 0.0183562 0.018409
2 0.0186217 0.018671
2 0.0313184 0.0313673
1 0.0223695 0.0224165
1 0.0330509 0.0330964
2 0.0287025 0.0287465
2 0.0379506 0.0379923
1 0.063607 0.0636455
1 0.0389254 0.0389629
1 0.00849749 0.00853367
1 0.0310643 0.0310968
1 0.0171081 0.0171406
1 0.018492 0.0185232
2 0.0187066 0.0187372
2 0.0118082 0.011838
2 0.0232985 0.023327
1 0.0160527 0.016081
2 0.0623643 0.0623922
1 0.0977365 0.0977623
2 0.0195881 0.0196137
1 0.0782358 0.0782601
1 0.032736 0.0327604
2 0.176982 0.177005
1 0.0186582 0.0186809
1 0.0105695 0.0105922
2 0.0487046 0.0487271
1 0.0170469 0.017068
1 0.012727 0.0127461
1 0.00620413 0.00622314
1 0.0383718 0.0383867
2 0.0167977 0.0168124
1 0.00919298 0.00920685
2 0.109648 0.109662
2 0.0321126 0.0321261
2 0.0647123 0.064725
1 0.0230889 0.0231003
1 0.0133536 0.0133649
1 0.0251834 0.0251945
2 0.080434 0.080445
1 0.340992 0.341003
2 0.0803051 0.0803158
1 0.00187459 0.00188519
2 0.0754713 0.0754815
1 0.0139606 0.0139697
1 0.0173475 0.0173565
1 0.0117153 0.0117241
1 0.0729019 0.0729103
2 0.0652528 0.0652611
1 0.034589 0.0345968
2 0.0180912 0.0180987
1 0.500373 0.500379
2 0.3439 0.343907
1 0.0372651 0.0372704
2 0.00275864 0.00276379
2 0.0799361 0.079941
2 0.0495381 0.0495419
1 0.00310542 0.00310908
1 0.034036 0.0340396
2 0.0293977 0.029401
1 0.00285518 0.00285836
2 0.0717847 0.0717876
2 0.040025 0.0400274
2 0.0639201 0.0639219
2 0.319503 0.319505
1 0.0132252 0.0132268
1 0.0302051 0.0302066
2 0.144717 0.144719
1 0.0353121 0.0353135
1 0.00182751 0.00182889
1 0.00154833 0.00154943
1 0.0714204 0.0714215
2 0.0327182 0.0327191
1 0.0670579 0.0670586
1 0.0264375 0.0264381
1 0.0184925 0.0184931
1 0.0489263 0.0489268
1 0.0450868 0.0450872
2 0.0151614 0.0151618
1 0.0194219 0.0194223
1 0.00263567 0.00263592
1 0.0307777 0.0307779
2 0.175142 0.175142
2 0.0331276 0.0331276
