0 0 inf
1 0.192882 0.415739
0 0 0.188448
0 0 0.176904
0 0 0.164597
0 0 0.162693
1 0.0959708 0.227889
1 0.183323 0.299392
0 0 0.0990243
0 0 0.0942307
1 0.114066 0.199922
0 0 0.082968
1 0.398732 0.478764
0 0 0.0770049
0 0 0.0762566
1 0.0913686 0.165211
0 0 0.0698605
1 0.0732215 0.141117
0 0 0.0635661
0 0 0.0630332
0 0 0.0604033
0 0 0.0567173
0 0 0.0561725
1 0.0342022 0.0896651
1 0.0484434 0.100568
0 0 0.0482981
0 0 0.0481004
0 0 0.0469633
0 0 0.0461019
0 0 0.0458988
0 0 0.0454071
0 0 0.0436583
0 0 0.042236
1 0.223659 0.265102
0 0 0.0389149
1 0.0766272 0.113908
1 0.0172826 0.0540955
0 0 0.0363394
1 0.0400269 0.0760835
0 0 0.0334744
1 0.0329992 0.0649631
0 0 0.0316578
0 0 0.0315348
1 0.0408587 0.072038
0 0 0.03104
1 0.0200173 0.0494255
2 0.489757 0.518975
1 0.0775594 0.104826
0 0 0.0254793
1 0.347161 0.372567
0 0 0.0245698
0 0 0.024371
2 0.507928 0.532259
1 0.0501828 0.0742791
0 0 0.0238671
0 0 0.0236573
0 0 0.023462
1 0.203215 0.226539
0 0 0.022862
1 0.0147805 0.037473
1 0.301871 0.324448
1 0.0778314 0.0998951
0 0 0.021838
0 0 0.0217518
0 0 0.021382
0 0 0.0205141
1 0.070459 0.0907056
1 0.152929 0.173132
0 0 0.0199392
1 0.0174085 0.0370828
0 0 0.019533
1 0.0410438 0.0601387
1 0.0521814 0.0711503
0 0 0.0188885
0 0 0.0187316
1 0.0849748 0.103593
0 0 0.0185817
0 0 0.0185408
1 0.0483691 0.0667694
0 0 0.0181844
0 0 0.0181405
0 0 0.018057
1 0.0446992 0.0616092
1 0.0492252 0.0660249
0 0 0.0167581
0 0 0.0164521
0 0 0.0162874
0 0 0.0157848
1 0.0503016 0.0656916
1 0.021459 0.0365208
1 0.0231532 0.0374608
1 0.264025 0.278303
0 0 0.0142749
0 0 0.0142349
0 0 0.0141109
1 0.0851779 0.0991975
0 0 0.0136902
0 0 0.013511
0 0 0.0134609
0 0 0.0133781
1 0.015674 0.0290347
1 0.0642359 0.0775379
0 0 0.0131728
0 0 0.0129001
0 0 0.0128828
0 0 0.012641
0 0 0.0125936
1 0.0536504 0.0659237
0 0 0.0122232
0 0 0.0121801
0 0 0.0120767
0 0 0.012046
0 0 0.0120196
2 0.208622 0.220362
0 0 0.0116436
1 0.038104 0.0497019
1 0.0242819 0.0358627
0 0 0.0114954
0 0 0.0114696
0 0 0.0113726
0 0 0.0113591
1 0.0395316 0.0508493
0 0 0.0112151
0 0 0.0110769
0 0 0.0110555
0 0 0.0110459
1 0.0793517 0.0903928
0 0 0.0108867
0 0 0.0108503
2 0.330739 0.341582
0 0 0.0106888
2 0.0731003 0.0837423
1 0.0365304 0.047132
0 0 0.0105772
0 0 0.0105588
0 0 0.0104793
0 0 0.0104484
2 0.0778878 0.0881924
1 0.0913055 0.101471
0 0 0.00987611
1 0.0764064 0.0861087
0 0 0.00956502
0 0 0.0094535
1 0.0292158 0.0385963
2 0.287054 0.296415
2 0.087893 0.097242
0 0 0.00933987
0 0 0.00929348
1 0.0606327 0.0698681
0 0 0.00896947
0 0 0.00883528
1 0.0567111 0.0655072
0 0 0.00877231
1 0.0359944 0.0446569
2 0.27881 0.287444
1 0.0728532 0.081197
0 0 0.00825118
0 0 0.00814485
0 0 0.00807634
0 0 0.00806211
0 0 0.00804235
1 0.0198708 0.0278364
0 0 0.00794505
1 0.0421752 0.0500721
0 0 0.00775804
0 0 0.00771441
2 0.0742227 0.0818898
1 0.291495 0.299083
1 0.0931522 0.100678
0 0 0.00752027
1 0.0545977 0.0620298
0 0 0.00743009
0 0 0.00741663
0 0 0.00731024
0 0 0.00712038
0 0 0.00710906
1 0.384751 0.391858
1 0.189312 0.196387
1 0.0286494 0.0356053
0 0 0.00689904
0 0 0.00688148
0 0 0.00683473
1 0.0452864 0.0521047
1 0.0542244 0.0610311
1 0.0854149 0.0922167
0 0 0.00679144
0 0 0.0067889
0 0 0.00675243
0 0 0.00667139
0 0 0.00664622
1 0.0917405 0.0983561
0 0 0.00653605
2 0.205796 0.212276
0 0 0.00648016
0 0 0.00634343
1 0.13413 0.140447
0 0 0.00631036
1 0.0558546 0.0621608
0 0 0.00628313
1 0.0560323 0.0622956
0 0 0.00625477
2 0.209027 0.215155
1 0.0779373 0.0838866
0 0 0.00592901
0 0 0.00592648
1 0.0290257 0.034898
0 0 0.00579157
2 0.0919718 0.0977273
0 0 0.00568122
1 0.0316944 0.0372961
0 0 0.00556709
1 0.0412821 0.0468351
1 0.0476 0.0530682
0 0 0.00535103
1 0.0368699 0.0422063
0 0 0.00531095
1 0.0289799 0.0342416
1 0.0160664 0.0213071
1 0.0540791 0.0592953
0 0 0.00517298
1 0.0245444 0.0297137
0 0 0.00507221
2 0.324563 0.329619
0 0 0.00495071
1 0.0572488 0.0621695
0 0 0.00489011
0 0 0.00488575
1 0.351933 0.356792
1 0.205822 0.210625
0 0 0.00476241
1 0.0299923 0.0346085
1 0.0406309 0.0451943
1 0.0478841 0.0524388
0 0 0.00452796
1 0.0344212 0.0389338
1 0.0345521 0.0390379
0 0 0.0043758
0 0 0.00424948
1 0.0118376 0.0160781
1 0.0146522 0.0188884
0 0 0.00422679
0 0 0.00415638
0 0 0.00414518
1 0.055548 0.0596713
2 0.0530633 0.0571382
1 0.166725 0.170799
0 0 0.00397142
1 0.0494105 0.0533684
0 0 0.00395619
0 0 0.00395487
1 0.201751 0.205678
1 0.0283508 0.0322473
1 0.00712585 0.0109567
1 0.341242 0.345072
0 0 0.00381154
1 0.0214042 0.0251896
1 0.0174229 0.0211598
0 0 0.00367499
0 0 0.0036724
2 0.52371 0.527347
1 0.11653 0.120121
0 0 0.00357114
1 0.0929239 0.0964521
1 0.0675829 0.0711067
1 0.0396171 0.0431185
2 0.0813945 0.0848691
1 0.0147278 0.0181515
1 0.0125105 0.0159037
0 0 0.00332262
1 0.0677214 0.0710156
2 0.116591 0.119884
1 0.0285364 0.0318241
0 0 0.0032376
0 0 0.00321385
1 0.0124375 0.0156469
0 0 0.00316543
1 0.0129032 0.0160154
1 0.0223869 0.0254861
1 0.0585602 0.0615598
2 0.0394117 0.042402
0 0 0.00297694
1 0.0319538 0.0348825
0 0 0.00288819
0 0 0.00288486
1 0.026678 0.029497
0 0 0.00279768
2 0.0780479 0.080754
1 0.0418646 0.0445666
1 0.0350644 0.0377515
1 0.0894497 0.0921295
1 0.0417439 0.0444123
2 0.0520787 0.0547272
0 0 0.00262572
0 0 0.00257963
0 0 0.00257683
0 0 0.0025441
0 0 0.00247965
1 0.0342508 0.0367232
1 0.132036 0.134499
1 0.0221898 0.0246253
2 0.0397617 0.0421499
0 0 0.00231449
1 0.0184266 0.0206394
0 0 0.00218264
1 0.00558804 0.00775418
1 0.0432581 0.0453759
1 0.040783 0.0428934
0 0 0.0020892
0 0 0.00208044
1 0.0361733 0.0382415
0 0 0.00205816
1 0.0722327 0.074284
0 0 0.00205063
2 0.0442847 0.0463242
1 0.0292811 0.0313024
0 0 0.00199129
0 0 0.00197844
2 0.211058 0.212975
2 0.0479215 0.0498353
1 0.0312778 0.0331613
2 0.0953788 0.0972599
2 0.143796 0.145658
1 0.00640531 0.00826597
1 0.018505 0.0203632
2 0.0947587 0.096605
0 0 0.00184399
1 0.01179 0.0136316
1 0.0253571 0.027188
2 0.0373304 0.0391585
0 0 0.00182664
1 0.0193806 0.0211983
2 0.0549359 0.0567437
1 0.00755659 0.00934718
0 0 0.00176503
0 0 0.00175487
2 0.0744829 0.0762319
1 0.0181268 0.0198728
1 0.0520732 0.0537969
2 0.0967792 0.0984793
0 0 0.00169511
1 0.0598154 0.0615003
0 0 0.00160123
0 0 0.00158386
1 0.0258454 0.0274172
2 0.107612 0.109181
1 0.0196236 0.0211655
1 0.0371175 0.0386384
0 0 0.00151094
1 0.0101657 0.011667
1 0.0859869 0.0874709
1 0.0659673 0.0674438
1 0.0278855 0.0293405
0 0 0.00143374
0 0 0.00143279
0 0 0.00139166
1 0.0424579 0.0438367
0 0 0.00137596
1 0.137146 0.138518
2 0.0985678 0.0999356
1 0.0195755 0.020942
1 0.0183368 0.0196718
1 0.0235273 0.0248614
0 0 0.00133258
1 0.03543 0.0367564
2 0.142763 0.144073
1 0.00786529 0.00917517
2 0.0289315 0.0302358
0 0 0.00129632
1 0.319831 0.321125
1 0.181427 0.182671
1 0.0306341 0.0318464
0 0 0.0012091
2 0.0667459 0.0679544
2 0.209448 0.210653
1 0.0166682 0.0178711
1 0.00798646 0.00917598
1 0.0698177 0.0709683
0 0 0.00108656
1 0.0342842 0.0353679
1 0.0311919 0.0322751
0 0 0.00103374
1 0.0405392 0.0415719
2 0.208103 0.209133
1 0.0137945 0.014805
1 0.00757778 0.00858725
1 0.018067 0.0190552
0 0 0.000972904
1 0.0147532 0.015722
0 0 0.000955611
1 0.0959503 0.0968874
1 0.0189451 0.0198777
1 0.00945923 0.0103692
1 0.015279 0.0161888
2 0.210194 0.211104
2 0.0805233 0.0814253
0 0 0.000874927
1 0.00922805 0.0100898
1 0.0430105 0.0438508
1 0.0522025 0.0530037
0 0 0.000792744
0 0 0.000792675
1 0.0130471 0.0138391
2 0.083318 0.0840991
2 0.0561238 0.0568973
1 0.111067 0.111836
2 0.0469923 0.0477603
1 0.00323172 0.00397645
1 0.00538321 0.00611927
2 0.0649003 0.0656272
1 0.200398 0.201115
1 0.0406824 0.0413981
2 0.0448143 0.0455184
1 0.00720713 0.00789996
2 0.064402 0.0650926
1 0.0260475 0.0267037
1 0.0652934 0.0659397
1 0.0510029 0.0516425
2 0.0717006 0.072339
1 0.0297159 0.0303485
1 0.164646 0.165266
1 0.0177587 0.0183508
2 0.393225 0.39381
2 0.116415 0.116994
2 0.108228 0.108802
1 0.0859566 0.0865207
1 0.0233993 0.023963
2 0.0204624 0.0210186
1 0.00368278 0.00423328
1 0.0450595 0.0455994
0 0 0.000539213
1 0.00375441 0.0042889
1 0.0329531 0.0334866
0 0 0.000527632
0 0 0.000521742
2 0.0767581 0.0772791
1 0.0108532 0.0113711
1 0.0742943 0.0748103
0 0 0.000515559
2 0.14309 0.143603
2 0.0391282 0.0396094
1 0.0307851 0.0312658
2 0.0139304 0.0144108
2 0.209689 0.210142
1 0.0091352 0.00958802
1 0.0867044 0.0871478
2 0.0984106 0.0988486
1 0.0308317 0.0312697
1 0.0218874 0.0223169
2 0.0417091 0.0421361
1 0.0369647 0.0373793
0 0 0.000408252
1 0.276978 0.277374
1 0.3912 0.39159
2 0.0357896 0.0361767
2 0.165867 0.166254
1 0.0282525 0.0286347
1 0.0197089 0.0200889
1 0.00159095 0.00195945
2 0.0923368 0.0926951
2 0.0339872 0.0343442
1 0.122386 0.122741
1 0.0748411 0.0751958
1 0.05262 0.052972
1 0.0344758 0.0348273
1 0.0100062 0.0103575
2 0.0621124 0.0624619
1 0.0118965 0.0122414
0 0 0.000341507
2 0.362094 0.362435
1 0.0279973 0.0283294
1 0.014265 0.0145943
1 0.0227257 0.0230423
2 0.00982869 0.0101365
1 0.0299056 0.0302103
1 0.0186207 0.0189132
2 0.0389076 0.0391997
2 0.0464432 0.0467296
2 0.0267119 0.0269976
1 0.015249 0.0155341
1 0.0334543 0.0337339
1 0.227223 0.227492
1 0.0187078 0.0189767
1 0.0193391 0.0196077
1 0.075202 0.0754702
1 0.106615 0.10688
1 0.0344421 0.0347057
1 0.0252113 0.0254713
1 0.0472155 0.0474733
1 0.0276575 0.0279134
2 0.141221 0.141471
1 0.0299725 0.0302161
1 0.0662565 0.0664947
1 0.0719724 0.0722064
1 0.0297711 0.0300046
1 0.0519492 0.0521824
1 0.0103842 0.0106165
2 0.124419 0.12465
1 0.0034461 0.00366735
2 0.143611 0.143828
1 0.00326239 0.00347328
1 0.0342728 0.0344787
2 0.0626137 0.0628192
2 0.0708281 0.0710331
2 0.0402057 0.0404087
1 0.0208736 0.0210705
1 0.0444039 0.0446001
2 0.0637654 0.0639589
1 0.0522347 0.0524224
1 0.071345 0.0715326
1 0.0146509 0.0148335
1 0.0202265 0.0204072
1 0.0043994 0.00457293
1 0.152329 0.1525
1 0.0261893 0.0263605
0 0 0.00016772
1 0.00924168 0.00940934
1 0.00113875 0.00130497
1 0.0965734 0.096732
1 0.0530863 0.053238
2 0.0411081 0.0412589
1 0.00758294 0.00773117
2 0.00637059 0.00651333
1 0.0212184 0.0213599
1 0.0242084 0.024346
2 0.0206838 0.0208196
1 0.00968245 0.00981644
1 0.0274495 0.0275833
1 0.00678833 0.0069203
1 0.0165324 0.0166578
0 0 0.000124932
1 0.0234315 0.0235514
2 0.0654793 0.0655989
1 0.0692373 0.0693552
1 0.00617491 0.00629224
2 0.039816 0.0399318
2 0.0195545 0.0196697
1 0.0777191 0.0778343
1 0.00730055 0.00741467
1 0.0532815 0.0533955
1 0.0429681 0.0430818
1 0.0216015 0.021715
1 0.0990256 0.0991362
1 0.0230089 0.0231193
2 0.0649445 0.0650533
2 0.046205 0.0463135
2 0.0501597 0.0502655
1 0.00764993 0.00775478
1 0.00217426 0.00227492
1 0.323951 0.324046
2 0.21084 0.210934
1 0.0189716 0.0190627
1 0.0403513 0.0404419
2 0.0103744 0.0104637
1 0.0138555 0.0139445
2 0.0330632 0.0331511
1 0.00542303 0.00550783
1 0.0266237 0.0267022
2 0.040078 0.0401552
1 0.0382327 0.0383064
1 0.00262156 0.00269284
1 0.140944 0.141014
1 0.0117464 0.0118137
1 0.0019011 0.00196766
2 0.0356728 0.0357392
2 0.0239446 0.0240097
1 0.108568 0.108634
2 0.00426348 0.00432807
1 0.0190331 0.0190969
1 0.026325 0.0263873
2 0.0910268 0.0910877
1 0.0570136 0.0570713
1 0.104023 0.104081
1 0.00829131 0.00834677
1 0.0090976 0.00915221
1 0.00826315 0.00831268
1 0.0300783 0.0301247
2 0.0762313 0.0762774
1 0.123801 0.123846
1 0.0157726 0.0158179
1 0.0619248 0.0619698
1 0.0111474 0.0111901
2 0.0462048 0.0462473
2 0.0835419 0.083582
2 0.0616092 0.0616466
1 0.0229952 0.0230283
1 0.0324303 0.0324631
1 0.0876914 0.0877237
2 0.0105057 0.0105375
1 0.0145865 0.0146181
1 0.0398201 0.0398504
2 0.0481633 0.048193
1 0.00397311 0.00400211
2 0.0756926 0.0757203
2 0.0150595 0.0150866
1 0.00864022 0.00866511
2 0.0592047 0.0592295
1 0.0148401 0.0148641
2 0.0214807 0.0215032
2 0.0249523 0.0249709
1 0.00644541 0.00646379
1 0.0792661 0.0792829
1 0.0449779 0.044994
1 0.00316594 0.00317962
1 0.0137276 0.0137396
1 0.0558394 0.0558514
1 0.0484148 0.0484263
1 0.00446898 0.00448013
2 0.106778 0.106788
1 0.0342953 0.0343033
1 0.0121966 0.0122039
1 0.0227178 0.022725
2 0.0460616 0.0460688
1 0.00690435 0.00691061
1 0.0237063 0.0237121
1 0.0182338 0.0182391
1 0.00893873 0.00894341
1 0.0760833 0.0760878
1 0.0234141 0.0234183
1 0.165838 0.165842
1 0.0078338 0.00783722
1 0.0400107 0.0400138
2 0.0671892 0.0671923
1 0.0177896 0.0177923
2 0.0296592 0.0296616
2 0.0378687 0.0378709
1 0.00606422 0.00606618
1 0.0238759 0.0238776
2 0.0324951 0.0324961
1 0.10284 0.10284
1 0.00351268 0.0035133
1 0.0724149 0.0724155
1 0.00966375 0.00966427
2 0.0680503 0.0680507
1 0.0137121 0.0137124
1 0.0258052 0.0258055
1 0.0181819 0.0181821
2 0.0595464 0.0595465
1 0.0257154 0.0257155
2 0.113702 0.113702
1 0.0789658 0.0789658
2 0.013198 0.013198
2 0.21027 0.21027
