0 0 inf
0 0 0.216224
1 0.209949 0.390143
0 0 0.155415
0 0 0.138193
0 0 0.137653
1 0.0343127 0.146403
0 0 0.0910188
0 0 0.0665452
0 0 0.0579256
1 0.102838 0.160432
0 0 0.0542631
1 0.3199 0.37221
2 0.394019 0.445776
0 0 0.0481244
0 0 0.0473973
0 0 0.0464763
1 0.0579499 0.104101
1 0.0161476 0.0613333
0 0 0.0446222
1 0.0330197 0.0760363
1 0.0575661 0.0984241
0 0 0.0367446
0 0 0.0347742
0 0 0.0347224
0 0 0.0335786
0 0 0.0329122
1 0.103073 0.135787
0 0 0.0314024
1 0.0333738 0.0632931
0 0 0.0292513
1 0.0370669 0.0662287
0 0 0.0286079
0 0 0.0280053
0 0 0.0275719
1 0.0849817 0.112001
0 0 0.0267666
1 0.047479 0.0741907
1 0.12769 0.15427
0 0 0.0265637
0 0 0.0263201
1 0.0329449 0.0590351
1 0.159988 0.18588
0 0 0.0250419
0 0 0.0246574
0 0 0.0246554
0 0 0.0245495
0 0 0.0244516
0 0 0.0243624
0 0 0.024265
0 0 0.0236356
2 0.167335 0.190611
0 0 0.0231799
0 0 0.0228057
0 0 0.0224966
0 0 0.0222456
0 0 0.0220352
1 0.0987835 0.120476
0 0 0.0215326
1 0.0469282 0.0683641
0 0 0.0213821
0 0 0.021125
0 0 0.020977
0 0 0.0208309
1 0.0472513 0.0679485
0 0 0.0201002
0 0 0.0197109
0 0 0.0195742
1 0.0888794 0.108097
0 0 0.0190928
0 0 0.0187153
0 0 0.0182704
1 0.158617 0.176614
2 0.0833057 0.100979
0 0 0.017419
0 0 0.0172984
0 0 0.017177
1 0.0386531 0.0557076
0 0 0.0167639
1 0.100169 0.11661
0 0 0.0162005
1 0.145531 0.161145
0 0 0.0151814
0 0 0.0150069
1 0.0284647 0.0428932
0 0 0.0142904
1 0.0579451 0.0721374
0 0 0.0140987
0 0 0.0140769
2 0.392909 0.406657
0 0 0.0135572
1 0.0398814 0.0533459
1 0.0483444 0.061695
0 0 0.013231
0 0 0.0132243
0 0 0.0131128
0 0 0.0130843
0 0 0.0128709
0 0 0.0127897
0 0 0.0126349
0 0 0.0123455
0 0 0.0123031
0 0 0.0122452
1 0.0623605 0.0746057
2 0.383851 0.396008
0 0 0.0121152
0 0 0.0120275
1 0.369681 0.381504
0 0 0.0117643
1 0.0258824 0.037607
1 0.0816743 0.09336
1 0.0267137 0.0380817
0 0 0.0112665
1 0.0391526 0.0503961
1 0.0235259 0.0347167
0 0 0.0111632
0 0 0.0109966
0 0 0.0109361
2 0.180295 0.191001
0 0 0.0104322
0 0 0.0104071
2 0.123026 0.133398
1 0.0112034 0.0215717
0 0 0.0103276
0 0 0.0102675
0 0 0.0099584
0 0 0.00995185
0 0 0.0098819
0 0 0.00981772
0 0 0.00980465
1 0.0174527 0.0271477
1 0.0926747 0.102329
0 0 0.00958452
1 0.0147069 0.0242281
0 0 0.00950406
0 0 0.00943301
0 0 0.00938845
0 0 0.00927042
0 0 0.00915718
0 0 0.00907343
1 0.288819 0.297719
0 0 0.00859859
0 0 0.00853384
1 0.0135228 0.0220474
1 0.365306 0.37379
0 0 0.00846991
0 0 0.00839734
2 0.201342 0.209725
0 0 0.00836517
0 0 0.00833445
0 0 0.00832745
0 0 0.00822113
0 0 0.00821801
0 0 0.00819214
1 0.160031 0.168199
0 0 0.00805384
1 0.492731 0.50063
0 0 0.00783381
0 0 0.00763297
1 0.0749117 0.082433
1 0.0123034 0.0198234
0 0 0.00751238
0 0 0.00748408
1 0.0248143 0.0322766
0 0 0.00743342
0 0 0.00739764
1 0.0470722 0.0544697
1 0.077814 0.0852068
0 0 0.00728028
0 0 0.00727967
1 0.0160513 0.0232833
1 0.137066 0.144229
1 0.0666253 0.0736989
0 0 0.00697203
1 0.0236386 0.0304948
0 0 0.0068283
0 0 0.00680619
0 0 0.00674563
0 0 0.00670956
0 0 0.0066959
0 0 0.00666402
2 0.0851115 0.0917632
0 0 0.0064637
0 0 0.00635422
1 0.0583336 0.0645802
1 0.021945 0.0281833
0 0 0.00619978
0 0 0.00618774
1 0.0592598 0.0654433
0 0 0.00618084
0 0 0.00607802
1 0.0161406 0.0221395
1 0.329434 0.335423
1 0.0415846 0.0474482
0 0 0.00586133
1 0.0418157 0.0476418
1 0.0128909 0.0187101
1 0.0293416 0.0351376
1 0.0145726 0.0202426
1 0.0167973 0.0224304
1 0.0721169 0.0776294
0 0 0.00550322
0 0 0.00548394
0 0 0.00541826
1 0.0264133 0.0318294
0 0 0.0054148
0 0 0.005359
0 0 0.00527002
1 0.0581963 0.0634083
0 0 0.00520929
0 0 0.00512185
0 0 0.00509947
1 0.0140064 0.0190816
1 0.0182345 0.0232673
0 0 0.00502683
1 0.0107489 0.0157481
0 0 0.00497945
0 0 0.00492788
0 0 0.00489632
0 0 0.00487857
0 0 0.00486268
0 0 0.00484656
0 0 0.00470525
1 0.0498814 0.0545734
0 0 0.00468913
1 0.0189172 0.0235423
1 0.0573441 0.0619389
2 0.0620625 0.066651
1 0.0563655 0.0609123
0 0 0.00443631
1 0.0603956 0.0648264
0 0 0.00441361
1 0.0597444 0.0640901
1 0.0307773 0.0350679
2 0.0256634 0.0299221
0 0 0.00418589
1 0.0162399 0.0203959
1 0.00818312 0.0122821
1 0.0124071 0.0164811
0 0 0.00402959
1 0.0407656 0.0446629
0 0 0.00388957
0 0 0.00382862
0 0 0.00377708
0 0 0.00376029
1 0.309586 0.313296
1 0.0861386 0.0897715
1 0.0527457 0.0563495
2 0.163307 0.16688
1 0.0523612 0.0559259
0 0 0.00355974
0 0 0.00355597
1 0.0136544 0.0171644
0 0 0.00350743
2 0.626192 0.629674
1 0.0182325 0.0216474
1 0.0531179 0.0565074
1 0.323961 0.327338
0 0 0.00332279
0 0 0.0033163
0 0 0.00325496
1 0.0219261 0.0251036
1 0.0555791 0.0587504
1 0.0753322 0.0784825
1 0.0810344 0.0841819
1 0.0426224 0.0457263
0 0 0.00304546
0 0 0.00303746
0 0 0.00298024
0 0 0.00296287
1 0.606252 0.609202
0 0 0.00293222
2 0.0638936 0.0668157
1 0.0452622 0.0481547
0 0 0.0028181
0 0 0.00281508
1 0.0326809 0.0354835
1 0.0159684 0.0187262
1 0.0979368 0.100635
0 0 0.002694
1 0.0466932 0.0493699
1 0.012409 0.0150761
0 0 0.00266218
1 0.0278408 0.0304992
0 0 0.00265349
1 0.0922805 0.0949312
1 0.0275326 0.0301574
1 0.0614913 0.064037
1 0.0497143 0.0522463
1 0.0165866 0.0190956
1 0.0536102 0.0560908
1 0.0609552 0.063417
2 0.336047 0.338502
1 0.0359039 0.0382722
0 0 0.00236584
0 0 0.00235493
1 0.00932103 0.0116674
1 0.0184149 0.02074
1 0.014089 0.0164062
1 0.023762 0.0260533
2 0.0790797 0.0813664
1 0.0150659 0.0173441
0 0 0.00226972
0 0 0.00224742
0 0 0.00221607
1 0.0192813 0.0214905
1 0.0303928 0.0326007
1 0.0291714 0.0313681
1 0.0623742 0.0645392
0 0 0.00213419
1 0.130353 0.132468
1 0.0759067 0.0780102
1 0.0421482 0.044239
1 0.0453765 0.0474437
1 0.0969741 0.0990339
1 0.0509144 0.0529686
1 0.160126 0.16214
1 0.0606801 0.062685
0 0 0.00199887
1 0.015878 0.0178578
1 0.0289563 0.0309123
1 0.072037 0.0739913
1 0.013378 0.0153208
0 0 0.00193542
1 0.0200627 0.0219619
2 0.100746 0.102633
0 0 0.00186337
1 0.0865537 0.0883885
0 0 0.00182133
1 0.0117225 0.0135313
2 0.502375 0.504172
1 0.0205033 0.0222925
1 0.0722994 0.0740369
0 0 0.00169709
1 0.0609339 0.0625455
1 0.235619 0.237213
0 0 0.00159251
2 0.178613 0.180203
1 0.250303 0.251883
1 0.339395 0.340941
0 0 0.00154422
2 0.0743994 0.0759272
2 0.0209806 0.0224988
2 0.0202035 0.0216922
1 0.0147838 0.016271
1 0.0158542 0.0173385
0 0 0.00147839
1 0.0400072 0.0414721
0 0 0.00144298
1 0.00695961 0.00838911
2 0.0380435 0.0394506
1 0.0062908 0.00769261
1 0.0142262 0.0156022
1 0.0098721 0.0112453
2 0.0223644 0.0237247
1 0.0192658 0.0206197
1 0.266179 0.267525
1 0.024345 0.0256798
2 0.0845855 0.0858986
1 0.0609831 0.0622825
1 0.0163994 0.017689
1 0.0475711 0.0488529
2 0.0175053 0.0187641
2 0.0677387 0.0689869
1 0.0122433 0.013482
2 0.0791466 0.080363
1 0.0709082 0.0720908
1 0.0707899 0.0719627
1 0.0741259 0.0752229
1 0.0234323 0.0245268
1 0.0321538 0.0332467
1 0.0139187 0.0150034
1 0.0273836 0.0284455
1 0.0129882 0.0140202
1 0.0429265 0.043947
1 0.0202082 0.0212187
1 0.00948538 0.0104689
1 0.00464454 0.00562378
1 0.472325 0.473301
0 0 0.000965044
0 0 0.000959973
2 0.120587 0.121541
0 0 0.000945493
1 0.00714783 0.00809327
1 0.10783 0.108751
1 0.0198374 0.0207482
0 0 0.000908683
0 0 0.000894536
1 0.00884905 0.00972233
0 0 0.000869659
1 0.0392326 0.0400949
0 0 0.000849566
1 0.0616221 0.0624598
1 0.0412561 0.0420814
1 0.0727356 0.0735571
1 0.129585 0.130404
1 0.0312947 0.0321024
1 0.0871865 0.0879901
2 0.093856 0.094651
1 0.0768541 0.0776473
2 0.0784012 0.0791883
0 0 0.00078695
1 0.0129661 0.0137434
1 0.0142818 0.0150512
1 0.0130089 0.0137717
2 0.0683832 0.0691457
1 0.0252458 0.0260074
1 0.0216582 0.0224109
1 0.01046 0.0112074
2 0.0654038 0.0661387
1 0.0562465 0.0569684
1 0.0153078 0.016015
2 0.0223387 0.0230422
1 0.0199596 0.0206612
2 0.136157 0.136854
0 0 0.000689167
0 0 0.0006881
1 0.0476697 0.048347
0 0 0.00067446
2 0.0659495 0.0666186
1 0.017966 0.018635
1 0.0226068 0.0232577
2 0.0200364 0.0206845
1 0.140206 0.140853
2 0.0499475 0.0505947
2 0.0650361 0.0656811
1 0.0832116 0.0838499
2 0.0860765 0.0867098
2 0.0512411 0.0518738
1 0.0125587 0.0131733
2 0.0267813 0.0273828
1 0.0329725 0.0335644
0 0 0.000586199
1 0.0977243 0.0983048
1 0.00984661 0.010415
1 0.10199 0.10255
2 0.0547919 0.0553422
2 0.0505738 0.0511185
1 0.0197232 0.0202648
1 0.0102658 0.0108025
1 0.0310068 0.0315303
2 0.0874281 0.0879504
2 0.0194394 0.019959
1 0.0115 0.0120114
1 0.0418843 0.042391
1 0.0373809 0.0378812
0 0 0.000474696
2 0.0233668 0.0238347
2 0.130308 0.130766
1 0.0165558 0.0170062
1 0.0326789 0.033122
2 0.100533 0.100968
1 0.110084 0.110516
1 0.043213 0.0436395
1 0.0128865 0.0133103
2 0.0651457 0.0655692
2 0.0351429 0.0355646
1 0.113059 0.11348
1 0.0806527 0.0810699
2 0.0206795 0.0210819
1 0.0798082 0.0801972
1 0.0618137 0.0621847
0 0 0.000363457
2 0.0674482 0.0677795
1 0.0307564 0.031087
1 0.00484965 0.00517674
2 0.113399 0.113715
1 0.117143 0.117441
0 0 0.00029067
2 0.0119039 0.0121901
1 0.0469882 0.047262
1 0.0203941 0.0206677
2 0.0226977 0.0229643
1 0.112667 0.112933
1 0.00435044 0.00459203
1 0.0542464 0.0544833
2 0.0646446 0.0648812
2 0.0737262 0.0739609
1 0.0166887 0.0169181
2 0.0954134 0.0956418
1 0.00795541 0.00817573
1 0.130361 0.130581
1 0.0281175 0.0283322
2 0.0445643 0.0447715
1 0.015951 0.0161579
1 0.0269504 0.0271551
1 0.049566 0.0497699
1 0.0149005 0.0150926
1 0.0451966 0.0453826
2 0.121293 0.121472
0 0 0.000178531
2 0.0203964 0.0205699
1 0.0305133 0.0306855
2 0.0883364 0.0885022
1 0.0306237 0.0307879
2 0.0904939 0.0906578
1 0.0266311 0.0267918
1 0.0175643 0.0177239
2 0.0645785 0.064738
1 0.0168225 0.016979
1 0.6257 0.625856
2 0.0238015 0.0239514
2 0.0687597 0.0688904
1 0.0870972 0.0872243
2 0.0423915 0.0425179
2 0.0630443 0.063169
2 0.629134 0.629258
2 0.0308501 0.0309737
1 0.0359427 0.0360659
1 0.0311765 0.0312995
1 0.00800886 0.00812667
1 0.0132747 0.0133904
2 0.188744 0.188858
1 0.0382576 0.0383667
1 0.0192248 0.0193294
1 0.057918 0.0580223
1 0.00860576 0.00870919
2 0.0238638 0.0239667
1 0.0133701 0.0134707
2 0.0449137 0.0450142
2 0.160776 0.160876
1 0.0296126 0.0297057
1 0.0102413 0.0103322
2 0.132884 0.132974
2 0.327752 0.327841
1 0.010364 0.0104525
1 0.0168462 0.0169305
2 0.0461634 0.046246
1 0.0593233 0.0594045
1 0.0747967 0.0748773
2 0.0211186 0.0211977
1 0.00463045 0.00470879
1 0.0337518 0.0338266
2 0.0279307 0.0280052
1 0.0543964 0.0544708
2 0.0255459 0.025619
2 0.0654416 0.0655139
1 0.0203549 0.0204261
1 0.0320035 0.0320726
1 0.36037 0.360439
1 0.00734229 0.007411
1 0.0121918 0.0122582
1 0.0110994 0.0111654
1 0.161954 0.162019
2 0.0749176 0.0749769
1 0.0117942 0.0118501
1 0.00236127 0.00241563
1 0.0471399 0.0471912
2 0.0737704 0.0738214
2 0.0803963 0.0804458
1 0.0202171 0.0202666
2 0.074009 0.0740584
1 0.0200365 0.0200858
1 0.0101342 0.0101832
1 0.0192376 0.0192857
1 0.0142525 0.0143003
1 0.024474 0.0245217
1 0.0408414 0.0408889
1 0.060122 0.0601695
1 0.0560216 0.0560674
1 0.0195732 0.0196174
1 0.514565 0.514609
1 0.0769182 0.076961
2 0.0532955 0.0533366
2 0.0194507 0.0194897
1 0.0118173 0.0118559
1 0.04376 0.0437968
1 0.0165246 0.0165613
1 0.0201818 0.0202158
2 0.0736292 0.0736625
1 0.0244403 0.0244736
2 0.0680493 0.0680825
2 0.0218882 0.0219181
2 0.0329209 0.0329474
2 0.0626021 0.0626283
1 0.0237135 0.0237391
1 0.0352892 0.0353142
1 0.0626963 0.0627205
1 0.0301277 0.0301511
1 0.106164 0.106183
2 0.0531504 0.0531694
1 0.0206509 0.0206698
2 0.0695939 0.0696124
2 0.0769989 0.0770165
1 0.0268666 0.026883
2 0.0282451 0.028261
2 0.136127 0.136143
1 0.00470136 0.00471663
1 0.156715 0.156731
1 0.0178016 0.0178162
1 0.00699068 0.00700503
1 0.0217104 0.0217221
1 0.0153399 0.0153507
1 0.0245896 0.0246001
1 0.00386197 0.00387136
2 0.186918 0.186928
1 0.0114915 0.0115006
1 0.0800532 0.0800611
2 0.0207289 0.0207354
1 0.0265247 0.0265291
2 0.117834 0.117839
2 0.012114 0.0121181
1 0.0629799 0.0629838
1 0.00841646 0.00842027
2 0.0394574 0.0394612
1 0.0181088 0.0181123
1 0.00530204 0.00530545
2 0.0233038 0.0233072
1 0.0045995 0.00460285
2 0.0383708 0.038374
1 0.00414269 0.00414576
1 0.0631973 0.0632001
1 0.0634417 0.0634443
1 0.00438227 0.00438478
1 0.117686 0.117688
1 0.0492337 0.0492351
2 0.115468 0.115469
2 0.0157662 0.0157676
1 0.00830229 0.00830361
2 0.0491678 0.0491691
2 0.0560298 0.056031
1 0.0897226 0.0897236
2 0.00242128 0.00242206
1 0.0223372 0.0223379
2 0.0306558 0.0306564
1 0.0974971 0.0974975
2 0.048441 0.0484414
1 0.0421916 0.0421919
2 0.186175 0.186176
2 0.0652832 0.0652834
1 0.0200953 0.0200955
2 0.0113403 0.0113403
2 0.085435 0.085435
1 0.0128317 0.0128317
2 0.0292492 0.0292492
