0 0 inf
0 0 0.137653
1 0.209949 0.328193
1 0.0343127 0.146403
1 0.121673 0.227085
0 0 0.1039
0 0 0.102838
0 0 0.0910188
0 0 0.0895409
0 0 0.0665452
0 0 0.0605257
0 0 0.0579256
0 0 0.0542631
1 0.0309699 0.0833057
0 0 0.0473973
0 0 0.0464763
0 0 0.0421482
0 0 0.0417951
1 0.276854 0.318341
1 0.047479 0.0851115
1 0.0579499 0.0952385
0 0 0.0355283
1 0.0907145 0.126242
2 0.233024 0.268106
0 0 0.0347224
1 0.103073 0.137696
1 0.0888794 0.123077
0 0 0.0340277
0 0 0.0335786
0 0 0.0335122
0 0 0.0332884
1 0.12769 0.160432
1 0.0266967 0.0590351
0 0 0.0314024
0 0 0.0310927
0 0 0.0310751
1 0.0161476 0.0464446
1 0.0333738 0.0632931
0 0 0.0286079
1 0.0926747 0.120587
0 0 0.0265637
0 0 0.0261024
0 0 0.0253851
0 0 0.0253313
1 0.0984161 0.123553
0 0 0.024766
0 0 0.0246574
0 0 0.0246554
0 0 0.0245495
0 0 0.0244516
0 0 0.0243624
0 0 0.024265
0 0 0.0236356
1 0.0579451 0.0815512
1 0.0267666 0.0501367
0 0 0.0231799
0 0 0.0228057
0 0 0.0224966
0 0 0.0221106
0 0 0.0220408
1 0.145531 0.167335
0 0 0.0215326
1 0.0472513 0.0687597
0 0 0.0213821
1 0.3199 0.341126
0 0 0.020977
0 0 0.0208309
0 0 0.0201002
1 0.0483444 0.0683641
0 0 0.0195742
0 0 0.0192658
0 0 0.0190928
0 0 0.0190497
1 0.232785 0.251744
0 0 0.0189172
2 0.136282 0.155003
0 0 0.0187153
1 0.0386531 0.0572304
0 0 0.018025
0 0 0.017419
0 0 0.0173882
1 0.292556 0.309915
0 0 0.0172984
0 0 0.017177
0 0 0.0169033
0 0 0.0167973
0 0 0.0167639
1 0.100169 0.11661
0 0 0.0162005
2 0.180295 0.196134
1 0.0795897 0.0954134
0 0 0.0156557
1 0.321523 0.336951
0 0 0.0153627
1 0.0370669 0.0524225
0 0 0.0151814
0 0 0.0142904
0 0 0.014089
0 0 0.0140769
0 0 0.0139437
0 0 0.0139187
1 0.0130843 0.0263985
0 0 0.0132243
2 0.318521 0.331535
0 0 0.0129661
0 0 0.0129609
0 0 0.0128909
0 0 0.0128709
0 0 0.0126349
0 0 0.0126112
1 0.0564144 0.0689681
1 0.0329449 0.0454326
0 0 0.0123455
0 0 0.0123031
0 0 0.0122943
1 0.0623605 0.0746057
1 0.0267137 0.0389544
0 0 0.0121918
2 0.383851 0.396008
0 0 0.0117596
0 0 0.0113829
0 0 0.0111786
0 0 0.0111343
0 0 0.0110994
1 0.0987835 0.109814
0 0 0.0109361
1 0.107907 0.118818
0 0 0.0108895
1 0.0618744 0.07244
1 0.0708458 0.0813779
0 0 0.0104322
1 0.0136883 0.0238886
0 0 0.00995185
0 0 0.00990579
0 0 0.0098819
0 0 0.00965717
0 0 0.00950946
0 0 0.00950406
0 0 0.00943301
0 0 0.00938845
1 0.0443192 0.053674
0 0 0.00927042
0 0 0.00915718
0 0 0.00907343
0 0 0.00903891
1 0.0466932 0.0557076
0 0 0.00894659
1 0.288819 0.297719
2 0.398008 0.406688
0 0 0.00864294
1 0.0137994 0.0223639
0 0 0.00853384
1 0.0691294 0.0776294
1 0.0457509 0.0542276
0 0 0.00843102
0 0 0.00836517
0 0 0.00833445
0 0 0.00832745
0 0 0.00822113
0 0 0.00821801
1 0.0481244 0.0562298
1 0.0909488 0.0989444
1 0.0254717 0.0334518
0 0 0.00783381
1 0.0230333 0.0308583
1 0.160031 0.167755
1 0.0122452 0.0198721
1 0.127342 0.134909
0 0 0.00751238
0 0 0.00743342
0 0 0.00739764
1 0.0470722 0.0544697
0 0 0.00727967
1 0.10244 0.109691
1 0.0258824 0.0330457
0 0 0.00712157
0 0 0.00707029
0 0 0.00705683
0 0 0.00699068
0 0 0.0069653
0 0 0.0068283
0 0 0.00681545
1 0.0616603 0.0684527
0 0 0.00679207
0 0 0.00674563
1 0.0281175 0.0347396
0 0 0.0063679
0 0 0.00635422
1 0.0583336 0.0645802
0 0 0.00619978
0 0 0.00618774
1 0.0592598 0.0654433
0 0 0.00618084
1 0.00958452 0.0157481
0 0 0.00597599
1 0.0320238 0.0379921
1 0.0917356 0.0976785
1 0.0265982 0.0325099
1 0.0140064 0.0199179
1 0.0293416 0.0351376
1 0.0388272 0.0445422
0 0 0.00562399
0 0 0.00561635
1 0.383191 0.388745
0 0 0.00548394
0 0 0.005359
0 0 0.00532529
0 0 0.0052196
1 0.0724277 0.0776453
1 0.0581963 0.0634083
1 0.0418157 0.0469783
0 0 0.00512185
0 0 0.00509947
0 0 0.00506837
1 0.0810344 0.0860718
0 0 0.00492788
1 0.0816743 0.0865887
1 0.023762 0.0286659
0 0 0.00489632
1 0.0219261 0.0267813
1 0.0197109 0.0245268
1 0.0581157 0.0628522
0 0 0.00470525
2 0.115916 0.120579
0 0 0.00466169
0 0 0.00450099
0 0 0.00443631
1 0.0307773 0.0351429
1 0.0597444 0.0640901
1 0.015878 0.0202035
1 0.0179062 0.0221087
1 0.12387 0.128061
2 0.0620625 0.0662377
1 0.0176575 0.0217657
1 0.0147313 0.0187805
0 0 0.00401181
1 0.0651731 0.069087
1 0.0407656 0.0446629
0 0 0.00388957
0 0 0.00380995
0 0 0.00377708
0 0 0.00376029
0 0 0.0037214
0 0 0.00362029
1 0.0527457 0.0563495
2 0.0725404 0.0761258
1 0.0150777 0.0186626
0 0 0.00355597
1 0.29596 0.299473
0 0 0.00350743
0 0 0.0035037
2 0.0804615 0.08391
1 0.0531179 0.0565074
1 0.0334472 0.0368177
1 0.0697234 0.0730468
0 0 0.0033163
2 0.356017 0.359299
0 0 0.00325496
1 0.0674662 0.0707197
1 0.0158671 0.0190816
0 0 0.00319129
1 0.0536102 0.0567303
2 0.0990161 0.102115
1 0.117935 0.120991
1 0.037142 0.0401936
0 0 0.00304546
1 0.0303928 0.0334153
2 0.37379 0.376805
1 0.0360465 0.039041
0 0 0.00298564
0 0 0.00298024
0 0 0.00296287
0 0 0.00293222
1 0.0452622 0.0481547
1 0.0125587 0.015401
0 0 0.00282023
0 0 0.0028181
0 0 0.00281508
1 0.0326809 0.0354835
1 0.0159684 0.0187262
1 0.365306 0.368059
1 0.459822 0.462559
0 0 0.00273055
0 0 0.00271418
0 0 0.0027064
2 0.0843667 0.0870457
1 0.00717944 0.00985134
1 0.0278408 0.0304992
0 0 0.00265349
1 0.21069 0.213322
1 0.0421498 0.0446995
1 0.0235267 0.026065
1 0.0497143 0.0522463
1 0.0142972 0.0168208
1 0.0237552 0.0262731
1 0.0165866 0.0190956
1 0.0145726 0.0170794
1 0.0195732 0.0220474
1 0.0609552 0.063417
0 0 0.00243869
2 0.378045 0.380468
2 0.059961 0.0623798
2 0.0700074 0.07242
1 0.0475819 0.0499777
1 0.032259 0.0346335
1 0.00932103 0.0116674
1 0.0651812 0.0675173
1 0.0429983 0.0453192
1 0.0255231 0.02782
2 0.0790797 0.0813664
1 0.0150659 0.0173441
0 0 0.00226972
0 0 0.00224742
0 0 0.00221607
1 0.0192813 0.0214905
1 0.0623742 0.0645392
0 0 0.00213419
2 0.0896082 0.0916687
1 0.0969741 0.0990339
0 0 0.00204117
1 0.0292513 0.0312769
2 0.135543 0.137553
1 0.0606801 0.062685
0 0 0.00199887
0 0 0.0019729
0 0 0.00196615
0 0 0.00193542
1 0.162639 0.164549
2 0.0740369 0.0759272
1 0.0480346 0.0498971
1 0.0268138 0.0286403
0 0 0.00182133
1 0.0154961 0.0173094
1 0.0117225 0.0135313
1 0.0205033 0.0222925
1 0.0165246 0.0183087
1 0.0912479 0.0930219
2 0.154229 0.15597
0 0 0.00169709
2 0.0715575 0.0732213
2 0.168199 0.169837
2 0.0537339 0.0553579
2 0.255644 0.257262
1 0.0609339 0.0625455
1 0.0384735 0.0400731
0 0 0.00159251
1 0.250303 0.251883
1 0.00982923 0.0114052
0 0 0.00154422
2 0.0788566 0.080363
1 0.0147838 0.016271
0 0 0.00147839
2 0.108818 0.110284
1 0.0107489 0.0122055
1 0.0426484 0.0441029
0 0 0.00144298
0 0 0.00141584
1 0.00418589 0.0055969
2 0.0631732 0.0645722
1 0.0142262 0.0156022
2 0.0223644 0.0237247
0 0 0.00135128
1 0.266179 0.267525
0 0 0.00133563
1 0.0173794 0.0186928
1 0.0609831 0.0622825
1 0.0727356 0.074009
2 0.0677387 0.0689869
1 0.0918865 0.0931295
1 0.00889061 0.0101029
1 0.0257625 0.0269643
2 0.37221 0.37341
1 0.0709082 0.0720908
1 0.010364 0.0115416
0 0 0.00113479
1 0.0142525 0.0153652
1 0.0614913 0.0625938
1 0.0321538 0.0332467
1 0.0886296 0.089721
1 0.0205055 0.0215845
1 0.0273836 0.0284455
1 0.0262059 0.0272656
1 0.0156441 0.0166834
1 0.0137565 0.0147815
1 0.133838 0.134857
1 0.217861 0.218879
1 0.0202082 0.0212187
2 0.0854078 0.0864142
1 0.0211735 0.0221702
1 0.0281704 0.0291664
1 0.0111632 0.0121562
2 0.0353962 0.0363727
1 0.0729073 0.0738811
1 0.0140987 0.0150723
2 0.0282963 0.0292562
1 0.0618137 0.062762
0 0 0.000945493
1 0.10783 0.108751
1 0.0326414 0.0335528
1 0.0069927 0.00790068
2 0.0867054 0.0875992
1 0.058774 0.0596584
1 0.014695 0.0155726
1 0.00471411 0.00558531
2 0.120476 0.121346
1 0.0285464 0.0294041
1 0.0359039 0.0367512
1 0.00464454 0.00548763
1 0.0203979 0.0212388
1 0.0412561 0.0420814
1 0.0111606 0.0119614
1 0.0768541 0.0776473
2 0.0459051 0.0466857
1 0.0142818 0.0150512
1 0.0759067 0.0766738
1 0.0130089 0.0137717
1 0.0861371 0.086891
1 0.01046 0.0112074
0 0 0.000746612
2 0.18588 0.186622
1 0.00369394 0.00443575
0 0 0.000736906
1 0.0348797 0.0356144
1 0.0122105 0.0129413
1 0.0218445 0.0225729
1 0.0035254 0.00425194
2 0.0984114 0.0991216
1 0.0150421 0.0157348
2 0.0219912 0.0226825
0 0 0.000689167
0 0 0.0006881
1 0.0164006 0.0170869
1 0.0220819 0.0227627
1 0.00796421 0.00864376
1 0.0476697 0.048347
1 0.0230764 0.023729
1 0.0200365 0.0206795
2 0.0860765 0.0867098
1 0.0591528 0.0597794
2 0.0458279 0.0464534
1 0.0721169 0.0727341
2 0.00562378 0.00624007
1 0.0115 0.012114
2 0.0908816 0.0914924
2 0.106048 0.106638
0 0 0.000586199
1 0.108078 0.108664
1 0.0190851 0.0196679
1 0.0977243 0.0983048
2 0.0682206 0.068779
0 0 0.000556359
2 0.0886788 0.0892336
2 0.0547919 0.0553422
1 0.0328 0.033349
1 0.0617927 0.0623318
1 0.0102658 0.0108025
1 0.0439635 0.0444971
1 0.0310068 0.0315303
2 0.0338144 0.0343377
1 0.045193 0.045713
1 0.0418843 0.042391
1 0.00847153 0.00897742
1 0.0424702 0.0429642
1 0.00896271 0.0094454
1 0.0903552 0.0908199
1 0.00313686 0.00359989
1 0.0053778 0.00584037
1 0.103027 0.103487
2 0.064037 0.064495
2 0.0229195 0.0233764
2 0.0818724 0.0823282
1 0.0817765 0.0822282
1 0.0165558 0.0170062
1 0.0722994 0.0727484
1 0.0060944 0.00653912
1 0.0326789 0.033122
1 0.0128865 0.0133103
0 0 0.000420766
0 0 0.000419183
1 0.105439 0.105856
2 0.0520432 0.0524566
1 0.0465514 0.0469513
1 0.0798082 0.0801972
2 0.0662287 0.0666122
1 0.158617 0.158981
2 0.0470584 0.0474191
1 0.00765835 0.00801646
1 0.0215395 0.0218887
1 0.00750397 0.00784258
2 0.060802 0.0611404
2 0.0674482 0.0677795
1 0.0307564 0.031087
1 0.00355408 0.00388309
1 0.0503876 0.0507159
1 0.00484965 0.00517674
1 0.0426859 0.0430108
2 0.124325 0.124648
1 0.033032 0.0333541
2 0.034807 0.0351097
1 0.117143 0.117441
0 0 0.00029067
1 0.0306237 0.0309123
2 0.0119039 0.0121901
2 0.0942006 0.0944818
1 0.0701717 0.0704521
2 0.0861514 0.0864314
1 0.00731212 0.00759092
1 0.0203941 0.0206677
1 0.112667 0.112933
1 0.00684834 0.00709736
2 0.0473967 0.0476442
2 0.0863158 0.0865618
1 0.606252 0.606494
1 0.00435044 0.00459203
1 0.0542464 0.0544833
2 0.0547251 0.0549549
1 0.0225375 0.0227636
2 0.0735499 0.073775
1 0.00861366 0.00883644
1 0.00795541 0.00817573
1 0.00096904 0.00118551
2 0.609202 0.609417
2 0.233582 0.233792
1 0.0498814 0.0500857
1 0.049566 0.0497699
1 0.0149005 0.0150926
1 0.0170568 0.0172351
1 0.0179683 0.0181436
2 0.0904939 0.0906578
1 0.00475244 0.00491606
2 0.0800301 0.0801935
1 0.0175643 0.0177239
2 0.0645785 0.064738
2 0.0791466 0.0793049
1 0.018565 0.0187228
1 0.0800285 0.0801848
1 0.109757 0.109909
2 0.0567924 0.0569436
1 0.0200953 0.0202426
2 0.0159118 0.0160553
1 0.0243157 0.0244587
1 0.0283201 0.0284622
2 0.0280553 0.0281957
1 0.0184902 0.0186212
1 0.160126 0.160257
2 0.0618227 0.0619501
2 0.0630443 0.063169
2 0.118324 0.118448
1 0.0311765 0.0312995
1 0.00800886 0.00812667
1 0.0674325 0.0675491
2 0.188744 0.188858
2 0.0229916 0.0231056
1 0.112274 0.112388
2 0.0880831 0.0881918
1 0.0192248 0.0193294
2 0.0449137 0.0450142
1 0.0626604 0.0627604
1 0.0296126 0.0297057
1 0.0169281 0.0170203
2 0.12838 0.128469
2 0.0624598 0.0625486
1 0.0168462 0.0169305
1 0.0824763 0.0825581
1 0.134875 0.134956
1 0.0593233 0.0594045
1 0.0270856 0.0271663
1 0.00670956 0.00678977
1 0.00463045 0.00470879
2 0.0691729 0.06925
1 0.018538 0.0186119
2 0.153655 0.153722
2 0.0225716 0.0226377
1 0.0226901 0.0227545
1 0.038137 0.0381984
0 0 5.79155e-05
2 0.0266973 0.026755
2 0.153795 0.153852
1 0.0117942 0.0118501
2 0.130423 0.130477
1 0.0055743 0.00562768
2 0.0803069 0.0803594
1 0.0441727 0.0442232
1 0.00235629 0.00240622
2 0.0224332 0.0224828
1 0.0101342 0.0101832
2 0.0670866 0.0671354
1 0.0408414 0.0408889
1 0.0266363 0.0266836
2 0.0290516 0.0290956
2 0.00832974 0.00837361
2 0.0199857 0.0200287
1 0.00541826 0.00546054
2 0.00705613 0.00709691
2 0.0365661 0.036606
2 0.0863855 0.0864252
2 0.0194507 0.0194897
1 0.0118173 0.0118559
2 0.0627205 0.0627565
1 0.0404774 0.0405129
1 0.02914 0.0291755
2 0.300712 0.300747
1 0.0483084 0.0483423
1 0.0567575 0.0567901
2 0.120477 0.120507
2 0.0283548 0.0283854
1 0.0579198 0.0579503
1 0.0424704 0.0425008
2 0.0758416 0.0758714
2 0.0336884 0.0337176
1 0.0150094 0.0150382
1 0.0990432 0.0990712
1 0.0090271 0.00905425
1 0.0237135 0.0237391
1 0.0352892 0.0353142
1 0.0213239 0.0213487
1 0.0138598 0.0138833
1 0.123363 0.123385
2 0.0644371 0.0644579
1 0.0626963 0.062717
1 0.10938 0.109401
2 0.243402 0.243421
1 0.0158367 0.0158539
1 0.00470136 0.00471663
2 0.153424 0.153436
2 0.0908381 0.0908488
2 0.0911505 0.0911608
2 0.0265817 0.0265914
1 0.0114915 0.0115006
2 0.0780102 0.0780191
1 0.24336 0.243366
1 0.177448 0.177454
1 0.0252458 0.0252511
1 0.0851945 0.0851997
2 0.040689 0.0406942
1 0.0943212 0.0943261
2 0.0544666 0.0544715
1 0.0265247 0.0265291
1 0.0629799 0.0629838
1 0.00530204 0.00530545
1 0.00734229 0.00734563
1 0.00346435 0.00346717
1 0.0634417 0.0634443
1 0.0162039 0.0162064
1 0.00979737 0.00979971
2 0.0157662 0.0157676
1 0.00830229 0.00830361
1 0.00332909 0.00333019
1 0.0897226 0.0897236
1 0.030733 0.0307339
2 0.0203815 0.0203823
2 0.0425882 0.0425887
2 0.0110969 0.0110974
1 0.152982 0.152982
2 0.0470401 0.0470404
1 0.0143506 0.0143507
2 0.0113403 0.0113403
2 0.0623402 0.0623402
1 0.0333614 0.0333614
2 0.0525103 0.0525103
1 0.0128317 0.0128317
