0 0 inf
0 0 0.488174
1 0.574746 0.735177
0 0 0.123417
0 0 0.123189
1 0.0958409 0.18307
0 0 0.0857327
0 0 0.0777034
0 0 0.0731527
0 0 0.0658224
1 0.0859683 0.147659
0 0 0.0562009
1 0.0475898 0.100384
0 0 0.0506562
0 0 0.0482298
0 0 0.046129
0 0 0.0457585
0 0 0.0434036
1 0.0844112 0.127076
1 0.0175907 0.0600323
0 0 0.042019
0 0 0.0414488
1 0.134977 0.176265
1 0.128378 0.165993
0 0 0.0364197
1 0.0639513 0.0987255
0 0 0.0327797
0 0 0.0315379
0 0 0.0303087
1 0.0895512 0.118679
0 0 0.0287994
1 0.0380011 0.0666659
0 0 0.0281038
0 0 0.0278728
1 0.0643769 0.0920908
1 0.0235487 0.0506979
1 0.0424053 0.0693734
0 0 0.0262674
0 0 0.0258208
1 0.0578206 0.0822438
0 0 0.0243912
0 0 0.0242546
0 0 0.0240832
0 0 0.0229031
0 0 0.0224451
0 0 0.0223788
0 0 0.0218907
1 0.0615249 0.0833115
0 0 0.0210132
1 0.0860216 0.106987
1 0.0548026 0.0751049
0 0 0.0202747
0 0 0.0197563
0 0 0.0192148
0 0 0.0190753
0 0 0.0188731
0 0 0.0186591
1 0.015449 0.033839
0 0 0.0177655
0 0 0.0177223
0 0 0.0174836
0 0 0.0174564
1 0.0270968 0.0444952
1 0.0632118 0.0805747
0 0 0.0165972
0 0 0.0165126
0 0 0.0164225
2 0.18846 0.204372
0 0 0.0157054
0 0 0.0156821
0 0 0.0154677
0 0 0.0150923
0 0 0.0150856
0 0 0.0148231
0 0 0.0146897
1 0.539702 0.554348
0 0 0.0143196
0 0 0.0137412
2 0.736965 0.75066
1 0.0157487 0.0288905
0 0 0.0131385
1 0.162077 0.175165
0 0 0.0130486
1 0.00872883 0.0217583
1 0.155183 0.168211
0 0 0.0129566
1 0.029019 0.0417761
1 0.0876865 0.100047
1 0.0454053 0.0576324
1 0.0703692 0.0821905
0 0 0.0118078
1 0.0242719 0.0359428
1 0.12556 0.137194
0 0 0.0113889
0 0 0.0112718
0 0 0.0109857
1 0.0660054 0.0769144
0 0 0.0107923
0 0 0.0107528
0 0 0.0107144
0 0 0.0105996
2 0.193422 0.203961
0 0 0.0105251
0 0 0.0104378
1 0.0163588 0.0265688
1 0.051134 0.0613304
1 0.147984 0.158168
0 0 0.0101341
1 0.167215 0.17717
0 0 0.00992585
0 0 0.00978916
1 0.111828 0.121535
0 0 0.00947003
0 0 0.00943597
0 0 0.00938685
0 0 0.00926609
0 0 0.00925745
0 0 0.00924012
1 0.0131534 0.0223043
0 0 0.00912743
0 0 0.0091109
0 0 0.00901592
1 0.0779499 0.0868419
1 0.0083068 0.0170747
0 0 0.00868106
1 0.069374 0.0779344
0 0 0.00825754
1 0.0691868 0.077437
0 0 0.00779866
0 0 0.0076846
0 0 0.00765182
0 0 0.00762428
0 0 0.00758746
0 0 0.00741131
1 0.0261654 0.0335333
0 0 0.0073583
1 0.0162643 0.023465
0 0 0.00711241
1 0.167353 0.17446
0 0 0.00698846
0 0 0.00691217
0 0 0.0068279
0 0 0.00673223
0 0 0.0065466
2 0.203545 0.209937
0 0 0.00617096
0 0 0.00597455
2 0.195981 0.201939
0 0 0.00591908
0 0 0.00590117
0 0 0.00588452
1 0.0435846 0.0494561
1 0.146795 0.152568
0 0 0.00570982
0 0 0.00568632
1 0.0287404 0.0343239
0 0 0.00556179
0 0 0.00548239
0 0 0.0054712
0 0 0.00545893
1 0.0237159 0.0291557
0 0 0.00543572
0 0 0.00542352
0 0 0.00535674
0 0 0.00534371
0 0 0.00530132
1 0.0534079 0.0586911
0 0 0.00528248
1 0.01471 0.0199562
1 0.355108 0.36029
0 0 0.00514568
0 0 0.0051359
0 0 0.00513537
0 0 0.00504077
1 0.157015 0.16205
1 0.036381 0.0413459
2 0.194784 0.199742
2 0.124224 0.129182
0 0 0.00480694
1 0.0213094 0.0260527
0 0 0.00469514
0 0 0.00466664
1 0.0265215 0.0311404
1 0.232031 0.236479
0 0 0.00440849
1 0.0364366 0.0408246
0 0 0.00436852
1 0.0226233 0.0269861
0 0 0.00431333
1 0.0218707 0.0261413
0 0 0.00426228
0 0 0.00424588
0 0 0.00423234
1 0.0212088 0.0253945
0 0 0.0041814
0 0 0.00416827
0 0 0.00410253
0 0 0.00403646
1 0.0731062 0.0770604
0 0 0.00390572
1 0.0878812 0.0917733
0 0 0.00387015
2 0.0996605 0.103529
2 0.0368295 0.0406562
0 0 0.00382501
0 0 0.00377115
0 0 0.00374408
1 0.047197 0.0509316
1 0.0133465 0.0170359
1 0.0344535 0.0380939
1 0.0116035 0.0152204
1 0.0120753 0.0155779
0 0 0.00345405
2 0.0894272 0.0928663
0 0 0.0033464
1 0.0218177 0.0251054
1 0.117808 0.121088
1 0.0191202 0.0223698
0 0 0.00323066
0 0 0.00322884
2 0.0293245 0.0325467
1 0.0802889 0.0835063
1 0.0354695 0.0386868
2 0.0926002 0.0958159
0 0 0.00320189
2 0.163758 0.166956
1 0.0365177 0.03971
2 0.0747721 0.077929
1 0.0439559 0.047102
1 0.0127543 0.0158424
0 0 0.00306567
2 0.107173 0.110198
1 0.0553727 0.0583855
1 0.0338338 0.0368265
2 0.0475393 0.0504989
1 0.0214387 0.0243796
1 0.0369256 0.0398427
1 0.0140123 0.0169065
1 0.039682 0.0425734
2 0.185114 0.187961
0 0 0.00283285
0 0 0.00279774
0 0 0.00279634
0 0 0.00268615
1 0.0172402 0.0199246
0 0 0.00267835
0 0 0.00265015
2 0.0409778 0.0435805
1 0.100254 0.102802
0 0 0.00252202
0 0 0.00252155
0 0 0.00251636
0 0 0.00250461
1 0.0164551 0.0189077
1 0.145353 0.147769
1 0.0889011 0.091307
0 0 0.00238903
0 0 0.00236413
1 0.057507 0.0598626
0 0 0.0023165
1 0.047616 0.0499137
1 0.0109225 0.0131985
1 0.0810254 0.0832849
1 0.0201629 0.0224055
0 0 0.00223616
0 0 0.00223517
1 0.158757 0.160956
1 0.0128371 0.0150336
1 0.0129279 0.0151119
1 0.0280712 0.0302195
0 0 0.00213798
0 0 0.00213744
0 0 0.00213502
1 0.00645654 0.0085876
0 0 0.00212653
0 0 0.00211641
0 0 0.00211107
0 0 0.00207438
0 0 0.00207092
0 0 0.00206668
0 0 0.00203764
1 0.170646 0.172675
1 0.0286648 0.0306681
1 0.0776045 0.0795973
1 0.107949 0.109938
0 0 0.00198871
1 0.14049 0.142452
0 0 0.00195678
1 0.024598 0.026553
1 0.155325 0.157272
1 0.0299358 0.0318499
2 0.121023 0.122911
1 0.134195 0.135975
1 0.135002 0.136782
1 0.0695532 0.0713198
1 0.009922 0.0116851
0 0 0.00176308
2 0.153211 0.154969
0 0 0.00175664
0 0 0.00174774
0 0 0.00171972
1 0.0737046 0.0754212
1 0.045094 0.0468011
0 0 0.00169951
0 0 0.00169017
1 0.0183904 0.0200793
1 0.0195241 0.0211755
1 0.0147866 0.0164072
0 0 0.00162045
1 0.0242348 0.0258242
1 0.0202174 0.0217882
1 0.0800224 0.0815849
2 0.134097 0.13565
1 0.0241633 0.0257157
0 0 0.0015451
1 0.0122319 0.0137454
1 0.147612 0.14908
2 0.0222849 0.0237392
2 0.147961 0.149408
1 0.0190868 0.0205291
1 0.0167834 0.0182116
2 0.101587 0.102992
2 0.059489 0.0608646
2 0.178433 0.179806
2 0.0336596 0.0350137
1 0.0428777 0.0442162
2 0.0538803 0.055196
1 0.101332 0.102641
1 0.00680988 0.00807542
1 0.0368529 0.0380601
1 0.0102578 0.0114603
1 0.0893482 0.0905342
0 0 0.00118161
1 0.00480351 0.00597994
2 0.101996 0.103166
1 0.0414565 0.0426146
1 0.0673221 0.0684579
0 0 0.00113252
0 0 0.00111902
1 0.145866 0.146975
1 0.00613985 0.00724251
1 0.0818297 0.0829258
2 0.0163494 0.0174341
0 0 0.00107694
0 0 0.00106832
1 0.115257 0.11632
0 0 0.00102233
2 0.0985331 0.099551
1 0.00460847 0.00562378
2 0.0718541 0.072864
1 0.0144779 0.0154773
1 0.0194106 0.0204014
2 0.174387 0.17537
1 0.00568276 0.00666245
0 0 0.000979315
1 0.0343787 0.0353246
1 0.00404336 0.0049873
2 0.149234 0.15016
1 0.123467 0.124374
1 0.00826164 0.00915632
1 0.159467 0.160355
1 0.0070445 0.00790937
1 0.0244046 0.0252657
0 0 0.000858767
2 0.0871614 0.0880145
2 0.0929035 0.0937549
1 0.0280194 0.0288646
1 0.0371249 0.0379591
0 0 0.000832016
2 0.169996 0.170801
1 0.0107746 0.0115672
1 0.00593755 0.00671531
1 0.00731698 0.00807685
1 0.0167141 0.0174692
1 0.00904249 0.0097905
2 0.027337 0.0280764
1 0.00975085 0.0104875
1 0.00797346 0.00869644
1 0.00806276 0.00877354
1 0.00925119 0.00996109
1 0.0531479 0.0538523
2 0.175613 0.176298
1 0.0466306 0.0473147
1 0.00721141 0.00787933
1 0.116498 0.117163
1 0.00545359 0.00611283
1 0.0226104 0.0232479
1 0.0325925 0.0332266
0 0 0.000631368
0 0 0.000630516
2 0.0418657 0.042476
1 0.187008 0.187611
1 0.0188388 0.0194293
0 0 0.000585487
1 0.0152696 0.0158514
1 0.0132951 0.0138622
1 0.0151877 0.0157528
0 0 0.000563721
2 0.0724489 0.0730104
1 0.0124494 0.013009
1 0.0429559 0.0434963
1 0.0351797 0.0357141
1 0.00674817 0.00727829
2 0.171278 0.171801
2 0.0388069 0.0393235
2 0.0180255 0.0185416
1 0.0177263 0.0182407
1 0.0131467 0.0136584
0 0 0.000508836
0 0 0.000482453
1 0.0192446 0.0197222
1 0.0569125 0.0573833
1 0.0137678 0.0142369
0 0 0.000465854
2 0.0603912 0.0608515
1 0.07749 0.0779443
1 0.0129969 0.0134447
0 0 0.000443826
1 0.00233672 0.00277416
0 0 0.000433493
1 0.0350947 0.0355242
1 0.00599805 0.00641644
1 0.17712 0.177538
1 0.0155258 0.0159349
0 0 0.000407843
1 0.0701254 0.0705261
0 0 0.000393343
1 0.14614 0.146528
2 0.179257 0.179639
1 0.0265471 0.0269263
1 0.00633958 0.00671882
0 0 0.000378805
1 0.0109749 0.0113534
1 0.0115784 0.0119487
2 0.0266801 0.02705
2 0.0424074 0.0427735
1 0.0208746 0.0212364
2 0.0208028 0.0211625
1 0.0250102 0.0253673
1 0.378024 0.37838
0 0 0.000355672
1 0.00729927 0.00765268
1 0.013049 0.0133985
1 0.0256403 0.0259867
1 0.0133647 0.0137084
1 0.0677678 0.0681003
1 0.022789 0.0231213
1 0.0104962 0.0108192
2 0.0261727 0.0264789
1 0.00767522 0.00798071
1 0.0158221 0.0161221
1 0.0152463 0.0155463
1 0.110027 0.110325
2 0.0289435 0.0292339
2 0.0295724 0.0298494
1 0.0232813 0.0235575
2 0.0441705 0.0444407
1 0.0698233 0.0700861
2 0.0278779 0.0281333
1 0.0240038 0.0242591
1 0.0158887 0.0161431
1 0.0386365 0.0388901
1 0.0339662 0.0342185
1 0.0083098 0.00855896
2 0.044538 0.044777
1 0.11144 0.111677
2 0.0288538 0.0290906
1 0.0596966 0.0599334
1 0.013931 0.014164
1 0.0210252 0.0212582
1 0.0502586 0.050484
2 0.0922454 0.0924675
2 0.0721436 0.0723635
2 0.0311874 0.0314069
2 0.0700143 0.0702248
1 0.0212333 0.0214426
0 0 0.000206102
1 0.00341922 0.00362388
1 0.098459 0.0986627
2 0.129426 0.129628
1 0.00268046 0.00288209
2 0.0311708 0.0313671
1 0.0170532 0.0172455
1 0.0873584 0.0875504
1 0.0242566 0.0244483
1 0.0180225 0.0182122
1 0.218428 0.218614
1 0.00174878 0.00193418
1 0.0392032 0.0393849
1 0.0139075 0.0140783
2 0.120941 0.121112
1 0.0846718 0.0848373
1 0.00668569 0.00685045
1 0.0406983 0.0408594
1 0.0110964 0.0112571
2 0.0906699 0.0908301
1 0.00959866 0.00975493
1 0.0658496 0.0660047
1 0.0228465 0.0230009
1 0.0131973 0.0133515
1 0.14321 0.143363
1 0.0927404 0.0928915
1 0.00525437 0.00540187
1 0.115326 0.115473
0 0 0.000147406
1 0.0154112 0.0155568
2 0.0136665 0.013808
0 0 0.000140734
2 0.0174967 0.0176281
2 0.0752698 0.075401
1 0.0174621 0.0175822
1 0.0187905 0.0189086
1 0.0698284 0.069945
1 0.0210482 0.0211643
1 0.0253353 0.0254479
2 0.080237 0.0803489
2 0.0591131 0.0592248
1 0.0223349 0.0224467
1 0.00242138 0.00252978
2 0.0394001 0.0395084
1 0.00757034 0.00767859
1 0.00340649 0.00351187
2 0.0169817 0.0170845
2 0.168273 0.168373
1 0.0110148 0.0111142
1 0.0185836 0.018675
2 0.0175161 0.0176061
2 0.0945691 0.094659
2 0.0357047 0.0357941
1 0.0143816 0.01447
1 0.00564024 0.00572843
2 0.0768333 0.0769203
1 0.0161723 0.0162579
2 0.0182962 0.0183795
1 0.020491 0.0205702
1 0.00328261 0.00336141
1 0.169665 0.169743
2 0.0310712 0.0311475
2 0.0261947 0.0262659
2 0.122577 0.122644
1 0.0117827 0.011848
2 0.101506 0.101567
2 0.0291106 0.0291703
1 0.077852 0.0779099
2 0.100348 0.100405
2 0.0499868 0.0500347
1 0.0235699 0.0236161
1 0.00745258 0.00749823
1 0.070497 0.0705417
1 0.0128375 0.0128813
1 0.00515422 0.00519727
2 0.0157794 0.0158212
1 0.00993922 0.00997987
1 0.0311336 0.0311742
1 0.00374078 0.00378114
1 0.00477883 0.00481799
2 0.0250482 0.0250814
1 0.0170704 0.0171028
1 0.0306848 0.0307152
2 0.0243366 0.0243659
1 0.00595554 0.00598437
2 0.0187709 0.0187997
1 0.10015 0.100178
1 0.0300177 0.0300408
2 0.0426181 0.0426407
2 0.032236 0.0322584
1 0.026894 0.0269157
2 0.025513 0.0255347
1 0.04994 0.0499607
1 0.0264238 0.0264432
1 0.0283766 0.0283954
1 0.0760756 0.0760941
1 0.000901271 0.000919627
1 0.0673079 0.0673249
1 0.0580164 0.0580328
1 0.089937 0.0899528
1 0.0380737 0.0380894
1 0.0170386 0.0170532
1 0.0177267 0.0177409
2 0.0352756 0.0352895
1 0.012071 0.0120846
1 0.0251586 0.025172
1 0.031064 0.0310757
1 0.0141376 0.0141486
2 0.0432128 0.0432235
2 0.0265892 0.0265996
1 0.0122583 0.0122685
2 0.0915295 0.0915394
1 0.0234325 0.0234408
1 0.0627588 0.0627664
1 0.0102655 0.010273
2 0.175725 0.175732
2 0.147518 0.147524
1 0.027574 0.0275799
2 0.0380983 0.0381032
2 0.0127496 0.0127542
1 0.00943544 0.00943999
1 0.0583339 0.0583376
2 0.0561174 0.056121
1 0.0231368 0.0231399
1 0.0278477 0.0278504
2 0.00944071 0.00944333
2 0.200693 0.200694
1 0.0120917 0.0120927
1 0.00817939 0.00818043
1 0.0414511 0.0414521
1 0.0286337 0.0286347
1 0.0732764 0.0732772
2 0.0283984 0.0283991
1 0.0134632 0.0134637
2 0.110675 0.110676
1 0.00780815 0.00780858
2 0.0391365 0.0391367
2 0.0943151 0.0943153
1 0.0331997 0.0331998
2 0.0600636 0.0600637
1 0.0591565 0.0591565
2 0.0079797 0.00797972
2 0.0778827 0.0778828
2 0.00822424 0.00822424
1 0.0135232 0.0135232
2 0.0709175 0.0709175
