0 0 inf
0 0 0.237488
1 0.151782 0.260056
1 0.475568 0.569081
1 0.138132 0.230349
0 0 0.0907145
1 0.0479198 0.133035
0 0 0.0821595
0 0 0.0640222
1 0.0411703 0.102402
1 0.0563073 0.115359
1 0.0704209 0.127862
0 0 0.0548026
0 0 0.0525637
1 0.0386674 0.0871315
0 0 0.0477677
0 0 0.045094
0 0 0.0439674
0 0 0.0414488
0 0 0.0393481
1 0.0514253 0.0900759
0 0 0.0384477
1 0.160496 0.198144
1 0.0404087 0.0775014
0 0 0.0362401
1 0.105613 0.141653
0 0 0.0340277
0 0 0.0335122
0 0 0.0328
0 0 0.0327495
1 0.0549017 0.0873761
1 0.0364197 0.0679815
0 0 0.0310927
0 0 0.0309992
0 0 0.0297075
0 0 0.0294253
0 0 0.0293537
0 0 0.0287994
0 0 0.0286215
0 0 0.0281038
0 0 0.0278686
0 0 0.0273686
0 0 0.0271695
1 0.105496 0.13237
0 0 0.0259662
1 0.0564144 0.0822315
0 0 0.0253313
0 0 0.0250949
0 0 0.0247124
0 0 0.0246554
0 0 0.0243912
0 0 0.0231752
1 0.0407167 0.0637504
0 0 0.0223841
0 0 0.021973
0 0 0.0219654
1 0.0448677 0.0663632
0 0 0.0213094
0 0 0.0209698
1 0.0256483 0.0465364
0 0 0.0206666
1 0.0412561 0.0615503
1 0.0448639 0.0651048
0 0 0.0195959
0 0 0.0195241
0 0 0.0187271
1 0.0724462 0.0908879
0 0 0.0182852
0 0 0.0179062
0 0 0.0177655
1 0.0418855 0.0594928
0 0 0.0174053
0 0 0.0173882
0 0 0.0170835
0 0 0.0168758
0 0 0.0165126
0 0 0.0162251
0 0 0.0162083
1 0.0186195 0.0348194
1 0.0435999 0.0595517
0 0 0.0154677
0 0 0.0154545
0 0 0.0153384
1 0.244733 0.259889
0 0 0.0150856
0 0 0.0150424
0 0 0.0149859
1 0.0320238 0.0469696
1 0.0859804 0.100797
1 0.0170029 0.0315709
0 0 0.0144505
0 0 0.0144482
0 0 0.0143196
0 0 0.0142808
0 0 0.0141146
0 0 0.013931
0 0 0.0137502
0 0 0.0136883
0 0 0.013606
0 0 0.0134952
0 0 0.0134632
0 0 0.0134156
0 0 0.0133071
0 0 0.0132951
1 0.0346002 0.0475694
0 0 0.012811
1 0.0534535 0.0662498
0 0 0.0127016
0 0 0.0125587
0 0 0.0122998
0 0 0.012235
0 0 0.0122045
0 0 0.0111606
0 0 0.0109558
0 0 0.0108334
0 0 0.0107528
0 0 0.0106369
0 0 0.0105708
0 0 0.0105587
0 0 0.0103551
0 0 0.0101776
0 0 0.0101341
1 0.0176358 0.0275673
0 0 0.00990997
0 0 0.00955185
0 0 0.00953288
1 0.0388073 0.0483234
1 0.0207178 0.0301228
1 0.0433892 0.0527712
0 0 0.00924012
0 0 0.00908311
0 0 0.00894659
0 0 0.0089341
0 0 0.00890616
1 0.0190261 0.0278606
0 0 0.00866313
0 0 0.00863083
0 0 0.00861366
1 0.128378 0.136958
0 0 0.00854533
1 0.171084 0.179589
0 0 0.00847541
1 0.0795579 0.0879654
0 0 0.00819573
0 0 0.00816706
0 0 0.00804375
0 0 0.00801744
1 0.292556 0.300422
1 0.0592598 0.0668193
0 0 0.00753694
0 0 0.00746315
0 0 0.00741131
0 0 0.00721141
0 0 0.00719172
1 0.0382465 0.0454148
1 0.0807916 0.0879446
1 0.0210431 0.0281748
2 0.116396 0.123495
0 0 0.00707029
1 0.0344991 0.0414996
0 0 0.00699563
1 0.0616603 0.0684527
1 0.0380011 0.0447915
2 0.13116 0.13783
0 0 0.00663406
0 0 0.00659928
0 0 0.0065466
0 0 0.00644018
0 0 0.00625164
0 0 0.00623353
1 0.0445399 0.0507505
1 0.034393 0.0405979
0 0 0.00602196
1 0.0249155 0.0309368
0 0 0.00596708
1 0.0223796 0.0283227
1 0.0435846 0.0494561
0 0 0.00583043
0 0 0.00578882
1 0.0225053 0.028197
1 0.0190944 0.0247541
1 0.0526297 0.0582222
0 0 0.0055743
1 0.0144094 0.0199283
1 0.0395529 0.0450458
0 0 0.00542277
1 0.249921 0.255311
1 0.0453534 0.0506731
1 0.0534079 0.0586911
0 0 0.00526329
0 0 0.0051276
1 0.0357994 0.0408006
1 0.017748 0.0227027
1 0.0623672 0.0672894
1 0.0240533 0.0289417
1 0.0190373 0.023911
1 0.0653842 0.0702462
0 0 0.00481229
0 0 0.00475244
0 0 0.00471497
2 0.61366 0.618329
0 0 0.00466169
0 0 0.00463138
0 0 0.00457143
2 0.121325 0.125874
0 0 0.00450097
1 0.0236999 0.0281838
1 0.0226464 0.0270875
0 0 0.00443594
2 0.180457 0.184864
0 0 0.00436537
0 0 0.00431067
0 0 0.00426228
1 0.0270856 0.0312808
1 0.0179305 0.0220507
0 0 0.00410253
1 0.0163148 0.0203921
2 0.366434 0.370499
2 0.0842606 0.0882869
1 0.0152616 0.0192726
0 0 0.00400753
1 0.0433459 0.0473345
0 0 0.00390704
1 0.0455507 0.0494385
0 0 0.00386212
1 0.111828 0.115642
1 0.047197 0.0509316
0 0 0.0037214
1 0.183265 0.186974
0 0 0.00365865
0 0 0.00364571
1 0.0331778 0.036813
2 0.0302613 0.0338199
1 0.0848209 0.0883686
1 0.060355 0.0638266
0 0 0.00346908
1 0.0384086 0.0418753
1 0.0174092 0.0208376
0 0 0.00337529
0 0 0.0032431
0 0 0.00314897
0 0 0.00312205
2 0.141099 0.144175
1 0.0319824 0.0350543
0 0 0.00307055
0 0 0.00306567
0 0 0.00300252
0 0 0.00298424
1 0.12843 0.131339
0 0 0.00290433
1 0.0312788 0.0341259
1 0.0370344 0.039881
1 0.00736988 0.0102106
1 0.0314322 0.0342395
2 0.0422749 0.0450721
0 0 0.00278903
1 0.0256904 0.0284522
1 0.0413165 0.0440587
2 0.0493445 0.052069
0 0 0.00268823
0 0 0.00268615
1 0.187536 0.190189
1 0.0304832 0.0331349
0 0 0.00262188
2 0.122874 0.125422
0 0 0.00252741
1 0.0215495 0.024067
1 0.0221677 0.0246826
1 0.0459551 0.0484629
0 0 0.00248577
0 0 0.00244356
1 0.0346375 0.0370724
0 0 0.00242138
2 0.103572 0.105988
1 0.0584869 0.0608951
1 0.0156228 0.0180161
1 0.0156606 0.0180399
1 0.00648126 0.00882673
1 0.440829 0.443162
2 0.036912 0.0392194
1 0.0164131 0.0186769
0 0 0.00219175
1 0.0283326 0.0305083
1 0.0556796 0.0578368
0 0 0.00215429
0 0 0.00213502
1 0.0172261 0.0193415
1 0.0464781 0.0485747
0 0 0.00207438
0 0 0.0020519
1 0.0810724 0.0831122
1 0.0462286 0.0482612
1 0.0452907 0.0472941
1 0.0776045 0.0795973
0 0 0.00196615
1 0.0472383 0.049197
1 0.0480346 0.0499926
1 0.024598 0.026553
1 0.0259539 0.027889
1 0.100799 0.102733
1 0.0315577 0.0334661
2 0.034419 0.0363227
0 0 0.00190106
1 0.0396536 0.041552
1 0.101934 0.103823
1 0.0221106 0.0239803
1 0.00748979 0.00931973
0 0 0.0017779
1 0.0645302 0.0663077
2 0.0670731 0.0688494
0 0 0.0017419
1 0.045193 0.0469225
1 0.0184278 0.0201521
2 0.181674 0.183381
1 0.017812 0.0194793
2 0.104016 0.105661
1 0.0135232 0.0151647
1 0.107414 0.109054
2 0.0917258 0.0933661
1 0.0443064 0.0459414
1 0.0115424 0.0131296
2 0.0780026 0.0795536
1 0.0150797 0.0166153
2 0.0809838 0.0824913
0 0 0.00149378
1 0.0265605 0.0280523
2 0.133769 0.135252
1 0.0208746 0.0223297
0 0 0.00145176
1 0.0190868 0.0205291
1 0.0131004 0.0145266
2 0.0320003 0.0334235
2 0.059489 0.0608646
0 0 0.00137201
1 0.131476 0.132841
1 0.0369886 0.0383479
1 0.0147866 0.0161362
0 0 0.00134019
0 0 0.00133628
0 0 0.00133563
0 0 0.0013259
1 0.0303174 0.031627
1 0.00727652 0.00857282
1 0.0355283 0.0368094
2 0.0260897 0.0273679
1 0.0295654 0.0308285
2 0.0475489 0.0487994
1 0.0206856 0.0219146
0 0 0.00120186
1 0.0242348 0.0254309
1 0.00460847 0.00579852
0 0 0.00118923
1 0.0345339 0.0357214
2 0.0497316 0.0509085
1 0.0697409 0.0709175
1 0.128561 0.129731
0 0 0.00116877
1 0.0414565 0.0426146
1 0.100916 0.102057
1 0.0863784 0.0875179
0 0 0.00109523
0 0 0.00106877
1 0.0268544 0.0279183
1 0.071317 0.0723801
2 0.165145 0.166206
0 0 0.00102499
1 0.0552737 0.0562968
1 0.0141162 0.0151176
1 0.0826606 0.083635
1 0.0060944 0.00705613
1 0.0165087 0.0174615
0 0 0.000935647
1 0.0142612 0.0151815
2 0.0399565 0.0408549
1 0.178362 0.179257
2 0.0524225 0.0533122
0 0 0.000883403
1 0.0155318 0.0164002
1 0.0421482 0.0429923
2 0.0205406 0.0213818
1 0.0175842 0.0184129
1 0.224662 0.225479
2 0.0269975 0.0278048
2 0.200835 0.201637
2 0.0399646 0.040756
1 0.0127254 0.013516
1 0.0479656 0.0487526
2 0.0488379 0.0496228
1 0.00919425 0.00994719
2 0.126193 0.126946
1 0.0640978 0.0648491
1 0.044116 0.0448627
1 0.0805795 0.0813222
1 0.0138035 0.0145417
1 0.0102815 0.0110194
1 0.0289722 0.0297051
2 0.0469648 0.0476865
1 0.0366395 0.0373582
0 0 0.000710641
1 0.0901059 0.0908133
1 0.0857638 0.0864159
0 0 0.000647334
0 0 0.000636597
2 0.0395263 0.0401605
1 0.0828569 0.0834834
1 0.0277914 0.0283923
0 0 0.000586199
1 0.122872 0.123458
1 0.00978916 0.0103528
1 0.0252691 0.0258274
2 0.103621 0.104177
1 0.0730749 0.0736311
1 0.00373956 0.00429523
1 0.00401181 0.00455618
1 0.00855358 0.00908754
1 0.0377283 0.0382503
1 0.00944742 0.0099605
2 0.154309 0.154817
1 0.0417437 0.0422433
1 0.0702858 0.0707783
1 0.0821653 0.082655
1 0.0371262 0.0376108
1 0.121387 0.121871
1 0.00793095 0.00840981
1 0.0136036 0.0140802
1 0.0178173 0.0182932
1 0.0569125 0.0573833
0 0 0.000465854
1 0.00656439 0.00702343
1 0.0150193 0.0154675
2 0.219488 0.219934
0 0 0.000443826
1 0.0757834 0.0762236
1 0.0194823 0.0199183
1 0.0347346 0.0351661
1 0.0746471 0.0750769
0 0 0.000419183
1 0.040075 0.0404863
1 0.1319 0.132289
2 0.0795757 0.0799614
1 0.0230333 0.0234174
1 0.01839 0.0187545
0 0 0.000355672
1 0.116861 0.117209
1 0.00135128 0.00168768
1 0.0457753 0.0461065
1 0.0466805 0.0470107
2 0.040634 0.0409572
2 0.0738438 0.0741596
2 0.126601 0.126915
2 0.0407464 0.0410485
1 0.00897933 0.00927891
1 0.0892902 0.0895856
1 0.0414945 0.0417853
2 0.189235 0.189524
2 0.0473503 0.0476394
1 0.0119676 0.0122464
1 0.00263572 0.00291296
1 0.00717643 0.00745292
1 0.07749 0.0777562
1 0.206071 0.206334
1 0.00277685 0.00303124
1 0.00301427 0.0032685
2 0.0400296 0.0402813
1 0.18424 0.184492
1 0.00295309 0.00320271
1 0.0157054 0.0159475
1 0.0907839 0.0910197
2 0.0810024 0.0812231
2 0.0721436 0.0723635
1 0.0103107 0.0105287
1 0.0837916 0.0840073
2 0.123117 0.123331
1 0.056356 0.0565703
2 0.0910476 0.0912608
1 0.0404774 0.040689
1 0.0402067 0.0404176
1 0.0235267 0.0237375
0 0 0.000205772
1 0.0136581 0.0138581
2 0.0107705 0.010969
2 0.0383726 0.0385688
1 0.112614 0.112802
0 0 0.000187491
1 0.089863 0.09005
2 0.0489075 0.04909
1 0.0136861 0.0138679
1 0.131997 0.132179
1 0.00631143 0.00649229
1 0.00282112 0.00299431
1 0.0317722 0.0319394
1 0.00674817 0.00691039
1 0.0645023 0.0646638
2 0.124758 0.124917
2 0.00879865 0.00895759
1 0.0134157 0.0135741
2 0.051215 0.0513731
2 0.0658235 0.0659769
1 0.0649081 0.0650608
2 0.0434377 0.0435763
1 0.0293738 0.0295113
1 0.00684834 0.00698348
1 0.0898943 0.0900251
2 0.066371 0.0665011
1 0.00146186 0.00158969
2 0.0299417 0.0300589
2 0.0411045 0.0412203
1 0.0253353 0.0254479
2 0.0591131 0.0592248
1 0.0370749 0.0371864
2 0.182019 0.18213
2 0.0164072 0.0165173
1 0.00711241 0.00722178
1 0.0218445 0.0219531
1 0.0187905 0.0188944
1 0.0232015 0.0232971
1 0.0378818 0.0379753
1 0.0158221 0.0159141
1 0.0143816 0.01447
1 0.0344769 0.0345634
1 0.0249727 0.0250577
1 0.00788424 0.00796922
1 0.00180272 0.00188564
1 0.0493512 0.0494313
1 0.025012 0.0250902
1 0.174362 0.174439
1 0.0421977 0.0422742
1 0.0491927 0.0492684
1 0.0791842 0.0792578
2 0.0244336 0.024507
0 0 7.25275e-05
1 0.00206387 0.00213529
2 0.0225671 0.0226383
2 0.0900527 0.0901213
2 0.277114 0.277181
2 0.190191 0.190258
2 0.0107857 0.0108486
2 0.0399922 0.0400515
2 0.0311663 0.0312169
2 0.08855 0.0885982
1 0.0879986 0.0880459
1 0.00588045 0.00592638
2 0.0102906 0.0103337
1 0.0164974 0.0165356
2 0.139216 0.139253
2 0.016438 0.0164755
2 0.040727 0.040763
2 0.0627556 0.0627908
1 0.0353944 0.0354295
1 0.114307 0.11434
2 0.00962328 0.0096545
1 0.0875362 0.0875626
1 0.107342 0.107367
2 0.103628 0.103651
1 0.0239079 0.02393
1 0.0575313 0.0575517
1 0.0739008 0.0739211
2 0.0167149 0.0167346
2 0.0217522 0.0217708
2 0.071175 0.0711929
1 0.0107578 0.0107748
1 0.0105995 0.0106157
2 0.033775 0.0337889
1 0.238096 0.238108
2 0.00875315 0.00876525
1 0.018017 0.0180278
1 0.00783912 0.00784832
2 0.0415732 0.041582
1 0.366032 0.366041
1 0.121764 0.121773
1 0.00799388 0.00800144
2 0.0965186 0.0965259
1 0.0364548 0.0364616
1 0.0231094 0.023116
1 0.00269058 0.00269643
1 0.0160507 0.0160565
2 0.0926182 0.0926239
1 0.0851945 0.0851997
1 0.0104641 0.0104693
2 0.00599136 0.00599646
2 0.0215887 0.0215933
1 0.0659418 0.065946
1 0.0629799 0.0629838
1 0.00582796 0.00583129
2 0.134342 0.134345
2 0.0465426 0.0465457
1 0.121208 0.121212
2 0.0470607 0.0470635
2 0.0444134 0.0444159
2 0.067682 0.0676842
1 0.147984 0.147985
1 0.0138141 0.0138159
2 0.00332108 0.00332281
2 0.104253 0.104254
1 0.0325925 0.032594
2 0.165258 0.165259
1 0.0272471 0.0272482
1 0.0146983 0.0146993
2 0.0376225 0.0376234
2 0.238109 0.23811
1 0.00780815 0.00780858
2 0.0378008 0.0378011
2 0.0251547 0.025155
2 0.047173 0.047173
2 0.0759908 0.0759909
1 0.0660689 0.0660689
2 0.0339377 0.0339377
2 0.0398423 0.0398423
