0 0 inf
0 0 0.189075
0 0 0.180401
1 0.107007 0.234038
1 0.129663 0.246697
1 0.0619879 0.174463
0 0 0.102412
0 0 0.0977672
1 0.272047 0.364886
0 0 0.0913836
0 0 0.0907251
0 0 0.0719972
0 0 0.0709082
0 0 0.0612662
1 0.0769509 0.136262
0 0 0.0578896
1 0.131015 0.187435
0 0 0.056197
1 0.102838 0.158053
0 0 0.0542631
0 0 0.0513553
1 0.107533 0.157827
0 0 0.0482301
0 0 0.0450063
1 0.0327256 0.0757794
0 0 0.0420319
0 0 0.0391701
0 0 0.038974
0 0 0.037911
0 0 0.0373889
0 0 0.0356236
0 0 0.0356057
1 0.0866014 0.12214
0 0 0.0347742
0 0 0.034679
1 0.0409708 0.0751902
0 0 0.0329122
0 0 0.0315791
0 0 0.0309387
1 0.0380418 0.0671177
0 0 0.0287266
1 0.309586 0.337901
1 0.0458276 0.0740275
0 0 0.0272209
1 0.0789464 0.106073
0 0 0.0270796
0 0 0.026861
0 0 0.0266549
1 0.131753 0.156929
0 0 0.0247174
0 0 0.0241466
0 0 0.024026
1 0.0734739 0.0961788
0 0 0.0222456
0 0 0.0222053
0 0 0.0220352
0 0 0.0217219
1 0.0769914 0.0986031
0 0 0.0216066
0 0 0.021605
1 0.0259985 0.0474612
0 0 0.021125
0 0 0.0207611
0 0 0.0205889
0 0 0.0202844
1 0.0699326 0.0897237
0 0 0.0197109
0 0 0.0182325
0 0 0.0182279
1 0.0456212 0.0637313
1 0.0481916 0.0661404
1 0.0654658 0.0832194
1 0.131737 0.149292
1 0.166226 0.183346
0 0 0.01696
0 0 0.0166075
1 0.0577616 0.0741143
0 0 0.0160915
2 0.37517 0.390714
0 0 0.0153052
0 0 0.0151644
0 0 0.0150472
1 0.107861 0.122703
0 0 0.0148092
1 0.0704112 0.0849865
1 0.065486 0.0798591
1 0.0490138 0.0632513
0 0 0.0138015
1 0.0367446 0.0505351
0 0 0.0137719
0 0 0.0136544
0 0 0.0135966
1 0.0134586 0.0269253
0 0 0.013231
1 0.117108 0.130225
0 0 0.0120316
0 0 0.0117712
1 0.0997209 0.11147
1 0.0795882 0.0912674
1 0.0479899 0.0594874
0 0 0.0114619
0 0 0.0114313
0 0 0.0114161
0 0 0.0113573
0 0 0.0113497
0 0 0.0112977
0 0 0.0112034
1 0.0861386 0.0973098
1 0.319122 0.330179
1 0.0352892 0.0463204
0 0 0.0109361
1 0.0207749 0.031496
0 0 0.0106814
0 0 0.0106262
2 0.079457 0.0899669
0 0 0.0103645
0 0 0.0102675
0 0 0.0102413
1 0.104041 0.114226
0 0 0.00981772
0 0 0.00979787
1 0.0859786 0.0954822
1 0.0292466 0.0387422
0 0 0.00947116
2 0.0870516 0.0965059
2 0.202879 0.212209
0 0 0.00907364
0 0 0.00907343
0 0 0.00904617
1 0.0977243 0.106578
0 0 0.00872247
1 0.0267137 0.0354227
1 0.026356 0.0350273
1 0.0608789 0.0695372
0 0 0.00855482
1 0.374605 0.382847
0 0 0.00821665
0 0 0.00819489
0 0 0.00811727
2 0.160754 0.168827
1 0.024312 0.0322766
1 0.0267695 0.0346283
0 0 0.00772428
0 0 0.00766301
0 0 0.00763297
0 0 0.00751238
0 0 0.00748408
1 0.0135228 0.0209972
0 0 0.00746554
0 0 0.00746235
0 0 0.00745848
2 0.388022 0.395473
0 0 0.00743508
0 0 0.00743342
0 0 0.00739764
0 0 0.00731914
0 0 0.00722558
1 0.0161406 0.0233425
2 0.0675322 0.0746415
1 0.0216821 0.0286879
1 0.0221345 0.0291314
2 0.0921979 0.0991336
1 0.0478552 0.0547387
0 0 0.00685539
0 0 0.0068283
1 0.0463532 0.0531504
0 0 0.00666402
1 0.164525 0.171187
0 0 0.00661958
0 0 0.00653593
1 0.0264133 0.0329209
1 0.0739194 0.0803901
0 0 0.0064637
2 0.0901664 0.096372
1 0.00980465 0.0160084
0 0 0.00615978
0 0 0.00615165
0 0 0.00607802
0 0 0.00606526
2 0.0801466 0.086136
0 0 0.0059803
0 0 0.00597285
1 0.131754 0.137698
0 0 0.00590024
0 0 0.00586133
0 0 0.00584448
2 0.234683 0.240514
1 0.0250314 0.0307158
0 0 0.00568226
0 0 0.00563235
1 0.0371439 0.04276
0 0 0.00559782
1 0.0467797 0.0523351
1 0.0513883 0.0569212
0 0 0.00551287
0 0 0.00549966
1 0.0130221 0.0185129
0 0 0.005361
1 0.068306 0.0736039
0 0 0.00527002
1 0.137899 0.143121
0 0 0.00521133
0 0 0.00515524
0 0 0.0051272
0 0 0.00512185
1 0.033724 0.0388238
0 0 0.00504402
0 0 0.00497945
0 0 0.00487857
0 0 0.00486268
1 0.155527 0.160369
0 0 0.00483631
1 0.0123732 0.0171575
0 0 0.00475273
0 0 0.00467246
1 0.019533 0.024169
0 0 0.00455214
1 0.0175963 0.0221122
2 0.136883 0.141334
0 0 0.0043934
0 0 0.00435895
0 0 0.00433491
0 0 0.00433444
0 0 0.0043342
1 0.0557995 0.0601112
1 0.0154957 0.0197669
0 0 0.00423168
0 0 0.00420668
0 0 0.00416838
0 0 0.00416667
0 0 0.00416045
1 0.00818312 0.0122821
0 0 0.00408218
0 0 0.00405647
0 0 0.00404073
0 0 0.00402959
0 0 0.00400377
0 0 0.00399243
1 0.0608584 0.0648293
1 0.0637335 0.0676931
2 0.194503 0.198418
1 0.00876498 0.0126695
2 0.103694 0.107507
0 0 0.00376029
1 0.0325166 0.0362321
0 0 0.00363829
1 0.025402 0.0289984
0 0 0.00352295
0 0 0.00351928
0 0 0.00351037
0 0 0.0035092
1 0.0344961 0.0379677
1 0.0801396 0.083493
2 0.0680062 0.0713269
0 0 0.00325496
1 0.0283696 0.0316214
1 0.0450215 0.0482693
0 0 0.00307352
2 0.0784957 0.0815642
1 0.0491938 0.0522576
1 0.0145601 0.0175765
1 0.0305133 0.0335095
0 0 0.00299387
1 0.062239 0.0652284
0 0 0.00296862
0 0 0.00296093
1 0.0198305 0.022731
1 0.0420498 0.0449346
0 0 0.0028296
0 0 0.0028181
1 0.0154724 0.0182541
1 0.0402153 0.0429956
1 0.0581195 0.0608907
0 0 0.00273625
1 0.0107489 0.0134792
1 0.0164915 0.0192056
0 0 0.002694
0 0 0.00260904
1 0.0111802 0.0137717
0 0 0.0025893
1 0.0212566 0.0238278
1 0.0178488 0.0204122
0 0 0.00253243
1 0.117355 0.119885
1 0.0331968 0.0357112
1 0.0366304 0.0391298
0 0 0.0024621
1 0.0712285 0.073661
0 0 0.00241806
0 0 0.00240191
0 0 0.00235493
0 0 0.0023542
1 0.0129757 0.015321
1 0.0421422 0.044483
1 0.014089 0.0164062
0 0 0.00227292
1 0.019672 0.0218045
1 0.0050363 0.00716272
0 0 0.00208246
1 0.0410281 0.0430821
0 0 0.00201839
0 0 0.00200347
0 0 0.00199887
1 0.0603881 0.0623697
0 0 0.00189579
2 0.141424 0.143251
0 0 0.00182214
1 0.0100636 0.0118841
2 0.073278 0.0750744
1 0.017721 0.0195001
1 0.0402873 0.0420592
2 0.0634187 0.065159
0 0 0.00169709
2 0.0474942 0.0491835
1 0.0139687 0.0156378
0 0 0.00165965
1 0.0124071 0.0140434
0 0 0.00163475
1 0.0681595 0.0697926
1 0.0609339 0.0625455
0 0 0.00159251
1 0.111386 0.112973
1 0.00860576 0.0101874
1 0.0282283 0.0297993
1 0.0306029 0.032169
1 0.0142391 0.0158042
2 0.131847 0.133402
1 0.0530906 0.0545738
2 0.0800038 0.0814798
2 0.0730041 0.0744739
1 0.180595 0.182064
1 0.0352661 0.0367244
2 0.117089 0.118493
1 0.00659251 0.00798299
0 0 0.00138964
1 0.0269504 0.0283373
1 0.0674927 0.0688782
1 0.0563123 0.0576896
1 0.0398814 0.0412437
1 0.0893288 0.0906642
1 0.0114407 0.0127752
1 0.0647526 0.0660866
2 0.0930534 0.094344
0 0 0.00122278
1 0.142408 0.1436
1 0.121003 0.122186
0 0 0.00117935
1 0.328241 0.329394
1 0.00297629 0.00412208
1 0.0171708 0.0183115
1 0.0754558 0.0765934
1 0.0277478 0.028876
1 0.0109966 0.0121228
2 0.0801914 0.0813103
1 0.00855979 0.00967615
1 0.0176449 0.0187292
0 0 0.00107113
1 0.0181593 0.0192214
2 0.0872035 0.0882454
0 0 0.0010389
2 0.0834025 0.0844357
1 0.0641297 0.0651594
1 0.0257321 0.0267567
1 0.0086998 0.00970105
1 0.0064619 0.007436
1 0.107816 0.108789
0 0 0.000965044
1 0.00875272 0.00971393
1 0.204596 0.205549
1 0.300165 0.301113
0 0 0.000945493
1 0.00714783 0.00809327
1 0.175935 0.176855
0 0 0.000908683
0 0 0.000894536
1 0.0692981 0.0701911
1 0.162503 0.163395
1 0.0521478 0.0530211
1 0.0110169 0.0118856
0 0 0.000849566
1 0.0284129 0.0292449
2 0.144241 0.145065
0 0 0.000810827
1 0.0248462 0.025653
1 0.0321538 0.0329591
2 0.0333626 0.0341543
0 0 0.000790451
1 0.0142818 0.0150512
1 0.0339499 0.0347167
1 0.00877554 0.00953784
1 0.0367605 0.0375133
2 0.0472363 0.047989
2 0.183844 0.184596
1 0.0562465 0.0569684
2 0.0239228 0.0246439
1 0.264968 0.265674
2 0.0419767 0.0426803
1 0.0370279 0.0377004
1 0.0108142 0.0114823
1 0.0434627 0.044125
1 0.0226068 0.0232577
2 0.033719 0.0343493
1 0.078755 0.0793753
2 0.207388 0.208001
1 0.0104294 0.0110346
2 0.120169 0.120765
2 0.048315 0.0489094
1 0.0277176 0.0283103
1 0.00271704 0.00330924
1 0.0177553 0.0183446
2 0.360506 0.361077
2 0.382876 0.383446
1 0.026469 0.0270315
1 0.0661964 0.0667512
1 0.0541576 0.0547074
2 0.0806715 0.0812088
2 0.329444 0.329977
1 0.0148373 0.0153617
1 0.0319462 0.032462
2 0.0273193 0.0278286
2 0.264126 0.264635
2 0.0500469 0.0505525
1 0.0540943 0.0545966
1 0.0303302 0.0308305
1 0.103626 0.104123
1 0.0188844 0.0193802
1 0.0111993 0.0116835
2 0.0432715 0.0437548
1 0.0169529 0.0174343
1 0.0188801 0.0193575
1 0.0627736 0.0632493
0 0 0.000474696
1 0.0120834 0.0125555
2 0.0241834 0.0246429
1 0.0150902 0.0155454
2 0.0626832 0.0631381
2 0.026939 0.027388
2 0.0677487 0.0681939
2 0.0279716 0.0284166
1 0.0178199 0.018259
2 0.149519 0.149958
2 0.115763 0.116191
0 0 0.000416869
1 0.0362017 0.0366093
1 0.0339339 0.0343386
1 0.0335786 0.0339734
1 0.0292035 0.029597
1 0.0236285 0.024022
1 0.00228138 0.00267267
2 0.140785 0.141175
2 0.0229118 0.0232894
1 0.157322 0.157698
1 0.0448211 0.0451942
1 0.0332289 0.0335994
1 0.0171577 0.0175263
1 0.0085922 0.0089596
0 0 0.000363457
1 0.00206163 0.00241841
1 0.00369779 0.00405229
1 0.134034 0.134389
2 0.0296532 0.0300044
2 0.167285 0.167634
2 0.329457 0.329795
1 0.0315952 0.031918
1 0.0193804 0.0197022
2 0.080511 0.0808313
1 0.0256704 0.0259858
1 0.339395 0.339705
1 0.0753322 0.0756385
2 0.209405 0.209711
2 0.0207538 0.0210584
2 0.073915 0.0742187
1 0.0685261 0.0688292
2 0.031087 0.0313892
1 0.0616748 0.0619669
1 0.0246805 0.0249708
1 0.0538549 0.0541447
1 0.0235298 0.0238122
1 0.206991 0.207237
2 0.0163042 0.0165494
2 0.0742024 0.074447
1 0.0155958 0.015831
2 0.0337941 0.0340269
1 0.00889309 0.00912524
1 0.0187759 0.0190076
1 0.0157649 0.0159936
1 0.047365 0.0475894
1 0.0257397 0.0259621
1 0.107721 0.107938
1 0.105058 0.105268
2 0.114213 0.11442
2 0.0189287 0.0191249
1 0.0631629 0.0633582
1 0.0542034 0.0543986
1 0.15984 0.160034
2 0.0219363 0.0221291
1 0.0112781 0.0114702
2 0.0894729 0.0896628
1 0.199486 0.199675
2 0.0293824 0.0295697
1 0.0118203 0.0120068
2 0.122757 0.122943
2 0.0631653 0.0633474
1 0.00332279 0.00350491
1 0.0275948 0.0277722
1 0.0313602 0.0315353
1 0.0103745 0.0105489
1 0.0156173 0.015791
1 0.0047346 0.00490715
1 0.00362443 0.00379618
1 0.0185495 0.0187157
2 0.0197748 0.0199272
2 0.0773148 0.0774661
1 0.117802 0.117949
1 0.0307564 0.0309034
1 0.0258877 0.0260312
1 0.419158 0.419301
1 0.126293 0.126435
1 0.0632946 0.0634364
1 0.0364581 0.0365981
2 0.019415 0.0195527
1 0.0184554 0.0185916
2 0.0197305 0.0198657
1 0.0656466 0.0657811
1 0.12824 0.128373
1 0.0022516 0.00238345
2 0.160776 0.160907
1 0.0568967 0.0570236
1 0.0156946 0.0158146
1 0.122298 0.122417
2 0.0375037 0.0376225
2 0.306499 0.306615
2 0.0479093 0.0480236
2 0.0156173 0.0157303
1 0.00754803 0.00765753
1 0.0147319 0.0148403
1 0.00186647 0.00197449
2 0.0239225 0.0240301
2 0.185631 0.185738
1 0.0312262 0.0313313
2 0.0332236 0.0333285
1 0.0376484 0.0377522
2 0.012696 0.0127907
1 0.0219593 0.0220538
2 0.19876 0.198855
2 0.0545748 0.0546689
1 0.0307295 0.0308185
1 0.147748 0.147836
1 0.0222917 0.0223793
2 0.116254 0.116341
2 0.0486713 0.0487495
1 0.18639 0.186468
0 0 7.44358e-05
1 0.360171 0.360244
2 0.0812371 0.0813088
1 0.00734229 0.007411
1 0.0108997 0.0109674
2 0.114835 0.114903
1 0.00556007 0.00562709
1 0.0151744 0.0152356
1 0.044469 0.0445266
2 0.0251113 0.0251684
1 0.0482913 0.0483481
1 0.00236127 0.00241563
2 0.0642948 0.0643463
1 0.0260954 0.0261463
2 0.161424 0.161473
1 0.0444885 0.0445366
1 0.105463 0.10551
1 0.0560216 0.0560674
1 0.0270075 0.0270522
1 0.514565 0.514609
1 0.0118173 0.0118559
2 0.340382 0.34042
1 0.077077 0.0771116
2 0.0570398 0.0570727
2 0.160047 0.16008
1 0.0150659 0.0150981
1 0.00659676 0.0066284
1 0.00252737 0.00255764
1 0.0306994 0.0307284
1 0.0761962 0.0762245
2 0.0433736 0.0434017
1 0.0131709 0.0131966
1 0.0139602 0.0139858
2 0.0213029 0.0213278
2 0.103235 0.103256
1 0.00765159 0.00767175
2 0.272666 0.272686
1 0.0398698 0.0398894
1 0.0896117 0.0896301
2 0.0488174 0.0488326
2 0.0232453 0.0232604
2 0.139476 0.13949
1 0.27734 0.277354
1 0.0143493 0.0143627
1 0.0096238 0.00963667
2 0.0722992 0.0723112
1 0.118131 0.118143
2 0.0230323 0.0230433
1 0.0851068 0.0851177
1 0.0153399 0.0153507
1 0.0245896 0.0246001
2 0.190718 0.190728
2 0.0767276 0.0767375
2 0.0124107 0.0124202
1 0.0640436 0.064053
1 0.0313543 0.0313637
2 0.0187625 0.0187719
2 0.0154026 0.0154111
2 0.0363697 0.0363772
1 0.113076 0.113082
1 0.144954 0.14496
1 0.0594792 0.0594851
2 0.149653 0.149658
2 0.0108757 0.0108813
1 0.0193895 0.019395
1 0.00325833 0.00326367
2 0.00383846 0.00384376
1 0.0413915 0.0413962
2 0.0297662 0.0297707
2 0.0250502 0.025054
1 0.0138254 0.0138291
1 0.0722536 0.0722572
2 0.00326812 0.00327158
1 0.0259999 0.026003
2 0.0210394 0.0210424
2 0.0445442 0.0445472
2 0.0479767 0.0479794
2 0.176736 0.176739
2 0.0643395 0.0643419
1 0.0292637 0.029266
2 0.0158901 0.0158923
2 0.0810353 0.0810374
1 0.00195643 0.00195849
2 0.0192628 0.0192648
2 0.121013 0.121015
2 0.134909 0.13491
1 0.0494196 0.0494212
2 0.0154316 0.0154331
1 0.0158827 0.0158842
1 0.0259742 0.0259755
2 0.0274155 0.0274167
1 0.0442048 0.044206
2 0.00242128 0.00242206
1 0.0618713 0.061872
1 0.0477801 0.0477808
1 0.00936064 0.00936137
1 0.00811784 0.00811848
2 0.0597787 0.0597791
1 0.0171716 0.0171719
1 0.00636702 0.00636726
2 0.0297412 0.0297413
2 0.0194048 0.0194048
2 0.277999 0.277999
1 0.135439 0.135439
1 0.0205033 0.0205033
2 0.277761 0.277761
1 0.0128317 0.0128317
