0 0 inf
1 0.0629546 0.131566
0 0 0.0642572
0 0 0.0554079
0 0 0.0482229
0 0 0.045399
0 0 0.0404406
0 0 0.0402861
1 0.0408542 0.0725569
0 0 0.0311439
0 0 0.0303759
0 0 0.0288412
0 0 0.0287099
0 0 0.0260914
0 0 0.0252254
0 0 0.0237659
0 0 0.0236392
0 0 0.0225877
1 0.0144558 0.0367929
1 0.0101077 0.0281708
0 0 0.0179143
0 0 0.0175186
0 0 0.0172534
1 0.0203385 0.0372521
0 0 0.0168802
0 0 0.0156343
0 0 0.0151761
0 0 0.0149424
0 0 0.0145764
0 0 0.014485
0 0 0.0131791
0 0 0.0124955
0 0 0.0122401
1 0.0410634 0.0532518
0 0 0.0118511
1 0.0597122 0.0710392
0 0 0.0112546
0 0 0.0107955
1 0.0397197 0.0500805
0 0 0.0101438
0 0 0.00996307
0 0 0.00960763
1 0.0457884 0.0553775
1 0.0239754 0.0330802
0 0 0.00896692
0 0 0.00892349
0 0 0.00860448
0 0 0.00857841
0 0 0.0084927
0 0 0.00845682
0 0 0.00826734
1 0.0180464 0.0262375
0 0 0.00799925
0 0 0.00779796
0 0 0.00775373
1 0.103164 0.110421
0 0 0.00723897
0 0 0.0072271
0 0 0.00709576
1 0.0210976 0.027754
1 0.0473984 0.0537287
1 0.00390741 0.00961332
1 0.00344492 0.00914619
0 0 0.00567148
1 0.0536421 0.0592897
0 0 0.00564108
0 0 0.00520829
0 0 0.00501564
1 0.00465633 0.00961801
0 0 0.00488515
0 0 0.00477502
0 0 0.00473019
0 0 0.00468275
0 0 0.00462342
0 0 0.00462022
1 0.0362831 0.040889
1 0.0185167 0.0229533
0 0 0.00440446
1 0.00955403 0.0139269
2 0.0416885 0.0460435
0 0 0.00423565
0 0 0.00416001
0 0 0.00409375
0 0 0.00405662
0 0 0.0040136
2 0.13299 0.136954
2 0.131848 0.135791
1 0.0680508 0.0718357
1 0.0186271 0.0223801
0 0 0.00373588
0 0 0.00371449
1 0.00522163 0.0089132
0 0 0.00369024
0 0 0.00365895
1 0.121979 0.125601
1 0.00382528 0.00740901
0 0 0.00352707
2 0.0425135 0.0460202
1 0.0113561 0.0147811
0 0 0.00338227
1 0.038605 0.0419705
0 0 0.00331089
1 0.0210387 0.024339
1 0.0101468 0.0134452
0 0 0.00329841
0 0 0.00328082
0 0 0.00325977
0 0 0.00325459
1 0.0172242 0.0204745
0 0 0.00323678
0 0 0.00312671
1 0.0836749 0.086759
0 0 0.00297235
0 0 0.00293665
0 0 0.00290921
0 0 0.00289659
1 0.0143007 0.0171454
0 0 0.00280568
0 0 0.00279123
0 0 0.0027556
1 0.0359358 0.0386822
0 0 0.00272182
1 0.00454877 0.0071992
0 0 0.00263486
0 0 0.00262218
0 0 0.00252874
0 0 0.00248261
0 0 0.0024507
0 0 0.00243064
1 0.0291278 0.0315578
0 0 0.00236887
0 0 0.00234238
0 0 0.00232982
0 0 0.00230111
0 0 0.0022811
0 0 0.00227791
0 0 0.00226938
0 0 0.00225807
0 0 0.00222659
1 0.0345592 0.0367843
0 0 0.00218491
1 0.133955 0.136126
2 0.0396309 0.0417676
0 0 0.00211306
1 0.00534723 0.00745984
0 0 0.00206162
0 0 0.00205336
0 0 0.00204761
0 0 0.00204385
2 0.0592356 0.0612316
0 0 0.00196383
1 0.0208538 0.0228137
0 0 0.00194945
1 0.0188265 0.0207313
1 0.0126518 0.014552
1 0.0302427 0.0321409
0 0 0.00188279
1 0.0137753 0.0156435
1 0.00680693 0.00867014
0 0 0.00183877
1 0.0111695 0.0129539
1 0.0504143 0.0521878
1 0.0113706 0.0131254
1 0.0100386 0.0117833
0 0 0.0017381
1 0.0116601 0.0133899
1 0.00612954 0.00785486
0 0 0.00172293
1 0.0542243 0.0559362
0 0 0.00170084
1 0.0106727 0.0123672
2 0.0181129 0.0198042
1 0.0166576 0.0183408
1 0.0243263 0.026001
0 0 0.00165286
1 0.023543 0.0251709
0 0 0.00160823
2 0.05269 0.0542877
0 0 0.00159708
0 0 0.00158748
0 0 0.00158014
0 0 0.00156447
0 0 0.00155566
1 0.00561436 0.00716993
1 0.0130893 0.0145883
1 0.00528415 0.00676305
1 0.00221453 0.0036922
1 0.0108191 0.0122785
1 0.0204685 0.0219262
0 0 0.00144926
0 0 0.0014372
0 0 0.00143315
2 0.0358752 0.0372987
0 0 0.00142323
1 0.00512306 0.00654345
2 0.0431348 0.0445489
0 0 0.00139335
1 0.00475131 0.00614385
1 0.00551103 0.00690068
1 0.00232327 0.00369398
0 0 0.00135978
1 0.00447046 0.00581817
0 0 0.00133965
1 0.164729 0.166053
0 0 0.00131273
0 0 0.00130462
1 0.0122627 0.0135423
1 0.0961252 0.0973992
0 0 0.00127031
0 0 0.00125485
0 0 0.00125136
1 0.0107571 0.0120035
0 0 0.00120487
1 0.0330252 0.0342223
0 0 0.00116785
2 0.0288816 0.0300342
1 0.03228 0.0334206
0 0 0.00111158
1 0.0212504 0.0223303
1 0.00186878 0.00294119
1 0.00361954 0.00468997
1 0.0123153 0.0133757
1 0.00184048 0.0028963
0 0 0.00105116
1 0.0175865 0.0186277
0 0 0.00103137
1 0.00749611 0.00852011
0 0 0.00101753
1 0.00496761 0.00596714
1 0.0248589 0.0258564
0 0 0.000992085
2 0.0112684 0.0122409
1 0.00673997 0.00769745
0 0 0.00095565
0 0 0.000928921
1 0.00242704 0.00334988
0 0 0.00091694
1 0.0385543 0.0394635
1 0.00481701 0.00572534
0 0 0.000900708
2 0.00906134 0.00995202
1 0.0353338 0.0362175
0 0 0.000882466
0 0 0.000861276
0 0 0.000856171
0 0 0.000852834
1 0.0036805 0.00453059
1 0.00258346 0.0034109
0 0 0.000823832
0 0 0.00081697
0 0 0.000815301
0 0 0.000800226
0 0 0.00079766
0 0 0.000794984
1 0.0727038 0.0734883
0 0 0.000775035
1 0.0318372 0.0326098
1 0.00700819 0.00777711
1 0.00197508 0.00273456
0 0 0.000754338
0 0 0.000750011
1 0.0123529 0.0131026
0 0 0.00074808
1 0.00478887 0.00553386
0 0 0.00073726
1 0.00152523 0.00226133
1 0.0364201 0.037154
1 0.00602354 0.00675472
1 0.0292341 0.0299612
1 0.0283262 0.0290501
0 0 0.000721683
0 0 0.000719079
2 0.0246162 0.0253334
1 0.043528 0.0442443
0 0 0.000701067
1 0.00601861 0.00671967
0 0 0.000700164
1 0.0333531 0.0340379
1 0.00207326 0.00275708
0 0 0.000675102
1 0.0261809 0.0268388
0 0 0.000654298
1 0.0144066 0.0150562
2 0.0277257 0.0283703
1 0.00661319 0.00725547
1 0.00369374 0.004335
1 0.0476406 0.0482771
1 0.0279292 0.0285606
2 0.00467053 0.00529641
0 0 0.000625308
0 0 0.000615778
1 0.00484228 0.00545794
1 0.00386134 0.00446777
0 0 0.000605805
1 0.00516697 0.00577245
2 0.0215309 0.0221323
1 0.0170008 0.0175963
1 0.0241521 0.0247438
1 0.00345362 0.00404522
1 0.00722916 0.00781573
1 0.00581393 0.00638881
0 0 0.000573132
0 0 0.000572455
1 0.0273451 0.0279077
0 0 0.000558895
1 0.0245654 0.0251232
1 0.00297086 0.00352461
2 0.0250987 0.0256521
1 0.00361767 0.00416858
1 0.0278317 0.0283825
2 0.0120259 0.0125729
0 0 0.000541298
1 0.00331767 0.00385506
1 0.0124493 0.0129832
0 0 0.000532712
1 0.00404124 0.00457385
0 0 0.000519677
0 0 0.000512212
0 0 0.000509417
1 0.0040669 0.00457556
1 0.00533343 0.0058326
1 0.00250019 0.00299648
1 0.0102493 0.010744
0 0 0.000490977
0 0 0.000485778
1 0.00497863 0.00546404
1 0.0202868 0.0207667
1 0.00414009 0.00461132
1 0.0196593 0.02013
1 0.00248149 0.00294921
1 0.0140895 0.0145566
0 0 0.000464528
2 0.0226388 0.0230987
1 0.0033447 0.003803
0 0 0.000452497
0 0 0.000451737
1 0.0019973 0.00244642
1 0.115883 0.116329
1 0.00889976 0.00934486
0 0 0.000441205
1 0.00408295 0.00452392
0 0 0.000440062
1 0.00570996 0.00614777
1 0.0400356 0.0404663
1 0.0268448 0.0272612
0 0 0.000415455
1 0.0148911 0.0152982
1 0.0316184 0.0320249
2 0.0388958 0.0392996
1 0.0228418 0.0232356
1 0.00267353 0.00306733
1 0.00824429 0.00863409
1 0.0193014 0.0196823
0 0 0.000375988
1 0.00732598 0.0077011
0 0 0.0003726
1 0.00251607 0.00288696
1 0.012855 0.0132257
2 0.0307052 0.0310742
2 0.0167712 0.0171383
2 0.0742935 0.0746586
1 0.0224635 0.0228216
1 0.00727976 0.00763778
2 0.0537808 0.0541359
0 0 0.000354245
0 0 0.000351914
1 0.00608918 0.00644101
1 0.00364363 0.00398988
1 0.00274574 0.00308996
2 0.00948892 0.00983286
0 0 0.000343936
1 0.0405165 0.0408573
0 0 0.000339815
0 0 0.000339728
1 0.00623842 0.00657376
1 0.00180245 0.00213711
1 0.00152073 0.0018523
0 0 0.000329746
1 0.00524965 0.00557189
1 0.00167348 0.00199233
2 0.0083172 0.00863591
2 0.0359271 0.0362387
1 0.00294248 0.00325136
1 0.00169384 0.00200231
1 0.00566033 0.00596866
1 0.00605096 0.00635142
2 0.0412786 0.0415784
1 0.000659546 0.000957885
1 0.0119408 0.0122269
1 0.000834358 0.00111965
1 0.00643751 0.00672273
1 0.00510233 0.0053797
1 0.00414536 0.00441929
1 0.0203672 0.0206277
1 0.00364651 0.00390563
1 0.0427892 0.0430461
1 0.00458558 0.00484062
1 0.0106762 0.0109306
1 0.0174517 0.017706
1 0.0411753 0.0414276
2 0.0165807 0.016833
1 0.00354188 0.00379073
1 0.00662677 0.00687555
2 0.0390491 0.0392918
2 0.00633849 0.00657898
1 0.00892817 0.00916197
2 0.0285856 0.0288189
1 0.00504599 0.00527787
1 0.00454684 0.004778
0 0 0.000230863
0 0 0.00022601
2 0.00450353 0.00472815
1 0.00157 0.00179363
1 0.0230935 0.0233147
1 0.0113653 0.0115842
1 0.0262425 0.0264602
1 0.00577842 0.00599546
1 0.0173102 0.0175245
2 0.00704054 0.00725335
0 0 0.000212291
0 0 0.000212096
1 0.0496519 0.0498607
1 0.00624647 0.00645054
2 0.00345754 0.0036521
1 0.00358207 0.00377493
1 0.0016476 0.00183959
2 0.00762197 0.00781289
1 0.00158096 0.00176896
1 0.0496918 0.0498769
2 0.00415664 0.00433963
2 0.015858 0.0160379
2 0.0251498 0.0253274
1 0.000931591 0.00110609
2 0.00389617 0.00406876
1 0.0135681 0.0137402
1 0.00540597 0.00557381
1 0.000798964 0.000966771
1 0.000882244 0.00104778
1 0.0243969 0.024562
1 0.00135953 0.00152436
2 0.00824048 0.0084027
2 0.00582813 0.00598965
0 0 0.000161288
1 0.00857434 0.0087356
0 0 0.000157734
1 0.004693 0.00484962
2 0.0102337 0.0103902
2 0.0353221 0.0354761
1 0.0135941 0.0137472
1 0.00808512 0.00823763
1 0.00170532 0.00185586
1 0.00410294 0.00425284
1 0.00110452 0.00125383
2 0.148553 0.148701
2 0.0168638 0.0170113
1 0.00571287 0.00585833
1 0.00689385 0.00703893
1 0.0242827 0.0244273
1 0.0781255 0.0782687
1 0.00321823 0.00335633
1 0.00167407 0.00181176
1 0.00861518 0.00875141
1 0.00351307 0.00364924
2 0.0435774 0.0437128
1 0.00252473 0.0026584
1 0.0449139 0.0450426
1 0.00145288 0.00158025
1 0.00270299 0.00282977
1 0.00993055 0.0100568
1 0.00166307 0.00178882
1 0.00484594 0.00496837
1 0.00288435 0.0030047
1 0.000552112 0.000671972
1 0.0292805 0.0293999
1 0.00189574 0.00201401
2 0.0431987 0.0433135
1 0.00867591 0.00878777
1 0.00159211 0.00170347
1 0.040426 0.0405373
1 0.0157972 0.0159054
2 0.0611472 0.0612545
1 0.00866143 0.00876866
1 0.0033699 0.00347653
1 0.00109894 0.00120402
1 0.0126591 0.0127634
2 0.0437525 0.0438526
1 0.0053604 0.00545964
2 0.0096512 0.00974642
2 0.00201308 0.00210685
1 0.00161547 0.00170922
1 0.000646388 0.000740045
2 0.00404474 0.00413506
1 0.00386624 0.00395594
1 0.0059273 0.00601535
2 0.0443703 0.0444544
0 0 8.15414e-05
1 0.00279841 0.00287985
1 0.0521046 0.0521825
0 0 7.76144e-05
1 0.0287089 0.028784
2 0.0121041 0.0121768
1 0.0167794 0.0168508
1 0.00307243 0.00314388
1 0.0116361 0.0117072
1 0.0441871 0.0442579
1 0.00620606 0.0062767
1 0.00267129 0.00274095
2 0.0124688 0.0125381
1 0.0087918 0.0088599
2 0.00623169 0.00629946
2 0.00400691 0.00407329
1 0.000555449 0.000620039
1 0.0148827 0.0149471
1 0.00574425 0.00580816
2 0.0387856 0.0388493
2 0.00277244 0.00283605
1 0.00174311 0.00180654
2 0.00585736 0.00592078
1 0.00401902 0.00408185
2 0.0247247 0.0247871
1 0.026714 0.0267751
2 0.0537495 0.0538101
1 0.00789564 0.00795421
1 0.000992813 0.00104938
1 0.0051906 0.00524683
0 0 5.60995e-05
1 0.00348386 0.00353989
2 0.00554088 0.0055965
2 0.00412128 0.00417627
2 0.00427869 0.00433365
1 0.0158114 0.0158638
2 0.00359231 0.00364447
2 0.00180919 0.00185962
2 0.0043126 0.00436205
2 0.00582357 0.00587289
1 0.026004 0.0260531
2 0.00309775 0.00314429
1 0.0112024 0.0112488
1 0.0169123 0.0169577
2 0.0297047 0.0297477
1 0.000947937 0.000989915
2 0.00787148 0.00791345
1 0.00705702 0.00709887
1 0.00190673 0.0019477
1 0.00120928 0.00125018
1 0.00536848 0.00540909
2 0.0112604 0.0112999
1 0.000414928 0.000454314
1 0.0380624 0.0381013
1 0.153282 0.15332
1 0.00151272 0.00154946
2 0.0282802 0.0283169
1 0.04481 0.0448464
1 0.00152051 0.00155661
1 0.00435437 0.00439012
2 0.0458408 0.0458754
1 0.0099107 0.00994507
1 0.00488142 0.00491289
1 0.00214991 0.00218067
1 0.00320316 0.00323389
1 0.00409049 0.00411931
2 0.153334 0.153363
1 0.00255443 0.00258221
2 0.00409985 0.00412735
1 0.0244418 0.0244688
1 0.0428763 0.042903
2 0.0232336 0.0232602
0 0 2.63667e-05
2 0.00428936 0.00431537
1 0.00421688 0.00424271
2 0.00737859 0.00740442
1 0.00889075 0.00891616
1 0.000947509 0.000972389
2 0.0449877 0.0450125
2 0.022569 0.0225937
1 0.00705805 0.00708265
1 0.00542899 0.00545324
1 0.0137898 0.013814
1 0.152965 0.152988
2 0.00181548 0.0018387
2 0.00974663 0.00976876
2 0.00984801 0.00987002
1 0.00268759 0.00270823
2 0.00946489 0.00948552
2 0.030493 0.030513
2 0.0117156 0.0117355
2 0.00963054 0.00965025
1 0.0021914 0.00221103
1 0.00679104 0.00681039
2 0.00876681 0.00878605
2 0.0580593 0.0580779
2 0.00202481 0.00204271
1 0.00570422 0.00572136
1 0.0344857 0.0345028
1 0.0123697 0.0123863
1 0.00240225 0.00241846
1 0.00424566 0.00426084
1 0.0018044 0.00181864
1 0.0304365 0.0304503
2 0.00317185 0.0031851
1 0.00155762 0.0015704
1 0.00437223 0.00438491
1 0.00439211 0.00440476
2 0.00462516 0.00463774
2 0.00158029 0.00159279
2 0.00695524 0.00696772
1 0.00653304 0.00654524
2 0.00512393 0.00513587
1 0.00931724 0.00932884
1 0.00974948 0.00976107
1 0.00736282 0.00737428
2 0.00968923 0.00970066
2 0.0125168 0.0125282
2 0.0154244 0.0154357
2 0.00564994 0.00566025
1 0.00331098 0.00332112
1 0.00154242 0.00155231
2 0.00575183 0.00576123
1 0.0013086 0.00131774
1 0.000754747 0.000763733
1 0.00260114 0.00261001
2 0.0169587 0.0169675
1 0.0297894 0.0297981
2 0.00486914 0.00487748
2 0.0255862 0.0255942
1 0.0462625 0.0462706
1 0.00345481 0.00346255
1 0.023837 0.0238447
2 0.0081169 0.0081246
1 0.171898 0.171905
2 0.00351483 0.00352192
2 0.00955886 0.00956574
2 0.0169416 0.0169482
2 0.00477889 0.00478531
2 0.0034688 0.00347521
1 0.0112218 0.0112277
2 0.026075 0.0260805
2 0.00279308 0.00279832
2 0.00759152 0.0075962
1 0.0147551 0.0147596
1 0.00584444 0.00584887
2 0.0285164 0.0285208
1 0.00442165 0.00442593
2 0.0333399 0.0333441
2 0.0246821 0.024686
2 0.00741196 0.00741557
2 0.0092955 0.00929888
2 0.00412993 0.00413321
1 0.0068331 0.00683629
2 0.00419385 0.00419669
1 0.00254076 0.00254359
1 0.00270279 0.00270552
1 0.0565642 0.0565668
1 0.0286595 0.0286619
2 0.0036493 0.00365152
2 0.0232271 0.0232292
2 0.0100786 0.0100807
1 0.0660071 0.0660088
1 0.000707031 0.000708696
1 0.00257807 0.0025797
2 0.00730316 0.00730464
1 0.00962588 0.00962734
1 0.00535557 0.00535691
1 0.00921461 0.0092157
1 0.0041738 0.00417477
1 0.00131852 0.00131939
1 0.00411593 0.00411672
2 0.00567147 0.00567213
1 0.00262254 0.00262312
2 0.00245093 0.00245149
2 0.00349968 0.00350021
1 0.00241841 0.00241892
2 0.00202896 0.00202941
1 0.00559571 0.00559612
2 0.00697011 0.00697053
1 0.0253543 0.0253547
1 0.000909821 0.00091006
1 0.00524073 0.00524095
2 0.00684405 0.00684426
2 0.00647922 0.00647941
2 0.00263273 0.00263288
1 0.0132169 0.013217
2 0.00133697 0.00133709
1 0.00341572 0.00341584
1 0.0178474 0.0178475
2 0.00127573 0.00127578
1 0.000846026 0.000846068
2 0.00393291 0.00393295
1 0.0034463 0.00344633
1 0.00673648 0.00673651
2 0.0041956 0.00419562
1 0.00231638 0.00231638
2 0.00447246 0.00447246
