0 0 inf
0 0 0.143442
0 0 0.0974393
0 0 0.0785932
0 0 0.0694734
0 0 0.053075
1 0.0312331 0.0680396
1 0.0995428 0.13546
0 0 0.0307364
0 0 0.0303043
1 0.14857 0.178362
0 0 0.0265675
0 0 0.0215093
0 0 0.0211854
0 0 0.0199859
0 0 0.0198748
0 0 0.0195854
0 0 0.0194836
0 0 0.0187627
0 0 0.0183783
1 0.090139 0.108492
0 0 0.0176771
1 0.0701424 0.0874337
0 0 0.0157795
0 0 0.0156869
0 0 0.0156522
0 0 0.0153522
0 0 0.0149894
0 0 0.0147366
0 0 0.0145962
1 0.042032 0.0562243
1 0.109512 0.122775
0 0 0.0127437
1 0.0220639 0.0348049
0 0 0.0120474
1 0.0338166 0.0457959
0 0 0.0115163
0 0 0.0114237
0 0 0.0109013
1 0.0517606 0.0626477
0 0 0.0107415
0 0 0.0101743
0 0 0.0100555
0 0 0.00990369
1 0.035997 0.045709
0 0 0.00912918
0 0 0.00908729
0 0 0.00891765
0 0 0.00873103
1 0.011045 0.019763
0 0 0.00866655
0 0 0.00863645
0 0 0.00848774
0 0 0.00839154
0 0 0.00815475
1 0.0292022 0.037338
0 0 0.00788796
0 0 0.00775626
0 0 0.00766372
1 0.0192305 0.0265721
0 0 0.00689174
0 0 0.00680834
1 0.0158144 0.0225259
0 0 0.00667626
1 0.0465108 0.0530707
1 0.0889283 0.0953507
0 0 0.00608157
1 0.0262031 0.0321662
0 0 0.00584725
0 0 0.00582101
1 0.00862838 0.0143852
0 0 0.00561485
1 0.00635775 0.0119586
0 0 0.00559131
1 0.00691407 0.0125051
0 0 0.00532498
0 0 0.00532253
1 0.10195 0.107171
1 0.00971859 0.0149095
0 0 0.00518837
1 0.0116584 0.0168329
1 0.0124399 0.0175994
0 0 0.00507817
0 0 0.00500973
0 0 0.00500114
0 0 0.00494536
0 0 0.00485669
0 0 0.00467768
0 0 0.00462802
0 0 0.00460731
0 0 0.00458778
1 0.0560806 0.0606488
1 0.105846 0.110325
0 0 0.00439536
1 0.0043934 0.00875585
0 0 0.00435528
0 0 0.0042869
0 0 0.00417723
0 0 0.0041538
0 0 0.00409431
1 0.00643543 0.010487
0 0 0.00403689
1 0.0037529 0.00770757
1 0.040133 0.0440613
0 0 0.00389114
0 0 0.00378801
0 0 0.00371419
0 0 0.00369796
0 0 0.00366268
0 0 0.00359134
1 0.0220308 0.025556
1 0.0479436 0.0513803
1 0.210021 0.213365
0 0 0.00329872
0 0 0.00328203
0 0 0.0032705
0 0 0.00319572
0 0 0.00319135
1 0.0201109 0.0232923
0 0 0.00316761
1 0.00570503 0.00886847
0 0 0.00311905
1 0.0220457 0.0251431
1 0.0992159 0.102308
0 0 0.00308316
1 0.0369136 0.0399763
0 0 0.0030611
0 0 0.00305053
1 0.00463 0.0076743
2 0.0198081 0.0228493
0 0 0.00293005
0 0 0.00292743
1 0.0157156 0.0186369
0 0 0.00290917
1 0.0198414 0.0227419
0 0 0.00287529
0 0 0.00284756
0 0 0.00283986
0 0 0.00277634
0 0 0.00275104
1 0.0094064 0.0121378
1 0.011712 0.0144349
0 0 0.00266368
2 0.0567048 0.0593319
1 0.0208372 0.0234287
1 0.00700875 0.00953993
1 0.0547621 0.0572901
1 0.02349 0.02601
0 0 0.00251874
1 0.0056474 0.00810237
1 0.049475 0.0518438
0 0 0.00235594
0 0 0.00223499
0 0 0.00220257
0 0 0.00216694
0 0 0.00212656
0 0 0.00208651
0 0 0.00204306
0 0 0.00203008
0 0 0.00202886
0 0 0.00198761
0 0 0.00198114
1 0.00852122 0.0104831
0 0 0.00194476
0 0 0.00190637
1 0.0195101 0.0214109
0 0 0.00186954
1 0.00319395 0.00503442
0 0 0.00183404
0 0 0.00180934
1 0.00437097 0.00614122
0 0 0.00175217
1 0.0263943 0.0281207
1 0.0473466 0.0490692
0 0 0.00170265
1 0.0327793 0.0344582
1 0.0117351 0.0133937
1 0.0110364 0.0126931
1 0.0234388 0.025095
0 0 0.00165247
0 0 0.00163942
1 0.00395291 0.00557856
0 0 0.00161704
0 0 0.0015709
0 0 0.00153583
0 0 0.00152767
0 0 0.00150758
0 0 0.00150586
1 0.0308399 0.0323456
2 0.0165345 0.0180398
1 0.0050959 0.00657981
1 0.0141119 0.0155895
0 0 0.00147476
1 0.0196236 0.0210856
0 0 0.00145758
1 0.0125147 0.0139341
1 0.0524789 0.0538958
1 0.0533062 0.0547121
0 0 0.00139201
0 0 0.00139007
1 0.00492771 0.00628257
2 0.0617165 0.0630457
1 0.0440866 0.0453932
1 0.00288127 0.00418767
0 0 0.00130471
1 0.0291144 0.030404
1 0.00542393 0.00670563
0 0 0.0012717
0 0 0.00126751
0 0 0.00126393
1 0.0189487 0.0202117
1 0.00218136 0.00343971
0 0 0.00122523
1 0.00311091 0.00432395
0 0 0.00121017
0 0 0.0011895
0 0 0.00117512
1 0.00176059 0.00292857
0 0 0.00116436
1 0.00970033 0.0108384
0 0 0.00111185
0 0 0.00111017
1 0.0221534 0.0232632
1 0.0122631 0.0133531
0 0 0.00108744
1 0.00966287 0.0107464
0 0 0.00106662
1 0.012208 0.0132717
1 0.00772169 0.00877282
0 0 0.00104948
0 0 0.00104896
1 0.0443334 0.0453818
1 0.00194901 0.00297849
1 0.0209034 0.0219307
0 0 0.00102488
1 0.0319335 0.0329509
0 0 0.00100128
1 0.0124062 0.0134033
0 0 0.000994146
1 0.0158138 0.016807
0 0 0.00098885
0 0 0.000969923
0 0 0.000966814
1 0.0310842 0.0320493
1 0.014395 0.015338
1 0.00551548 0.00645777
1 0.00557257 0.00651084
1 0.0138847 0.0148156
1 0.00415468 0.00507847
0 0 0.000901329
1 0.00904652 0.00992613
1 0.050573 0.0514453
0 0 0.000870105
0 0 0.000848573
1 0.127499 0.128343
2 0.02308 0.0239221
0 0 0.000837422
0 0 0.000826915
1 0.0910893 0.0919132
0 0 0.000817942
1 0.0158644 0.0166814
1 0.00383054 0.00463854
0 0 0.000802012
0 0 0.000797763
1 0.00288154 0.00367786
1 0.0668718 0.067661
1 0.00843268 0.00922113
1 0.00840444 0.00917064
1 0.00783684 0.00859519
1 0.00527519 0.00603136
1 0.0406055 0.041346
1 0.00224958 0.0029866
1 0.0058665 0.00660079
0 0 0.000726077
0 0 0.000702499
0 0 0.000701516
1 0.00125479 0.00195443
1 0.0348844 0.0355767
0 0 0.000685671
0 0 0.000682017
1 0.00211124 0.00278259
2 0.0327397 0.033407
0 0 0.000659692
1 0.0161396 0.0167944
0 0 0.000654423
1 0.00506984 0.00572395
1 0.00883209 0.00947997
1 0.00246041 0.0031056
2 0.0455334 0.0461767
0 0 0.000638646
1 0.00256889 0.00320016
1 0.00531946 0.00593122
0 0 0.000611466
0 0 0.00061125
0 0 0.000609974
0 0 0.000608142
0 0 0.000601979
0 0 0.00060119
0 0 0.000580971
1 0.0172502 0.0178249
1 0.0110217 0.0115955
2 0.0364781 0.0370511
0 0 0.000571582
1 0.00638259 0.00693881
1 0.000875105 0.00143045
1 0.0107361 0.0112892
1 0.0331601 0.0337098
1 0.0025501 0.00309443
1 0.00400157 0.0045394
1 0.00201648 0.00254284
0 0 0.000523072
2 0.00792543 0.00844613
0 0 0.000518352
1 0.0202118 0.0207277
2 0.00795347 0.00845836
1 0.00405817 0.00455718
0 0 0.000493571
2 0.0090833 0.00957606
0 0 0.000485929
0 0 0.000485734
1 0.00701317 0.0074875
1 0.00890697 0.00936844
0 0 0.000459907
0 0 0.000449962
1 0.0398023 0.0402443
0 0 0.000441254
1 0.0064542 0.00689468
1 0.00719511 0.00761344
0 0 0.000406448
1 0.00147176 0.00187654
1 0.0135356 0.01393
1 0.0235312 0.0239245
1 0.00719799 0.00758603
0 0 0.000378897
2 0.0248729 0.025242
1 0.00967371 0.0100384
0 0 0.000363714
2 0.00802857 0.00838703
1 0.0124748 0.0128307
1 0.0248172 0.0251681
1 0.001004 0.00135353
0 0 0.000345897
1 0.0113854 0.0117258
1 0.00622991 0.00656481
1 0.00109248 0.00142623
1 0.0161596 0.0164909
2 0.108935 0.109265
1 0.00145004 0.00177992
1 0.0118594 0.012189
1 0.00805168 0.00836905
1 0.0209885 0.0213047
2 0.0127515 0.0130665
1 0.00117954 0.00149422
1 0.0141219 0.0144332
1 0.00128847 0.00159862
1 0.00418903 0.00449881
1 0.0183253 0.018633
1 0.00328376 0.00359054
1 0.00221646 0.00252239
1 0.00630603 0.00661164
1 0.00906207 0.00936556
2 0.00812207 0.00842298
1 0.00134353 0.00164072
1 0.0192829 0.0195792
2 0.0187341 0.0190241
1 0.01289 0.0131751
1 0.00424026 0.00452509
0 0 0.000281836
1 0.00460328 0.004885
1 0.00626984 0.00655061
1 0.0556039 0.0558774
2 0.0450743 0.0453427
2 0.0598709 0.0601391
1 0.0516584 0.0519263
1 0.00111166 0.0013763
2 0.00765677 0.00791996
1 0.122835 0.123097
1 0.00478607 0.00504818
2 0.0167182 0.0169764
1 0.0243397 0.0245973
1 0.0268788 0.0271361
1 0.00260195 0.00285635
1 0.105698 0.105948
1 0.0222274 0.0224755
1 0.00330538 0.00355304
0 0 0.000245964
2 0.0122764 0.0125189
1 0.0594532 0.0596946
1 0.00421932 0.00446056
1 0.00454124 0.0047814
1 0.0634338 0.0636702
1 0.003613 0.00384845
1 0.0426393 0.0428719
1 0.0075066 0.00773915
1 0.012808 0.0130402
1 0.00162906 0.00185928
1 0.00305924 0.00328756
1 0.00310431 0.00333029
0 0 0.000225192
2 0.0116336 0.0118561
0 0 0.000221119
1 0.00331671 0.00353343
1 0.00129004 0.0015047
1 0.00259626 0.00280772
1 0.0140336 0.014239
0 0 0.000197967
1 0.00514629 0.00533755
2 0.00910114 0.00929182
1 0.0130193 0.0132051
0 0 0.00018102
1 0.00101913 0.00119946
2 0.00464683 0.00482561
1 0.00142525 0.00160372
1 0.0241836 0.0243597
1 0.00889882 0.00907452
1 0.00407089 0.00424604
2 0.0149192 0.0150934
1 0.00177602 0.00194795
2 0.0154514 0.0156227
1 0.00304402 0.00321514
1 0.0063888 0.00655238
2 0.154056 0.154219
0 0 0.000162534
2 0.0253815 0.025543
1 0.0049859 0.00514712
2 0.00383235 0.00399313
2 0.00304743 0.0032079
1 0.00524029 0.00539981
1 0.00417389 0.00433172
1 0.00111172 0.00126875
1 0.000867246 0.00102426
1 0.00562493 0.0057797
1 0.00112452 0.00127644
2 0.00233406 0.00248452
0 0 0.00015046
2 0.00788936 0.00803976
1 0.0126097 0.0127581
2 0.123121 0.123269
2 0.03666 0.0368053
1 0.00563647 0.00578068
2 0.017645 0.0177888
1 0.0182296 0.018372
1 0.00656074 0.00670058
1 0.00505728 0.00519572
1 0.00159738 0.00173539
2 0.0256709 0.0258068
1 0.0271461 0.0272803
1 0.00946312 0.00959449
1 0.00414694 0.00427669
1 0.00502343 0.00515299
2 0.0556825 0.0558118
1 0.00160023 0.00172579
1 0.00165013 0.00177541
0 0 0.000124352
2 0.00966281 0.00978675
1 0.00701699 0.0071401
2 0.0250061 0.0251278
1 0.00306938 0.00319086
1 0.00294376 0.00306124
1 0.00104895 0.00116049
1 0.012952 0.0130568
1 0.0288743 0.0289783
0 0 0.00010299
2 0.0361515 0.036252
1 0.00523883 0.00533841
1 0.0113823 0.0114795
1 0.00517511 0.00527132
1 0.00171749 0.00181248
2 0.0045518 0.00464407
1 0.00838507 0.00847673
2 0.0165984 0.0166897
1 0.0109729 0.0110584
0 0 8.4315e-05
1 0.00308274 0.00316548
1 0.00697158 0.0070514
1 0.00276619 0.00284534
1 0.021177 0.0212519
1 0.00167831 0.00175237
2 0.0239193 0.0239911
0 0 7.14532e-05
1 0.00648843 0.00655892
0 0 6.91842e-05
1 0.019654 0.0197203
1 0.00253048 0.00259493
1 0.0792346 0.0792985
2 0.0072386 0.00730249
2 0.0250166 0.0250804
1 0.00898038 0.00904304
1 0.0113642 0.0114267
1 0.00474679 0.00480909
1 0.00398914 0.00405128
1 0.15389 0.153952
2 0.00721392 0.00727505
1 0.00348953 0.00355065
1 0.00395679 0.00401727
2 0.00687136 0.00693182
0 0 6.04291e-05
1 0.00149143 0.00155116
1 0.00483269 0.00489207
1 0.000813515 0.000871869
2 0.0175357 0.0175932
1 0.00220668 0.00226378
1 0.000589531 0.000645859
2 0.00371852 0.00377444
2 0.0166046 0.0166593
1 0.0039612 0.00401485
2 0.00516106 0.00521469
1 0.0174537 0.0175064
2 0.00953657 0.00958848
2 0.0173138 0.0173651
1 0.0216837 0.0217341
1 0.0020337 0.00208396
1 0.00319003 0.00323991
2 0.036725 0.0367744
1 0.00338286 0.003432
1 0.0187895 0.0188375
2 0.0179905 0.0180384
2 0.0292015 0.0292488
2 0.00242517 0.00247206
1 0.00275934 0.00280557
1 0.00411699 0.00416305
1 0.00670432 0.00674981
1 0.112317 0.112361
1 0.018524 0.018568
1 0.00387841 0.00392158
2 0.00310145 0.00314412
1 0.00213908 0.00218171
2 0.0139597 0.0140022
2 0.003603 0.00364453
2 0.0150378 0.0150791
2 0.0221073 0.022148
1 0.00252423 0.0025639
1 0.0150994 0.0151385
1 0.00344127 0.00347994
1 0.00053198 0.000570077
2 0.00735739 0.00739491
2 0.00758884 0.00762589
1 0.00183677 0.00187375
2 0.0224786 0.0225151
1 0.00643755 0.00647369
1 0.00189439 0.00193003
1 0.0119404 0.0119759
1 0.00174073 0.00177599
1 0.000920115 0.000953824
1 0.00339475 0.00342763
2 0.00815679 0.00818897
1 0.00762011 0.00765225
1 0.00129927 0.00133109
2 0.0117274 0.0117576
1 0.00112848 0.00115848
2 0.0254284 0.0254582
2 0.00670537 0.00673504
1 0.00284011 0.0028692
1 0.00751692 0.00754544
1 0.116077 0.116104
2 0.006579 0.00660551
2 0.00161827 0.00164452
2 0.00281883 0.00284484
2 0.00437289 0.00439839
2 0.00190005 0.00192512
2 0.0216008 0.0216258
1 0.00575189 0.00577599
1 0.0132928 0.0133168
1 0.00772748 0.00775104
2 0.0252273 0.0252504
1 0.0162445 0.0162664
1 0.00105603 0.0010771
2 0.00723621 0.00725648
1 0.00599097 0.00601103
2 0.0071754 0.00719516
1 0.00702835 0.00704776
2 0.0444737 0.0444931
2 0.00718774 0.00720625
2 0.00693785 0.00695509
2 0.015408 0.0154248
2 0.0107988 0.0108156
2 0.0599974 0.0600136
1 0.00714907 0.00716421
1 0.00158685 0.0016018
2 0.00672239 0.00673705
1 0.00928497 0.00929963
1 0.0110271 0.0110414
1 0.00149641 0.00151028
1 0.00181565 0.00182929
1 0.00199371 0.00200706
2 0.00163589 0.00164912
1 0.00716275 0.00717588
2 0.0308426 0.0308555
1 0.00716572 0.00717843
1 0.0017125 0.00172479
2 0.0366089 0.0366208
2 0.00268199 0.00269362
1 0.0156792 0.0156907
2 0.00627244 0.00628349
2 0.00423386 0.00424482
1 0.000742094 0.000752
1 0.00192869 0.00193816
2 0.00227325 0.00228258
1 0.0250481 0.0250574
2 0.00536521 0.00537424
1 0.00170671 0.00171573
1 0.00615721 0.00616621
2 0.0197931 0.019802
1 0.00650594 0.00651455
2 0.00187501 0.00188353
1 0.000643939 0.000651408
2 0.00903901 0.00904618
2 0.00617966 0.00618683
1 0.00172414 0.00173107
2 0.031779 0.0317858
2 0.00331673 0.00332349
1 0.0017184 0.00172497
2 0.0036313 0.00363745
1 0.00138964 0.00139559
1 0.000815762 0.000821479
2 0.00349124 0.0034969
2 0.00149462 0.00150027
2 0.00675967 0.00676525
2 0.00210224 0.00210771
2 0.0078767 0.00788198
2 0.0337943 0.0337996
2 0.00661334 0.00661858
1 0.00417497 0.00417995
2 0.0154904 0.0154953
1 0.00739489 0.00739963
2 0.00706598 0.00707067
2 0.10598 0.105984
1 0.00741539 0.00741958
2 0.0027257 0.00272956
2 0.145714 0.145717
2 0.00598447 0.005988
1 0.0128304 0.0128338
1 0.0235861 0.0235895
1 0.00246022 0.00246324
1 0.00374963 0.00375218
1 0.00535188 0.00535424
2 0.00762143 0.00762325
2 0.0160598 0.0160616
1 0.000757913 0.000759598
1 0.00586758 0.00586926
2 0.00332335 0.00332489
1 0.00116061 0.00116194
1 0.00711694 0.00711825
2 0.164225 0.164226
1 0.00217945 0.00218072
1 0.00312981 0.00313108
1 0.0154945 0.0154958
2 0.0013766 0.00137768
1 0.00884658 0.00884756
1 0.00811636 0.00811729
2 0.0111191 0.01112
1 0.0112376 0.0112385
1 0.00199994 0.00200065
1 0.00577743 0.00577801
1 0.0175512 0.0175517
1 0.0310447 0.0310452
2 0.0063007 0.00630119
1 0.00798215 0.00798259
2 0.00517749 0.0051779
1 0.00502421 0.0050246
1 0.00586578 0.00586609
2 0.00538254 0.00538283
2 0.00151296 0.00151321
1 0.0424887 0.042489
1 0.00136476 0.001365
2 0.00367802 0.00367824
2 0.00160299 0.00160322
2 0.00224588 0.00224604
1 0.00234603 0.00234619
1 0.00341078 0.00341089
2 0.0637907 0.0637907
2 0.00430284 0.00430288
2 0.00784007 0.00784008
1 0.0248901 0.0248901
