0 0 inf
0 0 0.173666
0 0 0.0692716
0 0 0.0576858
0 0 0.0522097
0 0 0.0425407
0 0 0.0379924
0 0 0.0309324
0 0 0.029295
1 0.0269785 0.0541173
1 0.0612732 0.0877278
0 0 0.0264303
1 0.0194783 0.0457828
1 0.0288457 0.054751
1 0.0570125 0.081309
0 0 0.0224189
0 0 0.0220186
0 0 0.0210119
1 0.102155 0.122943
0 0 0.0193858
0 0 0.0185128
0 0 0.0178129
0 0 0.0168955
0 0 0.0168912
1 0.0278203 0.0442464
1 0.0250362 0.0413856
0 0 0.0160179
0 0 0.0158692
0 0 0.0134513
0 0 0.0133786
0 0 0.0128695
0 0 0.0115251
0 0 0.0113371
0 0 0.0113125
0 0 0.0111816
0 0 0.011175
0 0 0.0110002
1 0.0789586 0.0899122
2 0.0903125 0.101111
0 0 0.0106953
0 0 0.0104884
0 0 0.0104739
1 0.0310769 0.0413537
1 0.0653029 0.0755563
1 0.0225612 0.0327781
0 0 0.0101926
0 0 0.00964264
0 0 0.00962782
0 0 0.00929073
0 0 0.009271
0 0 0.00921343
0 0 0.00905553
0 0 0.00898739
1 0.0803112 0.0892379
0 0 0.00862489
0 0 0.00850483
0 0 0.00820446
1 0.199416 0.207587
1 0.013143 0.0209057
1 0.0188956 0.0265842
0 0 0.0076843
0 0 0.00750782
1 0.0222395 0.0294855
0 0 0.00689973
0 0 0.00653897
0 0 0.00649122
1 0.0227467 0.0288633
0 0 0.00610023
0 0 0.00597935
1 0.0229785 0.0287757
1 0.0192608 0.0250433
0 0 0.00551698
0 0 0.0054259
0 0 0.00536398
1 0.117121 0.122478
0 0 0.0053373
0 0 0.00524743
0 0 0.00518534
1 0.0132847 0.0184529
0 0 0.00508838
0 0 0.00485114
0 0 0.00477672
1 0.00440882 0.00917725
0 0 0.00444678
0 0 0.00440732
0 0 0.00440207
0 0 0.0042821
1 0.0661427 0.0704246
1 0.0190229 0.0231931
0 0 0.00405501
1 0.00656564 0.0105933
1 0.0293983 0.0333767
1 0.00650457 0.0104532
1 0.0076281 0.0115337
0 0 0.00384925
1 0.0353287 0.0391733
0 0 0.00383407
0 0 0.0038043
0 0 0.00379613
0 0 0.00377899
0 0 0.00376925
1 0.13614 0.139775
0 0 0.00362563
0 0 0.00362344
0 0 0.00354209
0 0 0.00352775
1 0.0123857 0.0158946
0 0 0.00347076
0 0 0.00346651
0 0 0.00346074
0 0 0.00345197
0 0 0.00327764
1 0.00636665 0.00963905
0 0 0.0032684
0 0 0.00325946
0 0 0.00322037
1 0.00223862 0.00544007
0 0 0.00317416
1 0.026092 0.0292512
0 0 0.00312185
2 0.054213 0.0573296
1 0.0169851 0.0200635
1 0.0202947 0.0233572
0 0 0.0030319
0 0 0.00301844
0 0 0.00291786
1 0.00510883 0.00802206
0 0 0.00286901
1 0.0290015 0.0318056
0 0 0.00277519
0 0 0.00269307
0 0 0.00266501
1 0.0136693 0.0163003
1 0.00329102 0.00588478
0 0 0.00252944
0 0 0.00251895
0 0 0.00248325
1 0.0288458 0.031312
0 0 0.00243472
1 0.00806376 0.0104778
1 0.00513316 0.0075386
1 0.0094366 0.0118066
1 0.00517627 0.00752952
0 0 0.00234816
0 0 0.00234136
1 0.00515665 0.00747903
0 0 0.00231346
0 0 0.00230684
1 0.0268185 0.0291134
0 0 0.00225642
0 0 0.00224667
0 0 0.00222444
1 0.00704017 0.00926028
1 0.0472332 0.0494246
0 0 0.00218279
0 0 0.0021754
0 0 0.00215271
0 0 0.00211673
0 0 0.00211126
1 0.0264176 0.0285243
0 0 0.00208936
1 0.056295 0.0583761
0 0 0.00207346
1 0.00236186 0.00443294
1 0.00687472 0.00892712
1 0.00282422 0.00483036
0 0 0.0019671
1 0.0282974 0.0302434
0 0 0.00192054
0 0 0.00190177
1 0.00692138 0.00881145
0 0 0.00188714
0 0 0.00186309
1 0.0206618 0.022509
0 0 0.00179221
0 0 0.00177243
1 0.00413114 0.00589987
0 0 0.00175469
1 0.00712477 0.00887496
0 0 0.00171842
1 0.0196526 0.0213577
0 0 0.00167658
2 0.0627145 0.0643805
1 0.00864718 0.0102948
1 0.00198556 0.00361074
0 0 0.00162102
2 0.0593887 0.0610033
1 0.0305335 0.0321469
1 0.0229959 0.0246089
0 0 0.00160978
0 0 0.00158828
0 0 0.0015807
1 0.00568733 0.00726784
1 0.00438396 0.00595436
1 0.0313399 0.0328808
1 0.0807705 0.0823095
1 0.0208256 0.0223632
0 0 0.00153098
0 0 0.00153053
1 0.00273532 0.00425234
0 0 0.00150282
0 0 0.00149852
0 0 0.00149207
0 0 0.00146058
1 0.0128326 0.0142783
0 0 0.00144078
1 0.00532359 0.00675705
0 0 0.0014265
1 0.0608466 0.0622715
1 0.0263551 0.0277759
0 0 0.00140641
0 0 0.00139732
0 0 0.0013426
0 0 0.00133304
1 0.00832693 0.00965741
0 0 0.00133012
0 0 0.00131577
0 0 0.00131338
1 0.0057391 0.00704853
1 0.006045 0.00734244
2 0.0983908 0.0996836
0 0 0.00128371
1 0.00255127 0.00382374
1 0.00768275 0.00895168
0 0 0.00126619
0 0 0.00125168
0 0 0.00124745
1 0.119932 0.12115
0 0 0.00121482
0 0 0.00120105
0 0 0.0011865
1 0.0163159 0.0174968
1 0.00724819 0.00842091
0 0 0.00117215
0 0 0.00115759
1 0.0177516 0.0188953
1 0.0525672 0.0537107
0 0 0.00113708
1 0.00730468 0.00844156
1 0.0284274 0.0295583
0 0 0.00111432
0 0 0.00111287
1 0.00396434 0.00506292
2 0.0607292 0.0618098
1 0.0137393 0.0148161
2 0.0206253 0.0216822
0 0 0.00104759
1 0.0044789 0.00552228
0 0 0.0010415
1 0.0037887 0.00482964
0 0 0.00102686
1 0.0148228 0.0158391
0 0 0.000991515
0 0 0.000990204
2 0.0268005 0.0277856
0 0 0.000975982
0 0 0.000971599
1 0.00624765 0.00721564
1 0.00526428 0.00620712
1 0.0160219 0.0169588
1 0.00556802 0.00650164
1 0.0171025 0.0180319
0 0 0.000926702
1 0.00105442 0.00196202
1 0.0108125 0.0117154
1 0.0328186 0.0337208
1 0.0738176 0.0747016
0 0 0.000856755
1 0.0568523 0.0577023
0 0 0.000846569
0 0 0.00084371
0 0 0.000842185
0 0 0.00083883
2 0.00991458 0.0107525
1 0.00703214 0.00786837
1 0.00413501 0.00496477
0 0 0.000826579
1 0.0134709 0.0142906
1 0.00288877 0.00368626
0 0 0.000774353
1 0.00954193 0.0103126
0 0 0.000762543
2 0.0104006 0.0111603
1 0.00200303 0.00276098
1 0.0147167 0.0154732
2 0.0420439 0.0427953
0 0 0.00074873
1 0.00144115 0.00218113
0 0 0.000736127
1 0.00296386 0.00369897
0 0 0.000727603
0 0 0.000711716
2 0.0312756 0.0319562
0 0 0.000661367
1 0.163288 0.163942
1 0.00325683 0.00390665
1 0.0574992 0.0581384
1 0.00288279 0.00351815
0 0 0.000634794
1 0.00793044 0.00856155
0 0 0.000612363
1 0.00808533 0.00868838
0 0 0.000595299
1 0.00395591 0.00454984
1 0.00124675 0.00183608
1 0.0779824 0.0785715
2 0.0920468 0.0926337
0 0 0.00058649
0 0 0.000583592
0 0 0.000582453
1 0.00253872 0.00311597
1 0.00884855 0.00942104
1 0.00609342 0.00666049
0 0 0.000564977
0 0 0.000564393
0 0 0.000560555
1 0.0090879 0.00964614
0 0 0.000554502
1 0.00476678 0.0053063
1 0.0279651 0.0285014
0 0 0.000533544
0 0 0.000532928
1 0.00571124 0.0062431
2 0.0100342 0.0105599
1 0.00826638 0.00879028
1 0.00794283 0.00846384
1 0.00786802 0.00838631
1 0.00387948 0.00439678
0 0 0.000514325
1 0.00547646 0.00598985
0 0 0.000509043
1 0.00745676 0.00795882
0 0 0.000501976
1 0.0955524 0.0960483
0 0 0.000493725
1 0.00439776 0.00488147
1 0.022461 0.0229446
1 0.0118667 0.0123482
1 0.00539753 0.00587704
1 0.00116933 0.00164839
2 0.0081121 0.00858832
2 0.0101151 0.0105891
2 0.00585381 0.00632375
1 0.00504163 0.00551089
0 0 0.000467694
1 0.00557881 0.00604404
0 0 0.000456974
1 0.00446344 0.00491798
1 0.00615938 0.00661042
2 0.00701515 0.00746254
1 0.0014495 0.00189408
1 0.00613767 0.00657917
1 0.00703779 0.00747729
2 0.0288423 0.0292716
1 0.00192227 0.00234489
1 0.00602587 0.0064426
1 0.0257569 0.0261728
1 0.0023787 0.00279067
1 0.0088811 0.00928831
1 0.0277813 0.0281885
1 0.00546566 0.0058704
1 0.00381326 0.00421713
2 0.0073932 0.00778875
1 0.00210898 0.0025018
1 0.000852533 0.00124342
1 0.0150511 0.0154323
1 0.00801753 0.00839632
2 0.0106766 0.0110514
2 0.029365 0.0297378
1 0.00244803 0.00282044
1 0.0207749 0.0211452
2 0.0112376 0.0116037
0 0 0.000364259
1 0.00541314 0.00577504
1 0.00183921 0.0021978
1 0.02879 0.029141
1 0.00729897 0.007649
1 0.112869 0.113218
1 0.0146811 0.0150284
1 0.00262631 0.00297093
2 0.0634449 0.0637879
0 0 0.000338778
1 0.0284499 0.0287866
2 0.00966498 0.0100014
2 0.0748104 0.0751403
1 0.00351392 0.00384103
2 0.00910848 0.00943116
1 0.0648379 0.0651574
0 0 0.000318732
1 0.0224644 0.0227813
2 0.0121858 0.0125019
1 0.00139147 0.00170345
1 0.00938486 0.00969631
0 0 0.000302303
1 0.0156414 0.0159421
1 0.0090894 0.00938973
1 0.00211451 0.00241448
1 0.00591352 0.00620941
1 0.0059375 0.00622192
2 0.00907803 0.00936005
2 0.0142678 0.0145455
1 0.00870033 0.00897775
1 0.00908832 0.00936558
1 0.0029015 0.00317101
1 0.00147032 0.00173895
1 0.00467314 0.00494173
0 0 0.000268018
1 0.00479604 0.00506305
1 0.00112478 0.00138348
2 0.00183859 0.00209428
1 0.00145843 0.00171183
1 0.0285758 0.0288264
1 0.00173421 0.00198475
0 0 0.000245826
2 0.164911 0.16515
0 0 0.00023772
0 0 0.000234485
1 0.0155562 0.0157906
1 0.00398118 0.00421379
1 0.0617601 0.0619908
2 0.0246136 0.0248405
1 0.00118168 0.0014042
1 0.003861 0.00408262
1 0.0115556 0.0117754
1 0.0114526 0.0116712
1 0.00201093 0.00222806
2 0.00942652 0.00964119
1 0.00280748 0.00302076
1 0.00420729 0.00441753
2 0.00299247 0.0032019
1 0.00157199 0.0017811
1 0.00114935 0.00135529
1 0.00795102 0.00815533
1 0.00114092 0.00134488
1 0.0114321 0.0116285
1 0.00967258 0.00986831
1 0.00142243 0.00161705
0 0 0.000193805
2 0.0105523 0.0107446
1 0.0111081 0.0112969
1 0.00209566 0.00228362
1 0.00454522 0.00473194
2 0.0538277 0.05401
1 0.00412644 0.00430398
1 0.0234464 0.0236224
1 0.00527529 0.00544995
2 0.0324236 0.032596
1 0.0200935 0.0202652
1 0.00322017 0.0033887
1 0.016471 0.0166385
1 0.00477137 0.00493777
1 0.00222038 0.00238593
1 0.0075943 0.00775647
1 0.00667317 0.00683439
1 0.00327928 0.0034369
1 0.00318818 0.00334572
1 0.00148563 0.00164125
1 0.0535807 0.0537363
1 0.00708709 0.00723827
1 0.00212877 0.00227924
2 0.0588388 0.0589852
1 0.00118262 0.00132893
1 0.00301712 0.00316218
2 0.0266431 0.0267823
1 0.0204445 0.0205816
2 0.0220909 0.0222266
0 0 0.000134786
1 0.0232449 0.0233761
1 0.00223134 0.00236136
1 0.00282085 0.00294921
1 0.0373724 0.0375007
2 0.0585427 0.0586706
1 0.00153285 0.00165871
1 0.00227166 0.00239688
1 0.0736535 0.0737777
1 0.00456661 0.00469067
2 0.0167261 0.0168495
2 0.0963035 0.0964264
1 0.00427313 0.00439334
1 0.00238337 0.00250162
1 0.0115768 0.0116947
1 0.0332194 0.0333371
1 0.00238455 0.00250145
1 0.00383825 0.0039536
1 0.0144118 0.0145255
1 0.00416475 0.00427788
0 0 0.000105515
2 0.00399594 0.00410121
1 0.00383113 0.00393585
1 0.0158332 0.0159362
1 0.00171237 0.00181315
1 0.00316855 0.0032665
1 0.00394234 0.00403798
2 0.0103278 0.010423
1 0.00607841 0.00617188
2 0.0285121 0.0286053
1 0.0021173 0.00220994
1 0.0477148 0.047806
2 0.046272 0.0463632
2 0.00736496 0.00745568
1 0.00219231 0.00228202
2 0.0284949 0.0285841
1 0.0014712 0.00155644
1 0.000715036 0.000798664
1 0.0199262 0.0200097
2 0.00279126 0.00287325
1 0.0196609 0.0197384
1 0.0549624 0.0550388
1 0.00463556 0.00471136
1 0.00106572 0.00114068
1 0.00279358 0.00286744
1 0.00870612 0.00877899
1 0.00120735 0.00127898
1 0.010009 0.0100804
1 0.00412552 0.00419678
2 0.108045 0.108115
1 0.0194624 0.0195307
2 0.061976 0.0620443
1 0.00406922 0.0041372
1 0.00435302 0.00442063
1 0.0124905 0.0125578
2 0.00725734 0.00732181
1 0.00821996 0.0082828
2 0.010523 0.0105852
1 0.00161222 0.00167273
2 0.0112706 0.0113309
1 0.0077317 0.00779109
1 0.0192491 0.0193081
2 0.0984379 0.0984968
1 0.0279407 0.0279996
2 0.00620671 0.00626397
2 0.00210102 0.00215681
1 0.00643461 0.0064901
1 0.00813631 0.00819053
2 0.0109349 0.0109889
1 0.00173242 0.00178566
2 0.0427624 0.0428155
1 0.00264821 0.00270082
1 0.0131492 0.0132017
1 0.00310354 0.00315517
1 0.0025948 0.00264511
1 0.00729866 0.00734881
1 0.105517 0.105567
1 0.00357383 0.00362367
1 0.00171117 0.00176086
2 0.0144878 0.0145372
1 0.107329 0.107378
1 0.000774887 0.000823677
2 0.00365436 0.00370224
1 0.0305708 0.0306184
2 0.0167475 0.0167945
2 0.00172122 0.00176746
1 0.0269009 0.0269445
2 0.00980861 0.00984999
2 0.00836819 0.00840836
2 0.0167985 0.0168379
1 0.00304664 0.00308575
2 0.026019 0.0260571
2 0.0577127 0.0577504
2 0.0960567 0.0960941
1 0.00694144 0.00697806
2 0.0588389 0.0588743
2 0.00188223 0.00191753
1 0.00661016 0.00664544
1 0.00655497 0.00659022
1 0.108002 0.108037
1 0.00297013 0.00300409
2 0.00552113 0.0055548
2 0.029576 0.0296092
1 0.00377788 0.00381112
1 0.00548252 0.00551519
2 0.00546744 0.00549933
2 0.00988989 0.00992152
1 0.0155212 0.0155528
1 0.0090305 0.00906199
2 0.00591399 0.00594514
2 0.00677308 0.00680227
1 0.00871964 0.0087488
1 0.0089352 0.00896352
1 0.00298755 0.00301476
1 0.00905923 0.00908615
1 0.00220857 0.00223548
1 0.00412668 0.00415213
2 0.00165433 0.00167947
2 0.00659419 0.0066193
1 0.00672685 0.00675194
1 0.0157642 0.0157889
1 0.00278138 0.00280584
2 0.00681858 0.00684269
2 0.114083 0.114106
1 0.0320252 0.0320478
2 0.0024409 0.00246353
2 0.00248499 0.00250705
1 0.00464817 0.00467014
1 0.00107783 0.00109971
1 0.0033421 0.00336357
1 0.00423141 0.00425288
2 0.00185312 0.00187453
1 0.0538878 0.0539077
2 0.00902331 0.009042
1 0.00281911 0.00283747
2 0.00188142 0.00189941
2 0.0168387 0.0168566
1 0.00759649 0.00761426
2 0.106159 0.106177
1 0.0868713 0.0868886
1 0.0110961 0.0111129
2 0.00724451 0.00725999
1 0.00572924 0.0057445
2 0.0106512 0.0106661
2 0.0917951 0.0918087
2 0.023421 0.0234337
1 0.00221847 0.00223104
2 0.0375393 0.0375516
2 0.00233491 0.00234714
2 0.00381848 0.00383043
2 0.00937012 0.00938175
1 0.0142453 0.0142569
1 0.0432139 0.0432253
2 0.0266344 0.0266456
1 0.00184999 0.00186114
2 0.00191848 0.00192956
1 0.00206207 0.00207256
1 0.0788423 0.0788525
2 0.0111235 0.0111333
1 0.00293849 0.00294823
1 0.00475968 0.00476922
1 0.0216222 0.0216316
1 0.00260288 0.0026123
2 0.0110174 0.0110268
2 0.0118455 0.0118547
2 0.00775849 0.0077675
2 0.00596854 0.00597747
1 0.00931993 0.00932863
2 0.00731439 0.00732305
2 0.00804152 0.00805006
2 0.0239548 0.0239631
1 0.00521219 0.00522014
2 0.00349798 0.00350552
1 0.00402031 0.00402779
1 0.0050739 0.00508132
1 0.0217789 0.0217856
1 0.0407035 0.0407098
1 0.00102768 0.00103384
1 0.00406178 0.00406793
1 0.00379375 0.00379938
2 0.0143542 0.0143594
1 0.00191191 0.0019169
1 0.0290357 0.0290403
2 0.00469556 0.00470021
2 0.0148775 0.014882
1 0.0618073 0.0618116
1 0.00803311 0.00803736
2 0.0216753 0.0216795
1 0.00130411 0.001308
2 0.00279877 0.00280262
1 0.00714891 0.00715271
2 0.00949528 0.00949896
2 0.00605672 0.00606038
2 0.0145717 0.0145752
1 0.0081783 0.0081817
2 0.0042061 0.00420945
2 0.0425617 0.042565
2 0.0109024 0.0109056
1 0.00477083 0.00477384
1 0.00951945 0.00952224
2 0.0105966 0.0105993
1 0.0108889 0.0108915
2 0.0332446 0.0332471
2 0.00203776 0.00204023
1 0.00131452 0.00131698
1 0.00597415 0.00597654
1 0.00532319 0.00532553
1 0.00179585 0.00179818
1 0.00194381 0.00194613
1 0.00412984 0.00413211
1 0.0104636 0.0104658
2 0.00305468 0.00305683
1 0.0180117 0.0180138
1 0.00572243 0.0057244
1 0.0074062 0.0074081
2 0.0067996 0.00680146
2 0.00695901 0.0069607
2 0.0459836 0.045985
2 0.00476682 0.00476825
2 0.0502641 0.0502653
1 0.00433327 0.0043344
2 0.00934661 0.00934762
1 0.00186604 0.00186705
1 0.00782053 0.00782153
2 0.00140539 0.00140629
2 0.00205974 0.00206064
1 0.0027237 0.00272449
2 0.00300932 0.00301005
2 0.0159565 0.015957
2 0.0111273 0.0111279
2 0.0111744 0.0111747
1 0.00975395 0.00975417
1 0.000894852 0.000895037
1 0.0271483 0.0271485
2 0.00204301 0.00204312
1 0.00285075 0.00285085
2 0.006082 0.00608201
1 0.0136741 0.0136741
2 0.00409906 0.00409906
