0 0 inf
0 0 0.115945
0 0 0.0670017
0 0 0.0663509
0 0 0.0532297
0 0 0.0428614
1 0.0751456 0.11737
0 0 0.0391686
0 0 0.0335812
1 0.0672424 0.100397
0 0 0.0320375
0 0 0.0305287
0 0 0.0288819
0 0 0.0280791
0 0 0.0263639
0 0 0.025333
0 0 0.0233584
0 0 0.0222473
0 0 0.0217198
0 0 0.0205563
0 0 0.0187522
0 0 0.0182746
1 0.0144897 0.0320792
1 0.106777 0.122846
0 0 0.0160129
0 0 0.0157262
0 0 0.0148029
1 0.187372 0.201149
1 0.0213169 0.0345508
1 0.0339881 0.046133
0 0 0.011663
1 0.125722 0.137164
0 0 0.0110954
0 0 0.0110134
1 0.0161564 0.0270713
1 0.0281977 0.0381439
0 0 0.00985279
0 0 0.00975766
1 0.186322 0.195122
0 0 0.00856433
1 0.180434 0.188863
0 0 0.00811025
0 0 0.00797396
1 0.0459557 0.0537261
1 0.0464087 0.0536042
0 0 0.00718962
0 0 0.00704154
0 0 0.00665276
1 0.0377623 0.0442137
0 0 0.00629797
0 0 0.00600279
0 0 0.00595326
0 0 0.00594985
0 0 0.00588625
1 0.0198808 0.0257516
0 0 0.00587077
0 0 0.00566774
1 0.0413245 0.0468763
0 0 0.00544739
1 0.0590342 0.064372
0 0 0.00533642
0 0 0.0052881
0 0 0.00525279
0 0 0.00519058
0 0 0.0050272
1 0.0495862 0.0545935
0 0 0.00496492
0 0 0.00485968
0 0 0.00483136
1 0.0471378 0.051603
0 0 0.00439934
0 0 0.00434615
0 0 0.00426787
0 0 0.00418531
0 0 0.004113
1 0.00883515 0.0129478
0 0 0.00408831
0 0 0.00407876
0 0 0.00406287
1 0.0646303 0.0685295
0 0 0.00388706
0 0 0.00388703
2 0.113395 0.117253
0 0 0.00385823
1 0.00627005 0.010028
0 0 0.00371835
1 0.0232577 0.0269491
0 0 0.0036566
0 0 0.00360574
0 0 0.00360422
0 0 0.00351627
1 0.00283879 0.00633896
0 0 0.00348636
0 0 0.00346865
0 0 0.00343644
0 0 0.00339691
0 0 0.0033244
0 0 0.00327632
1 0.108616 0.11174
0 0 0.00312232
1 0.0296714 0.0327477
0 0 0.00306711
0 0 0.00305167
0 0 0.00301466
0 0 0.00292242
1 0.00611543 0.00903094
0 0 0.0029059
1 0.0232747 0.0261491
0 0 0.00284903
2 0.129139 0.131972
1 0.0790814 0.0818895
1 0.00925558 0.0120034
1 0.0185848 0.0212873
0 0 0.00265143
0 0 0.00260213
0 0 0.00259597
0 0 0.00253576
0 0 0.00251877
1 0.0716087 0.074101
0 0 0.00247908
0 0 0.00247266
0 0 0.00246094
2 0.0478884 0.0503212
1 0.0205159 0.0229465
1 0.0225912 0.0250152
2 0.189611 0.192033
0 0 0.00228016
0 0 0.00215858
0 0 0.00215774
0 0 0.00214244
0 0 0.00212422
0 0 0.00212366
1 0.00252326 0.00463217
1 0.0640105 0.0660824
1 0.0473281 0.0493962
0 0 0.00204362
0 0 0.00202323
1 0.0407955 0.042815
0 0 0.00200499
2 0.0360176 0.0379477
2 0.0929564 0.094885
1 0.00616349 0.00808598
0 0 0.00189841
0 0 0.00189838
1 0.00268603 0.00457906
0 0 0.00188457
1 0.095201 0.097071
1 0.0053725 0.00723636
1 0.0921925 0.0940439
1 0.00221586 0.00406597
0 0 0.00184219
0 0 0.00184152
0 0 0.00182928
0 0 0.00181123
1 0.00227865 0.00408058
0 0 0.00179206
1 0.186735 0.188521
0 0 0.00177905
0 0 0.00175063
0 0 0.00171354
0 0 0.00170697
1 0.00585465 0.00755846
1 0.00207773 0.00375949
0 0 0.00166952
0 0 0.00166201
1 0.0065954 0.00821889
0 0 0.00161159
0 0 0.0015891
1 0.0090291 0.0106134
1 0.00197138 0.0035193
0 0 0.00153814
2 0.0700901 0.0716098
0 0 0.00151838
2 0.10461 0.106088
1 0.037922 0.0393701
1 0.113381 0.114826
1 0.0503645 0.0517837
1 0.0175581 0.0189739
0 0 0.001406
0 0 0.00140557
0 0 0.00140001
1 0.0885169 0.0899169
1 0.0021706 0.00356384
1 0.0370878 0.0384569
0 0 0.00136394
1 0.00627192 0.00762201
1 0.00448019 0.00583
1 0.00624196 0.00758778
0 0 0.00134453
1 0.0373917 0.0387252
0 0 0.00133153
0 0 0.00133072
1 0.00572445 0.00702501
0 0 0.00129796
0 0 0.00129636
0 0 0.00128081
0 0 0.0012641
1 0.0220507 0.0233135
1 0.00234277 0.00359347
0 0 0.00124056
0 0 0.00123421
0 0 0.00123057
0 0 0.00122605
0 0 0.00122572
1 0.00131784 0.00252201
1 0.00806542 0.0092633
1 0.0117701 0.0129654
1 0.00339391 0.00458506
1 0.00444123 0.00562986
1 0.00329197 0.00444716
1 0.0329785 0.034113
2 0.0162374 0.0173704
0 0 0.00113264
0 0 0.00112573
0 0 0.00112145
0 0 0.00111902
1 0.0232194 0.0243295
1 0.00197863 0.00305432
1 0.00431442 0.00536982
1 0.00362898 0.0046805
1 0.00432601 0.00537457
1 0.0499718 0.0510171
1 0.00770766 0.00875088
0 0 0.00104135
1 0.00918555 0.0102173
0 0 0.00103004
1 0.00528264 0.006306
1 0.126438 0.127455
1 0.0091631 0.0101711
0 0 0.00100655
1 0.00263439 0.00363689
1 0.0186489 0.0196414
1 0.0216811 0.0226685
2 0.027838 0.028817
1 0.00201159 0.00298533
0 0 0.00096647
1 0.0038835 0.00484552
0 0 0.000958801
1 0.00616448 0.00711478
0 0 0.000945419
1 0.00335737 0.00428755
0 0 0.000925985
0 0 0.000906803
0 0 0.000905408
0 0 0.000904509
0 0 0.000899474
1 0.00632429 0.00720504
2 0.0114823 0.0123574
0 0 0.000866671
1 0.0111152 0.0119717
0 0 0.000852122
0 0 0.000851484
1 0.00516109 0.00601115
2 0.0478908 0.0487194
1 0.0393725 0.0401981
1 0.00625713 0.00706603
0 0 0.000795535
1 0.00186118 0.00265581
0 0 0.000786758
0 0 0.00078564
2 0.0381586 0.0389434
0 0 0.000781498
0 0 0.000779705
1 0.0285899 0.0293674
1 0.0162749 0.0170521
1 0.00552961 0.0063001
1 0.00819653 0.00896547
1 0.0295871 0.0303514
1 0.00925094 0.0100139
0 0 0.000755195
2 0.0511109 0.0518615
1 0.0177639 0.0184972
1 0.00287664 0.00360959
0 0 0.000731392
1 0.0205605 0.0212852
0 0 0.000714127
1 0.0767521 0.07746
1 0.0166342 0.0173358
1 0.00321606 0.00391575
1 0.00430345 0.00499983
1 0.00776003 0.00844612
0 0 0.000683315
0 0 0.000663607
0 0 0.000662628
1 0.00369276 0.00434742
0 0 0.00065164
0 0 0.000650222
0 0 0.000644247
1 0.00797786 0.00861234
0 0 0.000633709
0 0 0.000630121
0 0 0.000627131
2 0.0547575 0.0553672
0 0 0.000605932
0 0 0.000598769
0 0 0.000598332
1 0.001363 0.00194899
2 0.061413 0.0619951
1 0.0548314 0.0554048
1 0.00365126 0.00422073
0 0 0.000567115
0 0 0.000557651
2 0.0673067 0.067863
1 0.0516067 0.0521592
1 0.018311 0.0188583
1 0.0027004 0.00324012
1 0.0115083 0.0120466
1 0.00586835 0.00639978
1 0.0213457 0.0218726
1 0.00236844 0.00289236
1 0.0459228 0.0464448
1 0.0271703 0.0276893
2 0.132449 0.132968
1 0.00459361 0.00511025
0 0 0.000512606
0 0 0.000509717
2 0.0121628 0.0126644
0 0 0.000486569
1 0.0325195 0.0329989
0 0 0.00047894
1 0.0142852 0.0147605
1 0.0109401 0.0114109
1 0.00548184 0.00593418
1 0.0836529 0.0841051
1 0.0324195 0.0328708
0 0 0.000451225
1 0.0335019 0.0339478
1 0.0148131 0.0152554
1 0.00303829 0.00346887
0 0 0.000428069
1 0.0280414 0.0284676
0 0 0.000415823
0 0 0.000401279
1 0.0531241 0.0535206
1 0.00686289 0.00725901
1 0.00276762 0.00315908
1 0.0387577 0.0391483
1 0.00369925 0.00408822
0 0 0.000384248
0 0 0.000383242
1 0.00542527 0.00580688
1 0.00933203 0.00971106
1 0.000817265 0.00119272
0 0 0.000370737
1 0.00499348 0.00535982
1 0.00359225 0.00395851
0 0 0.000363654
1 0.017477 0.0178401
1 0.00219896 0.00256176
0 0 0.000361149
1 0.0250015 0.0253525
2 0.0295915 0.0299401
0 0 0.000346376
1 0.00976316 0.0101076
1 0.00226972 0.00261324
1 0.0150105 0.0153509
0 0 0.000335254
1 0.11458 0.114911
0 0 0.000325963
1 0.0747852 0.0751051
1 0.0309983 0.031312
2 0.00636052 0.00667375
1 0.00189563 0.00220849
1 0.00970946 0.0100216
2 0.015069 0.0153778
0 0 0.00030655
0 0 0.000301848
1 0.00321594 0.00351564
1 0.00219691 0.00249435
1 0.00154371 0.00184055
1 0.00228496 0.00258001
1 0.00869271 0.00898401
1 0.0100311 0.0103218
1 0.00248002 0.00276679
1 0.00929635 0.00958194
1 0.017353 0.0176365
1 0.00388354 0.00415099
1 0.00202927 0.00229235
1 0.0246049 0.0248668
0 0 0.000259271
2 0.00269654 0.00295393
1 0.0144866 0.0147365
0 0 0.000246167
1 0.0130615 0.0133049
1 0.123866 0.124109
1 0.00884068 0.00908158
1 0.00878409 0.00902077
1 0.00471692 0.00495246
1 0.00231168 0.00254443
1 0.00149007 0.00172035
2 0.195682 0.195912
2 0.0702397 0.0704653
1 0.00219353 0.0024178
1 0.0112717 0.0114958
1 0.183571 0.183794
2 0.0117983 0.0120206
1 0.00351407 0.00373428
1 0.0059145 0.00613211
1 0.00180934 0.00202382
1 0.00692397 0.00713684
1 0.00231991 0.00252796
1 0.00252774 0.00273185
1 0.0107819 0.0109835
1 0.00333923 0.00354048
2 0.00683797 0.00703601
2 0.0375495 0.0377475
1 0.00613205 0.00632585
1 0.00663129 0.00682089
1 0.0225129 0.0226997
2 0.0766438 0.0768243
2 0.0188274 0.0190067
1 0.00666391 0.00683923
2 0.0194434 0.0196185
1 0.00131552 0.001489
1 0.00536706 0.00554047
1 0.0102787 0.0104511
1 0.000948674 0.00111923
1 0.0111971 0.0113676
1 0.0120893 0.012259
0 0 0.000168658
1 0.00258199 0.00274835
1 0.00129823 0.00146107
0 0 0.000160698
1 0.00243789 0.00259832
1 0.00188227 0.00204094
2 0.0046318 0.00479015
0 0 0.000158073
1 0.0036002 0.00375518
1 0.00387113 0.00402486
2 0.0712959 0.0714482
1 0.00521365 0.00536233
2 0.00936041 0.00950586
1 0.00378836 0.00393345
1 0.000703714 0.00084184
1 0.00267437 0.0028118
1 0.0217046 0.0218403
1 0.0115564 0.0116912
1 0.0476745 0.0478086
2 0.0339776 0.0341093
1 0.00773219 0.00786309
1 0.0108284 0.0109572
1 0.000635508 0.000761624
1 0.00150745 0.00163322
1 0.00624359 0.0063678
1 0.00415335 0.00427458
1 0.0314769 0.0315981
1 0.00815913 0.00827831
2 0.00543411 0.00555273
1 0.0159303 0.0160489
1 0.00276956 0.00288656
1 0.00646173 0.00657565
2 0.00594492 0.00605444
1 0.00430944 0.00441742
1 0.00431497 0.00441942
2 0.00465002 0.0047543
2 0.0112108 0.0113145
1 0.00493347 0.00503009
2 0.0484791 0.048575
2 0.0144031 0.0144988
2 0.00923772 0.00933329
1 0.00757596 0.00767139
1 0.005041 0.00513283
2 0.00497146 0.00506262
1 0.0725525 0.0726428
2 0.0113744 0.0114645
1 0.032598 0.0326877
1 0.0413542 0.041443
1 0.0882883 0.0883771
2 0.0121672 0.0122534
1 0.00283938 0.00292305
1 0.00809349 0.00817706
1 0.00431928 0.00440279
1 0.0530184 0.0531017
1 0.00535727 0.0054402
1 0.0695395 0.0696219
2 0.00738743 0.00746786
1 0.00229 0.00237015
1 0.00131511 0.00139271
2 0.0103212 0.0103981
1 0.00418545 0.00426215
1 0.0016142 0.00168957
2 0.0227388 0.0228141
2 0.0347546 0.0348299
2 0.0133471 0.0134213
1 0.00207848 0.0021521
0 0 7.35586e-05
1 0.00887639 0.00894857
1 0.00196085 0.00203081
2 0.0190976 0.0191663
1 0.0215867 0.0216549
2 0.00519712 0.00526402
1 0.0153401 0.0154069
1 0.00237474 0.00244113
1 0.00169567 0.00176132
1 0.00934352 0.00940871
2 0.00892976 0.00899413
1 0.00697857 0.00704165
1 0.00494556 0.00500563
2 0.00884067 0.00889825
2 0.022701 0.0227584
1 0.00131705 0.00137406
1 0.00142715 0.00148403
1 0.00225492 0.00231164
1 0.00793156 0.00798813
2 0.00472072 0.00477636
0 0 5.50492e-05
1 0.00420116 0.00425519
2 0.0222124 0.0222664
2 0.00372568 0.00377947
2 0.0165399 0.0165936
1 0.00114046 0.00119307
0 0 5.22615e-05
2 0.00290246 0.00295421
1 0.0265755 0.026627
1 0.000478525 0.000529307
0 0 5.05732e-05
1 0.00315175 0.00320176
1 0.00601895 0.00606853
1 0.00239417 0.00244349
1 0.00192032 0.00196813
1 0.0163912 0.0164384
1 0.00145182 0.00149805
1 0.00578023 0.00582569
1 0.00175734 0.00180279
1 0.00191377 0.00195751
1 0.00953194 0.00957364
0 0 4.1233e-05
2 0.0156972 0.0157357
1 0.000922361 0.000960315
1 0.00586495 0.00590265
1 0.00283402 0.00287121
2 0.188791 0.188827
0 0 3.63236e-05
2 0.00398073 0.0040169
1 0.0330425 0.0330784
1 0.0608102 0.0608458
1 0.00153888 0.00157394
2 0.0030748 0.00310911
1 0.00160274 0.00163676
2 0.00260966 0.00264311
2 0.0308222 0.030855
1 0.0140095 0.0140418
1 0.0102598 0.0102918
2 0.011436 0.011468
1 0.00414872 0.00418056
1 0.00302457 0.00305635
1 0.00462512 0.00465672
2 0.0144082 0.014439
2 0.116446 0.116475
1 0.00112081 0.00114947
2 0.00666095 0.00668909
1 0.00396196 0.00398923
2 0.0116033 0.0116305
2 0.00383618 0.00386321
2 0.033206 0.0332328
1 0.00312249 0.00314803
1 0.00149535 0.0015207
1 0.00194702 0.00197164
2 0.00365465 0.00367917
1 0.00370901 0.00373341
1 0.00382664 0.0038508
2 0.00473807 0.00476208
1 0.0226966 0.0227205
1 0.0010873 0.00111049
1 0.00849467 0.00851749
1 0.0303902 0.0304124
2 0.0330717 0.0330936
2 0.0494248 0.0494464
2 0.00615849 0.00617865
2 0.00266561 0.00268542
1 0.00258354 0.00260312
1 0.00778124 0.00780069
1 0.00185001 0.00186916
1 0.00374528 0.00376407
0 0 1.80251e-05
2 0.00878668 0.00880361
1 0.00820913 0.00822604
1 0.00356458 0.00358101
1 0.00215313 0.00216937
1 0.00110427 0.00112027
1 0.00318133 0.00319717
2 0.00568256 0.00569829
1 0.00251491 0.00253041
1 0.000492019 0.000507352
2 0.0038252 0.00383882
2 0.00268509 0.00269862
1 0.00287878 0.00289223
1 0.00427373 0.00428661
2 0.00401351 0.00402629
1 0.00111071 0.00112322
1 0.00406797 0.0040804
1 0.102035 0.102048
2 0.00213145 0.00214355
1 0.015474 0.0154854
1 0.00141492 0.0014262
1 0.00234334 0.00235459
1 0.000595228 0.0006058
1 0.00566893 0.0056795
2 0.00929784 0.00930805
1 0.00281884 0.00282867
1 0.00367994 0.00368973
1 0.011083 0.0110918
1 0.0129964 0.0130051
1 0.00206312 0.00207137
1 0.00537076 0.00537845
1 0.00311647 0.00312339
2 0.00275673 0.00276299
1 0.000664989 0.000670619
2 0.00581387 0.00581939
1 0.00250524 0.0025104
2 0.00198275 0.00198773
1 0.00154223 0.00154712
1 0.000640395 0.000645275
1 0.0531273 0.0531321
2 0.00448928 0.00449399
1 0.0046275 0.00463138
2 0.0290203 0.029024
2 0.00540203 0.00540573
1 0.0202696 0.0202732
1 0.00751957 0.00752309
1 0.00610529 0.00610872
1 0.00405488 0.00405824
2 0.00409889 0.00410213
1 0.0136964 0.0136995
2 0.00352779 0.00353082
1 0.00218894 0.00219187
1 0.00194817 0.00195107
2 0.00406558 0.00406845
1 0.00404969 0.00405206
1 0.0018747 0.001877
1 0.00645808 0.00646034
1 0.00448104 0.00448327
2 0.00412837 0.00413033
1 0.00412442 0.00412637
2 0.00443282 0.00443451
1 0.0032327 0.00323432
2 0.011709 0.0117105
1 0.0378524 0.0378538
1 0.0038929 0.00389387
2 0.0333413 0.0333423
2 0.00270661 0.00270749
2 0.00200162 0.00200225
2 0.00401834 0.00401872
2 0.00574245 0.00574275
2 0.00253692 0.00253721
1 0.00482532 0.00482557
1 0.0143776 0.0143778
1 0.00135998 0.00136017
1 0.0184612 0.0184614
1 0.00404587 0.00404603
2 0.0120639 0.012064
1 0.000884907 0.000885035
1 0.00310589 0.00310601
1 0.037324 0.0373241
2 0.00447162 0.00447169
1 0.00965927 0.00965932
1 0.00976035 0.00976039
2 0.198162 0.198163
2 0.0048305 0.00483051
1 0.111777 0.111777
