0 0 inf
0 0 0.127065
0 0 0.0605755
0 0 0.0396036
0 0 0.0386451
0 0 0.0383796
0 0 0.0371531
0 0 0.0345289
0 0 0.0329153
1 0.0378521 0.0673908
1 0.0389948 0.0672755
0 0 0.0239223
0 0 0.0230939
1 0.0604626 0.0793699
0 0 0.0185865
0 0 0.0169665
0 0 0.0168767
0 0 0.0165648
0 0 0.0161322
0 0 0.0152686
0 0 0.01465
0 0 0.014557
0 0 0.0145156
0 0 0.0139749
1 0.0354993 0.0494317
0 0 0.01336
0 0 0.0127274
0 0 0.0120111
1 0.023927 0.0356643
0 0 0.0116606
1 0.0265164 0.0380918
0 0 0.0113728
1 0.0457501 0.0568496
1 0.0414405 0.0523437
0 0 0.0108406
0 0 0.0107873
0 0 0.0107456
1 0.0122825 0.0230113
1 0.0177737 0.0284855
1 0.0442147 0.0547153
0 0 0.0101877
0 0 0.00999981
0 0 0.00963337
0 0 0.00932676
1 0.0228685 0.0314845
0 0 0.0085157
0 0 0.00811673
1 0.00821772 0.0163159
0 0 0.00801382
0 0 0.00769076
1 0.177193 0.184855
1 0.0417139 0.0493718
2 0.067445 0.0749332
0 0 0.00710369
1 0.0319666 0.0388543
0 0 0.00686721
0 0 0.00683513
0 0 0.00678327
0 0 0.00674335
0 0 0.00664344
0 0 0.00645737
0 0 0.00616578
0 0 0.00616311
0 0 0.00603033
0 0 0.0057459
0 0 0.00561428
0 0 0.00524129
0 0 0.0052129
0 0 0.00518955
0 0 0.00500361
0 0 0.00472712
0 0 0.00469975
0 0 0.00468534
0 0 0.00441722
1 0.0149581 0.0193491
1 0.0261337 0.0305097
1 0.0296456 0.0339669
1 0.0176597 0.0217877
0 0 0.00412601
0 0 0.00411946
0 0 0.00396965
1 0.00532351 0.0092892
1 0.0260136 0.0299414
1 0.0441284 0.0479071
0 0 0.00375769
2 0.00987806 0.0136313
0 0 0.00355558
0 0 0.00351817
1 0.00346951 0.00689041
0 0 0.00338938
0 0 0.00335922
1 0.010038 0.0133441
1 0.0340143 0.0373078
1 0.199292 0.202515
0 0 0.00317248
1 0.011 0.0141117
0 0 0.00308919
0 0 0.0030877
1 0.0180363 0.02108
0 0 0.00302539
0 0 0.00298401
0 0 0.00282798
0 0 0.00270043
1 0.0316466 0.0343313
0 0 0.00261135
2 0.0337292 0.0363026
1 0.0121172 0.0146705
0 0 0.00249126
0 0 0.00246118
1 0.004446 0.0068675
0 0 0.00241149
1 0.0346489 0.0369957
1 0.0531017 0.0554361
0 0 0.00230321
1 0.0286789 0.0309155
0 0 0.00218503
1 0.00775984 0.00985367
0 0 0.00208789
1 0.00747163 0.00955365
1 0.0045265 0.00659488
1 0.0140516 0.0161118
0 0 0.00204421
0 0 0.00202291
0 0 0.00201316
1 0.00569388 0.00770511
1 0.0581192 0.060092
1 0.00231629 0.00428901
1 0.055459 0.0574127
0 0 0.00192727
0 0 0.00190716
1 0.039428 0.041328
1 0.00989782 0.0117828
1 0.0161464 0.0180303
1 0.04233 0.0441717
0 0 0.00177515
0 0 0.00176936
0 0 0.00176423
0 0 0.00172821
0 0 0.00170484
1 0.00402322 0.00570471
1 0.00677391 0.00845281
1 0.0314447 0.0330993
0 0 0.00164871
1 0.00242223 0.00405372
0 0 0.00157256
0 0 0.00157158
1 0.0344661 0.0360286
0 0 0.0015428
0 0 0.00154094
1 0.0156595 0.0171851
0 0 0.00150472
0 0 0.0014915
0 0 0.00149132
0 0 0.00147976
1 0.00672945 0.00819869
0 0 0.00144096
0 0 0.00144012
0 0 0.00143598
0 0 0.00140393
1 0.00448054 0.00587527
1 0.0332441 0.0346174
0 0 0.00136028
1 0.00791285 0.00926348
0 0 0.00134026
0 0 0.00133561
0 0 0.00132765
1 0.0349432 0.0362626
0 0 0.00130504
0 0 0.00129218
0 0 0.00128666
1 0.0015401 0.00282281
1 0.00775416 0.00903462
1 0.00867526 0.00992201
2 0.0732771 0.0745236
0 0 0.0012081
0 0 0.00119759
0 0 0.00119524
1 0.0379924 0.0391837
0 0 0.00118973
0 0 0.00117809
1 0.00366155 0.00483746
1 0.0452263 0.0463931
0 0 0.00115065
1 0.0229177 0.0240669
1 0.00557329 0.00671856
0 0 0.0011375
0 0 0.0011322
0 0 0.00113009
0 0 0.00112283
0 0 0.0011205
2 0.0402465 0.0413658
0 0 0.0011178
0 0 0.00109997
1 0.0534456 0.0545304
0 0 0.00108416
1 0.0107557 0.0118272
1 0.00182569 0.0028937
1 0.00885727 0.0099251
1 0.000998044 0.00205949
0 0 0.00105541
0 0 0.00104768
0 0 0.00104623
0 0 0.00103404
0 0 0.00102828
1 0.0265571 0.0275756
0 0 0.0010156
1 0.0198294 0.0208435
1 0.0115952 0.0126087
0 0 0.000998626
1 0.0142953 0.015293
0 0 0.0009834
0 0 0.000982902
0 0 0.000972662
1 0.112735 0.113706
1 0.0481235 0.0490872
0 0 0.000962246
0 0 0.000956485
2 0.0270688 0.0280165
0 0 0.000947568
1 0.0493372 0.0502825
1 0.0192435 0.0201837
0 0 0.000934629
0 0 0.000927155
0 0 0.000924603
0 0 0.000923852
2 0.0165952 0.0175177
0 0 0.000915621
2 0.0316013 0.0325147
1 0.00216574 0.00307389
2 0.0577557 0.0586632
1 0.0776234 0.078529
0 0 0.000902446
0 0 0.000901422
2 0.0655661 0.0664513
0 0 0.000882677
0 0 0.000880994
1 0.00157078 0.00244978
0 0 0.000878469
1 0.00508019 0.00595822
0 0 0.000861436
1 0.0211151 0.0219764
1 0.0113467 0.0121973
1 0.0196355 0.0204753
1 0.00214582 0.00298512
0 0 0.000833435
0 0 0.000829435
0 0 0.000824459
0 0 0.000823647
0 0 0.000820191
1 0.00323576 0.00404852
1 0.00405558 0.00486301
1 0.028775 0.0295764
0 0 0.000787294
1 0.0125558 0.0133405
1 0.0642918 0.0650394
1 0.0086924 0.00943395
1 0.00165572 0.00239354
1 0.0064988 0.00723597
1 0.0146043 0.0153311
1 0.0053959 0.00612175
1 0.0583075 0.0590314
0 0 0.000719528
1 0.0118214 0.0125335
1 0.00896944 0.00967569
1 0.00179315 0.00249803
1 0.025143 0.0258342
1 0.00333552 0.00402503
0 0 0.000685728
2 0.0725362 0.0732206
0 0 0.000673666
0 0 0.000673406
0 0 0.000660727
1 0.0138642 0.0145225
0 0 0.000656722
1 0.0111986 0.0118476
1 0.00678036 0.00742377
1 0.0287434 0.0293865
1 0.0203366 0.0209795
1 0.00763282 0.00827239
1 0.0180392 0.0186657
1 0.0275225 0.0281411
0 0 0.000615521
1 0.0252936 0.0259067
0 0 0.000611094
0 0 0.000609179
1 0.00288458 0.00349293
0 0 0.000603525
0 0 0.000602029
1 0.00514551 0.00574241
0 0 0.000595711
1 0.0147972 0.0153768
2 0.0505994 0.0511749
1 0.0718764 0.072451
0 0 0.000573157
0 0 0.000563948
0 0 0.000556769
1 0.00404055 0.00459656
1 0.00160504 0.00215233
1 0.0776579 0.0782035
1 0.0186933 0.019237
1 0.0222487 0.0227903
1 0.0184188 0.0189582
0 0 0.000539009
0 0 0.000537106
1 0.00129705 0.00182856
1 0.0113958 0.0119259
1 0.0012784 0.00178701
1 0.0175471 0.0180453
1 0.0290117 0.029508
1 0.0020496 0.00254591
1 0.00848369 0.0089789
1 0.00956741 0.0100575
0 0 0.000486814
0 0 0.000485524
0 0 0.000484838
0 0 0.000471492
1 0.0174726 0.017941
1 0.0119944 0.0124619
1 0.00415264 0.0046123
1 0.0016332 0.00208865
1 0.00165449 0.00210824
2 0.0729387 0.0733884
1 0.0425326 0.042967
1 0.00399528 0.00442942
1 0.00159482 0.00202834
1 0.001819 0.00223612
1 0.0182342 0.0186458
1 0.00204606 0.00245259
1 0.00203305 0.00243677
2 0.0382404 0.0386367
1 0.00370803 0.00410111
2 0.0378492 0.03824
0 0 0.000384923
0 0 0.000382727
0 0 0.000378517
1 0.0456629 0.0460403
1 0.0111175 0.0114942
0 0 0.000374528
1 0.0042929 0.00466256
2 0.0173463 0.0177031
0 0 0.000355306
0 0 0.000354777
1 0.00533022 0.00568379
2 0.0106999 0.0110509
1 0.00185637 0.00220498
1 0.0234531 0.0238011
0 0 0.000341229
1 0.0026849 0.00302563
1 0.00308671 0.00342569
0 0 0.000335312
1 0.00219436 0.0025154
1 0.00169157 0.0020113
1 0.00527957 0.00559874
0 0 0.000317849
2 0.0195099 0.0198276
2 0.040302 0.0406185
1 0.00369138 0.00400568
1 0.00122259 0.00153659
1 0.0376633 0.0379747
0 0 0.000309722
1 0.00508437 0.00539122
2 0.0057127 0.00601581
1 0.00352231 0.00382489
0 0 0.000299401
1 0.00223906 0.00253712
2 0.00690445 0.00720131
1 0.00198845 0.00228525
0 0 0.000294119
2 0.00373741 0.00401538
1 0.00194603 0.0022224
0 0 0.000274476
1 0.00823534 0.00850561
1 0.00746653 0.00773549
2 0.00670518 0.00697074
2 0.058104 0.0583635
1 0.000965471 0.0012242
1 0.0709032 0.0711537
2 0.0355797 0.0358291
0 0 0.000243753
1 0.00379263 0.00403432
1 0.00358374 0.00382524
0 0 0.000241408
2 0.0244862 0.0247234
1 0.00500707 0.00524303
1 0.0027178 0.00295298
2 0.00614031 0.00636985
1 0.00319257 0.0034219
1 0.00824567 0.00846933
1 0.00741366 0.00763476
1 0.043135 0.0433503
1 0.0137129 0.0139252
1 0.00951155 0.00972338
1 0.00156734 0.00177847
1 0.00198285 0.00219243
2 0.00613883 0.00634771
1 0.00233682 0.00254396
2 0.0156585 0.015861
1 0.00863093 0.00883277
1 0.00121244 0.00141295
1 0.00189363 0.00209024
1 0.00282032 0.00301632
1 0.00231859 0.00251329
2 0.0529577 0.0531522
0 0 0.000193367
1 0.00571328 0.00590423
2 0.00661929 0.00680991
1 0.00610967 0.00629565
1 0.00128936 0.00147494
1 0.0018613 0.00204396
2 0.0026598 0.00284231
0 0 0.000181043
0 0 0.000180498
1 0.0476691 0.0478489
2 0.00775754 0.00793637
1 0.00206318 0.00223767
1 0.0127499 0.0129238
1 0.00803262 0.00820557
2 0.184952 0.185123
2 0.107666 0.107835
1 0.00735082 0.00751992
2 0.0558906 0.0560584
2 0.0313815 0.031549
1 0.00154905 0.00171381
0 0 0.000159695
2 0.0647631 0.064918
1 0.000849776 0.00100393
1 0.00902899 0.00918297
1 0.00171445 0.0018675
1 0.0243622 0.0245151
1 0.00162362 0.00177617
0 0 0.000150073
1 0.00338698 0.003537
1 0.00384656 0.00399594
1 0.00122165 0.00137081
0 0 0.000148577
1 0.00330375 0.00345218
1 0.0358717 0.0360191
1 0.00366307 0.00381035
1 0.00200587 0.00214725
1 0.0130543 0.0131947
1 0.00174208 0.00187432
1 0.00134738 0.00147948
1 0.00123535 0.00136744
1 0.00288743 0.00301951
1 0.0265011 0.0266327
1 0.000477532 0.000608816
2 0.0380045 0.0381347
2 0.00494706 0.00507467
0 0 0.000127027
1 0.00379027 0.00391647
1 0.00227206 0.00239538
1 0.00169582 0.00181833
1 0.00847691 0.00859869
0 0 0.0001198
1 0.00537225 0.00549139
1 0.00129315 0.00141032
2 0.00439827 0.0045153
1 0.00915481 0.00927173
2 0.00317755 0.00329371
1 0.00169219 0.00180445
1 0.00176114 0.00187229
2 0.00417716 0.00428789
1 0.00167174 0.00178092
1 0.00368096 0.00378963
1 0.00134437 0.001453
1 0.00351035 0.00361773
1 0.0349483 0.0350555
1 0.000902043 0.00100655
1 0.0236438 0.0237483
1 0.00158444 0.00168853
1 0.00642681 0.00652784
1 0.0141673 0.0142681
0 0 0.000100441
1 0.00656844 0.00666885
1 0.00749514 0.0075947
1 0.00610287 0.0062023
1 0.00871188 0.00881123
1 0.00167219 0.00177153
1 0.000977162 0.00107592
2 0.00653083 0.00662816
1 0.058643 0.0587399
1 0.0030703 0.00316572
2 0.0179606 0.0180547
2 0.00954225 0.00963538
1 0.00621743 0.00630994
1 0.00205683 0.00214882
2 0.00625107 0.00634204
1 0.0144396 0.0145305
1 0.00169215 0.00178246
1 0.00188186 0.00197138
1 0.00259985 0.00268914
1 0.017083 0.0171696
1 0.00426417 0.00435014
1 0.00158171 0.00166729
1 0.00210793 0.00219348
1 0.0100355 0.0101172
2 0.00425064 0.00433191
1 0.00968494 0.00976439
2 0.0105111 0.0105902
1 0.00084146 0.000919504
1 0.00125179 0.00132892
1 0.00201981 0.0020945
2 0.00206788 0.00214124
1 0.0304481 0.0305209
2 0.0166056 0.0166768
1 0.019165 0.0192328
1 0.00148157 0.00154924
1 0.00973039 0.00979802
1 0.0045912 0.00465862
1 0.00377565 0.00384289
1 0.00235428 0.00242109
1 0.00735709 0.00742302
1 0.00125112 0.00131675
1 0.00568118 0.00574384
1 0.00743845 0.00750083
2 0.0272843 0.0273448
1 0.00210813 0.00216816
2 0.00406371 0.00412285
1 0.00151642 0.00157512
1 0.0444805 0.0445386
1 0.00300155 0.00305866
0 0 5.62973e-05
1 0.00363906 0.0036941
2 0.00578523 0.00583863
1 0.00161739 0.00167072
2 0.0113871 0.01144
1 0.0233442 0.0233956
2 0.0162128 0.0162626
1 0.00167495 0.00172337
1 0.00123891 0.00128657
2 0.00898386 0.00903005
2 0.0104952 0.01054
1 0.00272039 0.00276485
1 0.00297915 0.00302359
1 0.0111774 0.0112213
2 0.00207896 0.00212245
2 0.00246588 0.00250889
0 0 4.1097e-05
1 0.0021105 0.00215133
2 0.00243354 0.00247379
1 0.0616341 0.061674
2 0.00273752 0.00277666
1 0.00230068 0.00233968
2 0.016488 0.0165269
1 0.00331577 0.00335467
2 0.0237997 0.0238381
2 0.0373162 0.0373538
2 0.0302721 0.0303094
2 0.00639809 0.00643539
2 0.00685259 0.00688939
1 0.00488121 0.00491792
1 0.00581548 0.0058516
1 0.0313366 0.0313725
1 0.00589979 0.00593503
2 0.00533966 0.00537436
1 0.0488274 0.048862
1 0.00147291 0.00150738
1 0.0101142 0.0101485
1 0.00355901 0.00359333
1 0.0188203 0.0188541
2 0.0198654 0.0198983
1 0.00166546 0.00169756
2 0.00576396 0.00579575
2 0.00251256 0.00254334
1 0.00140266 0.00143285
1 0.020636 0.0206657
2 0.00663523 0.00666477
1 0.000890461 0.000919765
1 0.002039 0.00206824
1 0.000658673 0.000687535
1 0.00591795 0.00594617
1 0.00230618 0.00233426
2 0.0100897 0.0101168
2 0.00303217 0.00305815
1 0.00039717 0.000422844
2 0.00956915 0.00959474
2 0.0222797 0.022305
2 0.00502662 0.00505097
2 0.00222302 0.00224644
1 0.0169932 0.0170161
2 0.00640035 0.00642312
2 0.00821946 0.0082422
1 0.00312726 0.00315
1 0.0177677 0.0177903
1 0.00203856 0.00206109
1 0.0041176 0.00413998
1 0.0024877 0.00250998
1 0.00399616 0.00401782
1 0.00173259 0.00175398
2 0.0025845 0.00260468
2 0.00240953 0.0024294
1 0.0082524 0.00827196
1 0.00278485 0.00280412
1 0.000654011 0.000673235
2 0.00283417 0.00285335
1 0.00547465 0.0054938
1 0.00258204 0.00260071
1 0.00928479 0.00930336
2 0.030545 0.0305625
2 0.0100518 0.0100685
2 0.00228644 0.00230282
2 0.00207054 0.00208584
2 0.00703057 0.00704562
1 0.00640885 0.00642373
2 0.00387721 0.00389204
1 0.00646153 0.00647629
1 0.0019646 0.00197761
2 0.0381849 0.0381975
2 0.0178098 0.0178224
1 0.000505328 0.000517805
1 0.00161607 0.00162821
2 0.00979615 0.00980792
1 0.00537176 0.00538337
1 0.00135335 0.00136487
1 0.00450842 0.00451956
2 0.089588 0.089599
2 0.00369007 0.00370075
2 0.00210797 0.00211807
1 0.00166959 0.00167968
2 0.0125475 0.0125574
1 0.0208119 0.0208218
1 0.00335326 0.00336286
1 0.00212153 0.00213072
1 0.0375299 0.0375387
1 0.00659566 0.00660408
2 0.0341846 0.034193
2 0.0135283 0.0135362
1 0.00278955 0.00279744
1 0.0166396 0.0166475
1 0.0020548 0.00206244
1 0.00186817 0.00187538
1 0.00342518 0.00343237
2 0.00602849 0.00603557
2 0.002428 0.00243498
1 0.00915962 0.00916621
2 0.00367629 0.00368278
2 0.00159666 0.00160314
2 0.00705492 0.00706114
1 0.00964675 0.0096521
1 0.0090796 0.00908474
2 0.0114672 0.0114723
2 0.00831854 0.00832346
1 0.00231353 0.00231814
2 0.00277933 0.00278393
1 0.000655216 0.000659798
1 0.0100849 0.0100891
2 0.00210929 0.00211349
2 0.0394718 0.0394757
1 0.00364668 0.00365053
2 0.0531731 0.0531769
2 0.00533276 0.0053364
1 0.00183648 0.00184012
2 0.0054279 0.00543139
1 0.00210049 0.00210363
1 0.00032823 0.000331345
1 0.000811425 0.000814525
2 0.00495319 0.00495611
1 0.000490127 0.000492732
2 0.00584111 0.00584324
2 0.0102474 0.0102495
2 0.0568445 0.0568465
1 0.0019591 0.00196093
2 0.039161 0.0391627
1 0.00233236 0.00233407
1 0.0019285 0.00193009
1 0.00789742 0.007899
1 0.00523775 0.00523928
2 0.00247528 0.0024768
1 0.00302531 0.00302642
2 0.00255147 0.00255257
1 0.00929817 0.00929912
2 0.00590015 0.00590091
1 0.0292805 0.0292812
1 0.0184274 0.0184279
2 0.00314883 0.00314934
1 0.0747435 0.074744
2 0.0107641 0.0107645
2 0.00629303 0.00629334
1 0.00379168 0.00379199
1 0.00336182 0.0033621
2 0.00329136 0.00329162
2 0.00155016 0.00155038
1 0.0123111 0.0123113
1 0.0261314 0.0261315
1 0.00497903 0.00497913
1 0.0625922 0.0625923
1 0.0083794 0.00837946
2 0.0102752 0.0102752
1 0.00146466 0.00146472
1 0.00543546 0.00543551
1 0.00486004 0.00486009
2 0.00566589 0.00566594
1 0.0540988 0.0540988
2 0.00292759 0.00292763
2 0.00200463 0.00200465
2 0.0540991 0.0540991
2 0.00476123 0.00476123
