0 0 inf
0 0 0.0844507
0 0 0.0809385
0 0 0.0412928
0 0 0.0332803
0 0 0.0325565
0 0 0.0305846
1 0.023481 0.0522602
1 0.0183591 0.0427228
1 0.0964848 0.120833
1 0.0188001 0.0408507
0 0 0.0219985
1 0.0401037 0.0609938
0 0 0.0195746
0 0 0.0182207
0 0 0.0178611
0 0 0.0171313
0 0 0.0168636
0 0 0.0147746
0 0 0.0143828
0 0 0.0141566
0 0 0.0137255
0 0 0.0133747
0 0 0.01288
1 0.0127145 0.0255186
0 0 0.0124289
0 0 0.011043
0 0 0.01084
1 0.0766811 0.0872828
0 0 0.00997106
1 0.0168381 0.0267461
0 0 0.00988123
0 0 0.0097673
0 0 0.00976149
0 0 0.00968593
0 0 0.00955342
0 0 0.00943443
1 0.0319062 0.0411488
0 0 0.00923744
1 0.0374708 0.0467036
0 0 0.00896692
0 0 0.00851046
0 0 0.00839509
1 0.0414121 0.0495275
0 0 0.00811268
0 0 0.00805928
0 0 0.00791203
1 0.0533057 0.0610286
0 0 0.00767829
0 0 0.00755292
0 0 0.0073731
0 0 0.00733801
0 0 0.00715489
0 0 0.00705234
0 0 0.00693911
0 0 0.00678437
0 0 0.00675495
0 0 0.00672773
0 0 0.00669171
0 0 0.0066644
0 0 0.0066365
1 0.0218158 0.0284232
0 0 0.006566
0 0 0.00655094
2 0.0546889 0.0612071
0 0 0.00630598
0 0 0.00608148
1 0.00471769 0.0107548
0 0 0.00601861
1 0.0306897 0.036637
2 0.0499408 0.05575
1 0.0241108 0.0298876
0 0 0.00574253
1 0.0233433 0.0290669
0 0 0.00554134
0 0 0.00533645
1 0.0475431 0.052733
1 0.0101559 0.0153416
1 0.0443707 0.0494092
1 0.00893883 0.0138627
0 0 0.0048432
1 0.0331067 0.0379402
1 0.0329284 0.0377035
0 0 0.00457144
0 0 0.00448459
0 0 0.0044808
0 0 0.00441183
1 0.048048 0.0524554
0 0 0.00440689
1 0.00624056 0.0105717
0 0 0.00430187
0 0 0.00428819
1 0.010862 0.0151208
0 0 0.00415197
0 0 0.0040693
0 0 0.00406348
0 0 0.0040044
0 0 0.00374605
1 0.021465 0.0251528
0 0 0.00367973
1 0.0301056 0.0337207
0 0 0.00358286
0 0 0.00357729
0 0 0.00354628
0 0 0.00352981
0 0 0.00351723
0 0 0.00342811
0 0 0.00339801
0 0 0.00338203
0 0 0.0033786
0 0 0.0033003
0 0 0.00326034
0 0 0.00325004
2 0.0418657 0.0451128
0 0 0.00324199
0 0 0.00323011
1 0.0272244 0.0304503
0 0 0.00321523
1 0.0114623 0.0146106
0 0 0.00306255
0 0 0.00305329
1 0.00782803 0.0108293
0 0 0.00300052
0 0 0.00297235
0 0 0.0029008
0 0 0.00288839
1 0.010992 0.0136068
1 0.0830189 0.0856321
1 0.00589768 0.00847591
0 0 0.00257328
1 0.0065868 0.00915415
0 0 0.00256523
1 0.0134719 0.0160235
1 0.00595822 0.00849308
1 0.00444865 0.00695041
0 0 0.00245965
0 0 0.00245788
0 0 0.00245385
1 0.0937511 0.0961897
1 0.014495 0.0169017
1 0.0814475 0.0838445
1 0.0342694 0.0366575
1 0.00421172 0.00658847
0 0 0.00236471
0 0 0.00235002
2 0.0576468 0.0599963
0 0 0.00229167
0 0 0.00225482
1 0.00318472 0.0054362
0 0 0.00223177
0 0 0.00222803
1 0.00333105 0.00555211
0 0 0.00218691
0 0 0.00214861
0 0 0.00207396
0 0 0.00207125
0 0 0.00204333
0 0 0.00204061
0 0 0.00202123
1 0.00393631 0.00591159
0 0 0.00197425
0 0 0.00193815
0 0 0.00192455
1 0.00452031 0.00643706
1 0.0103194 0.0122304
0 0 0.00190468
0 0 0.00190042
0 0 0.00189802
1 0.0108275 0.0126873
1 0.00700459 0.00884279
1 0.0129224 0.0147544
1 0.00205506 0.00388202
0 0 0.00182603
0 0 0.00180545
0 0 0.00176527
0 0 0.00172379
1 0.0542889 0.0559984
1 0.0156095 0.0173135
0 0 0.00170014
1 0.0187887 0.0204666
1 0.0290102 0.0306539
1 0.0869947 0.0886378
1 0.00929535 0.0109366
1 0.00514252 0.0067769
1 0.0557638 0.0573982
1 0.0222808 0.0238933
1 0.0417805 0.0433856
0 0 0.00159079
1 0.0179611 0.0195496
1 0.003614 0.00519751
0 0 0.00157704
1 0.00607039 0.00764018
0 0 0.00156376
2 0.0499181 0.0514719
0 0 0.00154456
0 0 0.00148529
0 0 0.00147579
0 0 0.00147424
0 0 0.00144052
1 0.0093918 0.0108256
2 0.0390839 0.0405097
1 0.0149272 0.016326
1 0.00574807 0.00714035
1 0.00783901 0.00921449
1 0.00454459 0.00591697
0 0 0.00136152
1 0.0349864 0.0363279
1 0.00612146 0.00744786
0 0 0.00132361
1 0.0573572 0.0586792
1 0.00854928 0.00985608
0 0 0.00128732
1 0.0214408 0.0227198
1 0.00940834 0.0106829
0 0 0.00126569
0 0 0.00125676
1 0.00178093 0.00303653
0 0 0.00124797
2 0.0168188 0.0180661
2 0.0538915 0.0551338
1 0.00824322 0.00948036
0 0 0.00120854
0 0 0.00120477
0 0 0.00120423
0 0 0.00120314
2 0.0107687 0.0119694
0 0 0.00118797
2 0.0572863 0.0584725
0 0 0.0011812
1 0.010974 0.0121521
0 0 0.00116912
1 0.00976348 0.0109298
0 0 0.00116473
0 0 0.00115766
0 0 0.00114824
1 0.00302923 0.00417636
0 0 0.00114435
1 0.00500984 0.00613832
1 0.00954186 0.0106667
0 0 0.00111112
1 0.0473344 0.0484241
0 0 0.00107409
1 0.00304594 0.00411582
1 0.0282419 0.0293073
0 0 0.0010578
1 0.00204338 0.00306794
0 0 0.00101738
1 0.0362361 0.0372391
1 0.0136714 0.0146546
1 0.0193332 0.0203161
1 0.0021719 0.00314854
0 0 0.000973357
1 0.0264066 0.0273745
2 0.0119138 0.0128802
0 0 0.000958822
1 0.00284364 0.00377751
0 0 0.000930695
0 0 0.000929137
0 0 0.000921189
1 0.00209389 0.003009
1 0.00413174 0.00503953
1 0.0208575 0.0217488
0 0 0.000883753
0 0 0.000875982
0 0 0.000867465
1 0.0141319 0.0149903
1 0.00386034 0.00471195
1 0.0175758 0.0184217
1 0.00229533 0.00313506
1 0.0439426 0.0447715
0 0 0.000817298
1 0.0116984 0.0124874
0 0 0.000767492
1 0.0048268 0.00559316
0 0 0.000765577
1 0.0129382 0.0136905
1 0.00904618 0.00979761
2 0.0380827 0.0388335
1 0.043126 0.0438609
1 0.00784895 0.0085733
0 0 0.000723861
2 0.0275118 0.0282246
2 0.0202778 0.0209581
1 0.00110022 0.00176877
1 0.00644174 0.00710539
2 0.0527878 0.053451
1 0.00817629 0.00883787
1 0.0276793 0.0283388
0 0 0.000655498
0 0 0.000654993
1 0.00222994 0.00288329
1 0.00490314 0.00555567
0 0 0.000651308
1 0.0418866 0.0425367
2 0.0501041 0.0507533
1 0.00178012 0.00242125
1 0.00467734 0.0053172
0 0 0.000635091
1 0.0151715 0.0158045
0 0 0.000631727
2 0.0462912 0.0469222
1 0.235914 0.236539
1 0.00476388 0.00538354
0 0 0.000609396
0 0 0.000598744
0 0 0.000588351
1 0.0520341 0.0526211
2 0.0376842 0.0382593
1 0.000940006 0.00151441
2 0.00643083 0.00700505
1 0.0149327 0.0155065
0 0 0.000571677
1 0.00495369 0.00552139
1 0.00951937 0.0100856
0 0 0.000561135
1 0.00361105 0.00416906
0 0 0.00055248
1 0.0187581 0.0193007
1 0.0135056 0.0140435
1 0.00552234 0.0060548
1 0.00470503 0.00523245
2 0.0635751 0.064101
2 0.0305416 0.0310641
1 0.00703616 0.00755111
1 0.00722068 0.00772884
1 0.00318353 0.0036888
1 0.0101407 0.0106396
1 0.0071033 0.00760214
0 0 0.000498562
1 0.00221511 0.00271321
2 0.0386337 0.0391272
1 0.00809469 0.00858484
1 0.00208025 0.00256692
1 0.00991214 0.0103897
0 0 0.000473583
1 0.0107219 0.0111954
1 0.015308 0.0157767
2 0.0299487 0.0304108
0 0 0.000462136
1 0.00947286 0.00993222
0 0 0.000452554
2 0.0303874 0.0308396
2 0.0173598 0.0178085
1 0.00408295 0.00453147
2 0.0297244 0.0301724
0 0 0.000444009
2 0.0133281 0.0137649
1 0.0268835 0.0273181
0 0 0.000431852
1 0.0113803 0.0118114
0 0 0.000427932
0 0 0.000427078
1 0.00618814 0.00660504
0 0 0.000416432
2 0.00699063 0.00739697
1 0.0277474 0.0281489
1 0.0253016 0.0257023
1 0.00596417 0.00635655
0 0 0.000385463
1 0.00250353 0.00288861
1 0.00251607 0.00290024
2 0.0290446 0.0294256
0 0 0.00037963
2 0.0630319 0.0634072
0 0 0.000369375
0 0 0.00036516
0 0 0.000361908
1 0.0108602 0.0112217
1 0.00124808 0.00160197
2 0.00582816 0.00618201
1 0.00807532 0.00842239
1 0.00227996 0.00262301
0 0 0.000339794
2 0.00756134 0.00789469
2 0.0293613 0.029689
0 0 0.000325454
1 0.00562385 0.00594917
2 0.00698495 0.00730999
1 0.00530979 0.00563322
1 0.0170649 0.0173822
1 0.0337685 0.0340858
2 0.0069883 0.00729998
1 0.0106543 0.0109565
1 0.00364909 0.00394698
1 0.00272584 0.0030112
1 0.0157103 0.0159945
1 0.00132915 0.00161171
1 0.0711323 0.0714141
1 0.00239886 0.00267683
1 0.0146141 0.0148917
1 0.009761 0.0100384
0 0 0.000273168
1 0.0065292 0.00679423
0 0 0.000264225
1 0.0029864 0.00324784
1 0.00741712 0.0076769
0 0 0.000256384
1 0.00227196 0.00252655
1 0.00361768 0.00386779
1 0.0109159 0.0111649
1 0.00136881 0.00161703
1 0.0436259 0.0438698
2 0.0350277 0.0352645
1 0.00497863 0.00521477
1 0.0017687 0.00200227
0 0 0.000232558
1 0.00406443 0.00429662
1 0.00264696 0.00287571
2 0.0114698 0.011698
1 0.0534285 0.053655
2 0.0441984 0.0444227
1 0.0128436 0.0130666
1 0.0106831 0.010905
2 0.044057 0.0442758
2 0.011389 0.0116048
0 0 0.000213561
1 0.011532 0.0117432
1 0.00259045 0.00280002
1 0.00148642 0.0016957
2 0.034532 0.0347389
1 0.00120957 0.00141245
0 0 0.000201522
1 0.0287733 0.0289679
0 0 0.000193653
1 0.00373708 0.00392993
1 0.00962878 0.00981734
2 0.0072576 0.00744208
2 0.0232392 0.0234182
1 0.00520239 0.00537443
0 0 0.000170472
1 0.00255492 0.00272413
1 0.0187392 0.0189002
1 0.00342443 0.00358383
2 0.0529858 0.0531445
2 0.0644238 0.0645816
1 0.00510065 0.00525806
1 0.0061921 0.00634912
1 0.00233154 0.00248399
2 0.071761 0.0719122
2 0.0102904 0.0104389
1 0.00563207 0.00578023
1 0.00818529 0.00833142
1 0.0191939 0.0193375
1 0.00436512 0.00450616
1 0.00276651 0.00290643
1 0.0204452 0.0205844
1 0.00262769 0.00276518
2 0.00962128 0.0097585
2 0.021791 0.0219276
1 0.00258162 0.00271477
1 0.0123157 0.0124481
2 0.00687309 0.0070053
1 0.0147169 0.0148483
1 0.00952092 0.00965157
2 0.00546404 0.00559384
1 0.0542503 0.054377
1 0.029285 0.0294108
1 0.00121544 0.00133915
1 0.0126766 0.0127956
2 0.0664173 0.066536
2 0.00379264 0.00390942
1 0.00178275 0.00189907
2 0.0097444 0.00985891
1 0.00203961 0.0021534
2 0.0443899 0.0445029
2 0.0305531 0.0306615
2 0.00594109 0.00604579
1 0.00148923 0.00159292
1 0.0050628 0.00516476
1 0.00560198 0.00570004
1 0.0025238 0.00262177
2 0.00309914 0.00319575
1 0.00285961 0.0029533
2 0.0102871 0.0103805
1 0.0166109 0.0167036
2 0.0239996 0.0240894
1 0.00881565 0.00890517
2 0.020591 0.020679
1 0.00220166 0.00228868
2 0.0623099 0.0623969
1 0.00661938 0.00670603
1 0.00904702 0.00913092
1 0.00793458 0.0080182
1 0.00555235 0.00563491
2 0.00300193 0.00308284
1 0.011532 0.0116107
1 0.00251102 0.00258938
2 0.0594422 0.0595203
1 0.0124356 0.0125121
1 0.0401317 0.0402079
1 0.0100762 0.0101519
2 0.0314192 0.0314924
1 0.00731806 0.00739052
1 0.00503661 0.0051089
1 0.00287285 0.00294261
1 0.0367599 0.036828
1 0.0114161 0.0114839
2 0.00953266 0.00959985
2 0.0121902 0.012256
1 0.00335067 0.00341583
1 0.00407511 0.00413736
2 0.0604297 0.0604908
2 0.00324461 0.00330111
1 0.00747915 0.00753441
1 0.00537433 0.00542928
1 0.00159121 0.00164468
1 0.00316932 0.00322262
1 0.000605227 0.000658017
2 0.00317243 0.00322409
1 0.00698084 0.00703244
1 0.0266862 0.0267375
1 0.0514436 0.0514948
1 0.00474936 0.00480047
1 0.0131685 0.013218
1 0.0083851 0.0084344
2 0.0116199 0.011669
2 0.0395694 0.0396172
2 0.00794224 0.00798999
1 0.00330887 0.00335659
1 0.00388395 0.00393107
1 0.00146073 0.00150604
2 0.00420552 0.00425021
1 0.027247 0.0272908
2 0.0429889 0.0430322
1 0.00287591 0.00291909
1 0.0110048 0.0110465
2 0.01372 0.0137606
2 0.0950352 0.0950757
2 0.0304254 0.0304656
2 0.00519074 0.0052303
1 0.00149364 0.00153307
1 0.0270786 0.0271179
1 0.0124273 0.0124664
2 0.00422062 0.00425964
1 0.00876559 0.0088044
1 0.00442041 0.00445885
1 0.0111362 0.0111744
1 0.0372775 0.0373155
2 0.0305708 0.0306084
2 0.00307322 0.00311026
1 0.00713088 0.00716681
1 0.00785778 0.00789327
2 0.00337113 0.00340658
2 0.0143606 0.0143949
1 0.0407972 0.0408306
1 0.000715484 0.00074839
2 0.00718902 0.00722029
2 0.00803937 0.00806978
1 0.0019113 0.00194168
1 0.00687761 0.00690759
1 0.00967039 0.00969794
2 0.00275204 0.00277946
1 0.00717418 0.00720092
1 0.0347428 0.0347693
2 0.0179865 0.0180126
0 0 2.60888e-05
1 0.00264281 0.00266881
1 0.00803602 0.00806171
1 0.00689594 0.00692124
1 0.00240546 0.00243047
1 0.000765419 0.000790376
1 0.00155742 0.00158139
1 0.0598477 0.0598716
1 0.030682 0.0307056
1 0.0051319 0.00515525
2 0.0103466 0.0103682
1 0.0120418 0.0120634
1 0.0022884 0.00230976
2 0.0153464 0.0153676
1 0.00169077 0.00171195
2 0.0293938 0.0294144
2 0.0107613 0.0107811
2 0.0638741 0.0638932
1 0.0064959 0.00651459
2 0.0160484 0.0160667
1 0.00410333 0.00412157
1 0.00215359 0.002171
0 0 1.7263e-05
2 0.00350832 0.0035249
2 0.00391135 0.00392755
2 0.00753013 0.00754592
1 0.00152902 0.00154446
1 0.0031445 0.00315963
1 0.00376928 0.00378424
1 0.00223836 0.00225318
1 0.00691717 0.00693199
2 0.0173868 0.0174011
1 0.000744141 0.000757844
2 0.00210369 0.00211721
1 0.00403703 0.00404887
2 0.00448538 0.00449696
1 0.00546181 0.00547113
2 0.00675861 0.00676791
1 0.0482459 0.0482551
1 0.0324832 0.0324922
1 0.0124209 0.0124297
1 0.00294799 0.00295673
2 0.00803759 0.00804619
1 0.0135153 0.0135238
1 0.00717848 0.00718488
2 0.00444521 0.00445125
1 0.00465674 0.00466278
1 0.0207497 0.0207556
1 0.00112204 0.00112787
2 0.0555674 0.0555731
1 0.00204316 0.00204862
2 0.00700405 0.00700937
1 0.0123244 0.0123293
1 0.00202387 0.00202867
1 0.00107678 0.00108134
1 0.00214504 0.0021495
2 0.00327751 0.00328184
1 0.00240283 0.00240682
2 0.000753123 0.000756965
1 0.00721595 0.00721967
1 0.00108843 0.00109203
1 0.0223439 0.0223473
1 0.00245817 0.00246158
2 0.00546577 0.00546899
2 0.00805674 0.00805988
1 0.00245398 0.0024567
1 0.0224811 0.0224838
2 0.0111383 0.0111409
0 0 2.47431e-06
2 0.018015 0.0180172
1 0.00554515 0.00554739
1 0.000269372 0.000271557
2 0.00466895 0.00467111
2 0.0081319 0.00813401
1 0.00472754 0.00472955
2 0.00479557 0.00479744
1 0.0026557 0.00265748
1 0.00443381 0.00443555
2 0.00667875 0.00668048
1 0.00880889 0.00881059
1 0.00650794 0.0065096
2 0.0373249 0.0373264
1 0.0278642 0.0278655
1 0.00259006 0.00259117
1 0.007804 0.00780494
1 0.00284817 0.00284901
1 0.00252779 0.00252859
2 0.00251564 0.00251639
2 0.00426199 0.00426244
1 0.00145704 0.00145743
2 0.00151824 0.00151862
1 0.0360005 0.0360008
2 0.0141446 0.014145
1 0.00463144 0.00463175
2 0.00680504 0.00680527
2 0.0031117 0.00311188
2 0.0170061 0.0170062
1 0.00779032 0.00779038
2 0.0111917 0.0111918
1 0.00471249 0.00471252
2 0.00540786 0.00540787
2 0.0103338 0.0103338
