0 0 inf
0 0 0.0515078
0 0 0.0420786
0 0 0.0391205
0 0 0.0377867
0 0 0.0364492
0 0 0.0361936
0 0 0.0343762
0 0 0.0307806
0 0 0.0302368
0 0 0.0290504
0 0 0.0265
0 0 0.0240296
0 0 0.0218544
1 0.0507859 0.0726307
1 0.0526832 0.0740852
0 0 0.0201062
1 0.0261464 0.045601
0 0 0.0184569
1 0.0377268 0.0560971
0 0 0.0174286
0 0 0.016458
0 0 0.0139336
1 0.0176892 0.0315982
0 0 0.0136865
0 0 0.013589
0 0 0.0133969
0 0 0.013142
0 0 0.0130799
1 0.0764679 0.0894754
0 0 0.012911
1 0.05571 0.0685006
0 0 0.0124744
0 0 0.0123984
1 0.0599848 0.0713332
1 0.0457295 0.056757
1 0.0411639 0.051969
0 0 0.0107216
0 0 0.0107069
0 0 0.0104997
0 0 0.0102198
0 0 0.00971852
0 0 0.00920852
0 0 0.00908849
1 0.029922 0.0383576
0 0 0.00842314
0 0 0.00840816
0 0 0.00818374
0 0 0.0079637
1 0.0256677 0.0333526
0 0 0.00751089
0 0 0.0072008
1 0.0591446 0.0661994
0 0 0.00645928
0 0 0.00632841
0 0 0.00601048
0 0 0.00596788
1 0.00460762 0.0102224
1 0.00559041 0.01096
0 0 0.0052854
0 0 0.00513641
1 0.0465811 0.0516716
1 0.0142381 0.0190612
0 0 0.00472493
0 0 0.00467058
0 0 0.00464458
0 0 0.0046357
0 0 0.00443848
1 0.0120508 0.0164587
0 0 0.00434605
1 0.0762047 0.0805321
1 0.00803274 0.012323
1 0.00981435 0.0140649
0 0 0.00419608
0 0 0.00417777
0 0 0.00411992
0 0 0.00405113
1 0.00871885 0.0127686
0 0 0.00399597
0 0 0.0039454
0 0 0.0038485
0 0 0.00379208
1 0.0515687 0.0552953
1 0.00531736 0.0089085
1 0.0120948 0.0156613
0 0 0.00356553
1 0.00743304 0.0109881
0 0 0.00342447
1 0.016012 0.0194123
0 0 0.00339934
2 0.0869747 0.0903657
0 0 0.00333552
0 0 0.00330586
0 0 0.00326409
0 0 0.00322104
1 0.0119751 0.0151827
0 0 0.00320593
0 0 0.00315162
0 0 0.00311655
0 0 0.00308293
0 0 0.00307073
0 0 0.0030666
0 0 0.00305812
0 0 0.00302055
0 0 0.00301562
0 0 0.00298229
2 0.0875752 0.0905072
0 0 0.0028979
1 0.0141197 0.0169893
0 0 0.0028286
0 0 0.00270114
0 0 0.00267497
1 0.00347722 0.00614867
0 0 0.00260307
0 0 0.00252695
1 0.00252829 0.00504732
0 0 0.00251625
0 0 0.0024239
0 0 0.00241634
1 0.0289589 0.031345
0 0 0.00238175
0 0 0.00233011
0 0 0.00224296
0 0 0.00220851
0 0 0.0022015
1 0.253924 0.256119
0 0 0.00216153
0 0 0.00215839
0 0 0.00215396
0 0 0.00212964
0 0 0.00209693
1 0.0284742 0.0305314
0 0 0.00204405
1 0.00417976 0.0061688
0 0 0.00196787
1 0.0363891 0.0383244
0 0 0.0018743
0 0 0.00186767
0 0 0.00186397
0 0 0.001842
1 0.071546 0.0733042
1 0.0281841 0.0299109
0 0 0.0017094
1 0.0813399 0.083012
1 0.00915526 0.010821
1 0.0240063 0.0256599
0 0 0.00165283
0 0 0.00161732
1 0.00718857 0.00880454
1 0.0053832 0.00699139
0 0 0.0015829
0 0 0.00156978
0 0 0.00156796
0 0 0.00156429
1 0.0244439 0.0260045
2 0.0112408 0.012797
0 0 0.00154027
1 0.029097 0.0306353
0 0 0.00153357
0 0 0.00147049
1 0.0616419 0.0631044
0 0 0.00145829
1 0.00928646 0.0107343
1 0.0087547 0.0101984
1 0.0253024 0.0267439
2 0.0525011 0.0539103
0 0 0.00140461
0 0 0.00138884
1 0.00296576 0.00433755
1 0.0236002 0.0249684
0 0 0.00133887
0 0 0.00133314
1 0.0147938 0.0160824
0 0 0.00128712
1 0.00937291 0.0106486
1 0.00171239 0.00294668
1 0.0654614 0.0666902
1 0.00431165 0.00552219
0 0 0.00118958
0 0 0.00116716
0 0 0.0011628
0 0 0.00115393
0 0 0.00115006
1 0.00190911 0.00304983
0 0 0.00112372
1 0.0017353 0.00285676
0 0 0.00111034
1 0.0611578 0.0622661
0 0 0.0011007
0 0 0.00110059
0 0 0.00109906
0 0 0.00109877
0 0 0.0010979
2 0.0739478 0.0750242
1 0.00173971 0.00280743
1 0.0174526 0.0185022
1 0.0438472 0.0448895
0 0 0.00101054
0 0 0.000987189
1 0.0491339 0.0501118
0 0 0.000971486
1 0.0304297 0.0313938
0 0 0.000962788
1 0.00366438 0.00462339
0 0 0.000955511
0 0 0.000954136
2 0.0950261 0.0959702
2 0.0164909 0.0174227
1 0.0310344 0.0319654
0 0 0.000928571
1 0.00493671 0.00585298
0 0 0.000915381
1 0.0691391 0.0700444
1 0.00492219 0.0058243
0 0 0.000881192
1 0.0308534 0.0317333
0 0 0.000875737
0 0 0.000861211
0 0 0.000858885
0 0 0.000858475
0 0 0.000856939
0 0 0.000853511
0 0 0.000837729
1 0.00238638 0.0031944
0 0 0.000801128
1 0.0342712 0.0350723
1 0.00469946 0.00549758
0 0 0.000785655
2 0.0477042 0.0484879
0 0 0.000769367
0 0 0.000765564
0 0 0.000763288
1 0.00376318 0.00450929
0 0 0.000744928
0 0 0.000734349
0 0 0.000713039
0 0 0.00071274
1 0.00193644 0.0026481
1 0.045815 0.0465249
1 0.0060478 0.00675727
0 0 0.000699579
2 0.0117797 0.0124654
1 0.00394375 0.00461973
0 0 0.000673964
0 0 0.000664671
1 0.00956848 0.0102207
1 0.0941421 0.0947928
0 0 0.000645781
0 0 0.00064497
1 0.00321194 0.00383561
1 0.0516312 0.0522508
1 0.0527312 0.0533423
1 0.0024711 0.00308109
0 0 0.000608216
1 0.00257134 0.003169
1 0.0148319 0.0154241
1 0.0363077 0.0368773
0 0 0.000566166
0 0 0.000563784
0 0 0.000561169
1 0.00737357 0.00793145
1 0.00778512 0.00833637
1 0.00832979 0.00887977
1 0.00635441 0.00690167
1 0.0138498 0.014389
1 0.00471932 0.00525738
1 0.0154739 0.0160114
1 0.0135578 0.0140846
1 0.0464952 0.047021
1 0.0174414 0.0179629
1 0.00375335 0.0042641
1 0.0171642 0.0176729
1 0.00892717 0.00941738
2 0.0322628 0.0327461
1 0.00228848 0.00276182
0 0 0.000473171
0 0 0.000470084
2 0.0569185 0.0573847
2 0.0164316 0.0168973
1 0.00383491 0.00429593
0 0 0.000457454
0 0 0.000456413
1 0.0321405 0.0325907
2 0.0165405 0.0169852
0 0 0.000437221
1 0.00500488 0.00544145
0 0 0.000431884
2 0.0129067 0.0133275
2 0.00647826 0.00689765
1 0.0110077 0.0114247
1 0.00284428 0.00325982
1 0.003735 0.00414774
0 0 0.000402857
1 0.0106881 0.0110909
0 0 0.000399064
1 0.00333289 0.00372494
1 0.00359834 0.00398958
2 0.0156018 0.01599
0 0 0.000386592
1 0.0112509 0.0116354
1 0.00564676 0.00602503
1 0.00795226 0.008326
0 0 0.000373004
1 0.00245389 0.0028246
1 0.00405759 0.00442701
1 0.00758345 0.00794978
1 0.0494404 0.0498065
1 0.00177438 0.00213845
1 0.0101009 0.0104629
1 0.00561166 0.00596711
1 0.00891767 0.00926924
1 0.0141331 0.0144826
0 0 0.000343096
2 0.00620827 0.00654945
1 0.00250913 0.00283994
1 0.00613906 0.00646582
1 0.0163322 0.0166568
1 0.0415372 0.0418602
0 0 0.000317992
1 0.00224916 0.00255886
1 0.00206717 0.00237183
1 0.0065252 0.00682439
1 0.00960221 0.00989948
1 0.00174789 0.00204295
1 0.0249604 0.0252553
1 0.00375178 0.00404416
2 0.0306072 0.0308995
0 0 0.000290315
1 0.0116408 0.0119256
2 0.00742943 0.00771118
1 0.030467 0.0307395
1 0.00824772 0.00851979
0 0 0.000270679
0 0 0.000267463
0 0 0.000267327
2 0.0120726 0.0123355
0 0 0.000259807
1 0.00115075 0.0014062
1 0.0168527 0.0171078
1 0.0529553 0.0532103
1 0.00317969 0.00343455
1 0.0159313 0.0161854
1 0.00921622 0.00946748
1 0.00120747 0.0014561
0 0 0.000246812
1 0.00543621 0.00567899
1 0.0174297 0.0176719
1 0.00889837 0.00913781
1 0.00256741 0.00280603
0 0 0.000237026
2 0.0529852 0.0532207
0 0 0.000231802
1 0.00567534 0.00590586
1 0.00576971 0.00599707
2 0.013139 0.013366
1 0.00179556 0.00202151
1 0.00301422 0.00323892
1 0.00186607 0.00209031
1 0.00726903 0.00749286
0 0 0.00022312
1 0.0122167 0.0124398
2 0.0110503 0.011268
1 0.00241625 0.00263302
1 0.0932113 0.093428
1 0.00652667 0.0067426
1 0.00364163 0.00385619
1 0.00371555 0.00392644
1 0.00242216 0.00263191
1 0.000960327 0.00116786
1 0.00162272 0.00182654
0 0 0.000203675
1 0.0120816 0.0122852
1 0.0165194 0.0167222
1 0.00383627 0.00403155
1 0.00993931 0.0101283
0 0 0.000187848
2 0.0461926 0.0463756
2 0.0157864 0.0159679
0 0 0.000173171
2 0.0122822 0.0124552
2 0.0157005 0.0158723
1 0.00238575 0.00255662
0 0 0.000168546
0 0 0.000167673
1 0.00177013 0.00193377
2 0.00949397 0.00965573
2 0.0157251 0.0158866
2 0.00339589 0.00355603
0 0 0.000159149
1 0.00880408 0.00896048
2 0.0573575 0.05751
1 0.0495499 0.0497018
1 0.0026357 0.00278471
1 0.00292732 0.00307614
1 0.00304123 0.00318989
1 0.00813443 0.00828191
1 0.00922383 0.00936569
2 0.013069 0.0132088
2 0.00587228 0.0060054
1 0.00342841 0.00356141
1 0.000891126 0.00102198
1 0.00269892 0.00282798
2 0.0316267 0.0317552
1 0.00161671 0.00173607
1 0.00586036 0.0059791
0 0 0.000116885
0 0 0.000116318
1 0.0434915 0.0436063
0 0 0.000112447
0 0 0.000110907
1 0.00753133 0.00764102
2 0.0135493 0.0136576
1 0.00533885 0.00544689
2 0.0158022 0.0159102
1 0.00405122 0.00415575
2 0.0189065 0.0190105
1 0.0141682 0.0142683
2 0.00866577 0.00876556
0 0 9.82115e-05
1 0.0109375 0.0110354
1 0.00142247 0.00151892
2 0.00476588 0.00486124
2 0.0809758 0.0810677
0 0 9.11812e-05
1 0.000777521 0.000867437
1 0.00352935 0.00361853
1 0.00460341 0.00469208
2 0.0942299 0.0943181
2 0.0313649 0.0314494
1 0.00268037 0.00276364
1 0.00449129 0.00457311
1 0.0114054 0.011485
1 0.00239225 0.00247119
1 0.000492699 0.000571176
0 0 7.45596e-05
1 0.00275457 0.00282752
1 0.0654902 0.0655621
1 0.0483224 0.048394
2 0.0467031 0.0467726
1 0.00362761 0.00369665
1 0.00542266 0.00549135
1 0.00111045 0.001179
1 0.0104798 0.0105474
1 0.0103082 0.0103755
1 0.00255288 0.00262015
2 0.00729545 0.0073624
1 0.00199639 0.00206332
1 0.00115782 0.00122469
1 0.0075539 0.00762038
2 0.0106225 0.0106882
1 0.00424617 0.00430835
1 0.0170979 0.0171587
0 0 6.0557e-05
1 0.00136209 0.00142244
1 0.00274827 0.00280687
2 0.00572159 0.00577864
2 0.00465567 0.00471259
2 0.0615579 0.0616148
1 0.00731003 0.0073666
2 0.00948413 0.00954052
1 0.00385894 0.00391525
1 0.0107481 0.0108033
1 0.00165445 0.00170922
0 0 5.46284e-05
1 0.0129 0.0129546
1 0.000880268 0.000932473
1 0.00164767 0.00169987
1 0.0205278 0.0205798
2 0.00829309 0.00834287
1 0.00453016 0.00457983
1 0.016657 0.016706
1 0.003257 0.00330559
2 0.00151061 0.00155917
1 0.0449706 0.0450172
1 0.00346207 0.00350863
2 0.0030885 0.00313432
2 0.0157321 0.0157778
1 0.00771623 0.00776183
1 0.00399386 0.00403871
1 0.000647216 0.0006911
2 0.0258351 0.0258774
1 0.012081 0.0121206
1 0.0014891 0.00152844
1 0.00195317 0.00199063
1 0.00634762 0.00638429
1 0.00629107 0.00632774
2 0.0113736 0.01141
1 0.0013195 0.00135531
2 0.0773178 0.0773535
1 0.0110809 0.0111165
2 0.0471457 0.0471813
1 0.00746697 0.00750183
1 0.000188996 0.000223009
1 0.00284038 0.00287392
2 0.0103594 0.0103924
1 0.00583448 0.00586703
1 0.000709414 0.000740915
1 0.046568 0.0465992
1 0.0038689 0.0038998
2 0.0184106 0.0184395
2 0.00368384 0.00371235
2 0.0727601 0.0727883
1 0.00503131 0.00505918
1 0.0021994 0.00222661
1 0.000244186 0.000269638
1 0.00184419 0.00186955
2 0.00466299 0.00468835
1 0.00153023 0.0015555
2 0.0236871 0.023712
1 0.00536183 0.00538616
1 0.00259126 0.00261508
2 0.0145195 0.014543
1 0.00189023 0.00191327
2 0.0486319 0.0486544
2 0.00467444 0.00469649
1 0.01488 0.0149021
1 0.0177252 0.0177457
1 0.000887755 0.000908128
1 0.0050617 0.0050817
1 0.00315196 0.00317169
2 0.0165225 0.0165408
1 0.00181535 0.001833
1 0.00684212 0.00685959
1 0.0329002 0.0329174
1 0.00197521 0.001992
1 0.00266745 0.00268376
1 0.00328038 0.00329641
1 0.0154849 0.0155004
1 0.0104976 0.0105129
1 0.0053725 0.00538779
2 0.0182084 0.0182235
1 0.000997182 0.0010118
1 0.00245585 0.0024704
1 0.00268748 0.00270176
1 0.00422863 0.00424291
2 0.0607616 0.0607759
1 0.00094051 0.00095475
1 0.0317595 0.0317735
1 0.00312706 0.0031408
2 0.0146967 0.0147101
1 0.00112753 0.00114071
1 0.00172679 0.00173891
1 0.0247585 0.0247704
1 0.000998403 0.00100929
1 0.00706309 0.00707365
1 0.00143858 0.00144788
1 0.0138196 0.013828
1 0.0485007 0.0485088
1 0.00199376 0.00200161
1 0.0112996 0.0113072
2 0.00544207 0.00544957
2 0.00296098 0.00296819
2 0.0158146 0.0158217
1 0.00207016 0.00207708
2 0.0165286 0.0165354
1 0.00315719 0.00316393
2 0.0109209 0.0109273
2 0.00199415 0.00200019
1 0.00117686 0.00118225
1 0.0161287 0.016134
2 0.0489181 0.0489234
1 0.0279243 0.0279293
2 0.00346709 0.00347176
2 0.0129604 0.012965
1 0.00030811 0.000312617
1 0.00601317 0.00601766
2 0.0154756 0.0154799
1 0.00859604 0.00860011
2 0.0123807 0.0123846
2 0.00512233 0.00512615
2 0.0168273 0.016831
1 0.00337537 0.00337906
2 0.0124175 0.0124211
1 0.0321364 0.03214
2 0.00390156 0.00390493
2 0.00465408 0.00465744
1 0.028552 0.028555
1 0.000254389 0.000257279
1 0.00869328 0.00869604
1 0.00464087 0.00464358
1 0.00203637 0.0020389
2 0.00786174 0.00786411
2 0.00366611 0.00366814
2 0.00331155 0.00331358
2 0.0114958 0.0114977
2 0.00135409 0.00135571
1 0.0118384 0.01184
1 0.000413418 0.000414838
1 0.0113247 0.0113259
1 0.000680588 0.000681663
2 0.00267425 0.00267522
2 0.00367651 0.00367748
1 0.00133915 0.00134005
1 0.00257717 0.002578
2 0.00355517 0.00355591
1 0.00238461 0.00238523
2 0.0104252 0.0104258
2 0.00795117 0.0079517
1 0.00891217 0.00891267
1 0.0028433 0.00284369
2 0.0016105 0.00161088
2 0.00126597 0.00126628
2 0.00518962 0.00518989
2 0.00457385 0.00457411
1 0.00405287 0.00405312
1 0.00375687 0.0037571
2 0.00311318 0.00311333
2 0.0182526 0.0182527
1 0.00498546 0.00498554
1 0.000490493 0.000490535
1 0.0155963 0.0155963
1 0.0297064 0.0297064
2 0.00286348 0.00286349
1 0.012753 0.012753
2 0.0115893 0.0115893
2 0.00454173 0.00454173
2 0.0119565 0.0119565
