0 0 inf
0 0 0.0477313
0 0 0.0418799
1 0.0560008 0.0927968
0 0 0.0350401
0 0 0.0324261
0 0 0.0282783
1 0.0307466 0.0555326
0 0 0.024185
0 0 0.0229202
1 0.0184301 0.0407718
0 0 0.0219661
0 0 0.0203765
0 0 0.0193644
0 0 0.0177043
0 0 0.0171567
1 0.00429221 0.0211409
1 0.0593224 0.0757507
0 0 0.0156558
0 0 0.0156015
0 0 0.015117
0 0 0.0150231
0 0 0.0149206
0 0 0.0146434
0 0 0.0144225
0 0 0.0143846
0 0 0.0140304
0 0 0.0130184
0 0 0.0120145
0 0 0.0118608
0 0 0.0112121
0 0 0.0109668
0 0 0.0106342
0 0 0.0101967
0 0 0.0101579
1 0.0157014 0.0258471
0 0 0.0100745
0 0 0.0095762
0 0 0.00944765
1 0.036016 0.0454485
1 0.0190546 0.0279522
0 0 0.00861846
0 0 0.00842167
0 0 0.00836111
0 0 0.00827983
0 0 0.00820708
1 0.0467838 0.0548262
1 0.020765 0.0285497
1 0.0157692 0.0232753
1 0.0183193 0.0258093
1 0.0555763 0.0630131
0 0 0.00732443
0 0 0.00730579
0 0 0.00728921
0 0 0.00723851
0 0 0.00717529
0 0 0.00697639
1 0.112668 0.119406
1 0.0741716 0.080846
1 0.0340688 0.0404194
1 0.00672714 0.0128309
0 0 0.0059898
1 0.0214657 0.027403
0 0 0.0057054
1 0.0735989 0.0792087
0 0 0.00515304
1 0.0208961 0.025668
1 0.0285517 0.0330299
1 0.0122342 0.0166966
0 0 0.00445912
0 0 0.00419599
0 0 0.0041455
0 0 0.00412657
0 0 0.00403052
0 0 0.00393616
1 0.0314734 0.0353276
0 0 0.00384825
0 0 0.00380681
0 0 0.00377122
0 0 0.0036511
0 0 0.00355612
0 0 0.00354986
1 0.0499438 0.0534523
0 0 0.00343893
1 0.0380888 0.0414908
1 0.0119584 0.0153322
1 0.00496231 0.00832186
0 0 0.00334508
0 0 0.00329348
1 0.0291807 0.0324018
0 0 0.00319366
1 0.00459714 0.00777677
0 0 0.00316521
0 0 0.00312074
2 0.0293557 0.0324469
1 0.00989457 0.0129764
0 0 0.00306978
1 0.00415575 0.00716752
1 0.0230005 0.0259644
1 0.0285806 0.0315189
0 0 0.00293028
0 0 0.00289552
1 0.00312667 0.00598965
0 0 0.00281318
0 0 0.00278656
1 0.0119976 0.0147781
0 0 0.00277806
0 0 0.00266782
0 0 0.00264924
0 0 0.00264499
1 0.010087 0.0126916
0 0 0.00243839
0 0 0.00237242
0 0 0.00235859
0 0 0.00233416
0 0 0.0022838
1 0.0210531 0.0232924
1 0.0715836 0.0737839
1 0.00823724 0.0104358
0 0 0.00217422
1 0.0467337 0.0488947
2 0.0914211 0.0935756
2 0.00924213 0.0113873
0 0 0.00211069
0 0 0.00210679
0 0 0.00208056
0 0 0.00206943
0 0 0.00202044
1 0.0515447 0.0535478
1 0.00915567 0.0111043
0 0 0.00194002
1 0.00312107 0.00502896
1 0.0125194 0.0144252
1 0.0177722 0.0196727
0 0 0.00177708
0 0 0.00177509
0 0 0.00175887
0 0 0.00175192
0 0 0.00174988
2 0.0217864 0.0235191
0 0 0.00172883
0 0 0.00171376
0 0 0.00167964
2 0.121571 0.123241
0 0 0.00166911
1 0.117527 0.119196
0 0 0.00164453
1 0.00407806 0.00570916
0 0 0.00163017
1 0.00231287 0.00385758
1 0.00651911 0.00805762
0 0 0.00152584
1 0.0124476 0.0139552
1 0.00365806 0.0051535
0 0 0.00149381
0 0 0.00149273
1 0.0063898 0.0078767
0 0 0.00147293
1 0.0381056 0.0395637
1 0.00593293 0.00737657
0 0 0.00143375
0 0 0.00140568
1 0.00432911 0.00573171
0 0 0.00138596
1 0.0155209 0.0169049
0 0 0.00137569
0 0 0.00137206
1 0.028377 0.0297352
0 0 0.00135785
1 0.0667062 0.0680501
1 0.0188348 0.0201779
0 0 0.00131868
1 0.0121816 0.0134835
1 0.0253686 0.0266652
0 0 0.00125902
1 0.00243937 0.00369062
0 0 0.00124984
0 0 0.00124486
0 0 0.00122593
1 0.0235509 0.0247598
0 0 0.00120826
1 0.024426 0.0256338
1 0.00124931 0.00245653
1 0.0844163 0.0856232
2 0.0726625 0.0738568
0 0 0.00118803
0 0 0.0011782
1 0.00463491 0.00579088
0 0 0.00114464
0 0 0.00111884
0 0 0.00109305
0 0 0.00108681
0 0 0.0010805
1 0.00430581 0.00538306
0 0 0.00105749
1 0.0166865 0.0177396
1 0.0201459 0.0211897
0 0 0.00104312
1 0.00907604 0.0101168
0 0 0.00103186
0 0 0.00102488
1 0.0128056 0.0138102
0 0 0.00097004
1 0.00621307 0.00718268
1 0.0310103 0.0319708
1 0.00211108 0.00306798
0 0 0.000953452
1 0.0304389 0.0313911
0 0 0.000945206
0 0 0.000944877
1 0.00491586 0.00584482
0 0 0.000907183
1 0.0058291 0.00673112
0 0 0.000888513
1 0.00212461 0.00298707
0 0 0.000858182
1 0.00520237 0.00603474
1 0.0401415 0.0409674
0 0 0.000817993
0 0 0.000817031
0 0 0.000815151
2 0.0284651 0.0292692
1 0.0150248 0.0158236
1 0.024748 0.0255354
0 0 0.000787134
1 0.0274703 0.028248
0 0 0.000777601
2 0.0847625 0.0855309
0 0 0.000767246
2 0.0399054 0.04067
1 0.0196638 0.0204194
1 0.00967675 0.0104174
0 0 0.000737903
1 0.0532436 0.0539797
0 0 0.000735936
1 0.0205151 0.0212448
1 0.00167745 0.00240174
1 0.00417933 0.00490352
0 0 0.000714633
1 0.0270184 0.0277325
1 0.0109484 0.0116601
1 0.0490216 0.0497269
0 0 0.000703676
1 0.00804821 0.00874949
0 0 0.000689423
0 0 0.000677991
0 0 0.000677577
0 0 0.000666796
1 0.00529594 0.00595942
0 0 0.000660739
2 0.0935737 0.0942242
0 0 0.000642966
0 0 0.00062516
0 0 0.000620844
0 0 0.000611912
1 0.0318031 0.0324148
1 0.00345092 0.00406
0 0 0.000603598
1 0.00353795 0.00413602
1 0.0205102 0.0211038
1 0.00550131 0.00609464
1 0.00180609 0.00239902
1 0.00212626 0.00270491
0 0 0.000575062
0 0 0.000568767
1 0.0122772 0.0128417
1 0.00492944 0.00549102
1 0.0418294 0.042391
1 0.00374294 0.00429855
1 0.00252728 0.0030821
0 0 0.000553549
0 0 0.000548925
0 0 0.000545366
0 0 0.000545211
1 0.0117651 0.012304
0 0 0.000538378
0 0 0.000528361
0 0 0.000522438
2 0.0292937 0.0298107
0 0 0.000514566
0 0 0.000508856
0 0 0.000508787
0 0 0.000501221
0 0 0.000500433
1 0.0483096 0.0488059
1 0.00834675 0.00883249
0 0 0.000484811
1 0.00802543 0.00850845
1 0.0137007 0.0141793
1 0.027782 0.0282597
0 0 0.000464706
0 0 0.000461565
2 0.00682054 0.00727301
1 0.00202132 0.00246487
1 0.00125421 0.0016972
1 0.00217751 0.00262028
1 0.00242948 0.00286506
1 0.00170349 0.00213448
1 0.00325052 0.00367958
1 0.00183832 0.002266
0 0 0.000417569
2 0.0934835 0.093901
0 0 0.000417331
1 0.00266913 0.00308027
2 0.00597478 0.00638068
1 0.00506988 0.00547395
1 0.0128789 0.0132724
1 0.0276915 0.0280812
0 0 0.000380517
1 0.0261126 0.0264874
1 0.00365334 0.00402756
0 0 0.000372136
2 0.0272734 0.0276371
1 0.0021235 0.00248558
1 0.0218139 0.022171
1 0.00191072 0.00226683
0 0 0.000353899
1 0.0190591 0.0194127
1 0.00280884 0.00315579
1 0.0237872 0.0241283
2 0.00508281 0.00541873
1 0.00105156 0.00138711
1 0.00382868 0.00416101
1 0.000808294 0.00113263
0 0 0.000313327
1 0.00132205 0.00163416
1 0.00593737 0.00624937
0 0 0.000304841
1 0.00175742 0.00206168
1 0.00153096 0.00183014
2 0.0306113 0.0309045
0 0 0.000286392
0 0 0.000279728
2 0.0224204 0.0226979
1 0.00481523 0.00509219
0 0 0.000275134
1 0.0027051 0.00298005
0 0 0.000271539
1 0.000632513 0.000902629
1 0.00375589 0.00402446
1 0.018055 0.0183216
1 0.00314707 0.00341225
1 0.00212036 0.0023831
0 0 0.000260785
1 0.00336565 0.0036257
2 0.00380771 0.00406477
0 0 0.000255647
1 0.00180439 0.00205975
1 0.0396308 0.0398851
0 0 0.000252528
0 0 0.000250279
2 0.0129495 0.0131958
0 0 0.000227103
1 0.00470548 0.00492961
0 0 0.000216295
1 0.00398669 0.00419817
1 0.00102483 0.00123571
1 0.00233731 0.00254435
1 0.0126027 0.0128085
1 0.00235387 0.00255899
1 0.0275524 0.027757
1 0.00107989 0.00128332
1 0.00182426 0.00202716
1 0.0253742 0.025576
0 0 0.000200306
0 0 0.000199556
0 0 0.00019599
1 0.0104385 0.010633
1 0.00319313 0.00338746
2 0.03163 0.0318197
2 0.00293404 0.00312061
1 0.00353069 0.00371685
1 0.00502739 0.00521253
2 0.00308813 0.00327297
1 0.00599154 0.00617618
2 0.00435767 0.00453925
1 0.0208016 0.0209831
1 0.00430602 0.00448437
1 0.00147883 0.0016558
0 0 0.000176427
2 0.0893317 0.0895078
0 0 0.000174216
1 0.00452771 0.0047007
1 0.00212756 0.00229816
1 0.00326902 0.00343906
2 0.032427 0.0325906
1 0.0018321 0.00199548
2 0.0446639 0.0448268
2 0.0128745 0.0130348
1 0.00156819 0.00172761
2 0.0860896 0.0862458
1 0.00450881 0.00466403
1 0.00425126 0.00440492
2 0.027503 0.027655
1 0.0257631 0.0259134
1 0.037893 0.0380414
1 0.00226847 0.00241649
2 0.0286867 0.0288324
2 0.0118262 0.0119697
1 0.00158006 0.00172102
2 0.0535576 0.0536982
1 0.00132306 0.00146367
1 0.002303 0.00243957
1 0.032398 0.0325337
1 0.0006471 0.000777249
1 0.00354712 0.00367713
2 0.0140794 0.0142079
1 0.00142011 0.00153684
0 0 0.000114426
1 0.0010297 0.00114309
1 0.00239457 0.00250489
2 0.00409014 0.00419766
1 0.00241798 0.00252463
1 0.00202027 0.00212648
1 0.00261257 0.00271347
1 0.0110308 0.0111307
1 0.0402495 0.0403486
2 0.00338565 0.00348397
1 0.00490508 0.00500229
1 0.00163342 0.00172933
1 0.0065641 0.00665939
0 0 9.50612e-05
0 0 9.45215e-05
1 0.00496709 0.00506049
1 0.00161386 0.0017058
1 0.0112796 0.0113714
0 0 8.97195e-05
1 0.0173813 0.0174708
1 0.00117011 0.00125813
2 0.00545374 0.00554155
1 0.00496892 0.00505637
1 0.00430568 0.00439144
1 0.00136407 0.0014498
2 0.00794458 0.00802871
1 0.00711473 0.00719636
0 0 8.07777e-05
1 0.00351483 0.00359517
1 0.00306401 0.00314176
1 0.00452765 0.00460442
1 0.00118436 0.00126077
1 0.00520324 0.00527772
1 0.00102383 0.00109748
1 0.0847207 0.0847932
1 0.00479252 0.00486495
2 0.00177675 0.00184892
1 0.00233771 0.00240444
1 0.00127819 0.001343
1 0.00930901 0.00937258
2 0.0286915 0.0287546
1 0.00084546 0.000908341
2 0.00516353 0.00522635
0 0 6.23154e-05
1 0.0018259 0.00188703
1 0.00090062 0.000961166
1 0.00280015 0.00286024
2 0.00795002 0.00800995
0 0 5.91748e-05
2 0.00292524 0.00298353
1 0.00171949 0.00177599
2 0.0234073 0.0234631
2 0.00932053 0.009375
2 0.00706869 0.00712225
1 0.000805846 0.000859021
2 0.0329878 0.0330383
2 0.122366 0.122416
1 0.00177093 0.00182016
2 0.00270747 0.00275572
1 0.0474762 0.0475243
1 0.00197496 0.00202131
1 0.0285383 0.0285846
1 0.0160686 0.0161146
2 0.0150846 0.0151306
1 0.00645767 0.00650273
2 0.00570959 0.005754
1 0.0315991 0.0316408
1 0.00473377 0.00477471
1 0.000228687 0.000269477
2 0.00380625 0.00384603
2 0.00588437 0.00592404
1 0.00263869 0.00267811
2 0.040321 0.0403589
2 0.00419369 0.00423141
1 0.028241 0.0282782
2 0.0018704 0.00190724
1 0.00690688 0.00694331
1 0.00918665 0.00922288
1 0.00162487 0.00166076
0 0 3.56068e-05
2 0.0129268 0.0129615
1 0.124128 0.124161
1 0.00764987 0.00768212
1 0.00258598 0.002618
0 0 3.01767e-05
2 0.00412341 0.00415353
2 0.0030204 0.00305018
1 0.000953833 0.00098348
2 0.00401989 0.00404856
2 0.00439272 0.00441974
2 0.00246723 0.00249415
1 0.0097207 0.00974753
1 0.00547971 0.00550613
0 0 2.51902e-05
1 0.00165982 0.00168466
2 0.0737323 0.0737564
1 0.00242067 0.00244458
2 0.00249819 0.0025214
2 0.00408187 0.00410499
1 0.0221311 0.0221537
2 0.0737327 0.0737553
2 0.00622756 0.00624988
1 0.00351348 0.00353574
1 0.00505371 0.00507515
2 0.00513924 0.00516049
2 0.0282717 0.0282926
2 0.00185125 0.00187165
1 0.00155475 0.00157432
2 0.00518171 0.00520056
2 0.00253992 0.00255835
2 0.0323871 0.0324054
1 0.013231 0.0132486
1 0.00478896 0.00480603
1 0.0426174 0.0426342
1 0.00193384 0.00194838
1 0.00140046 0.00141484
2 0.0406081 0.0406215
2 0.00265133 0.00266417
1 0.00310838 0.0031211
1 0.00285579 0.00286835
2 0.0437317 0.0437439
1 0.00229857 0.00231047
2 0.00962035 0.00963211
1 0.000923452 0.000935018
2 0.00469238 0.00470364
1 0.0140428 0.0140539
1 0.00209894 0.00211005
1 0.00121215 0.00122308
2 0.001204 0.00121472
1 0.00125486 0.00126523
1 0.00168917 0.00169947
1 0.00342216 0.00343183
1 0.00460368 0.00461231
1 0.005 0.00500781
1 0.0329428 0.0329501
2 0.00182623 0.00183349
1 0.00504586 0.0050529
2 0.0011491 0.00115606
2 0.00364262 0.00364952
1 0.00326099 0.00326772
1 0.0112962 0.0113028
1 0.00269047 0.00269705
2 0.0052702 0.00527669
1 0.0117916 0.0117976
2 0.0021178 0.00212381
2 0.00412343 0.00412926
1 0.004336 0.0043414
1 0.0046105 0.00461563
1 0.00415105 0.0041561
1 0.00150454 0.00150929
1 0.000894025 0.00089866
1 0.0102402 0.0102447
1 0.00253927 0.00254363
1 0.00403278 0.00403696
1 0.00472232 0.00472637
2 0.00576459 0.00576862
2 0.0289756 0.0289793
1 0.00149894 0.00150255
1 0.00612754 0.00613098
1 0.0054701 0.00547337
2 0.0107479 0.0107511
1 0.00244802 0.00245112
1 0.00948614 0.00948911
2 0.00405555 0.00405847
1 0.000619705 0.000622604
2 0.0128466 0.0128493
1 0.00466951 0.00467216
2 0.00550109 0.00550328
2 0.00309464 0.00309677
2 0.00265868 0.00266055
1 0.00718737 0.00718893
2 0.00212702 0.00212848
2 0.00801183 0.00801296
1 0.00410153 0.00410263
1 0.00119303 0.00119398
1 0.000460788 0.00046155
1 0.02789 0.0278908
1 0.00453574 0.0045364
2 0.0287807 0.0287814
1 0.00616778 0.00616842
2 0.00614783 0.00614839
1 0.00206738 0.00206788
2 0.00467567 0.00467611
1 0.0010237 0.00102406
2 0.0447616 0.0447619
1 0.0119754 0.0119757
1 0.000791685 0.000791999
1 0.000951437 0.000951749
2 0.00183825 0.00183848
2 0.0234557 0.0234559
2 0.00132355 0.00132373
2 0.00470161 0.00470173
2 0.028666 0.0286661
1 0.031038 0.031038
2 0.026338 0.026338
1 0.0055587 0.00555871
2 0.00218347 0.00218347
1 0.023191 0.023191
