0 0 inf
0 0 0.187728
0 0 0.0790931
0 0 0.0616381
0 0 0.0499253
0 0 0.042346
0 0 0.0417927
0 0 0.0354877
1 0.0693085 0.102741
1 0.0159006 0.0467503
1 0.0317906 0.0605941
0 0 0.0246112
0 0 0.02427
1 0.0183769 0.0374478
1 0.0206699 0.0396165
1 0.0236502 0.0417189
0 0 0.0179537
0 0 0.0178773
0 0 0.0168889
0 0 0.0159732
1 0.0318426 0.0475205
0 0 0.0154795
1 0.0134374 0.028797
0 0 0.0146882
0 0 0.0142898
0 0 0.0138744
0 0 0.0136249
0 0 0.0136075
0 0 0.0135629
0 0 0.0132098
1 0.0972256 0.110335
1 0.0115348 0.0243405
0 0 0.0127611
0 0 0.012645
0 0 0.0118123
1 0.0535054 0.0650686
0 0 0.0114949
0 0 0.0114638
0 0 0.0114575
0 0 0.0111911
0 0 0.0111343
0 0 0.0109766
1 0.0252494 0.0362059
0 0 0.0109555
0 0 0.0105808
0 0 0.0105506
0 0 0.0105038
0 0 0.0104971
0 0 0.0104091
0 0 0.0102646
0 0 0.0101285
1 0.0539732 0.0637407
0 0 0.00974777
0 0 0.00967341
1 0.203951 0.213484
0 0 0.0089409
1 0.0286009 0.0374773
2 0.0475326 0.0559945
0 0 0.00843484
0 0 0.0081081
2 0.0478047 0.055622
1 0.0306601 0.038376
1 0.0883856 0.0960594
0 0 0.00766721
1 0.0391121 0.0467727
0 0 0.00763448
1 0.0188718 0.0264994
0 0 0.00748533
1 0.00436366 0.0115285
0 0 0.00713288
0 0 0.00713171
0 0 0.00695802
0 0 0.0063588
1 0.018946 0.0251224
0 0 0.0061041
0 0 0.0060311
0 0 0.00601013
0 0 0.00587695
1 0.00406964 0.00985523
1 0.0549446 0.0599568
1 0.0208822 0.0257199
0 0 0.00483234
1 0.0104253 0.015219
0 0 0.00475951
0 0 0.00444083
0 0 0.00442721
1 0.00598499 0.0102056
0 0 0.00418191
0 0 0.00417722
1 0.284115 0.288145
1 0.0667986 0.0708134
1 0.0219853 0.0259834
1 0.0104433 0.0144371
0 0 0.00388091
1 0.0354328 0.0391044
1 0.0242394 0.0278827
0 0 0.00354432
0 0 0.00350452
1 0.0392281 0.0426099
0 0 0.00336668
0 0 0.00336275
1 0.108227 0.11156
1 0.0056136 0.00893075
1 0.00454979 0.00777236
2 0.118087 0.121308
0 0 0.00321962
0 0 0.00309459
0 0 0.00304106
1 0.0133915 0.0164238
0 0 0.00300629
1 0.00741977 0.0103714
1 0.00820495 0.0111311
0 0 0.00290763
1 0.0132641 0.0161451
0 0 0.00286872
0 0 0.00285976
1 0.0191082 0.0219407
0 0 0.00280402
1 0.016456 0.0192313
1 0.010715 0.0134748
2 0.0116754 0.0144141
0 0 0.00273041
0 0 0.00272985
0 0 0.00272621
0 0 0.00267886
1 0.0188726 0.0215269
0 0 0.00257806
1 0.0246924 0.0272491
2 0.037514 0.0400267
1 0.00616877 0.00867925
0 0 0.00242063
0 0 0.00241899
0 0 0.00241591
0 0 0.002389
1 0.0241539 0.0265159
1 0.0276933 0.0300528
1 0.0229371 0.0252652
0 0 0.00232786
1 0.00675378 0.00906508
1 0.0232419 0.0255454
1 0.0200892 0.0223303
1 0.0296523 0.0318592
0 0 0.00217916
0 0 0.00215692
0 0 0.00204034
0 0 0.00203599
1 0.0124265 0.0144361
2 0.0152104 0.0172101
1 0.00693643 0.00892257
1 0.00993326 0.0118769
0 0 0.0019285
1 0.0710055 0.0729328
0 0 0.00192144
1 0.00332003 0.00520435
1 0.00799396 0.00986031
0 0 0.00184603
0 0 0.00182846
1 0.00351754 0.00533616
1 0.0156595 0.0174381
1 0.0280927 0.0298387
0 0 0.00173137
1 0.0128873 0.014612
0 0 0.00171803
0 0 0.00171705
0 0 0.00168302
1 0.0355678 0.0371787
0 0 0.00160594
1 0.0100421 0.0116464
0 0 0.00160163
0 0 0.00159488
2 0.0329758 0.0345661
0 0 0.00158055
1 0.0245759 0.0261483
1 0.0194559 0.0210233
0 0 0.00156317
0 0 0.00155981
0 0 0.00155877
0 0 0.00155714
0 0 0.00154859
0 0 0.00152268
1 0.00438412 0.00590367
0 0 0.00151753
0 0 0.00144904
0 0 0.00144587
1 0.00322232 0.00461959
0 0 0.00139485
1 0.0281672 0.0295606
0 0 0.00138019
1 0.00173822 0.00309452
0 0 0.00134882
1 0.00222527 0.00355565
0 0 0.00132639
0 0 0.00132468
0 0 0.00132089
1 0.00404926 0.00536886
1 0.00557074 0.00688281
0 0 0.00130564
1 0.013394 0.0146732
0 0 0.00127541
0 0 0.00127233
0 0 0.00125931
1 0.00320274 0.00443911
1 0.0102215 0.0114256
1 0.00628165 0.00748219
1 0.036985 0.0381703
0 0 0.00116665
1 0.0137134 0.0148486
0 0 0.00112154
0 0 0.00111114
0 0 0.00110455
0 0 0.00109114
1 0.120729 0.121815
0 0 0.00108416
2 0.0606137 0.0616966
0 0 0.00108099
0 0 0.00108032
1 0.0156383 0.0167146
1 0.00237411 0.00344693
0 0 0.00106896
1 0.00996186 0.0110304
0 0 0.00105638
1 0.00490564 0.00596072
1 0.0283049 0.0293543
0 0 0.00104883
0 0 0.00104726
0 0 0.00102499
1 0.0322767 0.033291
1 0.0140235 0.0150308
1 0.0106467 0.0116363
0 0 0.000975938
0 0 0.000965558
0 0 0.000950993
2 0.0362701 0.0372034
0 0 0.000920228
0 0 0.000901422
1 0.0141038 0.0149935
0 0 0.000888924
0 0 0.000875504
0 0 0.000874129
0 0 0.000869409
0 0 0.000838836
1 0.00802988 0.00886322
0 0 0.000831655
0 0 0.000830904
1 0.0123998 0.0132251
1 0.0203715 0.021189
1 0.0122239 0.0130283
1 0.0260896 0.0268938
0 0 0.000801128
0 0 0.000799699
1 0.0175513 0.0183492
1 0.00807649 0.00885227
0 0 0.000748541
1 0.0267927 0.0275396
0 0 0.00074411
1 0.0105063 0.0112482
2 0.0249598 0.0256935
0 0 0.000728935
0 0 0.000723979
0 0 0.000711146
1 0.0349902 0.0357012
1 0.00115627 0.00185021
1 0.0161118 0.0168048
0 0 0.00069008
1 0.00515687 0.00584406
0 0 0.000686321
1 0.0371605 0.0378432
0 0 0.000680426
1 0.00753507 0.00821405
0 0 0.000672857
2 0.0216573 0.0223263
0 0 0.000668847
0 0 0.000660004
0 0 0.000655216
0 0 0.000642664
0 0 0.000639607
1 0.0098701 0.0104961
2 0.0384002 0.0390231
0 0 0.000622207
1 0.0181812 0.0188
0 0 0.000613141
2 0.00895486 0.00956642
1 0.00427208 0.0048718
1 0.00658044 0.00717874
1 0.0103054 0.0109031
0 0 0.000590247
0 0 0.000586087
1 0.023395 0.0239713
1 0.0223249 0.0229002
0 0 0.000570876
1 0.0378899 0.0384598
2 0.0171386 0.0177056
1 0.00373592 0.00429787
0 0 0.000556391
0 0 0.000554364
1 0.00382356 0.00437509
0 0 0.000544101
2 0.0265237 0.0270643
1 0.0152947 0.0158332
0 0 0.00052217
1 0.0196692 0.0201819
0 0 0.000504519
1 0.00524489 0.00574718
1 0.00697401 0.00747619
0 0 0.000477053
1 0.00326471 0.00374038
1 0.00998651 0.0104618
1 0.00901705 0.00949072
0 0 0.000472037
1 0.00817877 0.00864907
0 0 0.000469692
2 0.0222867 0.0227438
1 0.00195612 0.00240596
2 0.00967674 0.0101254
0 0 0.000440127
1 0.0038198 0.00425887
1 0.00089603 0.0013345
1 0.00212049 0.00255726
1 0.00126353 0.00169837
1 0.0021293 0.0025594
1 0.00108212 0.00151139
0 0 0.000420431
1 0.00229017 0.00270773
0 0 0.000416365
1 0.00118846 0.00158838
2 0.123786 0.124182
0 0 0.000388045
0 0 0.000383843
0 0 0.000381649
1 0.00128081 0.00165812
0 0 0.000373336
2 0.0378406 0.038209
2 0.102753 0.103121
1 0.00443126 0.00479836
2 0.0336139 0.0339802
1 0.0325755 0.032929
1 0.00185851 0.00221126
0 0 0.000351613
0 0 0.000351501
2 0.122275 0.122627
1 0.00378203 0.00412979
2 0.0323689 0.0327137
1 0.00320486 0.00353525
2 0.0014196 0.00174415
1 0.00987276 0.0101952
1 0.0720276 0.0723465
1 0.0257004 0.0260117
1 0.00196647 0.00227581
2 0.0281548 0.0284615
2 0.0428144 0.0431198
0 0 0.000300511
1 0.00186293 0.0021629
1 0.00857882 0.00887761
1 0.00162703 0.00192083
1 0.00307802 0.00337037
2 0.010896 0.0111883
0 0 0.000288284
1 0.00281834 0.00309832
1 0.00333308 0.00361281
1 0.0251126 0.0253914
0 0 0.000278678
0 0 0.000278527
0 0 0.000272213
1 0.010396 0.0106665
0 0 0.000270317
1 0.0143133 0.0145795
1 0.00848321 0.00874831
1 0.00301054 0.0032756
2 0.0185312 0.0187963
1 0.00323699 0.00349857
1 0.000772943 0.0010294
1 0.00102933 0.00128506
1 0.00120387 0.00145628
1 0.000920539 0.00116795
1 0.00127065 0.00150527
1 0.0015234 0.00175511
1 0.0049916 0.00522104
2 0.00953795 0.0097613
0 0 0.000222039
1 0.00202291 0.00224187
1 0.0161713 0.0163891
0 0 0.000217694
1 0.0025076 0.00272445
1 0.011998 0.0122143
0 0 0.000213895
1 0.00163529 0.00184848
1 0.00857022 0.00878187
2 0.00189836 0.00210529
1 0.00068389 0.000888003
1 0.00942552 0.00962346
1 0.0141662 0.0143621
1 0.00922163 0.00941329
1 0.00150889 0.0017003
1 0.00148811 0.00167701
1 0.0524118 0.0525993
1 0.00480986 0.00499522
1 0.00754417 0.0077282
1 0.00350967 0.00369235
0 0 0.000181338
1 0.00212273 0.00230214
1 0.00167197 0.00184963
1 0.0253213 0.0254985
2 0.00953014 0.00970663
1 0.00708494 0.00726025
1 0.00312726 0.00329364
1 0.00645809 0.0066236
2 0.0597819 0.0599328
1 0.000939982 0.00108882
1 0.0039325 0.00408107
2 0.027809 0.0279549
1 0.00123794 0.00138289
1 0.0082124 0.00835618
1 0.0160306 0.0161738
1 0.0441346 0.0442775
1 0.0418561 0.041998
2 0.00472583 0.00486717
1 0.00727804 0.00741883
1 0.000856186 0.000995317
1 0.0242971 0.0244349
2 0.0101331 0.0102696
2 0.0111406 0.0112769
1 0.00132522 0.00146083
1 0.016623 0.0167571
1 0.0011912 0.00132389
1 0.0026265 0.00275626
2 0.00361211 0.0037396
1 0.0247041 0.0248316
1 0.00391609 0.00404198
1 0.000834329 0.000959702
2 0.00160575 0.00172856
1 0.0234175 0.0235398
0 0 0.000121378
2 0.00204047 0.00216034
1 0.00471486 0.00483331
1 0.0144694 0.0145852
2 0.0165046 0.0166201
2 0.0124211 0.0125352
1 0.00367389 0.00378696
1 0.0824958 0.0826075
1 0.000934629 0.00104617
2 0.0325336 0.0326448
1 0.00167266 0.00178341
1 0.00150342 0.00161394
2 0.0106377 0.0107449
0 0 0.000107104
1 0.0038149 0.00392186
1 0.000915621 0.00102176
1 0.0104561 0.0105605
1 0.024368 0.0244722
1 0.21121 0.211313
1 0.0142143 0.0143162
1 0.0263498 0.026451
2 0.0365383 0.036638
1 0.00345432 0.00355307
1 0.032837 0.0329354
2 0.0411531 0.0412507
2 0.0100042 0.0101
1 0.00114579 0.00123915
1 0.0135993 0.0136916
2 0.00330759 0.00339517
1 0.0113127 0.0113996
1 0.000716768 0.000803161
0 0 8.4857e-05
2 0.0155197 0.0156031
1 0.0555795 0.0556625
1 0.000315294 0.000398044
1 0.0366421 0.0367248
1 0.00105591 0.00113815
2 0.00189124 0.00197016
0 0 7.78142e-05
2 0.00924482 0.00932259
1 0.00206395 0.00214054
0 0 7.62665e-05
2 0.0120061 0.0120819
1 0.00134437 0.00141911
1 0.00368757 0.00376217
1 0.009677 0.00975157
1 0.00174277 0.001817
1 0.00905985 0.00913335
2 0.00876207 0.00883491
1 0.0183195 0.0183903
2 0.0122005 0.0122712
1 0.00384316 0.00391188
1 0.00106422 0.00113263
1 0.00199775 0.00206538
1 0.00152498 0.00159221
1 0.00125198 0.00131862
0 0 6.66049e-05
1 0.00407867 0.00414514
1 0.00116957 0.00123487
1 0.000563637 0.000627503
0 0 6.35387e-05
1 0.0464773 0.0465407
1 0.0045511 0.00461396
1 0.00356246 0.00362234
1 0.00176481 0.00182461
1 0.0101264 0.0101861
1 0.000545893 0.000605461
1 0.0137446 0.0138027
1 0.000624113 0.000682215
1 0.00135048 0.00140781
1 0.00875812 0.00881394
1 0.00214241 0.002198
1 0.00110981 0.00116468
1 0.00242977 0.00248447
2 0.025202 0.0252566
2 0.0251104 0.025165
2 0.00371825 0.00377188
1 0.016447 0.0165004
1 0.00162753 0.00167935
1 0.00103045 0.00108167
2 0.0120408 0.0120908
1 0.0297552 0.0298046
1 0.000786533 0.000835079
2 0.0397726 0.0398194
1 0.0021144 0.00216107
2 0.0111068 0.0111527
2 0.00153727 0.00158139
1 0.00133267 0.00137663
2 0.00969218 0.00973611
1 0.00231953 0.00236216
1 0.00521451 0.00525657
1 0.0107684 0.0108104
1 0.00371953 0.00376141
1 0.000429753 0.000470152
1 0.00286075 0.00290066
1 0.0010565 0.00109626
1 0.0123376 0.0123765
1 0.000917302 0.00095549
2 0.0187473 0.0187847
1 0.000846678 0.000882887
1 0.00464803 0.00468414
0 0 3.56856e-05
1 0.00236494 0.00240035
1 0.00161636 0.00165109
2 0.010689 0.0107235
2 0.0015982 0.00163262
1 0.00355901 0.00359333
1 0.00370419 0.00373817
1 0.0011822 0.00121578
2 0.00283748 0.00287072
1 0.0107166 0.0107498
2 0.0399531 0.0399856
2 0.00167322 0.00170519
2 0.0278981 0.0279297
1 0.0104889 0.0105202
1 0.00505367 0.00508401
2 0.0302798 0.0303098
1 0.00753821 0.00756757
1 0.00862696 0.00865594
1 0.00207295 0.0021019
2 0.00290363 0.00293249
1 0.00344311 0.00347195
1 0.0153337 0.0153625
1 0.0010337 0.00106217
1 0.0020833 0.00211164
1 0.00210588 0.00213412
2 0.00314673 0.00317464
2 0.0171379 0.0171657
2 0.00224998 0.00227769
1 0.00145483 0.00148236
2 0.0100768 0.0101043
1 0.000923126 0.0009498
1 0.0046607 0.00468711
2 0.001453 0.00147929
1 0.00411203 0.00413812
1 0.0136297 0.0136555
1 0.00190927 0.00193478
1 0.0131401 0.0131654
1 0.00303115 0.00305628
1 0.000372147 0.00039598
2 0.288275 0.288299
1 0.00178042 0.00180384
2 0.00132999 0.00135327
2 0.00914843 0.00917145
1 0.00917533 0.00919816
2 0.00975451 0.00977723
1 0.0097561 0.00977855
1 0.00319755 0.0032198
1 0.00310557 0.00312775
2 0.0115927 0.011614
1 0.00213325 0.00215388
2 0.00149199 0.00151259
2 0.0148849 0.0149052
2 0.0098788 0.00989852
1 0.0146938 0.0147133
1 0.00206176 0.0020812
2 0.0128433 0.0128625
2 0.00280554 0.0028239
1 0.00178786 0.00180564
1 0.00378188 0.00379957
1 0.00217988 0.00219714
1 0.00499158 0.0050086
1 0.00320088 0.00321742
1 0.0100575 0.0100737
1 0.000608344 0.000624299
2 0.00384401 0.00385915
1 0.0250787 0.0250933
2 0.00379561 0.00381003
1 0.0130707 0.0130844
1 0.00843653 0.00844941
2 0.0730521 0.0730648
2 0.00318642 0.00319906
1 0.00525043 0.00526279
1 0.00156696 0.00157928
2 0.0130687 0.0130808
1 0.0118902 0.0119022
1 0.00047123 0.000483017
2 0.00863549 0.00864705
1 0.0161273 0.0161386
2 0.00289688 0.00290812
2 0.0122539 0.0122648
2 0.00478965 0.00480048
2 0.00758731 0.007598
2 0.00316174 0.00317222
2 0.0031489 0.00315923
1 0.00963135 0.00964135
1 0.00988212 0.00989206
1 0.00313228 0.00314204
1 0.00193213 0.00194182
1 0.0375322 0.0375418
1 0.0234789 0.0234883
1 0.00128751 0.00129689
2 0.0126032 0.0126125
2 0.00497336 0.0049826
1 0.00105464 0.00106382
1 0.0022644 0.0022735
1 0.00143922 0.00144823
1 0.00287984 0.00288875
2 0.014476 0.0144844
1 0.00441146 0.00441973
2 0.00208391 0.00209202
1 0.000863561 0.00087115
1 0.00743057 0.00743794
2 0.000871311 0.000878091
2 0.0391994 0.039206
2 0.00240392 0.00241033
2 0.00173553 0.00174181
2 0.014887 0.0148933
1 0.00169174 0.00169796
2 0.0171051 0.0171107
1 0.00148215 0.00148771
1 0.0425808 0.0425863
2 0.00179234 0.00179776
1 0.00331639 0.00332172
1 0.00221684 0.00222195
1 0.0123245 0.0123289
1 0.00456793 0.00457204
1 0.00154391 0.00154798
1 0.0012066 0.00121065
2 0.0221319 0.0221359
1 0.00145531 0.00145927
1 0.0141187 0.0141221
1 0.00361161 0.00361507
2 0.025261 0.0252643
2 0.0336007 0.0336039
2 0.00939861 0.00940165
2 0.0127406 0.0127436
1 0.00325912 0.00326212
1 0.00152016 0.00152304
2 0.0100409 0.0100436
1 0.00387218 0.00387484
1 0.00229554 0.0022982
1 0.000490781 0.000493438
2 0.0145858 0.0145883
1 0.0346638 0.0346662
1 0.0012784 0.00128073
1 0.0100137 0.010016
1 0.0016209 0.00162306
2 0.00572373 0.00572586
1 0.00125873 0.0012608
2 0.0173851 0.0173871
2 0.00540018 0.00540215
1 0.0017352 0.00173717
2 0.00337616 0.00337809
1 0.0013656 0.00136739
1 0.025254 0.0252556
1 0.00558879 0.00559023
2 0.00616057 0.00616196
2 0.0248511 0.0248524
1 0.0125297 0.0125308
2 0.0037973 0.00379832
2 0.012746 0.0127469
2 0.0254444 0.0254452
1 0.00926324 0.00926395
1 0.000857544 0.000858238
1 0.00113361 0.00113427
1 0.0010806 0.00108122
1 0.0022609 0.00226151
2 0.0108486 0.0108492
2 0.00224161 0.00224197
2 0.0338452 0.0338455
1 0.0180268 0.0180271
2 0.0130858 0.013086
2 0.00195467 0.00195488
2 0.0023698 0.00236986
2 0.00402545 0.00402549
1 0.00185176 0.00185176
