0 0 inf
0 0 0.0585122
0 0 0.0561384
0 0 0.0552417
0 0 0.0492524
0 0 0.0469738
0 0 0.0463803
0 0 0.0442614
0 0 0.0382456
0 0 0.0379924
1 0.0188956 0.0547918
0 0 0.0303728
0 0 0.029979
0 0 0.029295
1 0.0288457 0.0527551
0 0 0.0209702
0 0 0.0199863
0 0 0.0198433
0 0 0.0192608
0 0 0.0187562
0 0 0.0178129
1 0.0264303 0.0436855
1 0.0570125 0.073346
0 0 0.0157253
0 0 0.0154239
0 0 0.0151458
0 0 0.0145913
0 0 0.013548
1 0.0268185 0.0400317
0 0 0.0131343
0 0 0.0129307
0 0 0.0128695
0 0 0.0125642
0 0 0.0118667
0 0 0.0118014
0 0 0.0106953
0 0 0.010688
1 0.0145375 0.0247601
0 0 0.0101926
1 0.0309196 0.0410663
1 0.0395439 0.04966
0 0 0.00983794
0 0 0.00978407
0 0 0.00966732
0 0 0.00956281
0 0 0.00939079
0 0 0.009271
0 0 0.00901388
1 0.146878 0.155754
1 0.0656443 0.07448
1 0.00970331 0.0182488
0 0 0.00851736
0 0 0.00848176
1 0.0149841 0.0234507
1 0.0436515 0.0520019
1 0.0324954 0.0406731
1 0.138322 0.146483
0 0 0.00804517
2 0.0610837 0.0690678
0 0 0.00797262
0 0 0.00794417
0 0 0.00774287
1 0.0348012 0.0425146
0 0 0.00768275
0 0 0.00750782
0 0 0.00744584
0 0 0.00732336
2 0.0546234 0.0613125
1 0.0347364 0.0408978
0 0 0.00610023
0 0 0.00591352
1 0.013143 0.01902
0 0 0.00577131
1 0.0115251 0.017091
0 0 0.00554046
0 0 0.0054259
1 0.00459833 0.00999814
0 0 0.00536284
0 0 0.00529405
0 0 0.00524743
1 0.00423558 0.0094671
1 0.0194277 0.0246338
0 0 0.00518534
0 0 0.00513316
0 0 0.00508838
1 0.0150447 0.0200635
0 0 0.00486567
0 0 0.00486051
0 0 0.00485114
1 0.0233402 0.0281742
1 0.00440882 0.00917725
1 0.0125993 0.0173281
0 0 0.00447334
1 0.00329102 0.00775335
0 0 0.00445283
0 0 0.00440732
1 0.0240331 0.0284072
1 0.0661427 0.0704246
1 0.0083589 0.0126311
0 0 0.0042263
1 0.0180222 0.0222474
0 0 0.00408635
1 0.0692716 0.0733511
0 0 0.00403705
1 0.0250362 0.0290424
1 0.0160179 0.0200126
1 0.0217274 0.0256648
0 0 0.00393334
0 0 0.00386596
0 0 0.00384925
0 0 0.00383407
0 0 0.00379613
0 0 0.00378337
0 0 0.00377787
0 0 0.00371594
1 0.0880267 0.0916752
0 0 0.00362344
0 0 0.00359426
1 0.0101903 0.0137832
1 0.00727656 0.0108204
1 0.00305857 0.0065895
0 0 0.00352775
2 0.15644 0.159936
0 0 0.00347076
0 0 0.00345197
1 0.110613 0.11401
0 0 0.00331896
1 0.0110002 0.0142783
2 0.056308 0.0595831
0 0 0.0032684
0 0 0.00326008
0 0 0.00325946
0 0 0.00324749
1 0.00650457 0.0097485
0 0 0.00322037
2 0.0217316 0.0249092
0 0 0.00315061
2 0.054213 0.0573296
1 0.0171972 0.0202427
0 0 0.00301844
1 0.006045 0.00899326
1 0.0369349 0.0398651
0 0 0.00291926
2 0.0249923 0.027871
0 0 0.00283679
1 0.00579017 0.00862172
1 0.0066124 0.00943884
0 0 0.00282422
0 0 0.00282205
0 0 0.00273629
0 0 0.00265076
1 0.0136693 0.0163003
0 0 0.00261894
0 0 0.00253713
0 0 0.00251895
0 0 0.0024701
1 0.0218954 0.024364
1 0.0288458 0.031312
0 0 0.00246164
0 0 0.00244803
0 0 0.00243472
1 0.00638796 0.00881145
0 0 0.00236186
0 0 0.00234857
0 0 0.00230684
1 0.089741 0.0920468
0 0 0.00229341
0 0 0.00227521
1 0.0278203 0.0300834
0 0 0.00225642
0 0 0.00223448
1 0.0653029 0.0675336
0 0 0.00222858
1 0.0358269 0.0380319
0 0 0.0021555
1 0.0105673 0.0126448
0 0 0.00206636
1 0.00832693 0.0103639
1 0.00630156 0.00832839
1 0.00249946 0.00451271
1 0.00583616 0.00778165
0 0 0.00194381
0 0 0.00192124
1 0.00762581 0.00954295
0 0 0.00188714
2 0.0627256 0.0646111
0 0 0.00186309
2 0.123226 0.125085
1 0.056295 0.0581384
2 0.0110169 0.0128448
0 0 0.00182486
0 0 0.00181042
2 0.114765 0.116575
0 0 0.00179221
1 0.00576743 0.0075386
0 0 0.00175469
1 0.00692138 0.00862518
1 0.00668216 0.00838322
1 0.0246372 0.0263192
0 0 0.00167383
0 0 0.00164261
1 0.0090879 0.0107288
1 0.0700418 0.071671
1 0.0051106 0.00673647
1 0.01357 0.0151927
0 0 0.00162102
1 0.0151138 0.0167214
1 0.00420031 0.00577504
2 0.00966093 0.011196
0 0 0.00153098
0 0 0.00153053
1 0.00274492 0.00425554
0 0 0.00150561
0 0 0.00149852
0 0 0.00149207
2 0.0838487 0.0853282
0 0 0.00147107
1 0.00660553 0.00806757
0 0 0.00146058
0 0 0.00144902
0 0 0.0014445
1 0.0305708 0.0320151
0 0 0.00144078
0 0 0.00141867
2 0.00910848 0.0105078
0 0 0.00139819
0 0 0.00139732
1 0.0366927 0.0380812
1 0.019889 0.0212483
1 0.00364097 0.00498503
1 0.120471 0.121802
1 0.00638064 0.00770307
0 0 0.00131577
0 0 0.00131338
1 0.0253382 0.0266515
1 0.0328483 0.0341527
0 0 0.00128706
0 0 0.00128342
0 0 0.00127138
1 0.00532244 0.00659291
0 0 0.00125168
1 0.00438396 0.00563133
0 0 0.00124078
1 0.0272846 0.0285126
1 0.112869 0.114083
1 0.00650177 0.00769824
0 0 0.0011865
1 0.0163159 0.0174968
1 0.0262002 0.027379
1 0.00227166 0.00344657
1 0.00724819 0.00842091
1 0.0216222 0.0227824
0 0 0.00115819
0 0 0.00115759
1 0.126302 0.127454
1 0.0133758 0.0145265
1 0.0177516 0.0188953
1 0.0284274 0.0295583
1 0.00471502 0.00583134
0 0 0.00111432
1 0.0114274 0.0125374
1 0.00396434 0.00506292
1 0.0137393 0.0148161
1 0.00729866 0.00836655
1 0.00671178 0.00777841
1 0.0044789 0.00552228
1 0.0803119 0.0813457
1 0.0118884 0.0129151
2 0.0291948 0.0302115
1 0.0148228 0.0158391
0 0 0.000990613
0 0 0.000990204
0 0 0.000975982
1 0.0156414 0.0166145
0 0 0.000971599
1 0.0182726 0.0192359
0 0 0.000959708
1 0.00758217 0.00853854
1 0.0160219 0.0169588
1 0.0171025 0.0180319
0 0 0.000926702
0 0 0.000915333
0 0 0.000907388
1 0.0108125 0.0117154
1 0.0687658 0.0696579
0 0 0.000877758
0 0 0.000869905
1 0.000998226 0.00186145
0 0 0.000855469
0 0 0.000854814
1 0.0150944 0.015946
1 0.00622779 0.00707879
0 0 0.000842018
1 0.00591668 0.00675804
2 0.012172 0.0130081
1 0.00413501 0.00496477
0 0 0.000826579
2 0.0293057 0.0301253
1 0.00884855 0.00966498
1 0.00231941 0.00311597
0 0 0.000793335
1 0.00359727 0.00438919
2 0.120022 0.120808
0 0 0.000774887
1 0.0224582 0.023231
1 0.00954193 0.0103126
1 0.13757 0.138341
1 0.0129026 0.0136641
1 0.109519 0.110277
2 0.00796814 0.00872271
0 0 0.00074873
0 0 0.000747976
1 0.00532672 0.00606627
1 0.00467546 0.00540159
1 0.00624765 0.00697279
1 0.00860715 0.00932841
1 0.0582736 0.0589874
0 0 0.000711716
1 0.0744991 0.075206
1 0.0125524 0.0132464
0 0 0.000692524
1 0.00687472 0.00756622
2 0.0580829 0.0587712
2 0.0220887 0.0227581
0 0 0.00066919
2 0.154157 0.154825
1 0.00644914 0.00710843
1 0.0229785 0.0236254
0 0 0.000630767
0 0 0.000595299
0 0 0.000583592
1 0.00183183 0.0024113
1 0.00111287 0.00168728
2 0.0132614 0.0138353
0 0 0.000572172
1 0.00719314 0.00776476
1 0.00668696 0.00725734
1 0.0152433 0.0158121
1 0.00200303 0.00257114
0 0 0.000567798
1 0.00571124 0.00627881
1 0.00918814 0.00975491
2 0.0252999 0.0258651
0 0 0.000564393
1 0.00679392 0.00735497
1 0.00354209 0.00410001
0 0 0.000557893
2 0.0295916 0.030147
1 0.11906 0.119615
0 0 0.000554502
1 0.00565514 0.00620226
1 0.012018 0.0125612
1 0.00476678 0.0053063
0 0 0.000536958
0 0 0.00053332
1 0.11781 0.118337
1 0.00368984 0.00421692
1 0.00826638 0.00879028
0 0 0.000523728
1 0.0128326 0.0133483
1 0.0296255 0.0301398
0 0 0.000510509
1 0.0516577 0.0521671
0 0 0.000509043
1 0.0576858 0.058191
1 0.0199529 0.0204573
0 0 0.000501976
1 0.0283985 0.0288957
1 0.0117242 0.0122174
1 0.00439776 0.00488147
1 0.022461 0.0229446
0 0 0.000481935
0 0 0.00048052
0 0 0.000467694
1 0.0374738 0.0379344
2 0.0411233 0.0415805
1 0.00446344 0.00491798
1 0.0126566 0.0131101
1 0.0950134 0.0954541
1 0.00703779 0.00747729
2 0.0301166 0.0305561
2 0.0152742 0.0157135
1 0.0127473 0.0131796
2 0.0153073 0.015738
1 0.0164981 0.0169254
1 0.0388244 0.039249
0 0 0.000423284
1 0.00273532 0.00315665
0 0 0.000417826
1 0.00602587 0.0064426
1 0.0136944 0.0141066
2 0.0755563 0.0759682
1 0.0277813 0.0281885
1 0.00479905 0.00519582
2 0.00721564 0.00760583
1 0.00718974 0.00757752
1 0.161751 0.162138
1 0.0483984 0.0487798
1 0.0533298 0.0537103
2 0.0215892 0.0219658
1 0.0305647 0.0309405
1 0.0257569 0.0261244
1 0.0146427 0.0150078
0 0 0.000364259
2 0.0587421 0.0591047
1 0.00652715 0.00688884
0 0 0.000359106
1 0.00183921 0.0021978
2 0.0107777 0.0111348
1 0.00718766 0.007542
1 0.0239876 0.0243356
1 0.0031368 0.00348447
1 0.0146811 0.0150284
1 0.00277519 0.00312178
0 0 0.000336968
1 0.00710765 0.00744396
1 0.00916446 0.00949592
1 0.00419354 0.00452187
1 0.00541955 0.00574506
1 0.0045132 0.00483721
1 0.0212817 0.021601
1 0.0224644 0.0227813
2 0.0173079 0.0176247
1 0.000991515 0.00130603
1 0.0172099 0.0175223
1 0.00139147 0.00170345
1 0.00938486 0.00969631
1 0.0109821 0.0112904
0 0 0.000297458
1 0.00365465 0.00394988
0 0 0.000289325
2 0.0495914 0.0498804
1 0.0124099 0.0126983
1 0.0852223 0.0855094
1 0.00758841 0.00787033
1 0.00538127 0.0056584
2 0.0102088 0.0104856
1 0.0392668 0.0395413
1 0.0284735 0.0287434
1 0.00467314 0.00494173
0 0 0.000265923
1 0.00329666 0.00356127
2 0.0160514 0.016312
1 0.00112478 0.00138348
1 0.00752889 0.00778628
1 0.000849287 0.00110218
2 0.0255959 0.0258484
1 0.0175957 0.017848
1 0.0132847 0.0135339
1 0.00253872 0.00278143
1 0.0452195 0.0454617
2 0.00811231 0.00835055
0 0 0.00023772
1 0.00243785 0.00267537
1 0.00398118 0.00421379
2 0.0577376 0.0579684
1 0.010244 0.0104728
1 0.020599 0.0208276
1 0.00450819 0.00473656
1 0.00422473 0.00444698
2 0.00789236 0.00811308
2 0.0110405 0.0112585
1 0.0181903 0.018407
1 0.00702922 0.007245
1 0.00744357 0.00765851
2 0.00942652 0.00964119
1 0.00157199 0.0017811
1 0.0269687 0.0271763
1 0.00114092 0.00134488
1 0.00521219 0.00540823
0 0 0.000193805
1 0.00371411 0.00390732
1 0.0040073 0.00419975
1 0.00557881 0.00577
1 0.00451682 0.00470713
1 0.00510782 0.00529651
2 0.157803 0.157991
1 0.00209566 0.00228362
1 0.00235867 0.00254572
1 0.00454522 0.00473194
1 0.040272 0.0404584
1 0.00262409 0.0028101
1 0.00953467 0.00971864
1 0.00856602 0.00874466
2 0.121884 0.122057
1 0.0200935 0.0202652
1 0.0128584 0.0130268
1 0.0329654 0.0331336
0 0 0.000166666
1 0.00458234 0.00474769
2 0.0112376 0.0114004
2 0.0212061 0.0213689
1 0.0548526 0.0550151
1 0.00318818 0.00334572
2 0.0405606 0.0407178
2 0.00746209 0.00761923
1 0.00541452 0.00557093
1 0.0535807 0.0537363
1 0.0365744 0.036728
2 0.0127748 0.0129268
2 0.00894208 0.0090933
2 0.00747911 0.00762955
1 0.00211126 0.00225835
2 0.0322687 0.0324157
1 0.00237815 0.00252492
1 0.000577539 0.000723154
2 0.00827272 0.00841624
2 0.0115739 0.0117158
1 0.0120676 0.0122075
2 0.0266431 0.0267823
1 0.00105149 0.00118853
1 0.039589 0.0397248
1 0.000893974 0.00102635
1 0.0129134 0.0130452
1 0.00234136 0.00247303
1 0.0160799 0.0162085
1 0.00995351 0.0100816
2 0.0279084 0.0280355
1 0.00381387 0.00393893
1 0.0111326 0.0112572
1 0.00456661 0.00469067
2 0.0167261 0.0168495
2 0.00676104 0.00688317
2 0.0136916 0.0138124
1 0.00427313 0.00439334
1 0.00238337 0.00250162
2 0.0541173 0.0542326
1 0.00306434 0.00317778
2 0.0254723 0.0255853
0 0 0.000110933
1 0.0135668 0.0136771
1 0.00532985 0.00543908
1 0.00696508 0.00707415
1 0.00354304 0.00365027
0 0 0.000105515
1 0.00551698 0.00562085
2 0.00592813 0.00603175
1 0.0296774 0.0297808
1 0.01133 0.0114317
2 0.00514729 0.00524882
1 0.00171237 0.00181315
1 0.00390759 0.0040082
2 0.00345586 0.00355579
1 0.00252529 0.00262381
2 0.010462 0.0105599
1 0.00786387 0.00796043
1 0.00696773 0.00706361
1 0.0526405 0.0527353
1 0.00822441 0.00831839
1 0.00318558 0.00327919
1 0.0477148 0.047806
1 0.0118208 0.0119095
1 0.00528717 0.00537549
1 0.0139861 0.0140744
1 0.00106975 0.00115735
2 0.0195307 0.0196181
1 0.000627311 0.000714412
2 0.0146083 0.014695
1 0.000727603 0.000813461
1 0.0309332 0.0310175
2 0.0194246 0.0195088
1 0.000715036 0.000798664
2 0.00667938 0.00676089
1 0.00306763 0.00314871
1 0.00331921 0.00339993
2 0.0827321 0.0828111
2 0.0257611 0.0258388
2 0.0109016 0.0109788
2 0.0211831 0.021258
1 0.0120892 0.012164
1 0.00279358 0.00286744
1 0.00870612 0.00877899
2 0.108045 0.108115
2 0.0112017 0.0112712
1 0.00406922 0.0041372
1 0.000805094 0.000873031
1 0.00118262 0.00124944
1 0.0185291 0.0185946
2 0.00695436 0.00701928
1 0.00708709 0.00715083
1 0.00769863 0.00776218
2 0.0367422 0.0368038
2 0.0123496 0.0124076
2 0.0222386 0.0222933
1 0.00264821 0.00270082
1 0.0131492 0.0132017
1 0.0194624 0.0195143
2 0.0046968 0.00474794
1 0.057142 0.0571929
1 0.00310002 0.00315096
1 0.00957495 0.00962556
2 0.0141636 0.0142138
1 0.105517 0.105567
2 0.0144878 0.0145372
1 0.00200946 0.00205799
2 0.0142678 0.0143156
1 0.00101705 0.00106318
2 0.00950037 0.00954628
1 0.165018 0.165062
1 0.00181576 0.00185947
2 0.0124237 0.0124671
2 0.0112106 0.0112528
2 0.00595436 0.00599506
1 0.0172963 0.0173359
2 0.0329444 0.0329837
2 0.0219426 0.0219816
2 0.0100804 0.0101184
1 0.0069108 0.00694831
1 0.00232385 0.00236117
1 0.00694144 0.00697806
2 0.0141867 0.0142226
1 0.00462913 0.00466485
1 0.108002 0.108037
1 0.00377788 0.00381112
1 0.0051283 0.00516138
2 0.0191993 0.0192322
1 0.00559698 0.00562969
1 0.00183809 0.00187076
1 0.0388825 0.038915
1 0.010009 0.0100404
1 0.0264619 0.0264909
1 0.00601295 0.00604071
1 0.000959749 0.000987238
1 0.00905923 0.00908615
1 0.00282085 0.00284771
1 0.00672685 0.00675194
1 0.0141593 0.0141841
1 0.0157642 0.0157889
1 0.00243882 0.00246249
2 0.0140743 0.0140974
1 0.00707177 0.00709403
1 0.00706619 0.00708833
1 0.01894 0.018962
1 0.00107783 0.00109971
1 0.12016 0.120181
1 0.0128372 0.0128574
1 0.102663 0.102683
2 0.0650492 0.0650682
2 0.106159 0.106177
1 0.0206953 0.0207126
1 0.00766062 0.00767631
2 0.039759 0.0397746
1 0.00703214 0.00704749
1 0.0131298 0.0131442
1 0.00346841 0.00348285
1 0.0043814 0.00439479
1 0.0222609 0.0222735
1 0.0109457 0.0109583
2 0.0552112 0.0552234
1 0.00541314 0.00542514
2 0.0135177 0.0135296
2 0.00937012 0.00938175
1 0.00166021 0.00167178
2 0.0266344 0.0266456
2 0.0183098 0.0183204
2 0.0178832 0.0178926
1 0.0343848 0.0343939
1 0.00209692 0.00210602
1 0.00180364 0.00181213
1 0.0985946 0.098603
2 0.0222863 0.0222942
2 0.00349798 0.00350552
2 0.0100294 0.0100364
2 0.00729714 0.00730402
1 0.0449343 0.0449411
1 0.000852533 0.000858354
1 0.0124861 0.0124919
2 0.00179818 0.00180379
2 0.00613719 0.0061425
2 0.0210227 0.021028
1 0.00191191 0.0019169
2 0.00582309 0.00582804
2 0.0118966 0.0119011
2 0.0607292 0.0607336
1 0.00803311 0.00803736
2 0.0537699 0.0537739
2 0.0632656 0.0632696
1 0.00115643 0.00116028
2 0.0154367 0.0154405
2 0.00949528 0.00949896
2 0.00338073 0.00338423
2 0.00586257 0.005866
1 0.0081783 0.0081817
2 0.0042061 0.00420945
2 0.0109024 0.0109056
1 0.00477083 0.00477384
2 0.0118893 0.0118923
1 0.0050375 0.00504045
1 0.00162837 0.00163115
1 0.0108889 0.0108915
1 0.00185328 0.00185585
1 0.00444362 0.00444616
2 0.0211895 0.0211919
2 0.0142449 0.0142473
1 0.00597415 0.00597654
1 0.00758913 0.00759131
1 0.00179585 0.00179802
1 0.00120735 0.00120951
1 0.00260128 0.0026032
1 0.0119139 0.0119158
2 0.00260911 0.00261096
1 0.0171993 0.0172011
1 0.00699475 0.00699628
2 0.0502641 0.0502653
1 0.00773296 0.00773418
2 0.0136814 0.0136826
2 0.0261728 0.0261739
2 0.00504953 0.00505058
2 0.0044126 0.00441361
2 0.00140539 0.00140629
2 0.0113122 0.0113131
1 0.00550346 0.00550429
1 0.00137714 0.00137781
1 0.00297013 0.00297078
2 0.015726 0.0157266
1 0.0017343 0.00173482
1 0.00420551 0.0042059
2 0.0208387 0.0208391
2 0.00403798 0.00403833
2 0.0152754 0.0152757
1 0.000894852 0.000895037
2 0.0137867 0.0137868
2 0.0160712 0.0160714
2 0.00422058 0.00422065
1 0.147759 0.147759
1 0.258536 0.258537
1 0.0142453 0.0142453
2 0.0120582 0.0120582
1 0.0136741 0.0136741
2 0.00805885 0.00805885
