0 0 inf
0 0 0.07579
0 0 0.0645085
0 0 0.064401
0 0 0.0442083
0 0 0.0354596
1 0.0238803 0.057793
0 0 0.0234196
1 0.0280854 0.050145
0 0 0.0220256
0 0 0.021126
1 0.0169825 0.038005
0 0 0.020573
0 0 0.0201617
0 0 0.0189115
0 0 0.0188931
1 0.0207549 0.0394923
0 0 0.0184584
1 0.0688378 0.086654
0 0 0.0159578
1 0.0251469 0.0410855
0 0 0.0153049
0 0 0.0148654
1 0.0247024 0.0394078
0 0 0.014658
0 0 0.0144849
0 0 0.0143107
0 0 0.014265
0 0 0.0140125
0 0 0.0129207
1 0.0308413 0.043708
0 0 0.0126396
1 0.0378048 0.0499011
0 0 0.0116268
0 0 0.0113513
0 0 0.0113293
0 0 0.0111021
0 0 0.0106536
0 0 0.0101643
0 0 0.0101438
1 0.0326416 0.0423901
1 0.0121616 0.0216118
0 0 0.00920819
0 0 0.00910394
0 0 0.00873052
1 0.0242574 0.0329605
0 0 0.00862586
2 0.0430556 0.051092
1 0.0484362 0.0563491
0 0 0.00772247
1 0.0162549 0.0239217
0 0 0.00759987
0 0 0.00754002
0 0 0.00726698
0 0 0.00716213
0 0 0.00710596
0 0 0.00688289
1 0.0143242 0.021087
0 0 0.00674021
1 0.00285149 0.00948966
0 0 0.00659521
1 0.0232503 0.0298314
0 0 0.0065221
0 0 0.00649368
0 0 0.0063182
0 0 0.00587041
0 0 0.00579099
0 0 0.0057029
0 0 0.00568844
0 0 0.0056575
0 0 0.00555997
0 0 0.00547808
2 0.0887354 0.0940622
0 0 0.00518829
0 0 0.00514666
0 0 0.00513136
0 0 0.00501264
0 0 0.00497767
0 0 0.00488202
0 0 0.00480491
0 0 0.0046882
1 0.00815119 0.012782
1 0.0163979 0.0210209
0 0 0.00460432
0 0 0.00430556
1 0.00634669 0.0105479
0 0 0.00408567
0 0 0.00408447
0 0 0.00401796
0 0 0.00395666
0 0 0.00379644
0 0 0.00376378
0 0 0.00371423
1 0.0225251 0.0261268
0 0 0.00355937
0 0 0.00353632
0 0 0.00346305
1 0.00939916 0.0127498
1 0.00448303 0.0077929
1 0.0202444 0.0233074
0 0 0.00305668
1 0.00410606 0.00716189
0 0 0.00304605
1 0.00322288 0.00619544
0 0 0.00296565
0 0 0.0029466
0 0 0.0029238
1 0.00547278 0.00838548
0 0 0.00281435
0 0 0.00278791
0 0 0.00274001
0 0 0.00269601
0 0 0.00268757
1 0.00928725 0.011963
0 0 0.00266532
1 0.00890047 0.0115373
1 0.00365346 0.0062838
0 0 0.00256165
1 0.00174414 0.00429712
2 0.0622098 0.0647498
0 0 0.00249665
0 0 0.00245959
0 0 0.0024558
0 0 0.00244326
0 0 0.00240409
1 0.00648638 0.00887219
0 0 0.00237642
1 0.0717542 0.0740878
0 0 0.00232823
0 0 0.00230444
1 0.0425915 0.0448777
1 0.00710219 0.00937207
0 0 0.00226816
1 0.0806422 0.0828195
0 0 0.00215262
0 0 0.00214759
0 0 0.0021289
1 0.0337736 0.0358847
1 0.00649569 0.00860563
0 0 0.00204946
2 0.0175819 0.0196119
1 0.0282233 0.0302314
0 0 0.00200102
1 0.0153972 0.0173814
1 0.0285687 0.030491
0 0 0.00191586
0 0 0.00189257
0 0 0.00183488
0 0 0.00181576
0 0 0.0018133
1 0.00538651 0.00713144
1 0.0291077 0.0308344
1 0.00770263 0.00942819
0 0 0.00171505
0 0 0.00171089
1 0.00567072 0.00737539
1 0.0107616 0.0124585
0 0 0.00168471
0 0 0.00162998
0 0 0.00162944
2 0.009855 0.0114733
0 0 0.00161147
2 0.0443492 0.04595
1 0.0376356 0.0392207
1 0.00457818 0.00616287
0 0 0.00158391
0 0 0.00157602
1 0.0316909 0.0332644
1 0.0232449 0.0248105
2 0.0519283 0.0534697
1 0.0174038 0.0189256
1 0.0222563 0.0237325
0 0 0.00147192
1 0.0275493 0.0290166
0 0 0.00143406
1 0.00304737 0.00445864
0 0 0.0013865
1 0.00606283 0.00743482
1 0.00306247 0.00443359
1 0.00654786 0.00791455
1 0.00789819 0.00926061
0 0 0.00135985
0 0 0.00134976
0 0 0.00134601
1 0.0157409 0.0170835
0 0 0.00133099
1 0.00417496 0.00550175
0 0 0.00131772
1 0.00451171 0.00582309
0 0 0.00129964
1 0.00914111 0.0104382
0 0 0.00129436
0 0 0.00128896
1 0.00461795 0.00590598
0 0 0.0012629
0 0 0.00125923
1 0.0292189 0.0304561
1 0.0151644 0.0163976
1 0.00863311 0.00982837
0 0 0.00117098
1 0.0126024 0.0137696
2 0.00908655 0.0102473
0 0 0.00114623
1 0.0724566 0.0735464
1 0.0361794 0.0372547
1 0.00703558 0.00809082
1 0.00686771 0.00792041
1 0.0124779 0.0135257
2 0.0347096 0.0357562
1 0.0804761 0.0815134
1 0.0138565 0.0148903
0 0 0.00100626
0 0 0.00100212
0 0 0.000997997
0 0 0.000988172
0 0 0.000982873
1 0.00627398 0.00723183
0 0 0.00095698
0 0 0.000952226
0 0 0.000920723
0 0 0.000913427
0 0 0.000898483
1 0.0202097 0.0211053
1 0.000817114 0.00171125
1 0.00953102 0.0104211
1 0.0057372 0.00661642
0 0 0.000868205
0 0 0.000864664
0 0 0.000864588
0 0 0.000860247
0 0 0.000856537
0 0 0.000852358
0 0 0.000839645
1 0.231849 0.23268
0 0 0.000828437
0 0 0.000827103
0 0 0.00081305
1 0.0384594 0.039268
1 0.0388205 0.0396219
0 0 0.000800525
0 0 0.000793709
0 0 0.000789994
0 0 0.000787038
1 0.0196443 0.0204284
0 0 0.000774654
0 0 0.000772729
0 0 0.000771868
1 0.00545349 0.00622478
1 0.00195624 0.00272146
1 0.00279193 0.00355031
1 0.0111016 0.0118439
0 0 0.000739341
1 0.00296436 0.00370366
1 0.0049181 0.0056386
1 0.00501909 0.00572852
0 0 0.000708655
0 0 0.000707471
0 0 0.000702624
1 0.00519264 0.00589302
0 0 0.00068835
1 0.00956773 0.0102553
2 0.0135397 0.0142218
1 0.00800522 0.00868363
1 0.0382143 0.0388888
1 0.00304065 0.00370254
0 0 0.000658028
0 0 0.000653327
1 0.0151865 0.0158286
1 0.00175305 0.00239195
1 0.00462302 0.0052596
0 0 0.000635303
0 0 0.000635114
0 0 0.000625922
1 0.00165403 0.00227961
1 0.00524045 0.00586424
1 0.00296523 0.00358743
0 0 0.000620874
0 0 0.000614796
1 0.0039484 0.00455984
0 0 0.000583905
1 0.00260502 0.00317437
1 0.0197617 0.0203266
1 0.0471784 0.0477419
2 0.0544302 0.0549906
2 0.00708688 0.00764385
1 0.00825883 0.00881524
1 0.0131126 0.0136611
0 0 0.000544325
0 0 0.00053282
1 0.00483252 0.00533892
1 0.00475748 0.0052474
1 0.0106079 0.0110963
1 0.0554872 0.0559718
1 0.0148243 0.0153079
0 0 0.000473792
1 0.00217294 0.00263946
1 0.0524509 0.0529109
0 0 0.000459612
1 0.00243762 0.0028934
1 0.0334544 0.0339089
1 0.00404626 0.00449593
0 0 0.000447457
1 0.00169149 0.00213279
1 0.0070876 0.00752406
1 0.0090711 0.00950736
2 0.00520882 0.00564338
1 0.00326153 0.00369345
1 0.0435133 0.0439386
1 0.00336338 0.0037844
2 0.0384558 0.0388748
0 0 0.00041899
2 0.0581443 0.0585585
1 0.00108371 0.00149591
1 0.00114421 0.00155345
1 0.071927 0.0723266
0 0 0.000398573
0 0 0.000397451
1 0.00394724 0.00434293
0 0 0.000395024
1 0.00581429 0.00620577
1 0.00158117 0.00197182
0 0 0.000388266
1 0.0350467 0.0354328
0 0 0.00038028
1 0.0097727 0.0101517
2 0.0100192 0.0103963
1 0.00183004 0.00220381
1 0.00322596 0.00359952
0 0 0.00037039
1 0.00526519 0.00562986
1 0.00664257 0.00700458
1 0.00376665 0.00412826
0 0 0.00035964
1 0.00870119 0.00905553
1 0.0157515 0.0161011
0 0 0.000344452
1 0.00124223 0.00158551
2 0.0434318 0.0437728
0 0 0.000336868
2 0.0114582 0.0117934
0 0 0.000334573
0 0 0.000332448
1 0.0199231 0.0202522
1 0.00572085 0.00604878
1 0.00436864 0.00469608
0 0 0.000323936
1 0.00580206 0.00612049
1 0.00303171 0.00334379
1 0.00186835 0.00217892
1 0.00332018 0.00362713
1 0.0180004 0.0183051
1 0.0077864 0.00808984
1 0.00253169 0.00283109
1 0.00482567 0.00511834
2 0.0291027 0.0293938
1 0.00256018 0.00284856
1 0.039194 0.0394793
1 0.0161898 0.0164723
0 0 0.000279636
0 0 0.000279604
1 0.0373466 0.037619
2 0.045236 0.045508
1 0.00256234 0.00283305
0 0 0.000263396
2 0.00579623 0.00605446
1 0.00817179 0.00842916
1 0.00530792 0.00556413
1 0.0262477 0.0265023
1 0.00491476 0.00516905
0 0 0.00025352
1 0.0610929 0.0613454
0 0 0.000252356
2 0.0400864 0.0403347
1 0.00126219 0.00150979
1 0.0869972 0.0872358
0 0 0.000238468
2 0.0044902 0.00472473
0 0 0.00023037
1 0.00190318 0.00213223
1 0.010471 0.0106933
1 0.00290125 0.00312315
2 0.00635207 0.00657353
1 0.00394621 0.00416705
2 0.020911 0.0211249
2 0.00794003 0.008153
1 0.0810473 0.0812572
1 0.00463935 0.00484652
1 0.00553765 0.00573945
2 0.0173775 0.017579
2 0.00408141 0.0042796
1 0.0183666 0.0185635
1 0.00384811 0.0040416
1 0.00584785 0.00604108
2 0.0107296 0.0109219
1 0.0192458 0.0194354
1 0.00492334 0.00511183
1 0.0075959 0.0077834
1 0.00217387 0.00235896
1 0.00579202 0.00597698
1 0.00087023 0.0010548
1 0.00376863 0.00395198
1 0.00412788 0.00430616
2 0.0126519 0.0128289
0 0 0.000175728
1 0.0125812 0.0127524
1 0.00191833 0.00208571
1 0.00584785 0.00601456
1 0.00107419 0.00123773
1 0.00121076 0.0013708
2 0.00747347 0.00763227
0 0 0.000158683
1 0.00144292 0.00159873
1 0.00500206 0.00515639
1 0.00467951 0.00483369
1 0.00526249 0.005415
1 0.00541073 0.00556267
1 0.00398168 0.00413146
1 0.00354345 0.00369023
1 0.00179711 0.0019418
1 0.0047091 0.0048523
2 0.00969299 0.00983594
2 0.00898378 0.0091266
1 0.00531942 0.00546108
0 0 0.000125591
1 0.00292652 0.00305007
2 0.00295384 0.00307507
1 0.02444 0.0245603
1 0.00906466 0.00918233
1 0.0087934 0.00890924
2 0.0119974 0.0121108
1 0.00413464 0.00424428
1 0.00227299 0.0023819
1 0.00559616 0.00570359
1 0.0332753 0.0333809
2 0.0452605 0.0453661
1 0.00819329 0.00829793
1 0.00295641 0.00305981
1 0.00260151 0.00270474
1 0.00343551 0.00353488
2 0.00434011 0.00443931
1 0.0110746 0.0111736
1 0.00537144 0.00547034
1 0.00992628 0.010023
1 0.0359072 0.0360036
1 0.00297798 0.00307163
1 0.00691415 0.0070078
1 0.00678454 0.00687783
2 0.00272541 0.00281705
1 0.0118406 0.0119296
0 0 8.87762e-05
1 0.0224552 0.0225431
1 0.00272979 0.002813
1 0.00233193 0.00241508
1 0.0450245 0.0451071
1 0.00130079 0.00138287
1 0.00242676 0.00250836
1 0.0113281 0.0114088
1 0.00830819 0.00838776
1 0.00330963 0.00338889
1 0.000446504 0.000525473
0 0 7.89399e-05
1 0.00654145 0.00661667
2 0.00662668 0.00670166
1 0.00150168 0.0015759
1 0.00219216 0.00226625
1 0.000297538 0.000371599
1 0.00940595 0.00947831
1 0.00182308 0.00189491
1 0.00820731 0.00827789
2 0.00253793 0.00260745
2 0.0205251 0.0205944
1 0.00489346 0.00496029
2 0.00457071 0.00463754
1 0.00423766 0.00430415
1 0.00599676 0.00606306
1 0.00427455 0.00434069
1 0.00112873 0.00119469
1 0.004877 0.00494148
1 0.00228074 0.00234401
1 0.00284251 0.00290332
2 0.00822118 0.00828114
2 0.0339434 0.0340032
2 0.00615296 0.00621259
1 0.00145281 0.00151213
2 0.00232487 0.00238359
0 0 5.74648e-05
2 0.0293242 0.0293807
1 0.00605363 0.00610888
1 0.00211646 0.00216998
1 0.015129 0.0151819
2 0.00300646 0.00305923
1 0.00613189 0.00618346
1 0.00622315 0.00627401
1 0.000810694 0.000861457
1 0.000240137 0.000290429
2 0.0103994 0.0104496
1 0.00346432 0.00351344
2 0.012362 0.0124103
1 0.0169657 0.0170138
2 0.00583362 0.00588165
2 0.00738457 0.00743146
2 0.0118584 0.0119037
0 0 4.49679e-05
2 0.0226851 0.0227295
1 0.0412962 0.0413395
1 0.0719841 0.0720273
1 0.00308233 0.0031247
2 0.00625775 0.00629905
1 0.00990288 0.00994341
2 0.0112078 0.0112458
1 0.00295561 0.00299322
1 0.00258677 0.00262244
1 0.0163904 0.016426
1 0.00188313 0.00191866
1 0.000704005 0.000739158
1 0.00105912 0.00109382
2 0.00541197 0.00544614
1 0.292251 0.292282
2 0.00457931 0.00460998
2 0.00235102 0.00238059
1 0.00380164 0.00383115
2 0.00840603 0.00843535
2 0.00371698 0.00374612
2 0.0038372 0.00386631
1 0.00675426 0.00678334
1 0.00797719 0.00800561
1 0.0445843 0.0446095
1 0.010764 0.0107891
1 0.00618308 0.00620814
2 0.0101306 0.0101553
1 0.00277507 0.0027989
1 0.00787061 0.00789431
1 0.0100588 0.0100825
2 0.00275198 0.00277553
2 0.00172646 0.00174994
1 0.00154918 0.0015725
1 0.00224599 0.00226892
1 0.00121124 0.00123405
1 0.00602334 0.00604578
2 0.0211795 0.0212019
1 0.0101389 0.0101611
1 0.000759603 0.000780596
1 0.000178567 0.000199376
1 0.0102189 0.0102387
2 0.0265805 0.0266002
1 0.0102948 0.0103143
2 0.00176668 0.00178574
2 0.0563657 0.0563845
2 0.0329619 0.0329802
2 0.0037548 0.00377282
1 0.00191873 0.00193636
1 0.00716878 0.00718615
1 0.00152273 0.00153922
2 0.0102082 0.0102242
2 0.0422892 0.042305
2 0.0338549 0.0338698
1 0.025034 0.0250488
1 0.000274013 0.000288517
2 0.00659526 0.00660963
2 0.0102744 0.010288
1 0.0292445 0.029258
2 0.00792806 0.00794154
2 0.00627806 0.00629031
2 0.014489 0.0145009
1 0.00620633 0.00621731
1 0.0615176 0.0615275
1 0.0197405 0.0197497
1 0.00290028 0.00290854
1 0.0369694 0.036977
1 0.00178985 0.00179719
1 0.00148453 0.00149183
1 0.000339585 0.000346751
1 0.00208056 0.00208725
2 0.000384461 0.000391043
1 0.00143166 0.00143807
1 0.00240725 0.00241353
1 0.000573134 0.000579357
2 0.0226931 0.0226987
2 0.00620491 0.00621043
1 0.00600511 0.00601054
2 0.0111993 0.0112047
2 0.00685319 0.0068582
2 0.0134216 0.0134263
1 0.00396368 0.00396823
1 0.00192693 0.00193138
2 0.00601901 0.00602332
1 0.0105897 0.0105938
1 0.00169049 0.00169452
1 0.0450619 0.0450658
2 0.00248335 0.00248723
1 0.00227118 0.00227486
1 0.00364008 0.00364353
1 0.00174386 0.00174695
2 0.00226803 0.00227107
1 0.000670242 0.000673245
1 0.00658838 0.00659137
1 0.000825146 0.000827573
2 0.00279369 0.00279599
2 0.0114366 0.0114388
2 0.00205611 0.00205824
1 0.00265009 0.00265216
1 0.0599656 0.0599676
2 0.00531436 0.00531607
2 0.00812162 0.00812333
1 0.0119511 0.0119526
2 0.0076216 0.00762284
2 0.00649594 0.00649717
2 0.0128114 0.0128127
1 0.00248739 0.00248862
2 0.0452315 0.0452325
2 0.00983475 0.00983573
2 0.00654506 0.00654569
1 0.0431678 0.0431684
2 0.00624949 0.00624991
1 0.0016528 0.00165317
2 0.0390526 0.039053
1 0.00561969 0.00562
1 0.00307618 0.00307649
2 0.00938675 0.00938704
2 0.0936614 0.0936616
1 0.0189476 0.0189478
1 0.00734122 0.00734142
1 0.0057009 0.00570106
2 0.00574846 0.00574857
1 0.0262273 0.0262274
1 0.00582172 0.00582177
2 0.00592382 0.00592386
2 0.00804874 0.00804878
1 0.00357771 0.00357774
1 0.00816956 0.00816958
1 0.00202618 0.00202619
1 0.00938018 0.00938019
1 0.00375758 0.00375759
2 0.0136087 0.0136087
1 0.00173896 0.00173897
1 0.00340581 0.00340581
