0 0 inf
0 0 0.0901662
0 0 0.0591534
0 0 0.0513467
0 0 0.0415538
0 0 0.0381989
0 0 0.0351062
0 0 0.0327386
0 0 0.0299046
1 0.0136121 0.0391384
0 0 0.0241737
1 0.0848537 0.106435
0 0 0.0210249
0 0 0.0203611
1 0.042374 0.0601536
0 0 0.0167951
0 0 0.01625
0 0 0.016157
1 0.0698522 0.0859607
1 0.045983 0.0617372
0 0 0.0155855
0 0 0.0155836
0 0 0.0149937
1 0.0136121 0.0265318
0 0 0.0125091
0 0 0.0121913
1 0.0147735 0.0264821
0 0 0.0114932
0 0 0.0111891
1 0.0287821 0.0399527
0 0 0.0110987
0 0 0.0110509
1 0.0449534 0.0555264
0 0 0.010354
0 0 0.010126
0 0 0.0101156
0 0 0.0100625
1 0.0159357 0.0259658
1 0.061489 0.0711572
0 0 0.0096584
0 0 0.00934976
0 0 0.00919993
0 0 0.00907805
1 0.0125642 0.0211875
0 0 0.00838833
0 0 0.00814909
0 0 0.00791015
1 0.0348151 0.0427153
0 0 0.00770162
1 0.0256544 0.0332934
0 0 0.00762167
1 0.0107607 0.0183795
0 0 0.00708896
0 0 0.00681702
0 0 0.00676636
0 0 0.00672222
0 0 0.00664141
1 0.0356068 0.0422151
0 0 0.00657506
0 0 0.00649572
0 0 0.00644547
0 0 0.00627402
0 0 0.00626333
0 0 0.00624065
0 0 0.00620707
0 0 0.00608188
0 0 0.00578333
1 0.0138673 0.0196276
1 0.020629 0.0262576
1 0.0166312 0.0222519
0 0 0.00550226
0 0 0.00537932
1 0.0252246 0.0305353
0 0 0.00508592
1 0.020537 0.0254479
0 0 0.00479335
0 0 0.00475791
0 0 0.00472812
0 0 0.00470149
1 0.0503603 0.0549962
0 0 0.00462117
0 0 0.0046101
0 0 0.0045823
0 0 0.0044902
0 0 0.00440141
0 0 0.00437122
0 0 0.00434635
2 0.0468093 0.0511329
1 0.0626429 0.0668694
1 0.006531 0.0106482
0 0 0.00410285
1 0.0162756 0.0203769
1 0.00405151 0.00810454
0 0 0.00400508
1 0.0150807 0.0189361
1 0.0307714 0.0346093
1 0.0224209 0.0262358
1 0.020393 0.0240713
1 0.0662384 0.0699092
1 0.0727076 0.0763532
1 0.0206542 0.0242926
1 0.0136475 0.0172679
0 0 0.00352457
0 0 0.00345263
0 0 0.00344913
1 0.0167626 0.020199
0 0 0.00340345
2 0.0415061 0.0448983
1 0.00501692 0.00833178
0 0 0.00324513
0 0 0.00323094
0 0 0.00322352
1 0.0702686 0.0734722
2 0.071339 0.0745253
1 0.057789 0.0609721
0 0 0.00317228
0 0 0.00312861
0 0 0.00309806
0 0 0.00308808
1 0.0292243 0.0323063
0 0 0.00306626
0 0 0.00304741
0 0 0.00304328
0 0 0.00303031
0 0 0.00302425
1 0.00697013 0.00997779
0 0 0.00298284
1 0.00627149 0.00918901
1 0.0158337 0.0187459
1 0.020583 0.0234861
0 0 0.0028844
0 0 0.00287415
1 0.00677039 0.0096375
0 0 0.00286255
1 0.0391368 0.0419628
2 0.116983 0.119787
1 0.00393908 0.00669197
1 0.030649 0.0333709
1 0.0166141 0.0192226
2 0.0447417 0.0473494
1 0.0462963 0.0488173
0 0 0.00252023
0 0 0.00251217
0 0 0.00248994
1 0.0297739 0.0322637
0 0 0.0024735
1 0.0111205 0.0135729
0 0 0.00244236
1 0.0031371 0.00556341
0 0 0.00242467
2 0.0644828 0.0668361
0 0 0.00234431
0 0 0.00233337
1 0.0560576 0.0583819
0 0 0.00231842
0 0 0.00230944
1 0.00646755 0.00876264
0 0 0.00229166
0 0 0.00227282
1 0.0177787 0.0200469
0 0 0.00225856
0 0 0.00223408
0 0 0.0022244
0 0 0.00222439
1 0.0340605 0.0362621
1 0.00377491 0.0059671
0 0 0.00217242
1 0.0204575 0.0225584
1 0.00312106 0.0052171
1 0.00916885 0.0112634
0 0 0.00208653
1 0.0495764 0.0516176
0 0 0.0020376
1 0.0069763 0.00899863
1 0.0244041 0.0263516
0 0 0.00192868
1 0.0072064 0.00911795
0 0 0.00190302
2 0.0867357 0.0886379
0 0 0.00186397
1 0.00671427 0.00853524
0 0 0.00179756
1 0.0354786 0.0372517
2 0.0284621 0.0301883
0 0 0.00170189
0 0 0.00169115
1 0.00898181 0.0106555
0 0 0.00163414
0 0 0.00162164
0 0 0.0016134
0 0 0.00159465
0 0 0.00159276
2 0.0277206 0.0292973
1 0.00427442 0.00584248
0 0 0.00156697
1 0.0251855 0.0267405
1 0.0255215 0.0270739
1 0.00660592 0.00815242
0 0 0.00154288
0 0 0.0015178
1 0.00366852 0.00515747
0 0 0.00148655
0 0 0.00148462
1 0.0566772 0.0581578
1 0.00678512 0.00825174
0 0 0.00146048
1 0.0330052 0.0344611
1 0.0163697 0.0177951
0 0 0.00141866
1 0.0112478 0.0126543
1 0.103588 0.104981
0 0 0.00138476
1 0.0164102 0.017759
0 0 0.00134454
0 0 0.00133377
1 0.0125578 0.0138726
1 0.00706758 0.00832547
0 0 0.00125507
1 0.103717 0.104971
2 0.0763403 0.0775848
1 0.012234 0.0134731
0 0 0.00123493
2 0.0313571 0.0325845
2 0.0585348 0.0597608
0 0 0.00122412
0 0 0.00122345
2 0.028153 0.0293659
1 0.00276583 0.00395565
1 0.00917144 0.0103555
1 0.00700656 0.0081763
1 0.00273679 0.00388779
1 0.0463503 0.0475004
1 0.0153645 0.0165129
1 0.0225545 0.0237009
1 0.00531866 0.00644206
1 0.0276782 0.028792
0 0 0.00110903
1 0.00482983 0.00593725
0 0 0.00108993
1 0.0115444 0.0126287
0 0 0.0010817
0 0 0.0010807
1 0.0125467 0.0136274
0 0 0.00107889
1 0.0129711 0.0140371
2 0.031986 0.0330503
1 0.00245409 0.00351234
0 0 0.00105761
0 0 0.00104846
1 0.0402463 0.0412844
1 0.00178973 0.00282143
1 0.0379098 0.0389409
0 0 0.000994765
1 0.0247921 0.0257134
0 0 0.000903393
1 0.0377911 0.0386641
0 0 0.000860477
0 0 0.000839728
0 0 0.000832942
1 0.00138111 0.00221018
0 0 0.000826473
1 0.0287531 0.0295742
0 0 0.00080996
0 0 0.000802797
0 0 0.000793312
0 0 0.000783512
1 0.00768225 0.00846014
1 0.0273509 0.0281245
2 0.0286376 0.0294013
1 0.0237254 0.0244833
1 0.00107248 0.00182265
0 0 0.000746016
1 0.00674566 0.00748782
1 0.0158856 0.0166274
0 0 0.0007408
1 0.016684 0.0174245
0 0 0.000738356
0 0 0.000734413
1 0.00475272 0.00548314
2 0.0700294 0.0707495
0 0 0.000719328
1 0.0041094 0.00482391
2 0.0329441 0.0336524
1 0.00708255 0.00778318
0 0 0.000696724
0 0 0.000695009
0 0 0.000682561
0 0 0.000680507
0 0 0.000679807
0 0 0.000672877
0 0 0.000667972
0 0 0.000667474
1 0.00502066 0.00568413
2 0.0100076 0.0106621
0 0 0.000653073
0 0 0.000649766
2 0.00949315 0.0101387
0 0 0.000645111
1 0.00731751 0.00795698
0 0 0.000637852
2 0.0344766 0.0351117
1 0.0841882 0.084823
1 0.00666367 0.0072983
2 0.0100545 0.0106878
2 0.0315836 0.0322092
1 0.00139946 0.002024
1 0.0140212 0.0146411
0 0 0.000619099
1 0.00860578 0.00921223
0 0 0.000602043
1 0.00237267 0.00297461
1 0.00390835 0.00450103
0 0 0.000585096
0 0 0.000578941
0 0 0.000577787
0 0 0.000551861
1 0.00147706 0.00202352
2 0.0194495 0.0199871
1 0.00943856 0.00995965
1 0.0113957 0.0119148
2 0.0267548 0.02727
1 0.0206274 0.0211409
1 0.00214982 0.00266116
0 0 0.000510516
0 0 0.000507212
1 0.018109 0.0186113
1 0.00299995 0.00350114
0 0 0.000493732
1 0.0189918 0.0194785
0 0 0.000485213
0 0 0.000478512
1 0.0118417 0.0123196
1 0.0308009 0.0312709
1 0.0554262 0.0558957
2 0.068621 0.0690752
0 0 0.000448729
0 0 0.00044116
2 0.00856349 0.00900341
0 0 0.000438773
1 0.00634862 0.00678226
1 0.0332318 0.0336563
0 0 0.000417752
1 0.0167299 0.0171473
1 0.00236647 0.00278277
2 0.118936 0.119339
1 0.020039 0.0204413
1 0.072283 0.0726848
0 0 0.000399606
1 0.0140609 0.0144548
2 0.0245963 0.0249839
1 0.00390626 0.00428976
1 0.0075699 0.00794499
1 0.0061358 0.00650103
1 0.0118958 0.0122605
2 0.00588475 0.00624478
0 0 0.000359244
1 0.00401937 0.00437576
1 0.00734218 0.00769187
0 0 0.000348156
1 0.00168739 0.00202807
0 0 0.000337495
0 0 0.000336031
1 0.027704 0.0280382
1 0.0216402 0.0219674
0 0 0.000323015
2 0.0415491 0.0418691
2 0.0347278 0.0350407
2 0.0738298 0.074141
0 0 0.000310119
1 0.0223823 0.022692
2 0.0436376 0.0439446
1 0.00586346 0.00616994
2 0.0287096 0.0290155
2 0.0126401 0.0129417
1 0.00154879 0.00184728
1 0.00762333 0.00792122
1 0.0342827 0.0345735
1 0.00179556 0.00208337
1 0.00509848 0.00538628
1 0.00893743 0.00922349
1 0.00125315 0.00153342
1 0.0020757 0.00235512
1 0.0266042 0.0268784
0 0 0.000273653
0 0 0.000273164
1 0.0102194 0.0104868
1 0.00731611 0.0075823
2 0.0282948 0.028559
1 0.0209402 0.0212031
0 0 0.000258841
2 0.00667164 0.00692731
1 0.0584935 0.0587476
1 0.00588868 0.00614147
1 0.013497 0.013749
1 0.0257876 0.0260386
1 0.00361877 0.00386848
1 0.00600501 0.00625281
2 0.0128403 0.0130865
0 0 0.000245913
1 0.00148093 0.00172556
0 0 0.000237258
1 0.00539469 0.00563036
2 0.00969966 0.00993486
1 0.0167698 0.0170033
1 0.00642745 0.00666034
1 0.0252953 0.0255214
1 0.00167699 0.00190072
1 0.00557452 0.00579621
2 0.0204808 0.0207013
1 0.00777896 0.00799728
0 0 0.000217363
1 0.00127629 0.00149058
1 0.00381985 0.00402942
1 0.114061 0.114269
1 0.00176571 0.00197156
2 0.0139101 0.014113
1 0.00793107 0.00813237
1 0.0024409 0.00263947
1 0.0124196 0.0126166
0 0 0.000196898
0 0 0.000195705
1 0.00566977 0.00586384
2 0.0298209 0.0300133
1 0.00241394 0.00259736
1 0.00459104 0.00477401
1 0.00749506 0.00767677
1 0.00100568 0.00118657
2 0.0246007 0.0247815
1 0.00680234 0.00698113
0 0 0.000177938
1 0.00706498 0.00723807
1 0.0107349 0.0109075
1 0.00595662 0.00612849
2 0.00839164 0.00856263
1 0.0034022 0.00357186
1 0.00327268 0.0034407
1 0.00289595 0.00306317
1 0.0226703 0.0228368
1 0.00605978 0.00622189
1 0.0208719 0.0210329
2 0.119193 0.119353
1 0.0158675 0.0160278
1 0.0513925 0.0515524
1 0.00247587 0.0026353
2 0.0487985 0.0489554
1 0.000835995 0.000991401
0 0 0.000155394
2 0.00958523 0.00974019
1 0.00372178 0.00387424
1 0.00180578 0.00195557
1 0.0688613 0.0690107
1 0.0218731 0.0220164
2 0.11508 0.11522
1 0.0277782 0.0279176
1 0.0275643 0.0277029
2 0.00847911 0.00861758
1 0.00689216 0.00702812
1 0.00358749 0.00372345
0 0 0.000133505
2 0.0277478 0.0278812
1 0.00643742 0.00657024
1 0.000643422 0.000773673
2 0.066522 0.0666518
1 0.000993326 0.00112039
1 0.00243221 0.00255803
1 0.000818067 0.000943553
1 0.00605099 0.00617552
1 0.0038049 0.00392776
2 0.00519407 0.00531687
1 0.00169201 0.00181331
2 0.0185742 0.0186947
2 0.0739643 0.0740847
2 0.0290873 0.0292067
1 0.0171549 0.0172688
1 0.000773342 0.000886581
1 0.0031286 0.00324122
1 0.0279809 0.0280924
1 0.00438199 0.00449175
1 0.000592204 0.000699685
1 0.00864237 0.00874979
1 0.00238924 0.00249562
2 0.0684361 0.0685421
1 0.0128895 0.0129932
1 0.00478874 0.00489
2 0.00981583 0.0099162
1 0.00113328 0.00123204
2 0.0086286 0.00872714
1 0.0686944 0.0687908
1 0.0228551 0.0229487
2 0.0159512 0.0160445
1 0.00755017 0.00764343
1 0.00257294 0.00266611
1 0.00443892 0.00453121
1 0.0151541 0.0152456
2 0.0283457 0.0284354
1 0.000727775 0.000816678
1 0.0372719 0.0373607
1 0.00772575 0.0078142
1 0.0409931 0.041081
1 0.00130176 0.00138929
1 0.000495947 0.000582907
1 0.00960669 0.00969101
1 0.0151604 0.0152415
1 0.00554669 0.00562731
2 0.0210672 0.0211473
1 0.0128041 0.0128826
1 0.00181869 0.00189668
2 0.00897138 0.00904937
2 0.00537399 0.00544852
2 0.0289234 0.0289971
1 0.000635942 0.000708123
1 0.00121689 0.00128851
2 0.00959683 0.00966708
1 0.00171811 0.0017874
2 0.00203629 0.00210383
1 0.015905 0.0159722
2 0.0078729 0.00793861
1 0.0010764 0.00114153
2 0.00205654 0.00212123
1 0.00540671 0.00546977
2 0.0366371 0.0366999
1 0.00186545 0.00192451
1 0.000550289 0.000608406
1 0.00254749 0.00260555
1 0.0240435 0.0240998
1 0.00894215 0.00899816
1 0.0202392 0.0202951
0 0 5.49974e-05
2 0.0287849 0.0288396
2 0.048031 0.0480856
2 0.0285463 0.0286002
2 0.00888904 0.00894275
2 0.00606185 0.00611319
1 0.00887203 0.00892152
2 0.00377004 0.00381921
2 0.00492063 0.00496943
1 0.00196568 0.00201427
1 0.00173032 0.00177859
1 0.00209035 0.00213742
1 0.00150632 0.00155279
1 0.00442307 0.00446944
1 0.00367471 0.00371831
1 0.00685098 0.00689354
2 0.00290792 0.00295006
1 0.00502721 0.00506871
1 0.000760267 0.000801234
2 0.0433758 0.0434145
2 0.0690832 0.0691212
0 0 3.7476e-05
1 0.00147423 0.0015115
1 0.00659568 0.00663266
1 0.000417441 0.000454288
2 0.0265515 0.0265881
2 0.00789289 0.00792942
1 0.00139683 0.0014327
2 0.0106103 0.0106445
1 0.00776555 0.00779935
1 0.00124969 0.00128288
1 0.00632908 0.00636177
1 0.00343033 0.00346285
2 0.00160509 0.00163755
2 0.0644941 0.064525
1 0.00661075 0.00664156
1 0.000535885 0.000566445
1 0.00589669 0.00592614
2 0.00410932 0.00413832
2 0.00249078 0.00251946
2 0.0266496 0.0266767
1 0.0012995 0.00132657
1 0.00729522 0.00732173
1 0.00174204 0.00176586
2 0.00836449 0.00838802
2 0.000853723 0.000876877
1 0.00369008 0.00371316
1 0.00148632 0.00150921
1 0.0300082 0.030031
1 0.00233682 0.00235929
1 0.00510032 0.00512253
2 0.0269458 0.0269675
2 0.00736992 0.00739031
1 0.0201193 0.0201386
1 0.00569424 0.00571317
1 0.0056933 0.00571212
2 0.0155553 0.0155737
1 0.0106467 0.010665
2 0.00216547 0.00218351
2 0.00407645 0.00409346
2 0.00691196 0.00692876
1 0.000779912 0.000796559
1 0.00374637 0.00376266
2 0.0067918 0.00680797
1 0.00577492 0.00579105
2 0.0282998 0.0283159
1 0.00302014 0.00303413
1 0.000866084 0.000879921
2 0.00360393 0.00361759
1 0.0223582 0.0223718
2 0.0103646 0.0103782
1 0.00333492 0.00334627
2 0.00832596 0.00833695
1 0.00309299 0.00310378
1 0.0110527 0.0110634
2 0.00154188 0.00155197
1 0.00540499 0.00541499
1 0.0464266 0.0464365
2 0.0312669 0.0312767
1 0.0105221 0.0105319
1 0.0266417 0.026651
2 0.00778127 0.00779059
2 0.00592991 0.00593822
2 0.00592075 0.00592868
1 0.00383694 0.00384418
2 0.00992147 0.00992864
2 0.0162947 0.0163018
2 0.0105535 0.0105601
1 0.00392528 0.00393158
1 0.00177009 0.00177638
1 0.00495556 0.00496169
2 0.0083596 0.00836566
2 0.00715729 0.00716335
1 0.00267068 0.00267664
1 0.0682414 0.068247
2 0.0081398 0.00814533
1 0.000785441 0.000790523
1 0.00196569 0.00197071
1 0.0362499 0.0362546
2 0.00855284 0.00855727
1 0.00957083 0.00957521
1 0.00918007 0.00918431
1 0.0027981 0.00280223
2 0.0173751 0.0173784
1 0.0114527 0.011456
1 0.00290718 0.00291037
2 0.00285528 0.00285795
2 0.00519478 0.00519741
1 0.0134011 0.0134036
2 0.0486843 0.0486867
2 0.00808433 0.00808664
2 0.00202938 0.00203162
2 0.00345139 0.00345343
1 0.0100827 0.0100847
2 0.0244547 0.0244566
2 0.0690047 0.0690065
2 0.00720904 0.00721073
1 0.0157171 0.0157187
1 0.00232798 0.00232954
1 0.00189901 0.00190043
1 0.0017247 0.00172606
1 0.00318771 0.00318898
2 0.000841102 0.000842303
1 0.00149305 0.0014941
1 0.0021956 0.00219655
1 0.00486528 0.00486618
2 0.0405427 0.0405435
1 0.00186024 0.00186102
1 0.00905933 0.00905998
2 0.0413948 0.0413953
1 0.00168749 0.001688
1 0.00512048 0.0051209
1 0.0034385 0.00343888
1 0.0010636 0.00106396
2 0.0458532 0.0458535
2 0.0151558 0.0151561
1 0.0156407 0.015641
1 0.00179711 0.00179736
1 0.0034484 0.00344864
2 0.0167923 0.0167925
1 0.00191708 0.00191724
1 0.0155939 0.015594
2 0.00186483 0.00186487
2 0.0275613 0.0275613
2 0.0624966 0.0624966
1 0.00186607 0.00186609
2 0.0140319 0.0140319
1 0.00240125 0.00240125
2 0.0110976 0.0110976
2 0.00712191 0.00712191
