0 0 inf
0 0 0.133185
0 0 0.13019
1 0.155208 0.228944
0 0 0.0693709
0 0 0.0645085
1 0.161626 0.212079
0 0 0.0458571
0 0 0.0454793
0 0 0.0366762
0 0 0.0304999
1 0.0262743 0.0558265
1 0.0300562 0.0586319
0 0 0.027936
0 0 0.0276351
0 0 0.0270943
0 0 0.0268353
0 0 0.0251469
0 0 0.0234982
1 0.0231975 0.0427466
1 0.205864 0.225223
0 0 0.0189115
0 0 0.0173055
0 0 0.0161035
0 0 0.0155148
0 0 0.0151644
0 0 0.0150873
1 0.0331818 0.0481851
1 0.0266731 0.0412844
0 0 0.014265
0 0 0.0140409
0 0 0.0140125
1 0.0334134 0.0472574
0 0 0.0135101
1 0.073442 0.0869279
1 0.0427118 0.0556834
0 0 0.0123013
0 0 0.0121025
0 0 0.0119575
0 0 0.0114655
0 0 0.0109996
0 0 0.0105812
1 0.0412994 0.0518193
0 0 0.0103366
0 0 0.0103098
0 0 0.0100588
1 0.0237804 0.0337976
1 0.0171504 0.0270086
0 0 0.00968825
0 0 0.00957235
0 0 0.00932564
1 0.0453947 0.0546364
0 0 0.0091524
0 0 0.00902726
0 0 0.00899757
1 0.040587 0.0495081
1 0.0346426 0.042634
0 0 0.00795732
1 0.0332665 0.0410855
0 0 0.00774103
1 0.0464331 0.0541138
1 0.047811 0.0554141
1 0.0393816 0.0469716
1 0.0440716 0.051653
0 0 0.00751313
1 0.0434301 0.0507414
2 0.0690106 0.0762437
0 0 0.00716213
0 0 0.0070265
0 0 0.00688289
1 0.0171857 0.0239217
0 0 0.00667578
1 0.035004 0.0415876
0 0 0.00650769
0 0 0.00648274
2 0.0475069 0.0539404
1 0.135776 0.142036
0 0 0.00624753
1 0.0143242 0.0205336
0 0 0.00613278
1 0.0700654 0.0761806
1 0.0111021 0.0171542
0 0 0.00567792
1 0.0411449 0.0468013
0 0 0.00564538
2 0.0995475 0.105149
2 0.334192 0.33955
0 0 0.0052266
0 0 0.00519984
2 0.0648501 0.0700398
0 0 0.00511752
0 0 0.00509394
1 0.0275479 0.0325769
1 0.0316944 0.0367013
1 0.00567072 0.0105479
0 0 0.00482201
1 0.00451665 0.0093189
1 0.0384734 0.0432403
0 0 0.00472261
0 0 0.00470637
0 0 0.0046882
1 0.0188503 0.0234004
2 0.0557625 0.0602582
0 0 0.00430556
0 0 0.00420838
0 0 0.00408567
0 0 0.00400762
0 0 0.00387326
1 0.0468849 0.0506917
1 0.00539337 0.0091763
0 0 0.00375288
0 0 0.00369744
0 0 0.00363103
1 0.0390282 0.0426532
0 0 0.00362005
1 0.0605528 0.0641549
0 0 0.00357215
1 0.0106774 0.0142074
1 0.00595686 0.00942022
0 0 0.00346236
0 0 0.0034517
0 0 0.00330185
0 0 0.00329335
0 0 0.00327866
1 0.0337524 0.0369955
1 0.0686075 0.0718042
1 0.00382192 0.00701765
0 0 0.00318062
1 0.0280869 0.0312665
0 0 0.00312243
1 0.283958 0.28705
1 0.00579202 0.00887126
0 0 0.00298215
0 0 0.00294241
1 0.0038591 0.00678808
0 0 0.0029238
1 0.0144007 0.0173222
1 0.0174038 0.0203168
0 0 0.00288062
0 0 0.00284191
0 0 0.00284127
0 0 0.00281435
0 0 0.00278994
0 0 0.00271946
1 0.00462302 0.00732595
0 0 0.00269601
1 0.00909893 0.0117932
0 0 0.00269344
1 0.0859125 0.0885925
0 0 0.0026759
0 0 0.00266901
0 0 0.00262401
0 0 0.00254169
1 0.020573 0.0231103
1 0.0522736 0.0547964
0 0 0.00250768
1 0.00914111 0.0116178
0 0 0.00244326
0 0 0.00241784
0 0 0.00238438
0 0 0.00236564
1 0.0388315 0.0411293
2 0.0516818 0.0539242
1 0.0110337 0.0132117
0 0 0.00217387
0 0 0.00216237
1 0.0388541 0.0409517
1 0.00232823 0.00442088
1 0.0126024 0.0146858
2 0.0616551 0.0636762
0 0 0.00201093
0 0 0.00200248
0 0 0.0019761
0 0 0.00195537
0 0 0.00195131
0 0 0.00194017
1 0.00784558 0.00978291
1 0.00963593 0.0115635
0 0 0.00192438
1 0.0392374 0.0411508
0 0 0.00189362
1 0.0107063 0.0125879
0 0 0.0018133
0 0 0.00179545
0 0 0.00178053
1 0.00524852 0.00699548
1 0.00650283 0.00822197
1 0.00863311 0.010301
0 0 0.00165127
1 0.00769425 0.00933757
1 0.00348647 0.00508812
0 0 0.00157621
0 0 0.00153952
0 0 0.0015395
0 0 0.00153083
0 0 0.00151112
1 0.049667 0.0511685
1 0.00481498 0.00630986
0 0 0.00148453
0 0 0.00146872
1 0.00337136 0.0048283
1 0.0278106 0.0292665
0 0 0.00145446
1 0.0425548 0.0439949
2 0.0121132 0.0135378
1 0.0101981 0.011622
0 0 0.00140907
1 0.00926336 0.0106355
0 0 0.00137151
1 0.0062269 0.00758546
1 0.00678454 0.00812162
0 0 0.00130079
0 0 0.00128896
2 0.0217511 0.0230277
0 0 0.00126824
1 0.00173865 0.0029935
1 0.0102727 0.0115234
0 0 0.00124243
1 0.0364651 0.0377019
1 0.00369472 0.00492466
0 0 0.001219
0 0 0.00120146
1 0.00976891 0.0109665
1 0.00745653 0.0086362
0 0 0.00114421
0 0 0.00114297
1 0.0458711 0.0469991
1 0.122392 0.123495
1 0.0724566 0.0735464
1 0.0128976 0.0139841
1 0.00557455 0.00665839
1 0.00127598 0.00235301
1 0.01974 0.0208142
0 0 0.00107126
2 0.0508174 0.0518878
2 0.0480392 0.0491004
0 0 0.00106
1 0.00852248 0.00957761
1 0.0677329 0.0687751
0 0 0.00103486
0 0 0.00103286
0 0 0.00102008
1 0.0025242 0.00353785
0 0 0.000997997
0 0 0.000988172
1 0.0701659 0.0711463
0 0 0.000978056
0 0 0.000977553
1 0.0173641 0.0183269
0 0 0.000952226
0 0 0.000939736
1 0.00356799 0.00450754
0 0 0.000925366
0 0 0.000922473
1 0.0154651 0.0163732
2 0.0103901 0.011294
2 0.023832 0.024732
0 0 0.000893865
0 0 0.000889103
0 0 0.000883239
1 0.00342332 0.00430522
0 0 0.000858443
1 0.00202336 0.00287415
1 0.00251027 0.0033588
1 0.0109167 0.0117636
0 0 0.000845148
0 0 0.000841211
0 0 0.00083883
1 0.00360376 0.00444172
0 0 0.000837525
1 0.00234166 0.00317876
1 0.00406042 0.00489629
1 0.0430659 0.0439012
0 0 0.000823949
0 0 0.000820839
1 0.0388782 0.0396982
0 0 0.000813307
0 0 0.00080399
0 0 0.000803172
1 0.0184359 0.0192282
0 0 0.000790622
2 0.0491475 0.0499378
0 0 0.000788267
1 0.00791902 0.00870593
1 0.00273847 0.00352349
0 0 0.00078192
1 0.0059408 0.00672216
1 0.0694398 0.0702159
1 0.0397665 0.0405295
0 0 0.000761978
1 0.0132275 0.0139556
0 0 0.000723662
0 0 0.000707471
1 0.0688378 0.0695406
1 0.00553566 0.00623098
0 0 0.00068835
1 0.00956773 0.0102553
1 0.00386636 0.00454012
1 0.103102 0.103767
1 0.0461585 0.0467999
1 0.00635704 0.00699773
1 0.0173617 0.0179955
1 0.00201355 0.00262256
1 0.0271716 0.0277753
0 0 0.000602893
0 0 0.000599902
0 0 0.000599612
1 0.0100846 0.0106812
1 0.00833991 0.00893307
0 0 0.000591607
0 0 0.000591419
1 0.00646722 0.00705095
1 0.00624304 0.00682542
2 0.0124864 0.0130666
0 0 0.000573134
1 0.00181423 0.00237289
2 0.0121 0.0126572
0 0 0.000549789
0 0 0.000542165
1 0.00623498 0.00677528
1 0.00685448 0.00739468
1 0.00546104 0.0059991
0 0 0.000532231
1 0.047632 0.0481528
1 0.00263668 0.00315291
2 0.0129481 0.0134638
0 0 0.000508046
2 0.00735622 0.00786314
1 0.00502416 0.00552396
2 0.012952 0.0134351
2 0.0520443 0.0525199
0 0 0.000471029
1 0.00776798 0.00823785
1 0.00154362 0.00201214
2 0.0362511 0.0367184
1 0.00217294 0.00263946
0 0 0.000462247
1 0.019846 0.0203077
1 0.011287 0.0117433
1 0.0104349 0.0108832
1 0.00470451 0.00515116
2 0.00908171 0.00952819
2 0.0709314 0.0713756
1 0.0354204 0.0358614
1 0.00375308 0.00419055
2 0.0122005 0.0126376
1 0.00177318 0.00220381
1 0.00423368 0.00466425
1 0.0013398 0.0017691
2 0.00371901 0.00414672
1 0.00216393 0.00259154
1 0.0435133 0.0439386
1 0.00247255 0.00289449
1 0.00513005 0.00555131
1 0.0324697 0.0328889
2 0.0587678 0.0591859
1 0.0745554 0.0749714
0 0 0.000415108
1 0.00185252 0.00226391
2 0.0138598 0.0142686
0 0 0.000397451
1 0.00252394 0.00292066
1 0.00541948 0.00581536
1 0.00547278 0.00586228
1 0.0676762 0.0680653
1 0.209993 0.210374
0 0 0.00038028
1 0.0097727 0.0101517
1 0.00195842 0.00233348
2 0.00269037 0.00305923
1 0.00557813 0.00593918
1 0.00183004 0.00218963
1 0.00525348 0.00560099
1 0.0085672 0.0089122
1 0.00886432 0.00920749
2 0.0434318 0.0437728
1 0.0042194 0.00455951
0 0 0.000336868
0 0 0.00032501
0 0 0.000323936
2 0.0242234 0.0245363
0 0 0.000312781
0 0 0.000312753
2 0.016849 0.0171605
1 0.0217459 0.0220491
1 0.00220622 0.00250798
1 0.00222246 0.00252149
1 0.00974001 0.0100378
0 0 0.000297635
1 0.0204657 0.02076
2 0.0144732 0.0147591
0 0 0.000282576
1 0.0209088 0.0211913
0 0 0.000279636
0 0 0.000279604
0 0 0.000274013
1 0.0128834 0.0131569
1 0.00129253 0.00155803
1 0.00578945 0.00605455
0 0 0.000263396
1 0.00193594 0.00219299
2 0.0494074 0.0496643
2 0.049059 0.0493072
0 0 0.00024631
2 0.0341068 0.0343517
0 0 0.000238194
1 0.00860756 0.00884493
1 0.0340531 0.0342832
1 0.00180305 0.0020217
1 0.00091433 0.00113115
1 0.00816956 0.00838548
1 0.00598801 0.00620381
0 0 0.000214698
1 0.0150492 0.0152637
0 0 0.000208996
0 0 0.000204828
2 0.00772327 0.00792776
1 0.0224552 0.0226596
2 0.0097035 0.0099056
1 0.0266631 0.0268652
1 0.0151865 0.0153879
1 0.00567474 0.00586937
1 0.00384811 0.0040416
1 0.00187232 0.0020653
2 0.0106938 0.0108856
1 0.00249665 0.00268765
1 0.0192458 0.0194354
1 0.00855378 0.00874138
1 0.00721193 0.00739412
1 0.00488202 0.0050631
1 0.00429914 0.00447515
2 0.0215449 0.0217203
0 0 0.000174481
1 0.00815431 0.00832792
1 0.00226647 0.00243866
1 0.00365346 0.00382275
1 0.00499458 0.00516379
2 0.00761749 0.00778463
1 0.0395315 0.039697
2 0.0267423 0.0269077
1 0.00233031 0.00249247
1 0.00333792 0.00349994
1 0.00421478 0.00437663
1 0.0335672 0.0337284
0 0 0.000160174
0 0 0.000155371
2 0.0360373 0.0361926
1 0.00426573 0.00441953
1 0.00355121 0.00370003
1 0.00119319 0.00133954
1 0.00221603 0.00235669
1 0.00706718 0.00720071
2 0.0054474 0.00558051
1 0.00191833 0.00205074
1 0.00434782 0.00447976
2 0.00748631 0.00761527
1 0.00530792 0.00543454
0 0 0.000125591
1 0.0124779 0.0125966
1 0.00267194 0.00279002
1 0.00255187 0.00266966
2 0.00265696 0.00277473
1 0.000913744 0.00103148
1 0.0202229 0.0203401
2 0.00342418 0.00354096
2 0.011891 0.0120076
0 0 0.000109311
1 0.0104256 0.010534
1 0.00125606 0.0013615
2 0.0464257 0.0465303
1 0.00264842 0.00275276
1 0.00195203 0.00205541
1 0.0866507 0.0867519
1 0.00145281 0.00155345
2 0.00748096 0.00758123
1 0.00210485 0.00220309
1 0.00358109 0.00367892
2 0.0107764 0.0108737
1 0.0359072 0.0360036
1 0.00392208 0.00401667
1 0.00434091 0.00443527
1 0.00335398 0.00344704
1 0.00409394 0.00418586
1 0.00323433 0.00332547
1 0.00311481 0.00320586
2 0.0483547 0.0484454
1 0.00516836 0.00525549
1 0.00470954 0.00479525
1 0.00579068 0.00587625
1 0.0187451 0.0188287
1 0.0474534 0.0475367
1 0.00233193 0.00241508
1 0.00563403 0.00571585
2 0.0161288 0.0162098
1 0.00221872 0.0022994
1 0.00309716 0.00317772
1 0.00580206 0.00588184
2 0.0613881 0.0614658
2 0.00272589 0.00280079
1 0.000297538 0.000371599
1 0.0116268 0.0116987
1 0.0706855 0.0707554
1 0.0102748 0.0103437
2 0.00961267 0.00968066
1 0.00281869 0.00288615
2 0.00264897 0.00271634
1 0.00191463 0.00198158
1 0.0069353 0.00700116
1 0.013501 0.0135666
2 0.00755205 0.0076171
2 0.00321469 0.00327968
1 0.00165403 0.00171893
1 0.00234268 0.00240617
1 0.00575332 0.00581675
1 0.00253169 0.00259439
1 0.043184 0.0432466
1 0.0266367 0.0266987
1 0.00522881 0.00529037
1 0.00190318 0.00196458
1 0.00337508 0.00343625
1 0.0423061 0.0423664
1 0.00622267 0.00628255
2 0.0025342 0.00259326
2 0.00703408 0.00709227
0 0 5.74648e-05
1 0.00209679 0.00215358
1 0.0337349 0.0337907
2 0.00790296 0.00795878
2 0.00590713 0.00596042
1 0.00370717 0.00375867
1 0.00255286 0.00260432
2 0.0079793 0.00802657
1 0.00043628 0.00048349
1 0.00164252 0.00168891
1 0.0055346 0.0055806
2 0.00271408 0.00275956
2 0.00914127 0.00918573
1 0.0697751 0.0698182
1 0.00332161 0.00336366
1 0.0069535 0.00699482
1 0.00226471 0.00230535
2 0.0075696 0.00760987
1 0.0227321 0.0227715
2 0.0112078 0.0112458
1 0.00208936 0.00212701
1 0.0157479 0.0157846
1 0.0162903 0.0163268
1 0.00153217 0.00156753
2 0.0111736 0.011209
2 0.00267198 0.00270666
1 0.00319684 0.00323145
1 0.0133252 0.0133593
2 0.0049115 0.00494546
1 0.00100878 0.00104213
2 0.0109695 0.0110028
2 0.0055074 0.0055382
1 0.00285693 0.0028871
1 0.000968148 0.000996415
2 0.0188166 0.0188444
1 0.00337423 0.00340175
2 0.00263211 0.00265958
1 0.00237787 0.00240517
2 0.0371976 0.0372244
2 0.012566 0.0125916
1 0.0108418 0.0108674
1 0.0074123 0.00743767
2 0.0328058 0.0328311
1 0.00157615 0.00160092
1 0.0028087 0.00283342
2 0.00719791 0.00722199
2 0.0708733 0.0708973
1 0.00492334 0.00494674
1 0.00209723 0.0021205
1 0.00130647 0.00132908
2 0.00547054 0.00549081
1 0.00569848 0.00571826
2 0.124264 0.124283
1 0.000793709 0.000812374
2 0.013634 0.0136524
2 0.00478446 0.00480232
1 0.0987435 0.0987613
1 0.00716878 0.00718615
1 0.00423266 0.00424924
1 0.000670242 0.000686353
1 0.00762492 0.00764081
2 0.036213 0.0362284
1 0.000448684 0.000463517
2 0.00590367 0.00591787
1 0.00236978 0.00238398
2 0.00561168 0.00562552
2 0.00887642 0.00889007
1 0.00349292 0.00350634
2 0.0110463 0.0110596
1 0.0029466 0.00295921
1 0.0247351 0.0247476
2 0.00300646 0.00301892
1 0.000673993 0.000686069
1 0.00553765 0.00554959
1 0.0144159 0.0144275
2 0.00544977 0.00546136
1 0.0035764 0.00358767
2 0.00301929 0.00303046
1 0.00175079 0.00176126
1 0.0327846 0.0327946
1 0.00158618 0.00159612
2 0.0211795 0.0211893
1 0.0328186 0.0328281
2 0.00336868 0.00337787
1 0.00493489 0.00494406
2 0.00243371 0.00244257
2 0.0088927 0.00890143
1 0.000433722 0.000442292
2 0.00301266 0.00302095
2 0.0493542 0.0493621
1 0.00166942 0.00167706
1 0.0019459 0.00195295
2 0.00256474 0.00257163
1 0.00399026 0.00399663
2 0.00411752 0.00412339
1 0.0308056 0.0308113
1 0.00319749 0.00320322
2 0.00498938 0.00499509
1 0.00256018 0.00256574
2 0.00897456 0.00897926
2 0.00438462 0.00438905
2 0.0158505 0.0158548
1 0.00257185 0.00257608
2 0.00771627 0.00772045
2 0.00334342 0.00334712
1 0.00261879 0.0026223
1 0.00848196 0.0084854
1 0.00193401 0.00193742
1 0.00145921 0.00146259
1 0.00133123 0.00133451
2 0.0770679 0.0770711
2 0.00331986 0.00332251
2 0.00212433 0.00212689
2 0.0227929 0.0227954
2 0.0100586 0.010061
2 0.0102117 0.0102141
1 0.00254959 0.00255182
1 0.00139123 0.00139333
1 0.0251542 0.0251562
2 0.00783154 0.00783347
2 0.00681922 0.00682101
1 0.00192528 0.00192705
1 0.032588 0.0325897
1 0.00200068 0.00200237
2 0.00533901 0.00534045
1 0.0676973 0.0676986
2 0.00208022 0.0020814
2 0.00620491 0.00620608
1 0.00144292 0.00144408
2 0.00139941 0.0014005
1 0.00812673 0.00812781
2 0.00248086 0.00248184
2 0.00231724 0.00231815
1 0.00886377 0.00886466
1 0.00219504 0.00219591
2 0.00215544 0.00215629
2 0.0423379 0.0423388
2 0.0128195 0.0128203
1 0.0116609 0.0116618
1 0.00182275 0.00182358
1 0.0116045 0.0116053
2 0.00213223 0.00213293
2 0.0208595 0.0208601
1 0.00527145 0.00527181
1 0.00307618 0.00307649
2 0.00269149 0.00269179
2 0.00340774 0.00340803
1 0.00554657 0.00554682
2 0.0342413 0.0342416
1 0.00258677 0.00258701
1 0.0490065 0.0490066
1 0.0179674 0.0179675
2 0.00706119 0.00706129
1 0.00738874 0.00738884
1 0.000554781 0.000554877
2 0.00254774 0.00254782
2 0.0067808 0.00678084
2 0.00304659 0.00304662
2 0.0120136 0.0120136
2 0.00749735 0.00749735
1 0.0122522 0.0122522
1 0.00336836 0.00336836
