0 0 inf
0 0 0.0968725
0 0 0.0949689
0 0 0.0428823
0 0 0.0424735
0 0 0.0410544
0 0 0.03209
0 0 0.0305846
0 0 0.0292022
1 0.0252243 0.0505775
0 0 0.0216062
0 0 0.0205576
1 0.0151838 0.0353859
1 0.0505613 0.0681706
0 0 0.0175758
0 0 0.0173088
0 0 0.0156956
1 0.0163931 0.0318996
0 0 0.0154949
0 0 0.0149483
0 0 0.0143828
0 0 0.0141566
0 0 0.0139104
0 0 0.0136714
0 0 0.0136332
0 0 0.01288
0 0 0.0126918
0 0 0.0125558
1 0.0430013 0.0552659
1 0.0108602 0.0228825
0 0 0.011964
1 0.0127179 0.0236445
0 0 0.0108585
0 0 0.01084
1 0.152068 0.162539
0 0 0.0103194
0 0 0.00992511
0 0 0.00976348
0 0 0.0096608
1 0.0400793 0.0494092
0 0 0.00899962
0 0 0.00897844
1 0.0162156 0.0251126
0 0 0.00887814
0 0 0.00855434
0 0 0.00851046
0 0 0.00839509
0 0 0.00826031
0 0 0.0081588
0 0 0.00805928
0 0 0.00789143
1 0.0533057 0.0610286
0 0 0.00769935
0 0 0.00753333
0 0 0.00751994
0 0 0.0071033
0 0 0.00705234
0 0 0.00656493
0 0 0.00648239
0 0 0.00612146
0 0 0.0059794
0 0 0.0059589
0 0 0.00591388
1 0.0793 0.0850614
1 0.0144029 0.0200564
1 0.0154046 0.0210439
0 0 0.00562323
0 0 0.00533645
1 0.0608852 0.0661781
0 0 0.005213
0 0 0.0051782
1 0.00360247 0.00850007
0 0 0.00482724
1 0.0329284 0.0377035
0 0 0.00476964
0 0 0.00470503
0 0 0.0046863
1 0.048048 0.052733
1 0.0182207 0.0228559
0 0 0.00463455
1 0.0100501 0.0146702
0 0 0.00459187
0 0 0.0045833
1 0.0169766 0.0215517
0 0 0.00450564
0 0 0.00444865
0 0 0.00439975
1 0.0179303 0.0222997
0 0 0.00432241
1 0.00893883 0.0132437
0 0 0.00430187
1 0.0586609 0.0629606
0 0 0.00412265
0 0 0.00406348
0 0 0.00396783
0 0 0.00395641
1 0.0102128 0.0139956
0 0 0.00371309
1 0.0342694 0.0379402
1 0.00840244 0.0119769
1 0.0461204 0.0496919
1 0.0157729 0.0192975
1 0.0277982 0.0313199
1 0.0178904 0.0213918
1 0.022794 0.0262875
1 0.00650526 0.00999162
0 0 0.0034564
1 0.0140395 0.0174773
0 0 0.00343027
0 0 0.00342273
0 0 0.00341644
0 0 0.00341223
0 0 0.00332694
1 0.037727 0.041046
0 0 0.0033003
0 0 0.00328601
0 0 0.00326205
0 0 0.00324407
0 0 0.00324135
1 0.00769395 0.0107968
0 0 0.00307805
0 0 0.00307165
0 0 0.00299162
0 0 0.00291746
1 0.00993714 0.0128107
0 0 0.00280261
1 0.00812339 0.0109017
0 0 0.00272833
0 0 0.00270864
0 0 0.0026954
0 0 0.00265257
1 0.0147818 0.0173379
0 0 0.00252624
1 0.0183279 0.0207909
0 0 0.00245463
0 0 0.00243937
1 0.0615947 0.0639817
1 0.0845116 0.0868793
2 0.0527878 0.0551338
1 0.00520816 0.00751416
1 0.0144348 0.0167376
1 0.0152316 0.0175303
0 0 0.00227845
2 0.0450733 0.047309
0 0 0.00222803
1 0.021597 0.0238163
2 0.0180052 0.0202132
1 0.0249403 0.0271481
1 0.0281394 0.0303471
0 0 0.00218691
0 0 0.00217005
0 0 0.00216296
0 0 0.00214504
0 0 0.00214406
0 0 0.00213897
0 0 0.00213322
0 0 0.00213214
1 0.0147829 0.0168935
0 0 0.00208025
1 0.0246641 0.0267305
1 0.010225 0.0122851
1 0.00180487 0.00385837
1 0.0482089 0.0502608
1 0.00467734 0.00670669
1 0.0104458 0.0124638
1 0.069014 0.0710247
0 0 0.00200624
1 0.00700948 0.00900357
0 0 0.00197425
1 0.190946 0.192914
0 0 0.00195468
0 0 0.00195055
0 0 0.00194193
0 0 0.00192507
0 0 0.00190366
1 0.00363221 0.00553041
0 0 0.00186236
0 0 0.00183708
2 0.014657 0.0164898
0 0 0.00182603
2 0.0342653 0.036068
0 0 0.00179655
0 0 0.00178093
1 0.00595822 0.00771246
1 0.00550512 0.00724365
0 0 0.00173245
1 0.0160679 0.0177712
1 0.00992685 0.0116007
0 0 0.00166985
1 0.0382564 0.0399197
0 0 0.00164936
1 0.00468894 0.00632752
1 0.00544366 0.00707858
0 0 0.00163423
0 0 0.00161174
0 0 0.00159236
0 0 0.00159058
0 0 0.00156376
0 0 0.00155646
2 0.0499181 0.0514719
1 0.00230249 0.00379264
0 0 0.00147579
0 0 0.00146466
1 0.0491222 0.0505807
2 0.0175947 0.0190377
1 0.00382006 0.00523532
1 0.0112123 0.0126227
1 0.00953231 0.0109267
0 0 0.00139436
2 0.0118163 0.0132007
1 0.00299394 0.00437219
0 0 0.00135018
1 0.0299335 0.0312147
0 0 0.00126569
1 0.0930544 0.0943149
0 0 0.00124443
1 0.010862 0.0121015
1 0.0109952 0.012231
1 0.0473387 0.0485664
1 0.00546889 0.00669497
0 0 0.00121657
0 0 0.00120957
0 0 0.00120502
0 0 0.00120314
0 0 0.00119956
1 0.00225482 0.00344835
1 0.0115601 0.0127496
0 0 0.00118695
1 0.0194928 0.0206798
0 0 0.00117529
0 0 0.00116473
0 0 0.00114399
1 0.0156398 0.0167791
1 0.0078415 0.00896774
2 0.0152414 0.0163582
1 0.0131655 0.0142798
1 0.00856276 0.00965543
1 0.0473344 0.0484241
1 0.00264696 0.00373618
1 0.027277 0.0283606
0 0 0.00107409
1 0.0052328 0.00629002
0 0 0.00105324
1 0.00596417 0.00699063
0 0 0.00101738
1 0.0119139 0.0129305
1 0.0194838 0.0204906
1 0.0362361 0.0372391
2 0.0871535 0.0881562
1 0.026435 0.0274241
1 0.0101547 0.0111298
2 0.0389707 0.0399333
2 0.00401726 0.00497762
0 0 0.000958822
1 0.00413902 0.00509083
1 0.00589008 0.00683728
1 0.00164291 0.00258938
0 0 0.000939239
1 0.0478184 0.0487227
1 0.00535307 0.00625162
0 0 0.000883753
0 0 0.000866745
2 0.0114412 0.0123032
1 0.00715983 0.00801658
1 0.00224887 0.00310286
2 0.0725754 0.0734291
0 0 0.000845855
0 0 0.000837563
1 0.00465911 0.00548736
0 0 0.000817298
0 0 0.000816091
0 0 0.000812427
1 0.0130917 0.0138832
0 0 0.000781983
0 0 0.00076901
1 0.021903 0.0226674
1 0.0178705 0.0186257
1 0.00333268 0.00407933
1 0.043126 0.0438609
2 0.0113011 0.0120302
2 0.0443899 0.0451128
1 0.00895479 0.00966591
1 0.00738681 0.00809751
1 0.0113529 0.0120591
1 0.00292809 0.00362937
1 0.0185581 0.0192593
0 0 0.00070093
1 0.00408224 0.00477323
1 0.0114809 0.0121644
1 0.0232006 0.0238808
1 0.0251917 0.025863
2 0.0167343 0.0173813
1 0.235914 0.236539
0 0 0.00060981
0 0 0.000609631
0 0 0.000608754
1 0.0223439 0.0229525
0 0 0.000603868
1 0.0119233 0.012523
0 0 0.000585725
1 0.0153807 0.0159635
1 0.0182588 0.0188381
1 0.00229533 0.00286789
0 0 0.000572303
0 0 0.000571677
1 0.0840231 0.0845873
0 0 0.000563591
0 0 0.000562304
1 0.00400645 0.00455983
1 0.00903999 0.00959099
1 0.00612611 0.00667352
1 0.00155742 0.00210369
0 0 0.00054325
0 0 0.000538218
1 0.00187477 0.00241191
1 0.00615501 0.00668495
2 0.0470001 0.0475223
1 0.0137635 0.014271
2 0.0282024 0.0287024
2 0.0386337 0.0391272
1 0.0161815 0.0166657
1 0.00502209 0.00550351
0 0 0.000479764
1 0.00495369 0.00542998
0 0 0.000470949
1 0.00602401 0.00649364
2 0.00614497 0.00661373
1 0.015308 0.0157767
1 0.0058977 0.00636135
1 0.00664069 0.0071029
1 0.0183271 0.0187828
1 0.0112124 0.0116598
0 0 0.000445738
0 0 0.000444009
0 0 0.00044066
1 0.00313631 0.00357512
1 0.0614442 0.0618777
0 0 0.000431852
0 0 0.000427078
1 0.0534532 0.0538768
1 0.0049283 0.00534674
0 0 0.000415108
0 0 0.000413671
1 0.0593533 0.0597625
0 0 0.000408635
1 0.00194321 0.00234788
0 0 0.000400292
1 0.00271354 0.00311121
2 0.0220042 0.0224008
1 0.0460514 0.0464387
1 0.0128007 0.0131867
2 0.00567181 0.00605738
0 0 0.000385463
0 0 0.00038279
0 0 0.00037963
2 0.0471886 0.0475672
1 0.0845864 0.0849584
1 0.00538546 0.00574905
2 0.0657542 0.0661147
1 0.0170677 0.0174272
1 0.00270046 0.00305665
1 0.0086582 0.0090129
1 0.00362458 0.00397406
1 0.0109028 0.0112488
0 0 0.000339794
1 0.0104359 0.0107732
0 0 0.000330093
1 0.029128 0.0294532
1 0.00231 0.00263444
1 0.0157103 0.016032
1 0.0138914 0.0142113
2 0.0126249 0.012943
1 0.0170649 0.0173822
1 0.0337685 0.0340858
1 0.00396263 0.0042769
1 0.00270028 0.0030112
1 0.00563207 0.00594109
1 0.0194888 0.0197927
1 0.00953849 0.00983857
0 0 0.000292623
0 0 0.000291179
0 0 0.0002901
1 0.00402767 0.00431518
0 0 0.000284901
1 0.0117815 0.0120657
1 0.00132915 0.00161171
1 0.00299191 0.00327374
2 0.0108314 0.0111093
1 0.00667543 0.00694455
1 0.0123244 0.0125927
1 0.00406443 0.00433225
1 0.00220265 0.00246389
2 0.0369316 0.0371905
1 0.00255458 0.0028052
1 0.0436259 0.0438698
1 0.0382535 0.0384935
1 0.00526119 0.00549827
1 0.0017687 0.00200227
1 0.0138966 0.0141283
1 0.00898126 0.00920861
2 0.0119949 0.0122108
0 0 0.000213561
2 0.00937251 0.00958481
1 0.0116297 0.0118409
1 0.0397101 0.0399208
1 0.002577 0.00278756
1 0.032388 0.0325927
0 0 0.000201522
1 0.00342811 0.00362821
1 0.0123358 0.0125329
2 0.0426116 0.0428071
2 0.0156358 0.0158294
0 0 0.000190635
1 0.0182947 0.0184793
2 0.00989539 0.0100798
1 0.00744753 0.00763071
1 0.0213266 0.0215096
1 0.0259839 0.0261659
1 0.0109159 0.0110959
1 0.022718 0.0228931
1 0.0128662 0.0130386
1 0.00520239 0.00537443
1 0.00380349 0.00397514
1 0.00357402 0.00374473
1 0.000843808 0.00100996
1 0.00236198 0.00251828
1 0.00267738 0.00283295
0 0 0.000155364
1 0.00140613 0.00155945
1 0.0313193 0.0314718
1 0.000781038 0.000931374
1 0.051202 0.0513505
1 0.00705485 0.00719879
2 0.0631841 0.0633264
1 0.0006746 0.00081674
2 0.0145334 0.0146732
1 0.0121145 0.0122534
1 0.0152124 0.0153508
0 0 0.000135449
1 0.0044277 0.00456124
2 0.0146137 0.0147463
1 0.00156356 0.00169471
1 0.00274195 0.00287048
1 0.00587162 0.00600004
1 0.0184128 0.0185413
1 0.00672339 0.00684796
1 0.0202892 0.020413
1 0.0237246 0.0238471
2 0.0228685 0.022991
1 0.00789117 0.00801153
2 0.0198213 0.0199416
1 0.00331803 0.00343432
2 0.0470834 0.0471981
2 0.00937115 0.00948393
0 0 0.000112064
2 0.00323891 0.00334872
1 0.00767829 0.00778702
2 0.0148893 0.0149974
2 0.00440432 0.00451056
1 0.0103046 0.0104104
1 0.0127193 0.0128237
1 0.0483672 0.0484714
1 0.00993485 0.0100388
1 0.00146126 0.00156401
1 0.00152327 0.00162309
2 0.00360327 0.00370238
2 0.00309914 0.00319575
1 0.00778043 0.00787301
2 0.0143288 0.014421
0 0 8.92489e-05
1 0.00274691 0.00283475
1 0.0175807 0.0176646
1 0.000312405 0.000395838
1 0.00505998 0.00514192
1 0.00173258 0.00181071
1 0.00299536 0.00307302
2 0.00985895 0.00993376
1 0.0122223 0.0122938
2 0.00389294 0.00396358
2 0.0142618 0.0143303
1 0.00251026 0.00257817
1 0.0590319 0.0590994
1 0.00833777 0.00840458
2 0.0880503 0.0881159
1 0.00248899 0.00255463
1 0.00315887 0.00322322
0 0 6.39182e-05
1 0.00272584 0.00278933
2 0.00572104 0.00578405
1 0.0226068 0.0226695
1 0.0089341 0.00899608
1 0.00537433 0.0054362
1 0.00147587 0.00153731
1 0.00242496 0.00248556
1 0.0020413 0.00209819
1 0.00855953 0.00861591
0 0 5.57317e-05
1 0.00166682 0.00172204
2 0.00644589 0.00650008
2 0.0645894 0.064643
1 0.0033177 0.00336969
1 0.0229142 0.022966
1 0.00162279 0.00167378
2 0.0506647 0.0507144
1 0.0014072 0.00145608
1 0.00316932 0.00321767
1 0.00305329 0.00309969
2 0.0246592 0.0247053
1 0.00365889 0.00370479
2 0.00256706 0.00261294
2 0.0229021 0.0229466
2 0.00568066 0.00572462
1 0.091495 0.0915385
1 0.00355714 0.00360006
1 0.00793912 0.0079798
1 0.0447428 0.0447823
1 0.0157988 0.0158374
2 0.0230233 0.0230611
2 0.0294577 0.0294954
2 0.0083948 0.00843236
2 0.0138417 0.0138788
1 0.00841763 0.00845334
1 0.00180194 0.00183693
2 0.0130839 0.0131183
1 0.0724654 0.0724999
1 0.0163835 0.016417
2 0.0140323 0.0140653
2 0.0915675 0.0916
2 0.004018 0.0040502
1 0.012389 0.0124207
2 0.002516 0.00254683
1 0.00243094 0.00246084
2 0.053611 0.0536408
1 0.0232067 0.0232353
2 0.0342437 0.034272
1 0.00698084 0.00700738
1 0.00135684 0.00138337
1 0.000859265 0.000885663
2 0.011071 0.0110973
1 0.00620273 0.0062282
2 0.0557673 0.0557922
1 0.00955356 0.00957744
1 0.00796091 0.00798281
2 0.002157 0.00217864
1 0.00911429 0.00913524
2 0.00563 0.00565078
1 0.00347998 0.00350044
1 0.0520341 0.0520538
1 0.0646662 0.0646851
2 0.00435122 0.0043697
1 0.00406249 0.00408086
1 0.00310217 0.00311972
1 0.00459374 0.00461103
0 0 1.7263e-05
1 0.00120477 0.00122202
1 0.00946253 0.00947935
1 0.0141607 0.0141774
2 0.0207101 0.0207264
2 0.00174168 0.00175791
2 0.0167214 0.0167376
2 0.0036428 0.00365892
1 0.0056208 0.00563612
2 0.0189417 0.018957
1 0.00721595 0.00723091
1 0.00273483 0.00274958
2 0.00719012 0.00720469
2 0.0100331 0.0100474
2 0.00364471 0.00365874
2 0.00692018 0.00693378
1 0.0118263 0.0118385
1 0.028156 0.0281678
1 0.00586632 0.00587788
2 0.00796071 0.00797146
2 0.00203644 0.00204696
1 0.0111642 0.0111741
1 0.00143249 0.00144202
2 0.0126977 0.0127072
2 0.000954391 0.000963664
1 0.00944037 0.00944961
1 0.00241054 0.00241976
1 0.00167009 0.00167926
1 0.00341843 0.00342759
1 0.00981164 0.00982049
2 0.00714035 0.00714898
1 0.00963022 0.00963875
2 0.00322984 0.00323788
2 0.00808865 0.00809643
1 0.00216498 0.00217264
1 0.00668124 0.00668886
2 0.0870754 0.0870829
1 0.011391 0.0113983
1 0.0140599 0.0140669
2 0.00183985 0.00184685
1 0.00400867 0.00401568
1 0.00436175 0.0043686
2 0.00765344 0.00766024
1 0.00348709 0.0034935
1 0.00310545 0.0031117
1 0.00245371 0.00245959
1 0.00112204 0.00112787
2 0.00428754 0.00429333
2 0.00364842 0.00365403
1 0.0576438 0.057649
2 0.0187489 0.0187541
1 0.00189025 0.00189523
1 0.0574349 0.0574398
2 0.00771669 0.00772127
1 0.0034644 0.0034684
1 0.00572461 0.00572829
1 0.00427228 0.00427589
1 0.000319034 0.000322616
1 0.00320595 0.00320944
2 0.00258995 0.00259338
1 0.0420058 0.0420092
1 0.00750488 0.0075082
0 0 2.47431e-06
1 0.00638673 0.0063892
2 0.00245914 0.00246157
2 0.0067168 0.00671922
2 0.00673944 0.00674174
1 0.00554515 0.00554739
2 0.00623219 0.00623438
1 0.00824386 0.00824582
2 0.0098142 0.00981604
1 0.0147316 0.0147334
2 0.00452092 0.00452263
2 0.00738256 0.00738425
1 0.00185199 0.00185348
2 0.0142781 0.0142795
2 0.00888561 0.00888707
2 0.0036468 0.00364822
2 0.0796902 0.0796916
1 0.0042364 0.00423777
1 0.0278642 0.0278655
1 0.0182872 0.0182884
1 0.000347729 0.00034891
2 0.0475401 0.0475411
1 0.00180545 0.00180622
1 0.0012212 0.00122192
1 0.000941199 0.000941898
1 0.00573076 0.00573139
2 0.00703244 0.00703303
2 0.00380855 0.00380914
2 0.0355511 0.0355517
2 0.0131299 0.0131304
1 0.00588821 0.00588863
2 0.00653091 0.00653125
1 0.00555507 0.00555535
2 0.0115527 0.0115529
2 0.0124681 0.0124683
2 0.0039151 0.00391526
1 0.000170247 0.000170337
1 0.00648689 0.00648695
2 0.00707534 0.0070754
1 0.0129384 0.0129384
2 0.0199564 0.0199564
1 0.000927446 0.000927487
1 0.00339414 0.00339418
1 0.00426839 0.00426841
1 0.00792698 0.00792699
2 0.0455877 0.0455877
