0 0 inf
0 0 0.116771
0 0 0.0715421
0 0 0.0702336
0 0 0.0663509
0 0 0.0532297
1 0.0776782 0.127468
0 0 0.0391686
0 0 0.0335812
0 0 0.0320375
0 0 0.0263639
0 0 0.025333
0 0 0.0233749
0 0 0.0233584
0 0 0.0222473
0 0 0.0217198
1 0.0161564 0.0360176
0 0 0.0195316
0 0 0.0187522
0 0 0.0182746
0 0 0.0181627
1 0.187372 0.205414
1 0.0144897 0.0320792
1 0.106777 0.122846
0 0 0.0160129
0 0 0.0157262
0 0 0.0148029
1 0.0198808 0.0345142
1 0.114171 0.127061
0 0 0.011693
0 0 0.011663
1 0.125722 0.137164
1 0.0240321 0.0351127
1 0.0281977 0.0381439
0 0 0.00985279
0 0 0.00975766
0 0 0.00929635
0 0 0.00856433
1 0.180434 0.188863
0 0 0.00814501
0 0 0.00811025
0 0 0.00797396
1 0.0548314 0.0624962
0 0 0.00718962
1 0.0377623 0.0442137
1 0.0246636 0.031059
0 0 0.00629797
0 0 0.00600279
0 0 0.00595843
0 0 0.00595326
0 0 0.00594985
0 0 0.00588625
0 0 0.00587077
0 0 0.00566774
1 0.0573387 0.0629829
1 0.0413245 0.0468763
0 0 0.00544739
1 0.0590342 0.064372
0 0 0.0052881
0 0 0.00525279
1 0.095201 0.100397
0 0 0.00519058
0 0 0.00512687
0 0 0.0050272
0 0 0.00496492
0 0 0.00488249
0 0 0.00483136
0 0 0.00479983
0 0 0.00446936
1 0.0471378 0.051603
1 0.0427608 0.0472064
0 0 0.00434615
0 0 0.00430944
0 0 0.00430345
0 0 0.00426787
0 0 0.00418531
1 0.0885169 0.0926421
0 0 0.00408831
0 0 0.00407876
0 0 0.00406287
1 0.0646303 0.0685295
0 0 0.00388706
0 0 0.00388703
2 0.113395 0.117253
0 0 0.00385823
0 0 0.00371835
1 0.0232577 0.0269491
1 0.00613205 0.0096699
0 0 0.00351627
0 0 0.00343644
1 0.00360422 0.00696358
0 0 0.00332055
0 0 0.00327632
1 0.0464087 0.04963
1 0.00665276 0.00982676
1 0.108616 0.11174
0 0 0.00312232
0 0 0.00306711
0 0 0.00301466
0 0 0.00301022
0 0 0.00292242
1 0.0232747 0.0261491
0 0 0.00284903
2 0.129139 0.131972
0 0 0.0027722
0 0 0.00276193
1 0.00925558 0.0120034
1 0.0185848 0.0212873
2 0.039177 0.0418567
0 0 0.00266156
0 0 0.00265143
1 0.0114955 0.014114
0 0 0.00259597
0 0 0.00251877
1 0.0716087 0.074101
0 0 0.00248798
1 0.00227865 0.00476413
0 0 0.00247908
1 0.0815861 0.0840618
0 0 0.00247266
0 0 0.00246094
0 0 0.00244472
2 0.0478884 0.0503212
1 0.0225912 0.0250152
2 0.189611 0.192033
0 0 0.00238998
0 0 0.00237677
0 0 0.00234277
1 0.0200381 0.0223205
0 0 0.00228016
0 0 0.00226972
1 0.00400317 0.00625104
0 0 0.0021988
1 0.00883515 0.0110327
1 0.00252326 0.00470865
0 0 0.00215858
0 0 0.00214244
0 0 0.00212422
0 0 0.00212366
1 0.0640105 0.0660824
2 0.0932206 0.0952669
0 0 0.00204362
0 0 0.00203713
1 0.0324195 0.0343908
1 0.00267437 0.00463217
1 0.00616349 0.00808598
0 0 0.00189899
0 0 0.00189841
1 0.0047253 0.00662093
1 0.126438 0.128331
1 0.00268603 0.00457906
1 0.00239417 0.00426558
0 0 0.00184152
0 0 0.00182928
1 0.00769249 0.00951234
0 0 0.00181123
0 0 0.00180077
0 0 0.00179206
1 0.186735 0.188521
0 0 0.00177905
0 0 0.00175063
0 0 0.00170697
1 0.00585465 0.00755846
0 0 0.00169382
1 0.0236827 0.0253744
0 0 0.00166201
1 0.0065954 0.00821889
0 0 0.00161159
1 0.00197138 0.0035631
0 0 0.0015891
1 0.0090291 0.0106134
1 0.0367364 0.0383174
1 0.00448019 0.00600185
2 0.0700901 0.0716098
0 0 0.00151838
1 0.0390266 0.0405391
0 0 0.00148792
1 0.037019 0.0384914
1 0.0054118 0.00687166
1 0.037922 0.0393701
1 0.113381 0.114826
1 0.00247986 0.0039142
0 0 0.001406
0 0 0.00140557
0 0 0.00140001
0 0 0.00139002
0 0 0.00136394
1 0.0205159 0.0218726
1 0.00627192 0.00762201
1 0.00624196 0.00758778
0 0 0.00134453
1 0.0373917 0.0387252
0 0 0.00132455
1 0.00572445 0.00702501
0 0 0.00129796
0 0 0.00129636
0 0 0.00128081
0 0 0.0012641
0 0 0.00123421
0 0 0.00123057
0 0 0.00122605
0 0 0.00122572
1 0.00526276 0.00646962
1 0.00444123 0.00562986
1 0.00189563 0.00305432
1 0.00551308 0.00666918
1 0.0918092 0.0929564
1 0.0636109 0.0647576
0 0 0.00113264
0 0 0.00112573
1 0.00221586 0.0033399
0 0 0.00112145
0 0 0.00111942
0 0 0.00111902
1 0.0232194 0.0243295
1 0.00918616 0.0102857
1 0.00962921 0.0106984
1 0.00431442 0.00536982
1 0.00362898 0.0046805
1 0.00432601 0.00537457
0 0 0.00103683
1 0.00918555 0.0102173
0 0 0.00103004
0 0 0.00102536
1 0.00528264 0.006306
1 0.00632429 0.00733917
1 0.0101618 0.0111652
1 0.00662009 0.00760877
1 0.0216811 0.0226685
0 0 0.00096647
0 0 0.000958801
0 0 0.000945419
1 0.00335737 0.00428755
0 0 0.000928275
0 0 0.000927368
0 0 0.000925985
2 0.0143695 0.0152838
0 0 0.000904509
0 0 0.000899474
1 0.00423912 0.00513593
0 0 0.000866671
1 0.0111152 0.0119717
0 0 0.000852122
0 0 0.000851484
1 0.0393725 0.0401981
2 0.0409916 0.0417969
0 0 0.000795535
1 0.00186118 0.00265581
0 0 0.000786758
0 0 0.00078564
2 0.0381586 0.0389434
0 0 0.000781498
0 0 0.000779705
0 0 0.000779099
1 0.0162749 0.0170521
2 0.0369765 0.0377455
1 0.107087 0.107844
1 0.197412 0.198162
1 0.0177639 0.0184972
0 0 0.000731392
1 0.00813916 0.00886856
1 0.0205605 0.0212852
0 0 0.000720801
0 0 0.000714127
1 0.00293324 0.00363689
2 0.00829241 0.00899413
1 0.0166342 0.0173358
1 0.00420304 0.00490181
1 0.00414872 0.00483639
1 0.00776003 0.00844612
0 0 0.000683315
0 0 0.000665916
0 0 0.000663607
1 0.00668666 0.00734959
1 0.00369276 0.00434742
0 0 0.00065164
0 0 0.000650222
0 0 0.000644247
0 0 0.000633709
0 0 0.000630121
0 0 0.000627131
1 0.00190282 0.00252796
1 0.00878409 0.00940483
2 0.00761613 0.00822562
0 0 0.000605932
0 0 0.000598769
0 0 0.000598332
1 0.00663129 0.00722653
1 0.001363 0.00194899
1 0.00365126 0.00422073
0 0 0.000567115
0 0 0.000557651
2 0.0673067 0.067863
1 0.0516067 0.0521592
1 0.0027004 0.00324012
1 0.00586835 0.00639978
1 0.00314169 0.00366908
1 0.00236844 0.00289236
1 0.00201159 0.00253469
1 0.0271703 0.0276893
1 0.00459361 0.00511025
0 0 0.000512606
2 0.0499727 0.0504804
2 0.0121628 0.0126644
1 0.0087989 0.00929933
1 0.00469077 0.005184
1 0.00202927 0.00252201
1 0.00621242 0.00669226
2 0.038512 0.0389911
0 0 0.00047894
0 0 0.000478525
2 0.00903094 0.00950586
1 0.0338483 0.0343115
1 0.00207848 0.00253985
1 0.00821547 0.008672
1 0.00548184 0.00593418
1 0.0335019 0.0339478
0 0 0.000432996
1 0.00303829 0.00346887
0 0 0.000428069
1 0.0059145 0.00633896
0 0 0.000415823
0 0 0.000411659
1 0.0285899 0.0289967
0 0 0.000401279
1 0.00686289 0.00725901
1 0.00276762 0.00315908
1 0.0387577 0.0391483
1 0.00369925 0.00408822
0 0 0.000384248
0 0 0.000383242
1 0.0200944 0.0204725
1 0.000817265 0.00119272
2 0.00738743 0.00775639
0 0 0.000363654
1 0.0021706 0.00253227
0 0 0.000361149
2 0.0410788 0.0414375
1 0.00312806 0.00348107
0 0 0.000346376
1 0.0150105 0.0153509
1 0.00503318 0.0053643
2 0.00505445 0.00538043
0 0 0.000325963
1 0.0309983 0.031312
0 0 0.00030655
0 0 0.000301848
1 0.00319082 0.0034925
1 0.00321594 0.00351564
1 0.00219691 0.00249435
1 0.00154371 0.00184055
1 0.00869271 0.00898401
1 0.0100311 0.0103218
1 0.00248002 0.00276679
1 0.017353 0.0176365
2 0.00526979 0.00555273
0 0 0.000259271
2 0.0123604 0.0126161
0 0 0.000254668
1 0.0144866 0.0147365
0 0 0.000246167
1 0.00717758 0.00742188
1 0.0130615 0.0133049
2 0.0349888 0.0352305
1 0.00884068 0.00908158
1 0.0021175 0.00235533
1 0.00471692 0.00495246
1 0.00231168 0.00254443
1 0.00149007 0.00172035
2 0.0702397 0.0704653
1 0.00219353 0.0024178
1 0.183571 0.183794
1 0.00351407 0.00373428
1 0.0290781 0.0292955
1 0.00180934 0.00202382
2 0.0030748 0.00328828
1 0.00692397 0.00713684
0 0 0.000209309
2 0.00618309 0.0063916
2 0.0938819 0.0940903
1 0.00237546 0.00258238
0 0 0.00020671
1 0.00231991 0.00252626
1 0.00252774 0.00273185
1 0.00155746 0.00176129
1 0.00596978 0.00617228
1 0.0107819 0.0109835
2 0.00459416 0.00479015
1 0.0225129 0.022701
1 0.0338982 0.0340863
2 0.0163947 0.0165796
1 0.0033244 0.00349986
0 0 0.000175371
1 0.00666391 0.00683923
2 0.00628284 0.00645772
1 0.00536706 0.00554047
1 0.00549685 0.00566866
1 0.00213635 0.00230765
1 0.0120893 0.012259
0 0 0.000168658
1 0.00258199 0.00274835
1 0.00129823 0.00146107
1 0.0280414 0.0282038
0 0 0.000161598
1 0.00261188 0.00277246
0 0 0.000160546
1 0.00243789 0.00259832
1 0.00325189 0.00341232
0 0 0.00015927
1 0.00188227 0.00204094
2 0.0122433 0.0123992
2 0.015069 0.0152232
1 0.00387113 0.00402486
2 0.0712959 0.0714482
1 0.00793156 0.00807684
1 0.0142852 0.0144276
1 0.0300956 0.0302362
1 0.000703714 0.00084184
2 0.00779878 0.00793645
1 0.0115564 0.0116912
2 0.00496613 0.00510073
1 0.0476745 0.0478086
2 0.0339776 0.0341093
2 0.0493962 0.0495277
1 0.00770766 0.00783868
1 0.00864289 0.00877205
1 0.00135998 0.001489
2 0.00508998 0.00521801
1 0.000635508 0.000761624
1 0.00624359 0.0063678
1 0.00415335 0.00427458
1 0.0314769 0.0315981
1 0.00815913 0.00827831
1 0.00829005 0.00840892
1 0.0159303 0.0160489
1 0.00276956 0.00288656
1 0.016483 0.0165898
1 0.0122756 0.0123813
1 0.00431497 0.00441942
2 0.00465002 0.0047543
2 0.0112108 0.0113145
1 0.0110554 0.0111567
1 0.00398596 0.00408418
1 0.00493347 0.00503009
2 0.00923772 0.00933329
1 0.0725525 0.0726428
2 0.0113744 0.0114645
1 0.032598 0.0326877
1 0.0882883 0.0883771
2 0.00299632 0.00308439
2 0.0121672 0.0122534
1 0.00283938 0.00292305
1 0.00809349 0.00817706
1 0.00431928 0.00440279
1 0.013775 0.0138584
1 0.0695395 0.0696219
1 0.00229 0.00237015
1 0.00438327 0.00446228
1 0.00131511 0.00139271
2 0.0103212 0.0103981
1 0.00287243 0.0029481
1 0.0016142 0.00168957
2 0.0133471 0.0134213
0 0 7.35586e-05
1 0.00324384 0.00331694
1 0.00887639 0.00894857
1 0.00196085 0.00203081
2 0.0161267 0.016196
1 0.00354733 0.00361463
2 0.00519712 0.00526402
1 0.00237474 0.00244113
1 0.00934352 0.00940871
1 0.00697857 0.00704165
1 0.0060466 0.00610725
1 0.00494556 0.00500563
1 0.00557006 0.00562926
2 0.00884067 0.00889825
1 0.00131705 0.00137406
1 0.00225492 0.00231164
2 0.00472072 0.00477636
1 0.00420116 0.00425519
0 0 5.22615e-05
2 0.00290246 0.00295421
1 0.0265755 0.026627
1 0.00601895 0.00606853
1 0.00192032 0.00196813
1 0.0163912 0.0164384
1 0.00145182 0.00149805
1 0.00442442 0.00447027
1 0.00578023 0.00582569
1 0.00175734 0.00180279
1 0.0373889 0.0374344
1 0.00224527 0.00228958
1 0.00191377 0.00195751
1 0.00352623 0.00356993
2 0.00902452 0.00906576
0 0 4.1233e-05
1 0.00611543 0.00615599
1 0.000554231 0.000594604
1 0.000922361 0.000960315
1 0.00124094 0.00127874
1 0.00586495 0.00590265
1 0.00283402 0.00287121
2 0.00875088 0.00878794
2 0.188791 0.188827
0 0 3.63236e-05
1 0.000237951 0.000272622
2 0.00350784 0.00354215
1 0.00160274 0.00163676
2 0.0308222 0.030855
1 0.0473281 0.0473602
1 0.0102598 0.0102918
2 0.00641058 0.00644249
1 0.00302457 0.00305635
1 0.00462512 0.00465672
2 0.0080504 0.00808106
2 0.00907582 0.00910621
2 0.116446 0.116475
1 0.00112081 0.00114947
2 0.00666095 0.00668909
1 0.00100655 0.0010339
2 0.033206 0.0332328
1 0.00312249 0.00314803
1 0.00149535 0.0015207
2 0.00335648 0.00338171
1 0.00286891 0.0028935
2 0.00365465 0.00367917
1 0.00343185 0.003456
2 0.0054061 0.00542979
1 0.0010873 0.00111049
1 0.0303902 0.0304124
2 0.0494248 0.0494464
1 0.0148793 0.0149004
2 0.00266561 0.00268542
1 0.00258354 0.00260312
2 0.0939089 0.0939284
1 0.00185001 0.00186916
1 0.00209864 0.00211743
1 0.00374528 0.00376407
0 0 1.80251e-05
1 0.0790814 0.0790993
2 0.00354048 0.00355805
1 0.00950052 0.009518
1 0.00820913 0.00822604
2 0.0111746 0.0111914
1 0.00215313 0.00216937
1 0.00333923 0.00335526
2 0.00527981 0.00529571
2 0.00301996 0.00303583
1 0.00251491 0.00253041
2 0.0053667 0.005382
1 0.00762665 0.00764186
1 0.0219729 0.0219876
1 0.00535528 0.00536915
1 0.00757596 0.00758971
1 0.00662716 0.00664089
2 0.00901259 0.00902613
1 0.00605113 0.00606369
1 0.00111071 0.00112322
1 0.00406797 0.0040804
2 0.00213145 0.00214355
1 0.015474 0.0154854
1 0.00141492 0.0014262
1 0.00234334 0.00235459
1 0.000595228 0.0006058
1 0.00566893 0.0056795
2 0.00929784 0.00930805
2 0.00262749 0.00263759
1 0.00884838 0.00885821
1 0.00670147 0.006711
1 0.00578739 0.00579678
1 0.011083 0.0110918
1 0.0129964 0.0130051
2 0.00259835 0.00260661
1 0.00206312 0.00207137
1 0.00571707 0.00572505
2 0.066559 0.0665669
1 0.00120656 0.00121435
1 0.00537076 0.00537845
1 0.00352028 0.00352779
2 0.0295915 0.0295988
1 0.00355843 0.00356566
2 0.0352217 0.0352288
2 0.00395851 0.00396545
1 0.00311647 0.00312339
1 0.00678354 0.00679012
2 0.0100139 0.0100202
2 0.00568256 0.0056885
1 0.0242128 0.0242184
1 0.000664989 0.000670619
1 0.00127731 0.00128293
1 0.00505882 0.00506442
2 0.024291 0.0242963
1 0.00482532 0.0048305
1 0.00250524 0.0025104
2 0.00198275 0.00198773
1 0.00154223 0.00154712
1 0.000640395 0.000645275
1 0.0531273 0.0531321
2 0.00448928 0.00449399
2 0.0108694 0.0108738
2 0.00299978 0.00300381
1 0.0213457 0.0213493
1 0.0202696 0.0202732
1 0.00897859 0.00898196
2 0.00409889 0.00410213
1 0.0136964 0.0136995
1 0.00218894 0.00219187
1 0.00194817 0.00195107
1 0.0148131 0.0148159
1 0.0823478 0.0823503
1 0.00404969 0.00405206
1 0.0018747 0.001877
1 0.00645808 0.00646034
1 0.00448104 0.00448327
2 0.00592448 0.00592651
2 0.00572356 0.00572542
2 0.00443282 0.00443451
1 0.0032327 0.00323432
1 0.0345411 0.0345426
1 0.0378524 0.0378538
1 0.00228306 0.00228411
1 0.000882257 0.000883291
1 0.0038929 0.00389387
1 0.000712866 0.000713823
1 0.00301837 0.00301927
1 0.002559 0.00255986
2 0.00200162 0.00200225
2 0.00574245 0.00574275
2 0.00253692 0.00253721
2 0.00628675 0.00628697
2 0.00568067 0.00568088
1 0.00571651 0.00571672
2 0.107852 0.107852
2 0.00980033 0.00980053
1 0.0184612 0.0184614
1 0.00404587 0.00404603
2 0.00716963 0.00716977
1 0.000884907 0.000885035
1 0.00310589 0.00310601
1 0.00279106 0.00279116
1 0.00535727 0.00535738
1 0.037324 0.0373241
1 0.00263439 0.00263445
1 0.00976035 0.00976039
2 0.00666537 0.0066654
1 0.00485968 0.00485968
1 0.111777 0.111777
