0 0 inf
0 0 0.15922
0 0 0.0667138
0 0 0.0592107
0 0 0.0415538
0 0 0.0381267
0 0 0.0360642
0 0 0.0355218
0 0 0.0315522
0 0 0.027704
1 0.0268028 0.0539593
1 0.0815656 0.102829
0 0 0.0210249
0 0 0.019943
0 0 0.0196707
0 0 0.0193579
0 0 0.018899
0 0 0.017914
0 0 0.0177148
0 0 0.0170649
0 0 0.0167766
0 0 0.0155836
1 0.022169 0.0375173
0 0 0.0148305
1 0.00739229 0.0214247
0 0 0.0140299
1 0.0427074 0.0557446
1 0.0119983 0.0249108
1 0.0185857 0.0305342
1 0.00770162 0.0196276
0 0 0.0118912
0 0 0.0109588
0 0 0.0108729
2 0.024696 0.0346659
0 0 0.00996817
0 0 0.00988021
0 0 0.0095386
0 0 0.00907805
0 0 0.0090516
0 0 0.00892631
1 0.0120559 0.0205081
1 0.138872 0.147114
0 0 0.00804123
0 0 0.00799662
0 0 0.00790566
1 0.0297547 0.0372041
0 0 0.00737236
1 0.0251496 0.0323337
1 0.0391211 0.0462286
0 0 0.0068807
1 0.0159357 0.0226165
0 0 0.00666367
0 0 0.00663978
0 0 0.00657506
0 0 0.00648228
0 0 0.00627402
0 0 0.00620707
1 0.016157 0.0222519
0 0 0.00595494
0 0 0.0059046
0 0 0.00581081
0 0 0.00578333
0 0 0.00568099
0 0 0.00567551
0 0 0.00562191
0 0 0.00550226
1 0.00321961 0.00869661
0 0 0.0054729
0 0 0.00540499
0 0 0.00537932
1 0.0406218 0.0459372
1 0.0661375 0.0713176
1 0.0466336 0.0517858
0 0 0.00513359
1 0.0166312 0.0217555
0 0 0.00491848
1 0.0138673 0.0187459
0 0 0.00479335
0 0 0.00475791
1 0.0252246 0.0299673
0 0 0.0046605
0 0 0.00462108
0 0 0.0046101
1 0.0329737 0.0375456
0 0 0.0044047
0 0 0.00440141
0 0 0.00431913
1 0.0356759 0.0399527
0 0 0.00427567
1 0.0164506 0.0206126
0 0 0.00414107
0 0 0.00404959
0 0 0.00403758
0 0 0.00397263
0 0 0.0039342
0 0 0.00387753
1 0.0574292 0.0612912
1 0.0150807 0.0189361
0 0 0.00374233
0 0 0.00373345
0 0 0.00369543
1 0.0272475 0.0308442
0 0 0.00353593
1 0.00720362 0.0107304
1 0.0150717 0.0185962
1 0.00831454 0.0117986
0 0 0.00345263
0 0 0.00340345
1 0.00457892 0.00796379
0 0 0.00337448
1 0.0297502 0.0331191
0 0 0.00332478
0 0 0.00325795
0 0 0.00325169
0 0 0.00321643
1 0.016058 0.0192439
1 0.00776117 0.0109267
0 0 0.00314606
0 0 0.0031371
0 0 0.00309806
0 0 0.00308808
0 0 0.00306626
0 0 0.00302359
1 0.00878588 0.0117852
1 0.0822025 0.0851847
1 0.023385 0.0262901
0 0 0.00290064
1 0.0270531 0.0299525
1 0.00777896 0.0106555
1 0.0148065 0.0176094
0 0 0.00276638
0 0 0.00276583
1 0.00969058 0.0124318
1 0.0219864 0.0245941
0 0 0.00257656
0 0 0.00251217
0 0 0.00247691
0 0 0.00244236
1 0.00306299 0.00549876
0 0 0.00242467
0 0 0.00239263
1 0.0114527 0.0138359
1 0.0147735 0.0171393
0 0 0.00234431
0 0 0.00232366
1 0.00357359 0.00588993
0 0 0.00231064
0 0 0.00229822
0 0 0.00229166
0 0 0.00229146
0 0 0.00227282
0 0 0.00226683
1 0.0297373 0.0320016
0 0 0.00225485
2 0.0522168 0.054462
1 0.0342405 0.0364682
1 0.0258679 0.0280516
0 0 0.00212898
0 0 0.00210102
0 0 0.00207906
0 0 0.0020376
0 0 0.00203463
1 0.0167545 0.0187514
1 0.00523959 0.00723036
2 0.0376401 0.0395948
1 0.0035288 0.00548314
0 0 0.00193053
0 0 0.00192868
0 0 0.00190416
1 0.00405151 0.00592746
1 0.00756988 0.00943531
1 0.0118958 0.0137395
1 0.0476033 0.0494199
2 0.034993 0.0368042
0 0 0.00178973
2 0.0723629 0.0741459
1 0.0118814 0.0136623
1 0.0354786 0.0372517
2 0.0108173 0.0125855
0 0 0.00176667
1 0.0473285 0.0490914
0 0 0.00175367
1 0.00708896 0.00883818
0 0 0.00173032
1 0.03941 0.0411223
0 0 0.00167699
1 0.0034385 0.0051017
1 0.0070039 0.00866325
0 0 0.00165929
1 0.0117625 0.0134082
0 0 0.00163414
0 0 0.00161247
0 0 0.0016114
1 0.010126 0.0117108
1 0.0136121 0.01516
0 0 0.00154288
1 0.00713555 0.00863096
1 0.0375924 0.0390813
0 0 0.00148663
1 0.00750429 0.00899076
1 0.0322579 0.0337359
1 0.00817959 0.00965712
2 0.03281 0.0342685
1 0.00996808 0.0114177
1 0.00643799 0.00788747
2 0.0412568 0.0426789
0 0 0.00141866
1 0.0136313 0.0150386
0 0 0.00139389
1 0.0174599 0.0188462
0 0 0.00138111
0 0 0.00135107
0 0 0.00134876
1 0.0310276 0.0323309
1 0.00687477 0.00815016
0 0 0.00126266
0 0 0.00125562
0 0 0.00123673
1 0.0297739 0.0310048
0 0 0.00122412
0 0 0.00122345
0 0 0.00121697
1 0.00345111 0.0046552
0 0 0.00119648
1 0.00283126 0.00402394
2 0.0328522 0.0340355
1 0.00341157 0.00458139
0 0 0.00116459
2 0.058134 0.0592875
1 0.00299087 0.00414232
0 0 0.00113954
0 0 0.00110903
2 0.0255027 0.0266114
1 0.016963 0.0180426
0 0 0.0010764
1 0.00954352 0.0106171
1 0.0121056 0.0131764
0 0 0.00105761
0 0 0.0010549
0 0 0.00103965
2 0.0234861 0.0245233
1 0.0122073 0.013227
1 0.0165226 0.0175382
1 0.0162756 0.0172778
1 0.0136121 0.0146058
1 0.133471 0.134459
2 0.0234341 0.0244124
1 0.057789 0.0587649
1 0.0295133 0.030485
1 0.0614585 0.0624265
1 0.0105777 0.011533
0 0 0.000949787
1 0.00970882 0.0106558
1 0.0666506 0.0675853
2 0.0675858 0.068501
1 0.00148982 0.00240097
0 0 0.000903393
2 0.00925809 0.0101537
0 0 0.000890639
0 0 0.000886665
0 0 0.000868138
2 0.0383434 0.0391986
1 0.0111063 0.0119603
1 0.00248202 0.00332946
1 0.0335703 0.0344164
1 0.00647124 0.00731723
0 0 0.000839728
0 0 0.000832159
1 0.00917139 0.0100021
0 0 0.000825103
0 0 0.00080996
1 0.0196354 0.0204296
1 0.00927802 0.0100637
1 0.00164635 0.00243079
0 0 0.000779254
0 0 0.000773342
2 0.027631 0.0284027
0 0 0.000769194
1 0.00441612 0.00518217
0 0 0.000754832
1 0.00185767 0.0026078
0 0 0.000749891
2 0.00789289 0.00862795
1 0.0041094 0.00482391
0 0 0.000696724
1 0.00638156 0.00707823
1 0.00322352 0.00391725
0 0 0.000684147
0 0 0.000682561
0 0 0.000680507
1 0.00445257 0.00512923
0 0 0.000672877
1 0.00898181 0.00965352
1 0.00290982 0.00357973
0 0 0.000667972
0 0 0.000653073
0 0 0.000649766
2 0.0107428 0.0113815
0 0 0.000637852
0 0 0.000635942
1 0.0143226 0.0149529
0 0 0.000620747
1 0.0140212 0.0146411
2 0.0101452 0.0107645
1 0.0115444 0.0121626
1 0.0415146 0.0421249
0 0 0.000602043
1 0.00347955 0.00408087
1 0.00203701 0.00263817
1 0.0269307 0.0275037
1 0.00416161 0.00473036
1 0.015905 0.0164708
0 0 0.000561074
1 0.00186222 0.00242051
1 0.0118417 0.012399
1 0.00506626 0.00562169
2 0.0110589 0.0116118
0 0 0.000551861
1 0.00290718 0.00345336
1 0.0569709 0.0575047
1 0.0205581 0.0210856
1 0.00485594 0.00537787
2 0.0344233 0.034941
0 0 0.000507212
0 0 0.000507204
2 0.0127827 0.0132855
1 0.018109 0.0186113
1 0.00147423 0.00197366
0 0 0.000498103
1 0.00241394 0.0029088
1 0.020583 0.0210776
0 0 0.000493732
1 0.00125662 0.00173931
0 0 0.000478512
1 0.00354033 0.00401667
1 0.00203108 0.00250503
1 0.0308009 0.0312709
1 0.0999406 0.100409
2 0.0194109 0.0198782
1 0.0033926 0.00385765
0 0 0.000463254
1 0.0101132 0.0105747
2 0.019684 0.0201424
1 0.0404355 0.0408914
1 0.00467197 0.00512657
1 0.00115962 0.00161113
1 0.00953093 0.00997691
0 0 0.000438773
1 0.0892895 0.0897229
0 0 0.000428723
2 0.0558863 0.0563149
1 0.00755017 0.00797353
1 0.00173057 0.00215348
1 0.00299653 0.00341184
1 0.0474834 0.0478961
1 0.0131041 0.0135103
1 0.00250003 0.00289248
2 0.00256062 0.00295006
1 0.00588868 0.00626997
2 0.0633024 0.0636817
0 0 0.00037475
0 0 0.000373403
2 0.00644294 0.00681121
1 0.0061358 0.00650103
0 0 0.000364596
2 0.00787735 0.00824137
2 0.00853693 0.00889836
1 0.0059849 0.00634446
0 0 0.000359244
1 0.00395826 0.00431283
1 0.00653353 0.00688802
1 0.00401937 0.00437316
1 0.00643742 0.00678509
2 0.0144548 0.0147979
1 0.00464335 0.00498385
1 0.00617212 0.00651191
0 0 0.000337495
0 0 0.000324057
1 0.0481941 0.0485158
0 0 0.000320732
1 0.0147541 0.0150733
2 0.0155221 0.0158395
1 0.0180705 0.0183871
1 0.0177787 0.0180949
0 0 0.000312931
0 0 0.000310119
1 0.00390835 0.00421519
1 0.0132052 0.0135115
0 0 0.000305976
2 0.00819608 0.00849968
1 0.0319337 0.0322369
1 0.00537619 0.00567877
1 0.0117487 0.0120485
2 0.019892 0.0201839
2 0.00986432 0.0101524
2 0.0165849 0.0168676
1 0.00218128 0.00246282
1 0.00463023 0.00490996
2 0.0641428 0.0644198
1 0.00996176 0.0102382
0 0 0.000275609
2 0.0279176 0.0281926
1 0.0108463 0.011121
1 0.0266042 0.0268784
1 0.00971174 0.00998567
1 0.0165832 0.0168528
1 0.034063 0.0343302
1 0.00731611 0.0075823
1 0.00368738 0.00395108
2 0.0446932 0.0449568
1 0.0209402 0.0212031
2 0.0121011 0.0123627
1 0.002759 0.00301839
0 0 0.000258841
1 0.0136475 0.0139062
1 0.0103609 0.0106145
2 0.01181 0.0120619
1 0.00361877 0.00386848
1 0.038821 0.0390706
1 0.01885 0.0190985
1 0.00600501 0.00625281
2 0.0376729 0.0379182
2 0.0627664 0.0630103
1 0.00124349 0.0014866
1 0.0438491 0.0440898
2 0.0341217 0.034361
1 0.00241744 0.00265537
0 0 0.000237258
1 0.00693122 0.00716807
1 0.0028844 0.00311748
1 0.00563638 0.00586286
0 0 0.000217363
1 0.00451417 0.00472857
1 0.00430079 0.0045103
1 0.00111428 0.00132227
1 0.00749506 0.0077023
1 0.00970033 0.00990554
0 0 0.000203989
2 0.00838107 0.00858072
1 0.00472812 0.00492752
1 0.0115646 0.01176
1 0.00566977 0.00586384
2 0.0125897 0.0127758
0 0 0.0001843
0 0 0.000183736
1 0.00100568 0.00118657
2 0.0094375 0.00961707
2 0.0360044 0.0361817
2 0.0495873 0.0497643
2 0.00872807 0.00890412
1 0.0107349 0.0109075
1 0.04829 0.0484625
1 0.00443969 0.00460722
1 0.012234 0.0123996
1 0.00957562 0.00974067
1 0.0154027 0.0155665
1 0.0130889 0.0132488
1 0.0513925 0.0515524
1 0.0699711 0.0701296
1 0.00168557 0.00184317
1 0.00735733 0.00751449
1 0.00244345 0.00260041
0 0 0.000155394
1 0.00270263 0.00285675
1 0.00241404 0.00256803
1 0.00544465 0.00559701
1 0.00552022 0.00567157
1 0.103717 0.103868
2 0.0133516 0.0134997
1 0.0107607 0.0109032
1 0.0312718 0.0314143
1 0.0553416 0.0554833
2 0.00945034 0.00959195
0 0 0.000141096
1 0.00358749 0.00372345
1 0.0450317 0.0451672
1 0.00312861 0.00326272
1 0.00410884 0.00424223
1 0.0102132 0.0103456
1 0.00281046 0.00294276
1 0.00434268 0.00447316
2 0.0444181 0.044548
2 0.105901 0.106029
1 0.000993326 0.00112039
1 0.119884 0.12001
1 0.000818067 0.000943553
1 0.00605099 0.00617552
1 0.000880769 0.00100293
1 0.0137102 0.0138313
1 0.00233337 0.00245437
2 0.0235199 0.0236398
1 0.00786542 0.00798316
1 0.0171549 0.0172688
1 0.0401281 0.040241
1 0.0277782 0.0278903
2 0.00597772 0.00608934
1 0.00438199 0.00449175
1 0.0439586 0.0440652
1 0.00238924 0.00249562
1 0.0377896 0.0378953
1 0.00543782 0.00554286
1 0.0140609 0.014165
1 0.00616772 0.00626858
1 0.0271922 0.0272913
1 0.00113328 0.00123204
2 0.00635928 0.00645757
2 0.00401518 0.00411123
2 0.00639682 0.00649242
2 0.0080821 0.00817735
1 0.00369446 0.00378971
1 0.00278569 0.00288005
1 0.0151541 0.0152456
1 0.00911403 0.0092
1 0.00359897 0.00368405
1 0.0112595 0.0113427
1 0.00390626 0.00398786
1 0.00130485 0.00138556
1 0.0031428 0.00322268
1 0.125825 0.125903
1 0.00409045 0.00416749
1 0.00927775 0.00935442
2 0.0161132 0.0161877
2 0.0378221 0.0378945
1 0.00304741 0.00311903
2 0.00327434 0.00334486
2 0.00579174 0.00586082
1 0.0057092 0.00577703
1 0.00772575 0.00779276
2 0.00825992 0.00832419
1 0.0144074 0.0144707
2 0.0341743 0.0342367
1 0.00282327 0.0028854
1 0.0392361 0.0392973
1 0.00268148 0.00274241
1 0.000550289 0.000608406
1 0.00299821 0.00305587
1 0.0030925 0.00314754
2 0.0111864 0.0112414
2 0.0562959 0.0563506
1 0.00145638 0.00151025
1 0.0091089 0.00916142
1 0.0292243 0.0292763
2 0.0070181 0.00706941
1 0.00520008 0.00525
1 0.00843038 0.00848027
1 0.00122512 0.00127434
2 0.00492063 0.00496943
1 0.00271916 0.00276777
2 0.0323266 0.0323739
1 0.00695043 0.00699761
1 0.00209035 0.00213742
1 0.00211623 0.00216275
1 0.00311902 0.00316387
1 0.000660302 0.000704083
2 0.00452839 0.00457201
1 0.00450491 0.00454851
1 0.00779026 0.00783365
2 0.0104832 0.0105258
1 0.00234371 0.00238568
1 0.0103977 0.0104381
2 0.0431996 0.0432387
2 0.00710966 0.00714865
2 0.00464793 0.00468672
0 0 3.7476e-05
1 0.000417441 0.000454288
1 0.000960804 0.000996998
2 0.0043798 0.00441521
1 0.0640663 0.0641005
1 0.00495556 0.00498902
1 0.00135508 0.00138836
2 0.00500411 0.00503625
1 0.00468921 0.00472132
1 0.00340046 0.00343237
1 0.0221098 0.0221404
1 0.00571323 0.00574379
2 0.0134731 0.0135034
2 0.0102573 0.0102874
2 0.00814248 0.00817256
1 0.00447816 0.0045079
0 0 2.88935e-05
1 0.00408131 0.00411003
1 0.00173042 0.00175877
2 0.00428976 0.00431801
2 0.00385464 0.00388227
1 0.000441865 0.000468979
1 0.0016361 0.0016631
1 0.000273164 0.000299372
1 0.0538541 0.05388
1 0.00179711 0.00182265
2 0.00620147 0.00622675
2 0.014994 0.0150187
1 0.0017247 0.00174899
1 0.00148632 0.00150921
2 0.0346475 0.0346702
1 0.0230477 0.0230699
1 0.00483727 0.00485862
2 0.0128972 0.0129166
2 0.00606957 0.00608872
1 0.0056933 0.00571212
2 0.0532078 0.053225
1 0.000779912 0.000796559
2 0.0576547 0.0576705
2 0.0157577 0.0157727
2 0.0126287 0.0126435
2 0.0207627 0.0207769
2 0.00319686 0.0032109
1 0.00358314 0.00359665
1 0.00871208 0.00872531
2 0.00702297 0.00703606
1 0.00818505 0.0081976
1 0.00683123 0.00684344
1 0.00246835 0.00248053
2 0.0135668 0.0135787
1 0.00169479 0.00170645
1 0.000979869 0.000991465
1 0.00113254 0.00114356
2 0.0217413 0.0217521
2 0.00414109 0.00415195
2 0.0125455 0.0125561
2 0.00320757 0.00321803
2 0.00821496 0.00822531
2 0.0646362 0.0646465
1 0.00251627 0.00252648
2 0.00154188 0.00155197
1 0.0142038 0.0142138
1 0.0444594 0.0444691
2 0.00291525 0.00292472
2 0.0421573 0.0421664
1 0.00361078 0.00361878
1 0.00383694 0.00384418
1 0.00177009 0.00177638
1 0.00210703 0.00211294
2 0.0113073 0.0113131
2 0.057531 0.0575361
1 0.000785441 0.000790523
1 0.00196569 0.00197071
1 0.0115119 0.0115165
1 0.0129115 0.012916
2 0.00259066 0.00259512
1 0.00760287 0.00760725
1 0.00064143 0.000645677
2 0.0136835 0.0136877
2 0.0292268 0.0292309
1 0.0128922 0.012896
1 0.00441151 0.00441499
1 0.0230026 0.0230057
2 0.00453468 0.00453772
1 0.000305884 0.000308873
2 0.0172679 0.0172706
2 0.0130913 0.0130938
1 0.000943008 0.000945515
1 0.00685387 0.00685625
2 0.0112315 0.0112339
1 0.0234948 0.0234971
2 0.000660153 0.000662409
2 0.00166625 0.00166828
2 0.0104665 0.0104684
2 0.0201049 0.0201068
1 0.00442456 0.00442637
2 0.0361368 0.0361385
2 0.0103746 0.0103761
1 0.0409467 0.0409482
2 0.0347997 0.0348011
1 0.0309991 0.0310005
1 0.00620331 0.00620464
2 0.000841102 0.000842303
1 0.0160112 0.0160122
1 0.00149305 0.0014941
2 0.0740283 0.0740292
1 0.0021956 0.00219655
1 0.00667953 0.00668044
1 0.0204887 0.0204894
2 0.0401459 0.0401466
2 0.147703 0.147703
1 0.00345715 0.00345781
1 0.00243978 0.0024404
1 0.00239742 0.00239796
1 0.0102513 0.0102518
1 0.00642745 0.00642793
1 0.00259005 0.00259045
2 0.0236219 0.0236223
2 0.00413562 0.00413596
2 0.03123 0.0312303
2 0.00290835 0.00290858
1 0.0141488 0.014149
1 0.00346374 0.00346391
1 0.000860477 0.000860626
2 0.000493537 0.000493674
1 0.00216139 0.00216143
1 0.0015902 0.00159023
2 0.0402871 0.0402871
1 0.0102086 0.0102086
1 0.00146137 0.00146139
2 0.0331654 0.0331654
2 0.00285528 0.00285529
1 0.00240125 0.00240125
2 0.00484453 0.00484453
