0 0 inf
0 0 0.0968725
0 0 0.0793
0 0 0.0691102
0 0 0.0428823
0 0 0.03175
0 0 0.0305238
0 0 0.0230747
0 0 0.0229296
0 0 0.0227472
0 0 0.0226453
1 0.0209734 0.042883
1 0.0941778 0.115656
0 0 0.0205576
0 0 0.0195834
1 0.0505613 0.0681706
0 0 0.0173088
0 0 0.0170777
0 0 0.0163931
0 0 0.0157729
0 0 0.015308
0 0 0.015292
0 0 0.0149268
0 0 0.0145593
1 0.0198454 0.033844
1 0.0211931 0.0350541
0 0 0.0136726
1 0.0252243 0.0388887
0 0 0.0129488
1 0.0260844 0.03855
1 0.0228396 0.0352378
0 0 0.0120641
1 0.0173298 0.0292904
1 0.0127179 0.0244558
0 0 0.0115988
0 0 0.0113077
0 0 0.0110164
0 0 0.0108585
0 0 0.0105415
1 0.0232067 0.0336208
0 0 0.0103872
0 0 0.00997336
0 0 0.00966235
0 0 0.00944542
0 0 0.00899962
0 0 0.00887814
0 0 0.00883101
0 0 0.00851046
0 0 0.0081588
1 0.0120308 0.0201
1 0.0162156 0.0240777
0 0 0.00769935
0 0 0.00738681
0 0 0.00725257
0 0 0.00713697
1 0.0086494 0.0156619
1 0.0221038 0.0291078
0 0 0.00677172
1 0.0085773 0.0152414
0 0 0.00656493
1 0.0106133 0.0170968
0 0 0.00638416
1 0.00793582 0.0142158
1 0.00609478 0.0122272
0 0 0.00603758
0 0 0.0059589
0 0 0.00592055
1 0.034875 0.0407254
0 0 0.00584854
1 0.0250891 0.0308994
0 0 0.00561357
0 0 0.00524933
0 0 0.00523587
0 0 0.005213
0 0 0.00519308
0 0 0.0051782
0 0 0.00516685
0 0 0.00482724
1 0.00456283 0.0093781
0 0 0.00476964
1 0.0178904 0.022644
1 0.0107441 0.0154838
0 0 0.00471495
1 0.00602401 0.0106272
0 0 0.00460223
0 0 0.00459187
0 0 0.0045833
0 0 0.00447971
1 0.00650526 0.0109516
1 0.0179303 0.0222997
0 0 0.00432241
0 0 0.00422578
1 0.0119272 0.0160583
0 0 0.00412265
1 0.00805474 0.0121362
1 0.00533156 0.00935351
0 0 0.00402096
1 0.0124118 0.0163689
0 0 0.00389163
0 0 0.00374482
0 0 0.00371621
0 0 0.00371309
0 0 0.00365889
1 0.0111468 0.0147951
1 0.00754737 0.0111864
1 0.00840244 0.0119769
0 0 0.00357279
0 0 0.0035655
0 0 0.00353491
0 0 0.00341644
0 0 0.00339245
0 0 0.00335735
0 0 0.00335438
0 0 0.00332694
0 0 0.00328601
0 0 0.00326205
0 0 0.00325995
0 0 0.00324407
1 0.0232006 0.0264221
1 0.0100501 0.0132547
1 0.00826542 0.0114653
1 0.00333268 0.00652051
0 0 0.00318509
0 0 0.00316888
0 0 0.00315887
2 0.0378234 0.0409132
0 0 0.00307165
1 0.0127193 0.0157444
0 0 0.00299191
0 0 0.0029797
0 0 0.00291746
1 0.0586609 0.0615427
0 0 0.00288009
0 0 0.00284894
1 0.0204056 0.0232286
0 0 0.0028094
0 0 0.00280152
1 0.069014 0.0718093
0 0 0.0026954
0 0 0.00267738
0 0 0.00265789
0 0 0.00247692
0 0 0.00246909
0 0 0.00245463
0 0 0.00245442
0 0 0.00245371
0 0 0.00244295
1 0.145056 0.147468
0 0 0.00239435
1 0.00414402 0.00653143
1 0.00396263 0.00632752
1 0.00517744 0.00741117
1 0.0249403 0.0271481
0 0 0.00217509
0 0 0.00217005
0 0 0.00214406
0 0 0.00213897
0 0 0.00213322
0 0 0.00213214
0 0 0.00212482
1 0.00556993 0.00766015
0 0 0.0020767
1 0.0256105 0.0276853
1 0.0246641 0.0267305
0 0 0.0020413
2 0.0129788 0.015009
1 0.0104458 0.0124638
0 0 0.00197498
0 0 0.00197425
0 0 0.00194193
0 0 0.00193683
0 0 0.00190366
0 0 0.00186236
0 0 0.00185949
0 0 0.00184837
1 0.0335236 0.0353676
1 0.00993714 0.0117788
1 0.00769395 0.00953072
0 0 0.00179655
1 0.00348407 0.00526493
0 0 0.00177266
1 0.026435 0.0282024
1 0.0129006 0.0146508
1 0.0215241 0.0232584
0 0 0.00170668
0 0 0.00169391
0 0 0.00169337
0 0 0.00168612
1 0.0046195 0.00629252
0 0 0.00164856
0 0 0.00159236
0 0 0.00158558
1 0.00986032 0.0114412
1 0.00742786 0.00896774
2 0.0321613 0.0336892
1 0.0288552 0.0303594
2 0.0438914 0.0453472
0 0 0.00143771
1 0.00856276 0.00999162
2 0.0217972 0.0232209
0 0 0.0014072
1 0.029654 0.0310544
0 0 0.00139353
1 0.00299394 0.00437219
1 0.0289331 0.0302902
2 0.0134218 0.0147666
0 0 0.00134309
1 0.0114597 0.0127963
1 0.00753333 0.00886674
0 0 0.0012657
1 0.00893883 0.0102041
1 0.0930544 0.0943149
1 0.00837604 0.00961938
0 0 0.00123186
0 0 0.00121657
0 0 0.00121269
0 0 0.00119956
1 0.00608812 0.00727523
0 0 0.00118695
1 0.0147829 0.0159664
0 0 0.00116473
0 0 0.00116383
0 0 0.0011487
0 0 0.00114399
0 0 0.00112841
1 0.00589008 0.00701658
1 0.0287797 0.0299048
1 0.0052328 0.00629002
0 0 0.00105324
1 0.00964491 0.0106965
2 0.0122443 0.0132747
2 0.00986788 0.0108824
1 0.0362361 0.0372391
0 0 0.00100218
0 0 0.000996131
0 0 0.00097786
1 0.00577366 0.00675093
2 0.0405489 0.041503
1 0.0329284 0.0338814
1 0.00450901 0.00545518
2 0.0443476 0.0452841
0 0 0.000928247
1 0.00459374 0.00552037
0 0 0.00092431
1 0.00329521 0.00420771
1 0.0040605 0.00495486
1 0.00317562 0.00406866
1 0.0145424 0.015425
0 0 0.000873866
0 0 0.000860641
0 0 0.000848992
0 0 0.000845855
2 0.01732 0.018165
1 0.0352937 0.0361316
1 0.00964806 0.0104844
0 0 0.000822288
0 0 0.000816091
1 0.00461358 0.00542677
0 0 0.000812427
1 0.0259425 0.0267419
1 0.0130917 0.0138832
0 0 0.000791121
0 0 0.000783281
0 0 0.000779603
1 0.00885011 0.00962689
1 0.00507339 0.00584933
1 0.00747949 0.00825462
1 0.0302336 0.0310078
0 0 0.000770652
0 0 0.000769398
1 0.00557884 0.00634277
1 0.00985082 0.0106041
2 0.0376715 0.0384222
1 0.0113529 0.0121015
2 0.030776 0.031517
1 0.00191068 0.00264879
2 0.0424332 0.0431662
1 0.00550053 0.00622978
1 0.0208426 0.0215626
1 0.00895479 0.00966591
0 0 0.00070093
2 0.0164447 0.0171454
0 0 0.000698642
1 0.00395927 0.00464978
1 0.0100461 0.0107349
1 0.0251917 0.025863
0 0 0.000643708
1 0.00274916 0.00338714
0 0 0.000603868
1 0.0119233 0.012523
1 0.00908677 0.009683
0 0 0.000585725
1 0.00102023 0.00160473
2 0.0483951 0.0489742
1 0.00139436 0.00196981
1 0.01596 0.0165331
0 0 0.000571677
2 0.00906374 0.00963133
1 0.00158469 0.00215132
0 0 0.000563591
1 0.00909786 0.00965796
0 0 0.000559762
1 0.00340779 0.00396384
1 0.0280873 0.0286429
2 0.0142618 0.0148101
1 0.00482132 0.00536683
0 0 0.00054325
0 0 0.000538218
2 0.0226466 0.0231833
1 0.0224504 0.0229782
1 0.00267118 0.00319824
1 0.0234405 0.0239666
0 0 0.000524856
1 0.0128803 0.0134036
1 0.0145676 0.0150858
1 0.00423906 0.00475104
1 0.0137635 0.014271
1 0.00261421 0.00311951
1 0.0035374 0.00403813
1 0.0157988 0.0162994
1 0.00813832 0.00863816
1 0.00280261 0.00329185
1 0.00364089 0.00412681
1 0.0110467 0.0115323
1 0.0134624 0.0139471
1 0.00502209 0.00550351
0 0 0.000479764
0 0 0.000470949
1 0.00146466 0.0019335
1 0.0473242 0.0477806
1 0.0059774 0.00642513
1 0.000962903 0.00140703
0 0 0.000444009
2 0.0110497 0.011492
1 0.00822246 0.00866276
1 0.00705485 0.00749009
1 0.0246457 0.0250754
1 0.0121226 0.0125514
2 0.0399097 0.0403309
0 0 0.000413671
2 0.0196577 0.0200667
0 0 0.000408635
1 0.0122223 0.0126227
1 0.0663027 0.0667007
1 0.00992511 0.0103188
1 0.0400467 0.0404361
0 0 0.000386767
0 0 0.00038279
1 0.00248899 0.00286852
0 0 0.000379337
1 0.0225697 0.0229489
0 0 0.000373976
1 0.0845864 0.0849584
1 0.00282611 0.00319516
1 0.00355588 0.00392286
1 0.0694336 0.0697963
1 0.0029016 0.00326029
1 0.0086582 0.0090129
1 0.00283956 0.00319051
0 0 0.000347729
1 0.010833 0.0111803
1 0.00161822 0.00196313
1 0.00381232 0.00415395
1 0.00468894 0.00503041
1 0.00981641 0.0101565
1 0.00864098 0.00897803
1 0.00320216 0.00353127
0 0 0.000324272
1 0.0262592 0.0265733
1 0.00239042 0.0026984
1 0.00793912 0.00824524
2 0.0161302 0.01643
1 0.00940857 0.00970754
1 0.00421845 0.00451464
0 0 0.000294984
0 0 0.000292623
1 0.00232629 0.0026175
0 0 0.000291179
1 0.00195468 0.00224347
1 0.00214033 0.00242804
1 0.00342787 0.00371509
1 0.00436891 0.00465512
1 0.0123628 0.0126467
1 0.0184637 0.0187425
1 0.00692197 0.00719716
1 0.000953399 0.00121987
1 0.00556049 0.00582427
1 0.00538177 0.00564396
1 0.00220265 0.00246389
1 0.00476218 0.00502088
1 0.00180194 0.00205931
1 0.021597 0.0218426
2 0.0107968 0.0110377
0 0 0.000238477
1 0.00331149 0.00354962
2 0.00679703 0.0070334
2 0.0251462 0.025381
0 0 0.000233984
1 0.0138966 0.0141283
1 0.00305218 0.00327967
1 0.0334772 0.0337022
2 0.0167152 0.0169383
1 0.0174247 0.0176416
2 0.0119949 0.0122108
1 0.00929387 0.00950868
1 0.0397101 0.0399208
2 0.026771 0.0269817
1 0.0354759 0.0356833
1 0.00433215 0.0045385
2 0.00691375 0.00711869
0 0 0.000203349
0 0 0.000201487
2 0.00991373 0.0101143
1 0.00959678 0.00979504
1 0.00342273 0.00361882
1 0.0055517 0.005747
1 0.00588821 0.0060826
2 0.034321 0.0345138
0 0 0.000190635
2 0.0166072 0.0167944
2 0.0047803 0.00496723
1 0.0182947 0.0184793
1 0.00744753 0.00763071
2 0.0345924 0.0347727
1 0.0334391 0.0336189
1 0.00155646 0.00173223
1 0.00253825 0.00270852
1 0.00598915 0.00615711
1 0.00428633 0.00445045
1 0.00236198 0.00251828
1 0.0169327 0.0170862
1 0.00140613 0.00155945
2 0.0105482 0.0106989
1 0.0136228 0.0137717
1 0.00231 0.00245696
2 0.00383491 0.00398139
1 0.0105471 0.0106902
1 0.00238754 0.00253026
1 0.0006746 0.00081674
1 0.0030233 0.00316473
2 0.0145334 0.0146732
1 0.00334483 0.00348396
1 0.000995133 0.0011328
1 0.0103407 0.0104773
1 0.00430277 0.00443889
0 0 0.000135449
2 0.00478115 0.00491569
2 0.0195212 0.0196556
2 0.012979 0.0131128
1 0.0044277 0.00456124
2 0.0146137 0.0147463
1 0.00453028 0.0046612
1 0.00402767 0.00415791
1 0.0078415 0.00797124
1 0.00648189 0.00660648
1 0.00672339 0.00684796
2 0.0518512 0.0519738
1 0.00178582 0.00190642
2 0.0122897 0.0124103
1 0.00465911 0.00477908
1 0.00383387 0.00395112
1 0.00448542 0.00459947
1 0.013611 0.0137214
2 0.0251666 0.0252738
1 0.00431661 0.004423
2 0.00440432 0.00451056
1 0.00502759 0.00513373
1 0.00993485 0.0100388
1 0.00146126 0.00156401
1 0.0009126 0.00101482
1 0.00955356 0.00965543
1 0.00315654 0.00325569
2 0.0183456 0.0184433
1 0.037727 0.0378238
1 0.000954052 0.00104925
2 0.0146171 0.0147115
1 0.0508529 0.0509471
1 0.00382006 0.00391399
1 0.00193186 0.00202323
2 0.00431518 0.0044061
1 0.0038593 0.00395006
2 0.0107528 0.0108433
0 0 8.92489e-05
1 0.012845 0.0129334
2 0.0139768 0.0140641
1 0.0122512 0.012338
2 0.00841238 0.00849906
1 0.00601565 0.00610214
1 0.0175807 0.0176646
1 0.0151838 0.0152673
1 0.00140924 0.00149261
1 0.00283992 0.00292132
2 0.0311026 0.0311812
1 0.00173258 0.00181071
1 0.0172047 0.0172813
2 0.00218231 0.00225685
1 0.0048169 0.00489046
1 0.091495 0.0915675
2 0.00881777 0.00888988
1 0.00114757 0.00121928
0 0 7.13164e-05
1 0.00609491 0.00616495
1 0.0012054 0.00127318
2 0.00205988 0.00212446
0 0 6.39182e-05
1 0.0163753 0.0164384
1 0.00292809 0.00299107
1 0.00658756 0.00664943
1 0.00108695 0.00114865
1 0.009762 0.00982357
2 0.00330755 0.00336548
1 0.0299335 0.0299905
0 0 5.57317e-05
2 0.00649622 0.0065516
1 0.00166682 0.00172204
1 0.00408224 0.0041371
2 0.00644589 0.00650008
1 0.00162279 0.00167378
1 0.00966413 0.00971452
1 0.0182115 0.0182614
2 0.0330284 0.0330772
1 0.00402694 0.00407157
1 0.0116443 0.0116873
1 0.00881814 0.00886079
2 0.00165754 0.00170004
1 0.00841149 0.00845266
1 0.0165802 0.0166203
2 0.0140368 0.0140762
1 0.00188906 0.00192744
1 0.0136937 0.0137313
2 0.00918598 0.0092227
1 0.0329508 0.0329866
2 0.00889546 0.00893075
2 0.0162182 0.016253
2 0.0165131 0.0165475
2 0.0243088 0.0243428
1 0.0163835 0.016417
1 0.00380349 0.00383627
1 0.00132497 0.00135708
1 0.012389 0.0124207
2 0.0177973 0.017828
2 0.0153778 0.0154074
2 0.0097617 0.00979046
1 0.0207833 0.0208105
2 0.0148067 0.0148335
1 0.00620273 0.0062282
2 0.00743905 0.0074639
2 0.00280044 0.00282527
1 0.0374071 0.0374315
1 0.00856473 0.00858898
2 0.0231786 0.0232028
2 0.0102181 0.0102419
1 0.00531714 0.00533995
1 0.00126647 0.00128634
1 0.000994605 0.00101441
1 0.0110547 0.0110739
1 0.0732645 0.0732834
2 0.0247067 0.0247256
2 0.00435122 0.0043697
1 0.00406249 0.00408086
1 0.000941199 0.000959246
1 0.00734785 0.00736589
2 0.0509728 0.0509904
1 0.00310217 0.00311972
1 0.0141607 0.0141774
2 0.00174168 0.00175791
1 0.0233355 0.0233514
2 0.00861591 0.00863136
2 0.014723 0.0147384
2 0.0130312 0.0130462
1 0.00267675 0.00269134
2 0.00155346 0.00156782
1 0.00987523 0.00988936
2 0.0147222 0.0147363
2 0.0018781 0.0018916
2 0.0054377 0.00545064
2 0.00942475 0.00943725
2 0.0014107 0.00142296
2 0.00263444 0.00264662
2 0.0177658 0.0177777
1 0.028156 0.0281678
1 0.0135561 0.0135678
1 0.00636824 0.00637915
1 0.00228349 0.00229415
2 0.0106926 0.010703
1 0.00360706 0.00361703
2 0.00507293 0.00508259
1 0.00149019 0.00149979
1 0.0881285 0.0881379
2 0.0152526 0.0152617
2 0.0119847 0.0119938
1 0.0018078 0.0018168
2 0.00407213 0.00408108
1 0.00981164 0.00982049
2 0.00203648 0.00204528
2 0.0191858 0.0191932
1 0.011391 0.0113983
2 0.0105707 0.0105779
1 0.0125311 0.0125379
1 0.00175218 0.00175829
2 0.00428754 0.00429333
1 0.015427 0.0154327
1 0.0091753 0.00918082
2 0.0113763 0.0113818
1 0.0147119 0.0147171
2 0.0402916 0.0402964
1 0.000885517 0.000889965
1 0.00778237 0.00778671
1 0.00451209 0.00451629
1 0.0319783 0.0319824
1 0.00427228 0.00427589
1 0.00320595 0.00320944
1 0.010323 0.0103262
2 0.00248556 0.00248866
0 0 2.47431e-06
1 0.0300117 0.0300141
2 0.0178144 0.0178166
2 0.0336991 0.0337011
1 0.00628657 0.00628857
1 0.0130726 0.0130746
1 0.0286772 0.0286791
2 0.0225276 0.0225294
1 0.00541464 0.00541642
1 0.00888367 0.00888542
2 0.0849515 0.0849532
1 0.00322814 0.00322984
2 0.00272612 0.00272764
2 0.0796902 0.0796916
2 0.00476341 0.0047648
2 0.0247165 0.0247179
1 0.0042364 0.00423777
2 0.0135812 0.0135825
1 0.00142443 0.00142557
2 0.0475401 0.0475411
2 0.0141579 0.0141586
1 0.0012212 0.00122192
2 0.0230518 0.0230524
1 0.00173578 0.00173636
2 0.0125375 0.0125381
2 0.0133622 0.0133628
2 0.0404737 0.0404742
2 0.0140581 0.0140586
2 0.00440443 0.00440492
2 0.0451453 0.0451456
1 0.00578749 0.00578781
1 0.00555507 0.00555535
2 0.0380177 0.0380178
1 0.00182636 0.00182651
1 0.00152327 0.00152337
2 0.00632595 0.00632605
2 0.00280777 0.00280787
1 0.000927446 0.000927487
2 0.0114133 0.0114133
1 0.00426839 0.00426841
