0 0 inf
0 0 0.0815412
0 0 0.0783521
0 0 0.0694282
0 0 0.0470917
0 0 0.0348463
0 0 0.0337635
0 0 0.0333747
0 0 0.027793
0 0 0.0267653
1 0.0491811 0.0744362
1 0.144913 0.170114
0 0 0.0243842
0 0 0.0205662
1 0.146933 0.165827
1 0.0214857 0.0400237
0 0 0.0184335
1 0.0439112 0.0621054
0 0 0.0181627
0 0 0.017706
0 0 0.0174858
1 0.0289946 0.0456476
0 0 0.0153236
0 0 0.0153018
1 0.0277864 0.0429645
0 0 0.0147279
0 0 0.014105
0 0 0.0139118
0 0 0.0131414
1 0.018033 0.03111
0 0 0.0120529
0 0 0.0117879
2 0.0803398 0.0919034
0 0 0.0107703
1 0.0592755 0.0699931
1 0.0427608 0.0534216
1 0.101917 0.112375
0 0 0.0101765
0 0 0.00994206
1 0.00486038 0.0147549
0 0 0.00966001
0 0 0.00958011
1 0.0270713 0.0363624
2 0.0342981 0.0434278
0 0 0.0089375
0 0 0.00880302
0 0 0.0084347
0 0 0.00831179
0 0 0.00824422
0 0 0.00805097
0 0 0.00757549
1 0.0379335 0.0454074
1 0.0471445 0.0544634
0 0 0.0068942
1 0.0391929 0.0460225
0 0 0.00667271
0 0 0.00666576
0 0 0.00664814
0 0 0.00661958
0 0 0.00652659
0 0 0.00643111
0 0 0.00613101
0 0 0.00610841
0 0 0.00604693
0 0 0.00600445
0 0 0.00600279
0 0 0.0054968
0 0 0.00501901
1 0.00760648 0.0124562
1 0.011693 0.0164638
0 0 0.00473201
1 0.00941006 0.0141305
0 0 0.00466747
1 0.0205993 0.0252322
1 0.0191753 0.0236947
1 0.00895492 0.0134289
0 0 0.00446936
0 0 0.00441649
0 0 0.00438052
1 0.0290044 0.0333833
0 0 0.00412847
1 0.00876888 0.0127512
0 0 0.00393315
0 0 0.00388703
0 0 0.00378553
0 0 0.00378043
0 0 0.00370995
0 0 0.00367971
0 0 0.00365234
0 0 0.00364232
0 0 0.00354317
0 0 0.00353384
1 0.0166836 0.0202083
0 0 0.00348366
1 0.00729382 0.010727
1 0.138899 0.142303
1 0.0780717 0.0814636
1 0.103278 0.106599
0 0 0.00332055
0 0 0.00331804
1 0.0187522 0.0220693
1 0.0174588 0.0207552
0 0 0.00326573
1 0.00275032 0.00601335
0 0 0.0031986
0 0 0.00316319
1 0.0252232 0.028382
1 0.0061809 0.00932609
1 0.0190661 0.022132
1 0.037019 0.0400849
0 0 0.00303868
0 0 0.00303044
0 0 0.00301022
2 0.073577 0.0765132
0 0 0.00287935
0 0 0.00287842
0 0 0.00283285
1 0.0123263 0.015154
1 0.00336221 0.0061601
1 0.00449048 0.00725962
1 0.0045008 0.00724645
0 0 0.00274461
0 0 0.00261165
1 0.0109587 0.0135494
1 0.00972069 0.0122814
0 0 0.00251142
0 0 0.00251098
1 0.0110075 0.0134605
0 0 0.00244881
0 0 0.00244589
1 0.00393811 0.00638358
0 0 0.00244472
2 0.0160152 0.0184509
1 0.0311526 0.0334509
0 0 0.00228306
1 0.0216079 0.0238409
0 0 0.00222435
1 0.0252148 0.0274187
1 0.0188531 0.0210436
0 0 0.00215871
1 0.00898219 0.0110861
0 0 0.00208878
0 0 0.00203197
1 0.00875795 0.0107862
2 0.0168262 0.0188298
0 0 0.00197138
0 0 0.00197069
0 0 0.00195786
1 0.148145 0.150103
1 0.0303224 0.0322726
1 0.00635443 0.00830166
0 0 0.0019244
0 0 0.00188443
0 0 0.00188244
1 0.0101317 0.0119983
0 0 0.00186004
1 0.00338197 0.00523733
1 0.0367364 0.0385636
0 0 0.00181016
1 0.0084764 0.010261
0 0 0.00177932
0 0 0.0017587
1 0.0125267 0.0142804
1 0.00553821 0.00724583
1 0.0034654 0.00515578
0 0 0.00166904
1 0.056401 0.0580656
1 0.00333152 0.00498374
1 0.0114546 0.0130992
1 0.0537806 0.0554208
0 0 0.00162777
1 0.0211228 0.0227504
0 0 0.00162309
0 0 0.0016112
0 0 0.00158018
0 0 0.00153365
0 0 0.00150056
0 0 0.00148792
0 0 0.00148563
1 0.0068925 0.00837717
1 0.0138034 0.0152876
0 0 0.00146828
0 0 0.00146743
1 0.0415322 0.0429805
1 0.0575795 0.0590231
0 0 0.00142499
0 0 0.001406
0 0 0.00140531
0 0 0.00139715
0 0 0.00132575
0 0 0.00132455
1 0.002253 0.00357729
0 0 0.00130918
0 0 0.00130763
0 0 0.00129761
0 0 0.00129518
0 0 0.00128977
1 0.010426 0.0117068
0 0 0.00126646
0 0 0.00125939
0 0 0.0012489
0 0 0.00124572
1 0.00858325 0.00982646
1 0.0205733 0.021816
0 0 0.00123685
1 0.00469077 0.00592448
0 0 0.00122439
2 0.00786725 0.00908611
0 0 0.00121498
0 0 0.00120258
2 0.0559058 0.0571028
1 0.00638955 0.00758446
1 0.00527785 0.00647226
1 0.00191191 0.00309318
1 0.00269611 0.00387445
0 0 0.00117249
2 0.0181236 0.0192877
0 0 0.00111942
0 0 0.00111153
0 0 0.00110214
1 0.00473153 0.00580924
1 0.00267376 0.0037443
0 0 0.00106129
0 0 0.00104222
0 0 0.00104144
0 0 0.00104123
0 0 0.00103608
0 0 0.00103222
1 0.012019 0.0130413
0 0 0.00100935
1 0.0112592 0.0122384
0 0 0.000974326
1 0.00644954 0.00742019
0 0 0.000970318
0 0 0.000962233
0 0 0.000946397
1 0.0132461 0.014192
0 0 0.000941521
1 0.00287053 0.00380974
0 0 0.000927368
1 0.00411117 0.00503628
1 0.0526921 0.0536162
0 0 0.000921427
2 0.0150471 0.0159651
0 0 0.000895473
1 0.0947874 0.0956808
0 0 0.000891797
0 0 0.000889916
0 0 0.000888315
0 0 0.000886182
1 0.00489038 0.0057733
1 0.0139487 0.0148195
0 0 0.000858206
1 0.0109005 0.0117418
0 0 0.000832794
0 0 0.000828567
1 0.0117327 0.012559
1 0.146901 0.147727
1 0.0107042 0.0115189
1 0.00415184 0.00494737
0 0 0.000791175
1 0.00340148 0.00418804
1 0.00369925 0.00446537
1 0.00149438 0.00225305
1 0.00142823 0.002179
1 0.00216924 0.00290751
1 0.00907685 0.00981239
0 0 0.000731392
1 0.0122841 0.0130122
0 0 0.000723073
1 0.0086956 0.00941704
0 0 0.000720801
1 0.00627048 0.00698563
1 0.00950788 0.0102182
1 0.0397689 0.0404742
0 0 0.000703714
0 0 0.000699256
0 0 0.000699146
0 0 0.000670386
0 0 0.000661734
1 0.00574626 0.00639684
0 0 0.000649424
0 0 0.000642218
2 0.0393381 0.0399556
1 0.00285977 0.00347214
0 0 0.000598332
0 0 0.000597735
1 0.00425206 0.00484565
0 0 0.000570405
2 0.0548441 0.0554128
2 0.017869 0.018422
1 0.0292671 0.0298197
1 0.00432955 0.00487516
1 0.00974914 0.0102914
1 0.00538511 0.0059267
0 0 0.000529807
0 0 0.000489485
1 0.00451255 0.0050002
0 0 0.00047894
0 0 0.000478525
1 0.0305274 0.0310041
1 0.00249519 0.00295984
1 0.00535793 0.00581086
1 0.0108353 0.0112881
2 0.014775 0.0152261
1 0.0276492 0.0280954
2 0.0085946 0.0090382
2 0.0401918 0.0406334
1 0.00261391 0.00304525
1 0.00914699 0.00957282
0 0 0.000423689
0 0 0.000423686
0 0 0.000420281
1 0.0226315 0.0230513
1 0.00341522 0.00383501
1 0.000949991 0.00136883
2 0.0118134 0.0122291
2 0.0183911 0.018806
0 0 0.000414085
2 0.0961217 0.096534
1 0.00149456 0.00190689
0 0 0.000411659
2 0.0775404 0.0779509
1 0.0527703 0.0531776
0 0 0.000406675
2 0.0320125 0.032417
1 0.0143784 0.0147789
1 0.00319082 0.00359049
0 0 0.000391326
1 0.00244485 0.00283441
1 0.00563062 0.00601964
1 0.0018659 0.00225194
0 0 0.000384136
1 0.00442442 0.00480851
2 0.0615644 0.0619441
1 0.00647293 0.00684769
1 0.00588333 0.00625126
1 0.0129163 0.0132832
1 0.00616349 0.00652191
1 0.0049982 0.00535272
1 0.00247703 0.00282698
0 0 0.000346578
1 0.00385565 0.00420114
1 0.0104357 0.010775
2 0.0127288 0.0130671
1 0.00178755 0.00212551
1 0.00398781 0.00432568
1 0.00219691 0.00253041
0 0 0.00033224
1 0.000754852 0.00108296
1 0.00197581 0.00229351
1 0.00420116 0.00451866
0 0 0.000314218
2 0.00809309 0.00840545
0 0 0.000309522
1 0.0281924 0.0284988
0 0 0.000301776
1 0.00183089 0.00212685
1 0.00152331 0.00181671
0 0 0.000293164
0 0 0.000291715
2 0.0826185 0.0829072
2 0.0218257 0.0221124
1 0.0030983 0.00338449
1 0.00112625 0.00140681
2 0.0775902 0.0778677
1 0.00210107 0.0023751
1 0.00304172 0.00331398
1 0.0172587 0.0175306
1 0.0422234 0.042494
1 0.00673075 0.00699925
1 0.012427 0.0126945
1 0.0031203 0.00338692
1 0.0808354 0.0810996
1 0.0117697 0.012033
1 0.0021299 0.00239124
1 0.00383739 0.00409871
1 0.00441223 0.00467324
1 0.00713796 0.00739747
2 0.0430647 0.0433219
1 0.0116197 0.0118751
2 0.00346765 0.00371975
1 0.00210269 0.00235352
1 0.0016999 0.00195064
1 0.00297873 0.0032218
1 0.00246779 0.00270252
1 0.00501298 0.00524654
0 0 0.000232655
1 0.00814444 0.00837613
1 0.00338878 0.0036194
1 0.0036728 0.00389568
1 0.00237677 0.00259955
1 0.00317694 0.00339645
2 0.00695373 0.00717271
2 0.00234503 0.00256264
2 0.0327196 0.0329355
2 0.0135767 0.013789
2 0.00421331 0.00442167
0 0 0.00020671
2 0.0153972 0.0156018
1 0.00169016 0.00189441
2 0.00782418 0.00802841
0 0 0.000203825
1 0.042591 0.0427933
1 0.00277482 0.00297604
1 0.0114625 0.0116635
1 0.00136986 0.00156885
1 0.0230538 0.0232528
1 0.0730061 0.0732029
1 0.00842991 0.00862644
2 0.0118238 0.0120148
2 0.00607692 0.00626768
2 0.00311333 0.00329971
0 0 0.000186182
1 0.00538294 0.00556677
1 0.0187037 0.0188858
1 0.00768522 0.00786337
1 0.0217714 0.0219494
2 0.0463461 0.0465237
1 0.00191377 0.00208937
0 0 0.000175371
0 0 0.000172122
2 0.0595382 0.0597092
1 0.00449452 0.00466276
1 0.0114955 0.0116616
1 0.00539908 0.00556173
0 0 0.000161598
0 0 0.000160546
0 0 0.00015927
1 0.00494396 0.00510163
2 0.0169636 0.0171206
1 0.00454349 0.0046995
1 0.0389054 0.0390613
1 0.00408666 0.00424075
1 0.0358022 0.0359528
1 0.0357057 0.035855
1 0.00157982 0.00172789
1 0.00340706 0.00355504
1 0.00312059 0.00326741
1 0.00102651 0.00117328
2 0.00662312 0.00676731
1 0.0062568 0.00640043
1 0.00234334 0.00248661
2 0.00293321 0.00307304
1 0.00180152 0.00194121
2 0.00872497 0.00886358
1 0.0132712 0.0134067
1 0.00901696 0.00915124
1 0.00419483 0.00432893
1 0.00825773 0.00839022
1 0.0115314 0.0116634
1 0.0389293 0.0390608
2 0.00628675 0.00641766
1 0.0123205 0.012451
1 0.00175381 0.00188327
1 0.00402197 0.00414964
1 0.0815959 0.0817234
2 0.0297189 0.0298464
1 0.0121903 0.0123169
2 0.00141059 0.00153701
2 0.00663825 0.00676137
1 0.00293164 0.0030529
1 0.00204362 0.0021631
1 0.00451677 0.00463522
2 0.00849755 0.00861308
1 0.0027221 0.00283686
2 0.0769111 0.077025
2 0.0221156 0.0222289
1 0.00352028 0.00362893
2 0.00337508 0.0034824
2 0.0818666 0.0819702
1 0.00143215 0.00153477
0 0 0.000102387
2 0.0253657 0.0254678
2 0.0575555 0.0576576
1 0.00557863 0.00568023
1 0.00315722 0.00325678
1 0.0024862 0.00258522
1 0.00223902 0.00233798
1 0.0273722 0.0274706
1 0.00653251 0.00662978
1 0.00493347 0.00503009
1 0.00167989 0.00177452
1 0.00334198 0.00343577
1 0.000928275 0.001022
1 0.00223502 0.00232805
1 0.00556881 0.00566081
2 0.00297565 0.00306583
2 0.0154155 0.0155052
2 0.00315774 0.00324745
1 0.000712866 0.000802534
2 0.00961122 0.00970051
1 0.00183795 0.00192507
2 0.0607215 0.0608084
1 0.00326165 0.00334823
1 0.00243069 0.00251565
1 0.0120274 0.0121119
2 0.00645431 0.00653723
2 0.0119401 0.012021
2 0.00749591 0.00757597
1 0.00902297 0.00910297
1 0.00560023 0.00568008
1 0.00171538 0.00179505
2 0.0134772 0.0135566
2 0.00685511 0.00693358
1 0.00128817 0.00136626
1 0.000316735 0.000393981
1 0.00457455 0.0046508
2 0.00335239 0.00342814
1 0.00103721 0.00111249
1 0.00685489 0.00692912
1 0.0122862 0.0123601
1 0.0409497 0.0410232
1 0.00324384 0.00331694
1 0.00293324 0.00300571
2 0.00323488 0.00330697
1 0.00564801 0.0057201
1 0.00192492 0.00199527
1 0.000708236 0.000778465
2 0.00247004 0.00253903
2 0.0323169 0.032385
1 0.00223187 0.00229997
2 0.00234306 0.00241067
1 0.0132034 0.0132705
1 0.044773 0.0448382
1 0.00106584 0.00113039
1 0.00304347 0.00310773
1 0.00313741 0.00319827
2 0.00726709 0.0073272
1 0.002559 0.00261884
1 0.00551404 0.00557383
1 0.00557006 0.00562926
2 0.0211952 0.0212519
2 0.0250239 0.0250806
1 0.00162242 0.0016781
2 0.00794773 0.0080024
2 0.0014637 0.001518
1 0.000514908 0.000568797
1 0.11155 0.111604
1 0.00620055 0.00625356
1 0.0590342 0.0590837
1 0.00682305 0.00687233
1 0.00412959 0.0041784
0 0 4.71975e-05
1 0.0744533 0.0745004
1 0.00284873 0.00289546
1 0.00278413 0.00283079
1 0.00155813 0.00160376
1 0.00720157 0.00724636
1 0.00175806 0.00180149
1 0.00119015 0.00123296
2 0.00608621 0.00612788
1 0.013956 0.0139957
1 0.00629444 0.00633157
2 0.0118425 0.0118784
2 0.00702856 0.00706421
2 0.00622444 0.0062594
1 0.00180077 0.00183559
1 0.0047432 0.00477795
1 0.000237951 0.000272622
1 0.007607 0.00764049
1 0.00352623 0.00355961
1 0.00347645 0.00350962
2 0.00805294 0.00808595
2 0.00146492 0.00149778
1 0.00220497 0.0022377
1 0.00298695 0.00301956
2 0.0043926 0.00442494
1 0.00659517 0.00662708
1 0.000629491 0.000660825
1 0.00505882 0.00508998
1 0.0121873 0.0122165
1 0.00112081 0.00114947
1 0.00895282 0.00898136
2 0.0149832 0.0150116
2 0.00593086 0.00595909
1 0.00644528 0.00647311
2 0.00423605 0.00426288
2 0.0148867 0.0149135
1 0.00382788 0.00385443
1 0.0194858 0.0195119
2 0.00357306 0.00359855
1 0.00386432 0.0038893
2 0.00638298 0.00640716
1 0.0043229 0.00434693
2 0.00643684 0.00646069
1 0.00155399 0.00157765
2 0.0186481 0.0186718
1 0.00296517 0.00298825
1 0.00223579 0.00225812
1 0.00325189 0.00327413
1 0.0199181 0.01994
1 0.0144484 0.0144698
1 0.0220025 0.0220236
1 0.00263466 0.00265521
1 0.00404595 0.00406618
1 0.00759264 0.00761232
2 0.0156457 0.0156653
1 0.0104882 0.0105078
1 0.0082394 0.00825804
2 0.00528746 0.00530562
1 0.00293675 0.00295473
2 0.0166396 0.0166572
2 0.018275 0.018291
1 0.00544471 0.00545974
1 0.00632869 0.00634364
2 0.00110051 0.00111544
1 0.00172676 0.00174154
1 0.00135063 0.00136532
1 0.0032068 0.00322141
2 0.00802625 0.00804068
1 0.00317761 0.00319179
1 0.0360977 0.0361119
2 0.00262749 0.00264083
1 0.0090291 0.00904237
2 0.00384748 0.00386001
1 0.0148436 0.014856
2 0.00642848 0.00644053
1 0.0014794 0.0014914
2 0.00298305 0.00299489
1 0.00197592 0.00198759
1 0.00782433 0.00783564
1 0.00696572 0.00697661
2 0.0146071 0.014618
1 0.0101991 0.0102092
2 0.0082705 0.00828046
1 0.00404545 0.00405484
1 0.00333318 0.0033423
2 0.00218007 0.00218893
2 0.0050803 0.00508913
2 0.00320211 0.00321062
2 0.0253502 0.0253586
2 0.00259835 0.00260661
1 0.0041316 0.00413978
2 0.00431331 0.00432149
2 0.0146581 0.0146662
2 0.0553193 0.0553272
1 0.00120656 0.00121435
1 0.00388473 0.00389234
2 0.0137612 0.0137687
1 0.00402446 0.00403189
1 0.00260666 0.00261404
2 0.00801539 0.00802271
1 0.00355843 0.00356566
1 0.0122029 0.0122095
1 0.0070088 0.00701449
1 0.00591639 0.0059216
2 0.00891977 0.00892471
1 0.00471538 0.00472031
2 0.00568029 0.00568502
1 0.00510102 0.00510566
1 0.00547412 0.00547849
1 0.00377458 0.00377889
1 0.00968877 0.00969293
2 0.0133285 0.0133323
1 0.0128413 0.012845
2 0.00372391 0.00372754
1 0.00301104 0.00301464
1 0.00229987 0.0023033
2 0.00521432 0.00521774
1 0.10164 0.101643
2 0.0020186 0.00202147
2 0.010877 0.0108798
2 0.00149948 0.00150227
2 0.00809624 0.00809896
1 0.00102704 0.00102973
2 0.00984545 0.00984811
1 0.0314135 0.0314161
1 0.0043182 0.00432075
2 0.00419461 0.00419698
1 0.00288352 0.00288582
1 0.0340996 0.0341019
1 0.0186362 0.0186383
2 0.00399526 0.00399723
2 0.00481188 0.00481377
1 0.00224078 0.00224256
2 0.00594586 0.00594758
1 0.0109505 0.0109522
1 0.0114742 0.0114755
1 0.00523628 0.00523747
2 0.0164172 0.0164183
1 0.000882257 0.000883291
1 0.0277206 0.0277215
2 0.00306277 0.0030635
2 0.0167807 0.0167814
1 0.0288077 0.0288083
2 0.0122274 0.0122281
2 0.0427188 0.0427194
1 0.00981631 0.00981688
1 0.000789944 0.000790504
2 0.00213145 0.00213199
1 0.0205307 0.0205312
2 0.00290289 0.00290334
1 0.0120998 0.0121002
1 0.00262736 0.00262777
1 0.00128957 0.00128992
1 0.0325883 0.0325887
2 0.00802468 0.00802495
2 0.00204159 0.00204172
2 0.0188053 0.0188053
2 0.00964236 0.00964242
1 0.000820081 0.00082012
2 0.00666537 0.0066654
2 0.00258625 0.00258627
2 0.00302512 0.00302513
1 0.00663684 0.00663684
