0 0 inf
0 0 0.0561384
0 0 0.0552417
0 0 0.0503278
0 0 0.0463803
0 0 0.0379924
1 0.0151458 0.0459259
0 0 0.0303728
0 0 0.0296255
0 0 0.0263865
1 0.0378453 0.063757
0 0 0.0243473
0 0 0.0228342
0 0 0.0209702
0 0 0.0198433
0 0 0.0197854
0 0 0.0194277
0 0 0.0192608
0 0 0.0187562
0 0 0.0182081
0 0 0.0171972
1 0.0198046 0.036728
0 0 0.0154239
0 0 0.0149321
0 0 0.0140829
0 0 0.013548
0 0 0.0131343
0 0 0.0129799
0 0 0.0129307
1 0.0808037 0.092833
2 0.0460582 0.0578405
0 0 0.0114464
0 0 0.0113739
0 0 0.0110002
0 0 0.010688
0 0 0.010294
1 0.0309196 0.0410663
1 0.0288457 0.0389631
0 0 0.00983794
0 0 0.00966732
0 0 0.00956281
1 0.146878 0.15644
1 0.0152157 0.0247601
0 0 0.009271
0 0 0.00901388
1 0.0365934 0.0453282
1 0.0285436 0.0370279
0 0 0.00848176
1 0.0385308 0.0469662
1 0.0436515 0.0520019
0 0 0.00797262
0 0 0.00789566
0 0 0.00774287
0 0 0.00769863
0 0 0.00766583
1 0.00970331 0.0172317
0 0 0.00750782
0 0 0.00744584
0 0 0.00729264
0 0 0.00714458
1 0.0395439 0.0464103
0 0 0.00669532
0 0 0.00666379
1 0.0338738 0.0405004
0 0 0.00638796
1 0.234585 0.240882
1 0.0687755 0.0750479
1 0.0125993 0.0188196
0 0 0.00621614
0 0 0.0061819
0 0 0.00595002
0 0 0.00591129
1 0.043038 0.0486572
0 0 0.00524743
1 0.0186873 0.0239099
0 0 0.00521834
0 0 0.00521651
0 0 0.00518534
0 0 0.00510211
1 0.00273629 0.00775335
0 0 0.00486567
0 0 0.00486051
1 0.0233402 0.0281742
1 0.0145375 0.0192477
1 0.0136693 0.0183741
0 0 0.00461497
0 0 0.00459833
0 0 0.00456661
0 0 0.00447334
1 0.0171658 0.0216045
1 0.00305857 0.00748004
0 0 0.00442121
0 0 0.00440732
0 0 0.00430706
0 0 0.0042263
1 0.0180222 0.0222474
1 0.0083589 0.0125693
2 0.0465477 0.0507206
2 0.169534 0.173623
0 0 0.00408635
1 0.0692716 0.0733511
1 0.0261333 0.0300753
1 0.0217274 0.0256648
0 0 0.00393334
0 0 0.00391537
1 0.00618799 0.00999814
1 0.00283124 0.00662639
0 0 0.00378337
1 0.0149841 0.0186808
1 0.0880267 0.0916752
1 0.0223216 0.0259265
0 0 0.00359426
1 0.0101903 0.0137832
0 0 0.00347076
0 0 0.00345197
1 0.0316049 0.0350181
0 0 0.00339771
0 0 0.00331896
0 0 0.00329666
0 0 0.00324749
0 0 0.00319352
1 0.00308307 0.00621062
2 0.0380821 0.0411326
1 0.162397 0.165427
0 0 0.00294499
1 0.0369349 0.0398651
0 0 0.00291926
0 0 0.00283679
0 0 0.00282205
1 0.00899948 0.0118063
1 0.0157498 0.0185205
0 0 0.002718
0 0 0.00270856
0 0 0.00269837
1 0.00696773 0.00962437
1 0.0883823 0.0910217
0 0 0.00253966
1 0.0268185 0.0293228
0 0 0.00248567
0 0 0.0024701
1 0.0288458 0.031312
0 0 0.00246164
1 0.0110131 0.0134672
0 0 0.00244803
0 0 0.00243472
1 0.00509465 0.00752495
0 0 0.00240178
0 0 0.00237949
0 0 0.00236801
0 0 0.00236186
0 0 0.00229341
0 0 0.00227521
1 0.0278203 0.0300834
1 0.0358269 0.0380319
0 0 0.00218628
0 0 0.00217086
1 0.0258062 0.0279565
1 0.00623388 0.00833305
1 0.0105673 0.0126448
0 0 0.00206636
0 0 0.00203642
0 0 0.00202443
1 0.00489118 0.00687442
0 0 0.00194381
0 0 0.00192763
1 0.00694144 0.00884927
0 0 0.00188714
1 0.122742 0.124628
0 0 0.00187619
1 0.056295 0.0581384
1 0.00531674 0.00715595
0 0 0.00183183
1 0.0237713 0.0256015
0 0 0.0018251
1 0.00326155 0.00507688
0 0 0.00181042
2 0.0135106 0.0152783
0 0 0.00175469
0 0 0.00175453
0 0 0.00174679
0 0 0.001735
2 0.0803004 0.082008
1 0.019889 0.0215892
0 0 0.00168318
1 0.0246372 0.0263192
1 0.0324954 0.0341756
0 0 0.00166631
1 0.0142767 0.0159254
1 0.0090879 0.0107288
0 0 0.00162337
1 0.01357 0.0151927
0 0 0.00162102
1 0.0267988 0.0284159
0 0 0.00158494
0 0 0.00157412
0 0 0.00157199
1 0.0831907 0.0847374
0 0 0.00153053
0 0 0.00151431
0 0 0.00150561
2 0.0407767 0.0422768
1 0.0199863 0.0214838
1 0.0055899 0.00707879
1 0.00804517 0.00952814
1 0.00783466 0.00929446
0 0 0.0014445
1 0.0305708 0.0320151
0 0 0.00142373
0 0 0.00141867
1 0.0593103 0.0607063
0 0 0.00139147
1 0.00574652 0.00713721
1 0.0571794 0.0585624
1 0.00724819 0.00862518
0 0 0.0013655
0 0 0.00135443
1 0.00231941 0.00364716
0 0 0.00132326
0 0 0.00132173
1 0.0268022 0.0281212
0 0 0.00131577
1 0.0328483 0.0341527
1 0.120471 0.121763
1 0.0163159 0.0176074
0 0 0.00128706
0 0 0.00128342
2 0.0265177 0.0277963
0 0 0.00126089
0 0 0.00125926
1 0.00387416 0.00512493
0 0 0.0012504
1 0.00320498 0.00445472
0 0 0.00124078
1 0.00225642 0.00348447
1 0.0272846 0.0285126
1 0.00668216 0.00788074
0 0 0.00119627
1 0.00577131 0.00696337
1 0.00630156 0.00748933
0 0 0.0011865
0 0 0.00118606
1 0.0151138 0.0162963
0 0 0.00115819
0 0 0.00115759
1 0.126302 0.127454
1 0.0192676 0.0204187
1 0.0133758 0.0145265
0 0 0.00114092
0 0 0.00113542
1 0.0112129 0.0123429
1 0.0329654 0.0340823
1 0.00471502 0.00583134
1 0.00939079 0.0104997
0 0 0.00110741
1 0.00243882 0.00354004
2 0.0126311 0.0137318
1 0.0117657 0.0128607
1 0.00248506 0.00355956
2 0.129408 0.130449
1 0.00368129 0.0047153
1 0.0803119 0.0813457
2 0.0469849 0.048017
1 0.0066124 0.00762311
1 0.00440882 0.00541502
0 0 0.000990613
0 0 0.000980895
1 0.0156414 0.0166145
1 0.0182726 0.0192359
0 0 0.000959708
2 0.153695 0.154654
1 0.00445283 0.00540159
0 0 0.00094289
1 0.0026789 0.00361839
1 0.0160219 0.0169588
2 0.00932258 0.0102511
1 0.00222858 0.00315554
0 0 0.00092499
0 0 0.000915333
0 0 0.000907388
0 0 0.000904367
1 0.00204357 0.00293399
1 0.0256431 0.0265283
1 0.00637181 0.00725707
1 0.00420031 0.00508028
0 0 0.000877758
1 0.00393796 0.00480954
1 0.0222355 0.0231071
0 0 0.000869905
2 0.020869 0.0217267
1 0.00249946 0.00335518
0 0 0.000855469
0 0 0.000854814
0 0 0.000849287
1 0.0133172 0.0141646
1 0.0164298 0.0172751
2 0.017097 0.0179417
0 0 0.000842018
1 0.00591668 0.00675804
1 0.00413501 0.00496477
1 0.00870612 0.00953397
2 0.0293057 0.0301253
0 0 0.000806834
0 0 0.000805094
1 0.00662242 0.00742517
0 0 0.000793335
1 0.00359727 0.00438919
2 0.010169 0.0109429
1 0.0224582 0.023231
1 0.00954193 0.0103126
1 0.00579017 0.00655457
0 0 0.000762698
1 0.0129026 0.0136641
1 0.0357209 0.0364791
2 0.00950758 0.0102621
0 0 0.000752598
1 0.0145913 0.0153429
1 0.152803 0.153551
1 0.00860715 0.00932841
1 0.0582736 0.0589874
0 0 0.000711716
1 0.025265 0.0259726
1 0.0744991 0.075206
1 0.0125524 0.0132464
1 0.00303058 0.00371925
1 0.00362344 0.00431079
2 0.00990247 0.0105864
0 0 0.00066919
1 0.0248112 0.0254723
1 0.0229785 0.0236254
2 0.0413755 0.0420224
1 0.0234956 0.0241389
1 0.00422701 0.00486635
1 0.00454715 0.00518457
1 0.0814024 0.0820361
1 0.0131492 0.0137812
0 0 0.000627311
0 0 0.000608612
2 0.0182488 0.01885
0 0 0.000595438
0 0 0.000595299
1 0.0355396 0.0361338
1 0.0013288 0.00192257
0 0 0.000585535
0 0 0.000572172
1 0.00719314 0.00776476
0 0 0.000567798
1 0.00918814 0.00975491
0 0 0.000565842
0 0 0.000564393
1 0.00679392 0.00735497
1 0.00325946 0.00381758
1 0.00354209 0.00410001
0 0 0.000557893
1 0.0452195 0.0457762
1 0.00148045 0.00203697
1 0.012018 0.0125612
1 0.00602587 0.00656473
1 0.11781 0.118337
0 0 0.000525442
0 0 0.000523728
1 0.00270651 0.0032263
0 0 0.000510509
1 0.00955104 0.0100576
1 0.0576858 0.058191
0 0 0.000501976
1 0.00332517 0.00382281
0 0 0.000497594
2 0.123226 0.123723
1 0.0212784 0.0217725
1 0.00165757 0.00213842
0 0 0.00048052
2 0.0315644 0.0320375
1 0.00202985 0.0024994
0 0 0.000467886
2 0.0550593 0.0555267
1 0.00377845 0.00424361
2 0.00795968 0.00841763
1 0.00446344 0.00491798
1 0.0126566 0.0131101
1 0.00309796 0.00354484
2 0.0104167 0.0108623
1 0.00672685 0.00717103
2 0.0301166 0.0305561
2 0.0152742 0.0157135
1 0.00338403 0.00382206
1 0.0284792 0.0289165
1 0.0164981 0.0169254
1 0.00422334 0.00464699
2 0.0216507 0.0220713
0 0 0.000417826
1 0.00313287 0.00354595
0 0 0.000397151
1 0.00479905 0.00519582
1 0.00156748 0.00196178
1 0.00239431 0.00278825
1 0.00163787 0.00203016
2 0.00721564 0.00760583
0 0 0.000377999
1 0.00264337 0.00301863
1 0.00272215 0.00309147
0 0 0.000364259
1 0.00652715 0.00688884
0 0 0.000359106
1 0.00196611 0.00232192
2 0.0320798 0.0324321
1 0.0239876 0.0243356
2 0.0182561 0.0186029
1 0.00468646 0.00503105
2 0.00433781 0.00468118
0 0 0.000341534
1 0.00159596 0.00193625
0 0 0.000336968
1 0.00419354 0.00452187
1 0.00401033 0.00433545
1 0.0045132 0.00483721
2 0.0173079 0.0176247
2 0.0102672 0.010578
2 0.00544962 0.0057572
0 0 0.000297458
1 0.00817041 0.00846449
1 0.00251895 0.00281023
1 0.066294 0.0665852
0 0 0.000289325
1 0.0852223 0.0855094
2 0.0395413 0.0398249
1 0.0036139 0.00388716
2 0.0255959 0.0258651
0 0 0.000265923
2 0.0160514 0.016312
1 0.00758217 0.00784132
1 0.00230461 0.00256202
1 0.0175957 0.017848
1 0.0641828 0.0644323
1 0.0132847 0.0135339
2 0.00392275 0.0041718
1 0.0253229 0.0255706
1 0.0180121 0.0182598
1 0.0123236 0.01257
1 0.00417661 0.00442284
2 0.0319619 0.0322058
2 0.0173714 0.017613
1 0.00185328 0.00209123
1 0.0127213 0.0129512
1 0.010244 0.0104728
1 0.00450819 0.00473656
1 0.00194803 0.00217632
0 0 0.00022638
1 0.0143787 0.0146014
1 0.00628967 0.00651201
1 0.00422473 0.00444698
1 0.00420307 0.00442479
1 0.017131 0.0173466
1 0.00760227 0.0078138
2 0.00497809 0.00518729
1 0.0147845 0.0149927
1 0.0269687 0.0271763
1 0.00532672 0.00553306
1 0.00179619 0.00199786
1 0.00333596 0.00353756
2 0.0156156 0.0158157
1 0.0406056 0.0408041
1 0.00371133 0.00390677
1 0.00371411 0.00390732
1 0.0040073 0.00419975
2 0.00468225 0.00487247
0 0 0.000189579
1 0.00104922 0.00123805
1 0.00510782 0.00529651
2 0.157803 0.157991
1 0.00483726 0.00502485
1 0.00235867 0.00254572
1 0.00262409 0.0028101
1 0.00953467 0.00971864
1 0.00957495 0.00975839
2 0.0051546 0.00533642
1 0.0389954 0.0391743
2 0.0108326 0.0110114
1 0.00433985 0.00451188
2 0.0556708 0.0558406
1 0.0128584 0.0130268
2 0.00557872 0.00574487
1 0.00336576 0.0035312
1 0.00458234 0.00474769
1 0.00254469 0.00270601
1 0.0184143 0.0185754
1 0.00586146 0.00602143
2 0.0177329 0.0178926
1 0.00242975 0.00258892
1 0.0121508 0.0123054
1 0.000801059 0.000954981
2 0.0031339 0.00328599
1 0.00455738 0.00470939
1 0.00164261 0.00179307
1 0.00306434 0.0032145
1 0.00211126 0.00225835
2 0.00552228 0.00566853
1 0.000577539 0.000723154
2 0.0384235 0.038569
1 0.00316226 0.00330764
1 0.0317624 0.0319058
2 0.0115739 0.0117158
1 0.0023712 0.00251244
2 0.00841686 0.00855784
1 0.00405396 0.00419409
2 0.0495629 0.049703
1 0.0120676 0.0122075
2 0.0185929 0.0187326
2 0.0220887 0.0222277
1 0.0160799 0.016217
1 0.00105149 0.00118853
1 0.00267212 0.00280855
1 0.0201644 0.0202979
1 0.000893974 0.00102635
1 0.00543897 0.00557051
2 0.00910304 0.00923273
1 0.00299535 0.00312367
1 0.00751409 0.00764236
2 0.0279084 0.0280355
1 0.0111326 0.0112572
2 0.0136916 0.0138124
1 0.0487588 0.0488795
2 0.00677799 0.00689627
2 0.0020336 0.00215186
1 0.0280597 0.0281748
1 0.00624765 0.00636043
2 0.043281 0.043392
1 0.0027738 0.00288448
1 0.00354304 0.00365027
1 0.0141478 0.0142537
0 0 0.000105515
1 0.00192782 0.00203286
1 0.0296774 0.0297808
1 0.00252529 0.00262381
1 0.00786387 0.00796043
2 0.00443287 0.00452383
1 0.0284735 0.0285634
1 0.00169873 0.0017878
1 0.0118208 0.0119095
1 0.0139861 0.0140744
1 0.00106975 0.00115735
1 0.00193311 0.00201847
1 0.00339923 0.0034842
1 0.0309332 0.0310175
2 0.056308 0.0563916
1 0.00261322 0.00269668
2 0.00984474 0.00992758
1 0.00554046 0.00562208
1 0.00435046 0.00443196
1 0.00331921 0.00339993
2 0.0827321 0.0828111
2 0.0257611 0.0258388
1 0.00267335 0.0027506
1 0.00282471 0.00290106
1 0.0044789 0.00455473
1 0.0120892 0.012164
1 0.00279358 0.00286744
1 0.00400391 0.00407651
1 0.00140378 0.00147613
1 0.0212065 0.0212759
2 0.00386155 0.00392922
1 0.00379613 0.00386351
1 0.00112293 0.00118918
1 0.0388244 0.0388899
1 0.00708709 0.00715083
1 0.00232514 0.00238857
1 0.00114335 0.00120594
2 0.0367422 0.0368038
2 0.0188893 0.0189505
1 0.00208045 0.00214126
1 0.00743093 0.00748921
1 0.00329102 0.00334727
1 0.0365744 0.0366297
1 0.00250688 0.00256121
1 0.00233399 0.00238684
1 0.00963643 0.00968925
2 0.00258721 0.00263982
1 0.0168673 0.0169189
1 0.00212051 0.00217138
2 0.00200852 0.00205922
1 0.0288088 0.0288591
2 0.0141636 0.0142138
1 0.00304856 0.00309839
1 0.00138415 0.00143352
1 0.0036509 0.00370009
2 0.00319615 0.00324506
1 0.00200946 0.00205799
1 0.0168721 0.0169199
2 0.0939888 0.0940365
1 0.00101705 0.00106318
0 0 4.56849e-05
1 0.00622779 0.00627303
2 0.00495697 0.00500181
1 0.00293969 0.00298401
1 0.00181576 0.00185947
2 0.0124237 0.0124671
1 0.00439268 0.00443581
1 0.00325622 0.00329604
1 0.0172963 0.0173359
1 0.0115931 0.0116327
2 0.0100804 0.0101184
2 0.121802 0.121838
1 0.00435031 0.00438632
2 0.0106217 0.010657
2 0.043572 0.0436065
1 0.00239675 0.00243123
1 0.0221058 0.0221402
2 0.00475334 0.00478488
1 0.010009 0.0100404
1 0.0075181 0.00754924
1 0.00532985 0.00535953
1 0.00528717 0.00531681
1 0.0264619 0.0264909
1 0.00997462 0.0100031
2 0.00303275 0.00306104
1 0.00601295 0.00604071
1 0.000959749 0.000987238
2 0.0315899 0.0316172
2 0.00289788 0.00292435
1 0.0145632 0.0145896
1 0.00139965 0.00142591
1 0.00254408 0.0025692
2 0.00282082 0.00284529
1 0.00367891 0.00370315
2 0.0382529 0.0382771
2 0.00292767 0.00295161
2 0.0219564 0.0219801
2 0.00497433 0.00499666
1 0.12016 0.120181
2 0.00632681 0.00634624
2 0.124845 0.124864
2 0.0221681 0.0221851
2 0.0118102 0.0118259
2 0.039759 0.0397746
1 0.00617332 0.00618886
1 0.020141 0.0201564
2 0.04498 0.0449954
1 0.00223448 0.0022494
1 0.0131298 0.0131442
1 0.00346841 0.00348285
2 0.00522616 0.00524031
2 0.00466446 0.00467828
2 0.0659018 0.0659155
1 0.000841807 0.000855487
1 0.0043814 0.00439479
2 0.00439777 0.00441064
1 0.0335723 0.0335848
2 0.0385282 0.0385407
2 0.0372125 0.0372246
2 0.00541646 0.00542841
2 0.0135177 0.0135296
1 0.00166021 0.00167178
1 0.00234857 0.00235984
1 0.0343848 0.0343939
1 0.0153757 0.0153848
2 0.00983607 0.00984463
1 0.00321312 0.00322154
1 0.0985946 0.098603
2 0.00736997 0.00737807
1 0.00366213 0.00366977
2 0.0149697 0.014977
2 0.0302078 0.0302151
1 0.0449343 0.0449411
1 0.0031368 0.00314345
2 0.0104084 0.010415
2 0.0124008 0.0124072
2 0.00537549 0.00538163
1 0.000852533 0.000858354
2 0.00832839 0.00833376
2 0.00613719 0.0061425
1 0.00429562 0.00430091
1 0.00138581 0.00139105
2 0.00513638 0.0051416
1 0.0112444 0.0112496
1 0.00200387 0.00200843
2 0.0110026 0.0110071
1 0.000937798 0.000942133
1 0.00283395 0.00283811
2 0.00931902 0.00932276
2 0.00242518 0.00242871
2 0.00586257 0.005866
1 0.00282085 0.00282423
1 0.0171669 0.0171701
1 0.0206953 0.0206985
1 0.0700418 0.070045
2 0.00311512 0.00311807
1 0.00664838 0.00665121
1 0.00162837 0.00163115
1 0.0136705 0.0136729
1 0.00758913 0.00759131
2 0.00913949 0.00914166
1 0.00179585 0.00179802
2 0.00693377 0.00693591
2 0.0188834 0.0188855
1 0.00274177 0.0027438
1 0.00260128 0.0026032
2 0.0080401 0.00804197
1 0.00699475 0.00699628
1 0.00152186 0.00152326
2 0.0069141 0.0069154
2 0.00207958 0.00208076
1 0.0177195 0.0177206
2 0.00466945 0.00467056
2 0.0044126 0.00441361
1 0.00436286 0.00436386
1 0.0350174 0.0350183
2 0.0113122 0.0113131
2 0.00781492 0.00781576
1 0.000780499 0.000781234
1 0.00312322 0.00312392
2 0.0104138 0.0104144
1 0.0259232 0.0259238
1 0.0017343 0.00173482
2 0.00991979 0.0099203
1 0.0374738 0.0374741
2 0.0152754 0.0152757
2 0.00542643 0.00542647
1 0.0184249 0.0184249
2 0.00428883 0.00428883
2 0.00658291 0.00658291
