0 0 inf
0 0 0.109307
0 0 0.091024
1 0.109592 0.184027
0 0 0.0576223
0 0 0.0462824
0 0 0.0450726
0 0 0.033204
0 0 0.0311804
1 0.0694734 0.0997615
0 0 0.0270571
0 0 0.0238385
0 0 0.0232228
0 0 0.0226066
1 0.0573382 0.0783486
0 0 0.0201998
0 0 0.0197347
1 0.0743494 0.0926673
0 0 0.0182861
0 0 0.0181188
0 0 0.0179987
0 0 0.0161627
0 0 0.0160047
0 0 0.0158862
1 0.0361456 0.0517397
0 0 0.0155104
0 0 0.0151387
1 0.0345851 0.0494524
0 0 0.0146517
1 0.0235709 0.0375877
0 0 0.0139839
0 0 0.0139166
0 0 0.0137806
0 0 0.013524
0 0 0.0128519
0 0 0.0128151
0 0 0.0124897
0 0 0.0114282
0 0 0.0109284
0 0 0.0104661
1 0.00743603 0.0176133
0 0 0.00989069
0 0 0.00944515
1 0.0287716 0.0380098
1 0.0237823 0.0328198
1 0.00772081 0.0166311
1 0.0290364 0.0377609
0 0 0.00867969
2 0.0509923 0.0595294
0 0 0.00845329
0 0 0.00766402
1 0.0904558 0.0981197
0 0 0.00763251
1 0.0569124 0.0642421
0 0 0.00730192
0 0 0.00702299
0 0 0.00700032
0 0 0.00698742
0 0 0.00692377
0 0 0.00663321
0 0 0.00661208
1 0.02531 0.031901
0 0 0.00655165
0 0 0.00644764
1 0.0817452 0.0876904
0 0 0.00593738
0 0 0.00587757
0 0 0.00572571
0 0 0.00561693
0 0 0.00551548
0 0 0.00544878
0 0 0.00539155
0 0 0.00537732
0 0 0.00536672
1 0.0281457 0.0333974
1 0.0317819 0.0368644
0 0 0.0049164
1 0.0160787 0.0209707
0 0 0.00480637
0 0 0.00477126
0 0 0.00471092
0 0 0.00470612
0 0 0.00457959
0 0 0.00449516
1 0.00843528 0.0128964
1 0.0709738 0.0754096
0 0 0.00437427
0 0 0.00437406
1 0.00405089 0.00838603
1 0.0320343 0.0363092
0 0 0.00426681
1 0.00759348 0.0117609
0 0 0.00409297
1 0.117577 0.121633
0 0 0.00392886
1 0.0273408 0.0312466
0 0 0.00389637
1 0.0264545 0.03033
1 0.0838624 0.0877022
1 0.0336929 0.0374783
1 0.0223555 0.0261356
1 0.0253988 0.0291481
1 0.00361084 0.00735559
0 0 0.00371047
1 0.0332011 0.0368566
1 0.0165627 0.0202173
1 0.0728697 0.0764535
1 0.0343241 0.0378924
0 0 0.00356283
0 0 0.00355897
1 0.0868612 0.0904158
2 0.0642702 0.067753
2 0.108924 0.112372
1 0.0280492 0.0314545
0 0 0.0033844
0 0 0.00329872
0 0 0.00329213
0 0 0.00324881
0 0 0.00323039
2 0.131073 0.134302
0 0 0.0031983
0 0 0.00318962
1 0.105605 0.108784
0 0 0.00316903
0 0 0.00316385
1 0.035536 0.038697
0 0 0.00314538
0 0 0.0031388
0 0 0.00313803
1 0.0414028 0.0445372
1 0.062904 0.0660052
2 0.100566 0.103662
0 0 0.00302122
1 0.00397512 0.00698613
1 0.00417224 0.00716817
0 0 0.00299193
0 0 0.00299187
0 0 0.00294845
0 0 0.00294456
0 0 0.00281376
1 0.00433803 0.00713564
1 0.00360194 0.00635239
1 0.027796 0.0305022
2 0.07878 0.0814309
1 0.0603271 0.0629768
0 0 0.00263263
0 0 0.00261693
1 0.0183789 0.0209909
1 0.0133601 0.0159657
1 0.0284704 0.0310547
1 0.00734124 0.00989519
0 0 0.00253221
1 0.0291001 0.031619
0 0 0.0025186
1 0.0131334 0.0156429
1 0.00548055 0.00798711
1 0.105676 0.108173
0 0 0.00244523
0 0 0.00242666
0 0 0.00239369
1 0.00503919 0.00736833
1 0.0026221 0.00493816
1 0.0358211 0.0381002
0 0 0.0022662
0 0 0.00225477
1 0.0118478 0.0140879
1 0.00671459 0.00894778
1 0.0220714 0.0242649
0 0 0.00219101
0 0 0.00217863
0 0 0.00216985
0 0 0.00216084
0 0 0.00214064
1 0.0175283 0.0196517
1 0.0146702 0.016792
0 0 0.00211586
1 0.0152125 0.0173144
1 0.00301263 0.00510313
0 0 0.00207406
1 0.0412664 0.0432988
0 0 0.00202272
0 0 0.00197649
0 0 0.0019486
2 0.00904786 0.0109735
1 0.0579583 0.0598352
1 0.0468621 0.0487195
0 0 0.00185458
0 0 0.00185207
1 0.00665283 0.00847516
0 0 0.00182129
0 0 0.0017927
1 0.0384143 0.0402066
1 0.00505728 0.00684814
0 0 0.00175165
1 0.00888625 0.0106089
0 0 0.00171866
0 0 0.00170164
1 0.00675251 0.00842874
1 0.050573 0.0522337
0 0 0.00165573
0 0 0.00164962
1 0.0156763 0.0173256
1 0.0201232 0.0217543
0 0 0.00162799
0 0 0.00162592
1 0.0260416 0.0276448
1 0.00798035 0.00957869
1 0.00178893 0.00337135
1 0.00190904 0.00348611
1 0.0261814 0.0277576
1 0.010041 0.0116149
0 0 0.00157385
1 0.0592746 0.0608306
1 0.00194686 0.00349181
0 0 0.00152408
1 0.00450985 0.0060244
1 0.00611772 0.00762429
0 0 0.00150048
1 0.0249098 0.0263936
1 0.0185787 0.0200428
0 0 0.00142668
0 0 0.00142525
0 0 0.00141746
1 0.017949 0.0193456
1 0.00542144 0.00681208
0 0 0.00138963
1 0.00219507 0.00357558
2 0.0725953 0.0739634
0 0 0.0013379
2 0.0469356 0.048271
1 0.15699 0.158314
0 0 0.00131366
0 0 0.00127737
0 0 0.00127145
0 0 0.0012697
0 0 0.00126661
1 0.0327082 0.0339286
0 0 0.00120795
0 0 0.00120346
0 0 0.00119654
1 0.077352 0.0785339
1 0.00325283 0.00443198
0 0 0.00117026
1 0.0069124 0.00807978
1 0.0634724 0.0646018
1 0.00400541 0.00512994
0 0 0.00110557
0 0 0.00108895
0 0 0.00106662
0 0 0.00106176
0 0 0.00106155
0 0 0.00105155
0 0 0.00104948
1 0.0364656 0.037511
0 0 0.00102407
1 0.00917333 0.0101872
0 0 0.00100424
0 0 0.00100316
1 0.0162318 0.0172076
0 0 0.000968018
0 0 0.000956938
0 0 0.000953051
0 0 0.000951827
0 0 0.000951789
1 0.00517186 0.0061214
1 0.0346526 0.0355637
1 0.0224625 0.0233669
0 0 0.000899872
0 0 0.000898522
2 0.110565 0.111445
1 0.00722874 0.00808819
1 0.0108813 0.0117378
2 0.0228141 0.0236642
0 0 0.00084744
1 0.00471859 0.00556496
0 0 0.000845656
2 0.0322863 0.0331262
0 0 0.000834304
1 0.00426795 0.00510067
0 0 0.000825104
0 0 0.000815208
0 0 0.000806774
2 0.018031 0.0188353
1 0.00307317 0.00387135
2 0.0413904 0.0421775
0 0 0.000781024
1 0.0029953 0.0037683
0 0 0.000768241
1 0.0132581 0.0140162
0 0 0.000757202
0 0 0.000755622
1 0.00888494 0.00963831
0 0 0.00074695
1 0.0110992 0.0118402
0 0 0.000739087
1 0.129859 0.130589
1 0.0287945 0.0295218
2 0.0130154 0.0137412
1 0.0070265 0.00773845
2 0.0381211 0.0388255
0 0 0.000692065
1 0.00183121 0.0025231
0 0 0.000685045
1 0.00438896 0.00507139
0 0 0.000674961
1 0.00875051 0.00941992
1 0.011588 0.0122533
1 0.00867928 0.00932794
0 0 0.000637719
0 0 0.000626843
1 0.00537102 0.00599713
1 0.0787691 0.0793739
1 0.00553043 0.00613109
2 0.00760953 0.00820966
0 0 0.000593978
1 0.0132518 0.0138372
0 0 0.000582742
0 0 0.000582738
0 0 0.000571088
1 0.00216626 0.0027342
1 0.0176245 0.0181641
2 0.110698 0.111237
0 0 0.000539053
2 0.00605816 0.00659311
1 0.0501791 0.0507085
0 0 0.000528788
1 0.00241561 0.00294161
1 0.00940324 0.00992696
1 0.00550259 0.00601122
0 0 0.00049253
1 0.00628818 0.00677962
1 0.00691491 0.00740574
1 0.0068397 0.0073287
1 0.00319003 0.0036753
2 0.0798326 0.0803122
1 0.00244647 0.00292488
1 0.0955318 0.0960059
1 0.00338884 0.00384132
1 0.00381404 0.00425721
1 0.00422731 0.00466762
0 0 0.000439072
0 0 0.000437041
1 0.0134653 0.013898
1 0.00523792 0.00566537
1 0.00421282 0.00462906
1 0.00635189 0.00676811
2 0.0348159 0.0352321
1 0.0169798 0.0173924
1 0.00663011 0.00703528
1 0.00679806 0.00719819
0 0 0.000395108
1 0.00817647 0.0085688
1 0.0192545 0.0196372
1 0.0095247 0.00990726
1 0.0363979 0.0367589
1 0.00145339 0.00181291
0 0 0.000352758
2 0.0440487 0.0443992
1 0.00802907 0.00837693
2 0.00744487 0.0077908
1 0.00375987 0.00410291
1 0.00241708 0.00275339
1 0.00245014 0.00278623
1 0.00109248 0.00142623
1 0.00721192 0.00754541
2 0.0122928 0.0126222
1 0.0014121 0.00173914
1 0.00627847 0.00660165
1 0.00197139 0.0022831
1 0.00160141 0.00191257
1 0.00171714 0.00202727
2 0.0145277 0.0148356
1 0.0061453 0.00644804
1 0.0476894 0.0479919
1 0.00331167 0.0036134
2 0.0201783 0.020474
1 0.00276334 0.00305409
1 0.0292176 0.0295081
1 0.00225197 0.00254167
0 0 0.000284018
0 0 0.000283317
0 0 0.000282941
1 0.00589996 0.0061806
2 0.102729 0.103003
2 0.0100383 0.0103047
1 0.0128746 0.0131406
1 0.00343553 0.00369836
1 0.00572148 0.00598166
1 0.00465478 0.00491457
1 0.014306 0.0145626
0 0 0.000249773
1 0.00149666 0.00174581
1 0.0120635 0.0123078
1 0.00514691 0.00538374
1 0.0134404 0.0136763
1 0.0126961 0.0129302
0 0 0.000233647
2 0.010948 0.0111802
1 0.0132079 0.0134382
1 0.0167748 0.017003
2 0.0288215 0.0290471
1 0.0144217 0.0146466
1 0.00629857 0.00652306
0 0 0.00022354
1 0.00179823 0.00202121
0 0 0.000209124
1 0.00137075 0.00157506
2 0.00921779 0.0094175
1 0.00112402 0.00132281
1 0.0433348 0.0435323
2 0.0078185 0.00801387
1 0.0118052 0.0119975
1 0.00696186 0.00715342
1 0.00842477 0.00861243
1 0.00534182 0.00552771
1 0.00171797 0.00190241
2 0.105234 0.105413
1 0.0275999 0.0277765
1 0.0102045 0.0103809
1 0.0687638 0.0689381
1 0.00401527 0.00418777
0 0 0.000170544
2 0.0155868 0.0157561
1 0.00183556 0.00200475
1 0.0116082 0.0117773
1 0.00118343 0.00135244
1 0.005357 0.0055246
2 0.0082318 0.00839855
2 0.101968 0.102134
2 0.0203807 0.0205466
1 0.00657441 0.00673902
1 0.00294277 0.00310583
1 0.00928295 0.00944165
1 0.00420188 0.00436042
2 0.0222714 0.0224297
0 0 0.000157548
1 0.00824147 0.0083942
2 0.00630413 0.00645667
1 0.00112452 0.00127621
1 0.00120131 0.00134625
1 0.0779615 0.0781037
1 0.0353667 0.035507
2 0.00749922 0.00763916
1 0.0059707 0.00610879
0 0 0.000135836
1 0.0257212 0.0258565
2 0.00259959 0.00273394
1 0.00249251 0.00261993
2 0.00348121 0.00360718
1 0.00607416 0.00619754
0 0 0.000122461
1 0.0033466 0.00346888
1 0.00579268 0.00591381
2 0.0414711 0.0415903
1 0.00223804 0.00235324
2 0.043543 0.0436579
1 0.00568511 0.00579813
0 0 0.00010996
1 0.00333901 0.00344759
1 0.00327775 0.00338632
0 0 0.000108467
2 0.0695723 0.0696805
1 0.00363752 0.00374529
1 0.00441292 0.00451996
0 0 0.000106775
0 0 0.000106552
1 0.00335101 0.00345718
1 0.008955 0.00906096
2 0.00865973 0.00876562
1 0.00669481 0.00679905
1 0.00162702 0.00172774
2 0.00557985 0.00568036
1 0.00426759 0.00436794
2 0.0102902 0.0103891
1 0.004011 0.00410884
1 0.041906 0.0420029
1 0.0014948 0.00158746
0 0 9.07254e-05
1 0.045464 0.0455537
1 0.0252698 0.0253591
1 0.014009 0.0140978
1 0.00700875 0.00709582
1 0.112487 0.112573
2 0.0101498 0.0102359
1 0.0126861 0.0127722
1 0.00480232 0.0048874
1 0.00273677 0.00281892
1 0.00114041 0.00122093
1 0.00493307 0.00501297
2 0.00739601 0.00747301
1 0.0110367 0.0111122
2 0.00732483 0.00739957
1 0.145723 0.145797
1 0.00180637 0.00187972
0 0 7.3007e-05
2 0.00775328 0.0078226
2 0.0377198 0.0377888
1 0.000967968 0.00103644
1 0.00283321 0.00290131
1 0.00139894 0.0014656
1 0.00206029 0.00212626
1 0.00730405 0.0073693
2 0.00879806 0.00886266
1 0.00107861 0.00114303
1 0.00634522 0.00640918
1 0.0010008 0.00106448
2 0.00185945 0.00192162
2 0.00816882 0.00823004
2 0.00715721 0.00721824
1 0.00191624 0.00197724
1 0.00861555 0.00867553
2 0.0458794 0.0459393
1 0.00138912 0.00144898
2 0.00943917 0.00949876
1 0.00601 0.00606767
2 0.00361026 0.00366671
1 0.00167165 0.00172759
1 0.0036288 0.0036845
1 0.00430994 0.00436544
2 0.00742138 0.00747421
1 0.00404742 0.00409969
1 0.0104112 0.0104631
2 0.0154865 0.0155378
2 0.00619005 0.00623859
2 0.00397381 0.00402115
1 0.00226442 0.00231153
2 0.00135429 0.00140117
2 0.00887634 0.00892217
2 0.00759254 0.00763809
1 0.00559998 0.00564451
2 0.0256071 0.0256514
1 0.00243534 0.00247937
1 0.00178804 0.00183098
1 0.00716287 0.00720444
1 0.0458341 0.045875
1 0.00131751 0.00135771
2 0.0192 0.0192399
1 0.00543628 0.00547576
1 0.00109036 0.00112826
2 0.00644359 0.006481
2 0.00454005 0.00457675
2 0.00169034 0.00172583
1 0.100295 0.10033
1 0.00787558 0.00791086
1 0.00684487 0.00687828
1 0.00729753 0.00733087
2 0.00868789 0.00872102
2 0.00997221 0.0100052
2 0.0121337 0.0121666
1 0.00761143 0.00764309
1 0.0127102 0.0127415
1 0.00109149 0.00112242
2 0.00934188 0.0093713
1 0.00733154 0.00736063
2 0.00439734 0.00442593
1 0.0120841 0.0121124
2 0.0041395 0.00416758
2 0.0296947 0.0297216
1 0.00407193 0.00409844
1 0.00185997 0.00188605
2 0.00196461 0.00199067
1 0.00810063 0.0081262
1 0.00162845 0.00165247
1 0.00996975 0.00999332
2 0.00410514 0.00412831
1 0.00223871 0.00226138
1 0.0057465 0.00576905
2 0.00810965 0.00813211
2 0.00878888 0.00881113
2 0.00958076 0.00960184
2 0.00352779 0.00354792
1 0.00930763 0.009327
2 0.0167604 0.0167795
1 0.00315952 0.00317733
1 0.00723895 0.00725645
1 0.00168119 0.0016986
1 0.00340417 0.0034212
2 0.00324111 0.0032571
2 0.106214 0.10623
2 0.00810559 0.00812133
2 0.002841 0.00285665
1 0.00370471 0.0037203
1 0.000254833 0.000270381
1 0.0143954 0.0144105
2 0.00915682 0.00917123
2 0.00648035 0.00649465
1 0.0505177 0.050532
1 0.00334811 0.00336191
2 0.00925324 0.00926699
1 0.00340602 0.00341887
1 0.00559017 0.00560184
1 0.019502 0.0195136
1 0.00786526 0.00787665
1 0.00632351 0.00633481
1 0.104432 0.104442
2 0.0132038 0.0132145
1 0.00320875 0.00321902
2 0.0101563 0.0101665
2 0.00778065 0.00778943
1 0.00583319 0.00584175
1 0.0086613 0.00866935
2 0.0186448 0.0186525
2 0.0082199 0.00822749
1 0.00912058 0.00912811
2 0.00115881 0.00116623
1 0.0087856 0.00879291
1 0.00442467 0.00443169
2 0.0105515 0.0105581
1 0.00914048 0.00914689
1 0.0010618 0.00106807
1 0.00633527 0.00634112
1 0.00875496 0.00876067
2 0.00495861 0.00496418
2 0.10479 0.104795
2 0.00393473 0.0039401
1 0.00259447 0.00259978
2 0.0798434 0.0798484
2 0.00723322 0.00723795
1 0.0766438 0.0766482
1 0.0023558 0.0023601
1 0.0027331 0.00273696
1 0.00430452 0.00430817
2 0.00714527 0.00714885
1 0.0076277 0.00763125
1 0.0043581 0.0043616
2 0.0031671 0.00317059
2 0.0124615 0.0124647
1 0.00681461 0.00681761
2 0.00737452 0.0073774
1 0.00679558 0.00679838
1 0.00164671 0.00164912
1 0.00734069 0.00734306
2 0.0123549 0.0123572
2 0.051173 0.051175
1 0.0122249 0.0122268
2 0.0102654 0.0102672
1 0.00300157 0.00300322
1 0.00375176 0.00375338
1 0.0123308 0.0123324
2 0.0138176 0.0138191
2 0.00858913 0.00859054
1 0.00540483 0.00540614
2 0.0235339 0.0235352
2 0.0170948 0.0170958
2 0.00685036 0.00685133
1 0.00226816 0.00226905
2 0.00818215 0.00818278
1 0.00227126 0.00227178
1 0.0100005 0.0100009
1 0.00923199 0.00923245
1 0.00351384 0.00351429
2 0.00272911 0.00272955
1 0.00535039 0.00535074
1 0.000693179 0.00069353
1 0.00684166 0.00684176
1 0.00667957 0.00667963
2 0.0141424 0.0141424
1 0.00498593 0.00498596
2 0.00351549 0.0035155
1 0.0138348 0.0138348
2 0.00455092 0.00455092
1 0.0109544 0.0109544
2 0.0124411 0.0124411
