0 0 inf
0 0 0.15922
0 0 0.0815019
0 0 0.0697594
0 0 0.0476033
0 0 0.0455765
0 0 0.0355218
0 0 0.0302637
0 0 0.0282368
0 0 0.027704
0 0 0.0268028
0 0 0.0228696
0 0 0.0215103
1 0.0177268 0.0383705
0 0 0.0196707
0 0 0.0193579
0 0 0.018899
1 0.00552362 0.0239827
1 0.0318851 0.0496077
0 0 0.0177148
0 0 0.0170649
1 0.0167528 0.0329779
0 0 0.0156277
0 0 0.0155243
1 0.022169 0.0372041
0 0 0.0149949
1 0.0106111 0.0252348
0 0 0.014306
0 0 0.013524
0 0 0.0118912
1 0.0196354 0.0305342
0 0 0.0108729
1 0.0318922 0.0426113
0 0 0.010451
1 0.0391211 0.0495673
0 0 0.0102045
0 0 0.00996817
0 0 0.00988021
0 0 0.00953093
0 0 0.00907805
0 0 0.00892631
1 0.138872 0.147703
1 0.0119983 0.0205081
1 0.0251496 0.0334299
0 0 0.00799662
1 0.00748605 0.0154312
0 0 0.00790566
0 0 0.00790155
0 0 0.00788807
0 0 0.00770162
0 0 0.00750429
0 0 0.00744701
0 0 0.00739229
0 0 0.00737236
0 0 0.00720362
1 0.00367251 0.0106149
0 0 0.0068807
1 0.0268599 0.0337199
1 0.0112787 0.0181202
1 0.0489096 0.0557446
1 0.0307575 0.0374493
0 0 0.00655614
0 0 0.00648228
1 0.0857175 0.0921293
0 0 0.00627402
0 0 0.00626384
0 0 0.0062248
0 0 0.00600501
0 0 0.00595494
0 0 0.00592822
0 0 0.0059046
1 0.0033926 0.00925809
0 0 0.00581081
1 0.118727 0.124522
1 0.0179903 0.0237377
1 0.127621 0.133333
0 0 0.00568099
0 0 0.00567551
0 0 0.0056516
0 0 0.00563414
0 0 0.00562191
0 0 0.00551743
0 0 0.0054729
1 0.00887712 0.0143188
0 0 0.00539898
0 0 0.00537932
0 0 0.00513359
0 0 0.00491848
0 0 0.00485971
2 0.0256 0.0303903
1 0.0252246 0.0299673
0 0 0.0046605
0 0 0.00462108
0 0 0.00456471
0 0 0.0044047
1 0.0406218 0.0449655
0 0 0.00431913
0 0 0.00427567
2 0.0459372 0.0501864
1 0.0296987 0.0339422
0 0 0.00420034
1 0.0106209 0.0148079
1 0.0164506 0.0206126
0 0 0.00405718
0 0 0.00404959
1 0.0830782 0.0871277
0 0 0.00403758
0 0 0.00398528
1 0.0329737 0.0369429
1 0.00370399 0.00765657
1 0.00804123 0.0119166
0 0 0.00373345
0 0 0.00369543
0 0 0.00362511
0 0 0.00359011
0 0 0.00353593
1 0.00831454 0.0117986
0 0 0.00345111
0 0 0.00344439
1 0.0600605 0.0634115
0 0 0.00332478
1 0.0103758 0.0136919
0 0 0.00325795
0 0 0.00321961
0 0 0.00316385
0 0 0.00314606
0 0 0.0031371
0 0 0.00309806
1 0.00969058 0.0127827
0 0 0.00308808
0 0 0.00306883
0 0 0.00302634
1 0.00878588 0.0117852
0 0 0.00299087
1 0.0332701 0.0362484
0 0 0.00294471
0 0 0.00290989
0 0 0.00290064
1 0.0270531 0.0299525
1 0.00777896 0.0106555
1 0.00906407 0.0119352
1 0.00652132 0.00939012
1 0.0171549 0.0200156
0 0 0.00283126
1 0.0221098 0.0248844
0 0 0.0027511
1 0.0262986 0.0290131
1 0.0090516 0.0117108
1 0.0342405 0.0368906
0 0 0.00257656
0 0 0.00250003
1 0.012242 0.0147375
0 0 0.00249338
0 0 0.00238171
1 0.0147735 0.0171393
0 0 0.00231959
0 0 0.00229822
1 0.0298916 0.0321801
1 0.00457892 0.00685301
0 0 0.00227282
0 0 0.00226683
1 0.0297373 0.0320016
0 0 0.00225485
1 0.00776117 0.0100021
0 0 0.00217152
1 0.00755336 0.00971458
0 0 0.00212898
0 0 0.00210102
0 0 0.00203732
0 0 0.00203701
1 0.0167545 0.0187514
0 0 0.00196366
0 0 0.00193053
0 0 0.00190416
1 0.0245046 0.0263702
0 0 0.00183516
0 0 0.00180049
0 0 0.00178973
0 0 0.00176667
0 0 0.00175367
1 0.0210279 0.0227805
1 0.00708896 0.00883818
1 0.0118958 0.0136287
1 0.0091769 0.0109064
1 0.0172227 0.0189454
2 0.0284983 0.0301832
1 0.00645027 0.00811328
1 0.0070039 0.00866325
0 0 0.00165218
0 0 0.00162901
2 0.00914774 0.0107645
0 0 0.00161247
0 0 0.0016114
1 0.0474834 0.0490914
1 0.0221572 0.0237642
1 0.0448777 0.0464571
1 0.00405151 0.00561386
1 0.0136121 0.01516
1 0.00581297 0.00735613
2 0.0101679 0.0117041
0 0 0.0015288
1 0.018109 0.0196276
1 0.00948232 0.0109872
0 0 0.00149305
0 0 0.00148663
1 0.00927802 0.0107428
1 0.00996808 0.0114177
0 0 0.00143423
1 0.0136313 0.0150386
0 0 0.0013995
0 0 0.00139684
0 0 0.00139389
2 0.0366997 0.0380903
1 0.0174599 0.0188462
0 0 0.00138111
1 0.00564082 0.00701017
0 0 0.00135508
1 0.0269552 0.0283073
0 0 0.00135107
0 0 0.00133821
2 0.0336982 0.0350329
2 0.0204418 0.0217521
0 0 0.00130147
1 0.0113637 0.0126412
1 0.00687477 0.00815016
1 0.0106073 0.0118601
1 0.00276945 0.00401667
2 0.00956698 0.010804
1 0.0203963 0.0216328
0 0 0.00122412
0 0 0.00121697
0 0 0.00119648
2 0.0328522 0.0340355
1 0.00341157 0.00458139
0 0 0.00116459
0 0 0.00115962
0 0 0.00113954
0 0 0.00110903
2 0.0255027 0.0266114
1 0.00441612 0.00549876
1 0.00954352 0.0106171
1 0.00607746 0.00714854
0 0 0.00105761
1 0.0120471 0.0130901
0 0 0.00103965
1 0.00361877 0.0046552
0 0 0.00103211
1 0.0122073 0.013227
0 0 0.00100994
1 0.00377498 0.00478111
1 0.00443173 0.0054358
2 0.0351163 0.0361192
1 0.0117625 0.0127437
1 0.057789 0.0587649
1 0.0295133 0.030485
1 0.0614585 0.0624265
0 0 0.000967797
0 0 0.000949787
1 0.00970882 0.0106558
1 0.00320659 0.00414232
1 0.0666506 0.0675853
2 0.0675858 0.068501
1 0.00148982 0.00240097
1 0.00212403 0.00303327
0 0 0.000903393
2 0.056501 0.0573967
0 0 0.000893119
0 0 0.000890639
0 0 0.000886665
0 0 0.000868138
1 0.00395689 0.00479933
0 0 0.000839728
0 0 0.000832159
1 0.0112766 0.0121056
0 0 0.00080996
1 0.0103567 0.0111644
1 0.0318481 0.0326542
1 0.0478332 0.0486343
1 0.00164635 0.00243079
0 0 0.000779254
0 0 0.000773342
1 0.0032512 0.00402394
0 0 0.000754832
1 0.00216139 0.00290896
1 0.0186153 0.0193628
1 0.00445257 0.00518217
0 0 0.000702306
1 0.00638156 0.00707823
1 0.00369446 0.0043798
0 0 0.000684147
0 0 0.000682561
1 0.00898181 0.00965352
1 0.00290982 0.00357973
1 0.0286977 0.0293633
0 0 0.000657577
2 0.0646362 0.0652937
0 0 0.000656913
1 0.0482039 0.0488574
1 0.00501939 0.00566973
1 0.0252104 0.0258512
2 0.0202221 0.0208613
0 0 0.000635942
2 0.00763777 0.00826934
1 0.0110268 0.0116555
1 0.00797529 0.00859789
0 0 0.000620747
1 0.0415146 0.0421249
1 0.0513925 0.0520014
0 0 0.000602043
1 0.0144785 0.0150803
1 0.00489312 0.00549464
1 0.00347955 0.00408087
1 0.0347598 0.0353482
1 0.00331917 0.00390357
0 0 0.000561074
2 0.00918369 0.00974369
1 0.00338437 0.00393987
2 0.0110589 0.0116118
0 0 0.000551861
1 0.00186222 0.00241262
0 0 0.000547454
0 0 0.000543413
1 0.0146083 0.0151483
1 0.00438199 0.00492063
1 0.00485594 0.00537787
2 0.0344233 0.034941
1 0.0039821 0.0044903
0 0 0.000507204
2 0.0137395 0.0142457
0 0 0.000498103
1 0.0485229 0.0490176
1 0.0537906 0.0542852
0 0 0.000493732
2 0.0375173 0.0379989
1 0.00203108 0.00250503
1 0.0857852 0.0862553
1 0.0130834 0.0135534
1 0.0308009 0.0312709
0 0 0.000463254
1 0.0101132 0.0105747
2 0.0950808 0.0955309
1 0.00385976 0.00430693
2 0.0191819 0.0196237
0 0 0.000438773
1 0.00162721 0.00206563
1 0.0892895 0.0897229
0 0 0.000428723
2 0.0131724 0.0135903
1 0.00354033 0.00394844
1 0.00562574 0.00602632
1 0.0167766 0.0171754
1 0.00358749 0.00398458
2 0.0488817 0.0492767
1 0.00125662 0.00165079
1 0.00523959 0.00562842
1 0.00434268 0.00473132
1 0.0483032 0.0486915
1 0.00342979 0.00381769
1 0.0095386 0.00992223
0 0 0.000380421
2 0.0633024 0.0636817
2 0.0431996 0.0435784
1 0.00950214 0.00987883
2 0.00256062 0.00293566
0 0 0.00037475
1 0.00173032 0.00210507
2 0.012731 0.0131049
0 0 0.000373403
1 0.0059849 0.00634446
0 0 0.000359244
1 0.00395826 0.00431283
1 0.00467197 0.00502203
1 0.00917139 0.00951977
1 0.0136473 0.0139903
1 0.00617212 0.00651191
1 0.0023693 0.00269946
1 0.00563638 0.00596618
0 0 0.000324057
1 0.00464789 0.00497184
0 0 0.000320014
1 0.0147541 0.0150733
0 0 0.000317359
1 0.00703889 0.00735558
1 0.0180705 0.0183871
0 0 0.000312931
1 0.0187049 0.0190153
1 0.00390835 0.00421519
0 0 0.000305976
1 0.00687844 0.00718087
1 0.0117487 0.0120485
1 0.00693122 0.00723036
1 0.00537889 0.00567158
1 0.00927111 0.00956346
1 0.046514 0.0468059
1 0.00235315 0.00264376
2 0.00986432 0.0101524
1 0.00218128 0.00246282
2 0.0341217 0.0344017
1 0.00996176 0.0102382
0 0 0.000275609
1 0.034063 0.0343302
1 0.00731611 0.0075823
1 0.00368738 0.00395108
2 0.0446932 0.0449568
1 0.0130889 0.0133516
2 0.0121011 0.0123627
1 0.0028281 0.00308953
1 0.002759 0.00301839
1 0.0545145 0.0547711
2 0.00423555 0.00448892
2 0.0462874 0.0465389
2 0.0194637 0.0197142
2 0.0627664 0.0630103
2 0.0472493 0.047493
1 0.00124349 0.0014866
1 0.0438491 0.0440898
2 0.00979359 0.0100316
1 0.00241744 0.00265537
1 0.0230026 0.0232403
1 0.010126 0.0103514
0 0 0.000217363
1 0.0122263 0.0124415
1 0.0130225 0.0132376
1 0.00451417 0.00472857
1 0.0661375 0.0663499
1 0.00453374 0.00474604
1 0.00241404 0.00262633
1 0.0061358 0.00634762
0 0 0.000211615
0 0 0.000209004
1 0.00111428 0.00132227
1 0.0344852 0.0346914
0 0 0.000203989
1 0.0717449 0.0719462
1 0.0431074 0.043307
2 0.00562169 0.00582106
1 0.0115646 0.01176
1 0.00566977 0.00586384
2 0.0125897 0.0127758
0 0 0.0001843
0 0 0.000183736
1 0.0199114 0.0200939
1 0.00902762 0.00920998
1 0.00100568 0.00118657
1 0.00195773 0.00213645
2 0.00872807 0.00890412
2 0.011457 0.0116302
1 0.0107349 0.0109075
1 0.00331161 0.00348144
1 0.00957562 0.00974067
1 0.00955912 0.00972254
1 0.0079856 0.00814884
1 0.00168557 0.00184317
0 0 0.000155394
1 0.00761136 0.00776628
1 0.00239263 0.00254743
1 0.0116795 0.0118343
1 0.00270263 0.00285675
1 0.0131041 0.0132582
1 0.00552022 0.00567157
2 0.0134082 0.0135595
1 0.00506626 0.00521703
1 0.00337448 0.00351779
2 0.0285557 0.0286987
1 0.0312718 0.0314143
1 0.0553416 0.0554833
2 0.00945034 0.00959195
1 0.00147423 0.0016127
1 0.00430079 0.00443414
1 0.00281046 0.00294276
1 0.0465847 0.0467154
1 0.00321643 0.00334651
2 0.0444181 0.044548
1 0.000993326 0.00112039
1 0.00386009 0.00398607
1 0.00605099 0.00617552
0 0 0.000123209
1 0.012987 0.0131101
1 0.0137102 0.0138313
1 0.00233337 0.00245437
1 0.0116905 0.0118098
1 0.0559188 0.0560372
1 0.00244357 0.00255653
1 0.0401281 0.040241
1 0.00442456 0.00453468
2 0.00777981 0.00788715
1 0.0439586 0.0440652
1 0.00238924 0.00249562
1 0.00887782 0.00898407
1 0.00172065 0.00182506
1 0.00616772 0.00626858
1 0.000675199 0.000775634
2 0.043405 0.043505
1 0.00734069 0.00743756
1 0.000668694 0.000765531
1 0.00278569 0.00288005
1 0.0167563 0.0168493
2 0.00973934 0.00983212
0 0 9.25512e-05
1 0.0044579 0.00454873
1 0.0105216 0.0106106
2 0.0504086 0.0504971
1 0.00164317 0.00172999
2 0.0278897 0.027976
1 0.00911403 0.0092
2 0.0265747 0.0266589
1 0.0112595 0.0113427
1 0.00130485 0.00138556
1 0.00717946 0.00726
2 0.0170288 0.0171092
1 0.0031428 0.00322268
1 0.00223283 0.00231097
1 0.00409045 0.00416749
2 0.00621438 0.00629107
2 0.0108655 0.0109405
1 0.00380109 0.00387495
1 0.051145 0.051218
2 0.0378221 0.0378945
2 0.00327434 0.00334486
1 0.0363062 0.0363759
2 0.00437316 0.00444258
2 0.0551052 0.0551721
1 0.00134876 0.00141464
2 0.00710408 0.00716967
2 0.00637315 0.00643783
2 0.0208309 0.020895
1 0.00166618 0.00172992
1 0.0046051 0.00466827
2 0.0264987 0.0265616
1 0.0779612 0.0780241
2 0.0341743 0.0342367
1 0.0100623 0.0101226
1 0.00215711 0.00221634
1 0.0222869 0.0223454
2 0.00693128 0.00698902
1 0.0198135 0.019871
2 0.0562959 0.0563506
1 0.0131833 0.0132377
1 0.0090527 0.00910649
2 0.00597772 0.00602958
1 0.00520008 0.00525
1 0.0699711 0.0700208
1 0.00122512 0.00127434
1 0.0129871 0.0130356
2 0.00981941 0.00986774
1 0.0116395 0.0116876
1 0.00884204 0.00888952
1 0.00695043 0.00699761
2 0.0826654 0.0827126
1 0.00211623 0.00216275
2 0.0701296 0.070176
1 0.00311902 0.00316387
1 0.000660302 0.000704083
1 0.00450491 0.00454851
1 0.00779026 0.00783365
2 0.00868087 0.00872407
2 0.0208331 0.0208759
1 0.00234371 0.00238568
2 0.00710966 0.00714865
1 0.0129858 0.013024
0 0 3.7476e-05
1 0.0031863 0.00322333
1 0.000417441 0.000454288
1 0.00451262 0.00454944
2 0.03475 0.0347852
2 0.00218381 0.00221771
1 0.00495556 0.00498902
2 0.0061725 0.00620515
2 0.00500411 0.00503625
1 0.00340046 0.00343237
1 0.0126808 0.0127122
2 0.0373248 0.0373554
2 0.0152733 0.0153033
2 0.0245324 0.0245617
0 0 2.88935e-05
1 0.00408131 0.00411003
2 0.0109411 0.0109694
1 0.00173042 0.00175877
2 0.00385464 0.00388227
1 0.000441865 0.000468979
1 0.0016361 0.0016631
1 0.000273164 0.000299372
1 0.0538541 0.05388
2 0.0207529 0.0207786
2 0.00620147 0.00622675
1 0.0317364 0.0317612
1 0.00218922 0.00221312
2 0.021957 0.0219805
1 0.00148632 0.00150921
1 0.0230477 0.0230699
2 0.00523013 0.00525232
2 0.00474624 0.00476805
1 0.00173057 0.00175221
2 0.00632188 0.00634189
2 0.0128972 0.0129166
1 0.0292102 0.0292296
2 0.00606957 0.00608872
1 0.0121103 0.0121294
1 0.0347282 0.0347469
1 0.0191582 0.0191767
1 0.00401937 0.00403733
2 0.0236219 0.0236398
2 0.0349297 0.0349471
1 0.000779912 0.000796559
2 0.0214117 0.0214281
2 0.0576547 0.0576705
1 0.00348316 0.00349842
2 0.0157577 0.0157727
2 0.00319686 0.0032109
1 0.00358314 0.00359665
1 0.00871208 0.00872531
2 0.00702297 0.00703606
1 0.00683123 0.00684344
2 0.0135668 0.0135787
1 0.0210249 0.0210366
1 0.00169479 0.00170645
1 0.000979869 0.000991465
1 0.0341084 0.0341198
1 0.00190936 0.00192042
1 0.00113254 0.00114356
2 0.00414109 0.00415195
2 0.00480478 0.00481513
1 0.00251627 0.00252648
2 0.00154188 0.00155197
2 0.0570939 0.0571032
2 0.0195202 0.0195292
1 0.0127856 0.0127944
2 0.0375456 0.0375524
2 0.00925408 0.0092605
2 0.000900579 0.000906876
1 0.0399225 0.0399285
2 0.0113073 0.0113131
2 0.00493011 0.00493586
1 0.00282391 0.00282964
2 0.0263303 0.0263357
2 0.00961038 0.00961564
1 0.000785441 0.000790523
1 0.00196569 0.00197071
1 0.00955126 0.00955611
1 0.00160286 0.0016077
1 0.0115119 0.0115165
1 0.0129115 0.012916
2 0.00259066 0.00259512
2 0.00478255 0.00478674
1 0.0128922 0.012896
1 0.00220089 0.00220465
2 0.0208304 0.0208335
1 0.000305884 0.000308873
2 0.0130913 0.0130938
1 0.000943008 0.000945515
2 0.00325114 0.00325359
1 0.00818505 0.00818712
2 0.00166625 0.00166828
2 0.0104665 0.0104684
2 0.00323939 0.00324132
1 0.00467604 0.00467794
2 0.0347997 0.0348011
2 0.0146813 0.0146827
1 0.0309991 0.0310005
2 0.000841102 0.000842303
2 0.0355003 0.0355011
2 0.0137636 0.0137643
1 0.00243978 0.0024404
1 0.00103094 0.00103151
1 0.00239742 0.00239796
1 0.0285278 0.0285283
1 0.000680507 0.000680927
2 0.0285618 0.0285622
1 0.00259005 0.00259045
1 0.00282327 0.00282352
2 0.03123 0.0312303
2 0.00290835 0.00290858
1 0.0141488 0.014149
2 0.000493537 0.000493674
2 0.0263459 0.0263459
2 0.0115873 0.0115873
2 0.0402871 0.0402871
1 0.0102086 0.0102086
1 0.00146137 0.00146139
2 0.00293556 0.00293557
1 0.0096024 0.00960241
1 0.00240125 0.00240125
