0 0 inf
0 0 0.119105
1 0.142057 0.193441
0 0 0.0463018
0 0 0.0433265
0 0 0.041195
0 0 0.0266207
0 0 0.0256677
0 0 0.024784
0 0 0.0242937
0 0 0.0238987
0 0 0.0212534
0 0 0.0196946
1 0.0160553 0.0348864
1 0.139127 0.157586
0 0 0.0174687
1 0.0680982 0.0852522
0 0 0.0157768
0 0 0.0157272
1 0.0141238 0.029675
0 0 0.0154836
0 0 0.01488
0 0 0.0139148
0 0 0.0133953
0 0 0.0132685
0 0 0.0114746
0 0 0.011335
1 0.0459214 0.0571148
0 0 0.0111781
0 0 0.0110581
0 0 0.010711
0 0 0.0107069
0 0 0.0106735
0 0 0.0104044
0 0 0.0103672
0 0 0.010274
1 0.0268611 0.0370524
0 0 0.0100694
1 0.0355111 0.0449439
0 0 0.00935713
1 0.00919659 0.0183744
0 0 0.00872459
0 0 0.00871523
1 0.0261464 0.0340578
1 0.0323362 0.0400529
0 0 0.00769844
0 0 0.00768642
0 0 0.00766
0 0 0.00765746
1 0.015667 0.0231549
0 0 0.00747552
0 0 0.00721786
0 0 0.00702802
0 0 0.00687229
0 0 0.00686183
0 0 0.00684212
0 0 0.00678629
0 0 0.0066588
0 0 0.00657918
0 0 0.00645928
1 0.0348507 0.0409938
1 0.0155438 0.021601
1 0.0499799 0.0559535
0 0 0.00573728
0 0 0.00566939
0 0 0.00566185
0 0 0.00563431
0 0 0.00561166
1 0.0516312 0.0571907
0 0 0.00542118
0 0 0.00522445
2 0.0383061 0.0435301
1 0.0171887 0.0223655
0 0 0.00510077
0 0 0.00506541
0 0 0.00467058
1 0.00294719 0.00755194
1 0.0218135 0.0263359
1 0.0219695 0.0264226
1 0.0506884 0.0550297
0 0 0.00433037
0 0 0.00414896
1 0.0282495 0.0323932
0 0 0.00399597
0 0 0.00393228
0 0 0.00392254
0 0 0.00378763
1 0.0527283 0.0563456
1 0.0148139 0.0183365
1 0.0115883 0.0150192
0 0 0.00324539
0 0 0.00322104
1 0.00956037 0.012705
1 0.00818129 0.0113218
0 0 0.00308949
0 0 0.00307073
1 0.103079 0.106141
1 0.0250317 0.0280822
0 0 0.00302055
1 0.033383 0.0363939
0 0 0.00298055
0 0 0.00296415
0 0 0.00294014
0 0 0.00290216
2 0.0240211 0.0269215
1 0.0164063 0.0192842
1 0.0174157 0.0202899
0 0 0.00284495
0 0 0.00283127
0 0 0.00275962
0 0 0.00275603
1 0.00321593 0.00594247
0 0 0.00272026
0 0 0.00263432
1 0.012977 0.0155902
0 0 0.00259217
1 0.027937 0.0304948
1 0.00732489 0.00988236
1 0.0081746 0.0107179
0 0 0.00253585
1 0.0166529 0.0191741
1 0.00990555 0.0124218
1 0.00336718 0.0058173
1 0.00232419 0.00476636
1 0.0283956 0.0308135
2 0.0189502 0.0213068
2 0.0324658 0.0348166
0 0 0.00234488
1 0.003371 0.00571567
0 0 0.00234411
1 0.0289589 0.0312915
0 0 0.00231934
0 0 0.00231382
0 0 0.00230968
0 0 0.00230046
0 0 0.0022988
0 0 0.00229647
0 0 0.00224933
1 0.00604589 0.00829269
0 0 0.00218123
1 0.0149427 0.017119
1 0.0207351 0.0228927
1 0.0120604 0.0142116
0 0 0.00209693
0 0 0.00203935
0 0 0.00201469
0 0 0.00200359
0 0 0.00200339
1 0.064269 0.0662592
1 0.00201707 0.00398697
0 0 0.00195708
0 0 0.00195389
0 0 0.00185957
1 0.0291958 0.0310392
0 0 0.00184079
0 0 0.00182452
0 0 0.00181921
2 0.0349903 0.0367855
0 0 0.00178603
0 0 0.0017756
1 0.0968044 0.098557
1 0.0154177 0.0171628
1 0.00204624 0.00379136
1 0.0268931 0.0286307
0 0 0.0017353
1 0.0021776 0.00389273
1 0.00427994 0.00592085
0 0 0.00162272
0 0 0.00160409
1 0.00915521 0.0107574
1 0.0111872 0.0127852
1 0.0195417 0.021136
0 0 0.0015846
0 0 0.00156978
1 0.00277936 0.00434777
1 0.00221858 0.00376221
1 0.00586939 0.00740742
0 0 0.00153015
1 0.0317123 0.0332273
1 0.0221484 0.0236633
1 0.0548364 0.0563417
0 0 0.00146585
0 0 0.00146448
1 0.0721844 0.0736481
2 0.0412877 0.042739
0 0 0.00140461
0 0 0.00140073
0 0 0.00138884
1 0.0100284 0.0114161
0 0 0.00137483
1 0.0334762 0.0348494
1 0.00287584 0.0042274
0 0 0.00133887
1 0.0299991 0.0313319
1 0.00191865 0.00325141
0 0 0.00133101
0 0 0.00131308
0 0 0.00130361
1 0.00451231 0.0057967
0 0 0.00128407
0 0 0.00127473
1 0.0139322 0.0152049
1 0.00271562 0.0039837
1 0.00270635 0.00396564
2 0.0667845 0.0680131
0 0 0.00122381
1 0.00455085 0.00575029
1 0.011301 0.0124951
1 0.0352514 0.0364328
0 0 0.00117937
1 0.0407334 0.0419
1 0.0114316 0.0125949
0 0 0.00116165
1 0.00366472 0.00479737
0 0 0.00111034
0 0 0.00111011
0 0 0.00108074
0 0 0.0010687
0 0 0.00105744
0 0 0.00103709
2 0.031345 0.0323633
1 0.00207905 0.00309391
0 0 0.00100699
0 0 0.000997945
1 0.00164268 0.00262677
0 0 0.000983482
0 0 0.000976287
0 0 0.000972823
0 0 0.000971486
1 0.00437522 0.00534584
0 0 0.000968797
1 0.0116546 0.012614
0 0 0.000953506
1 0.0387961 0.0397284
0 0 0.000919563
0 0 0.000915326
1 0.00346746 0.0043762
1 0.0228071 0.0236989
1 0.0308534 0.0317333
1 0.0411483 0.0420222
1 0.00328841 0.00415714
0 0 0.000862102
1 0.00509178 0.00594993
0 0 0.000837509
0 0 0.000836302
0 0 0.000834521
0 0 0.000828936
0 0 0.000821905
1 0.0043903 0.00520155
1 0.0206242 0.0214168
0 0 0.00078299
1 0.036303 0.0370827
1 0.00533534 0.0061115
1 0.00996959 0.0107424
0 0 0.000769369
2 0.0569937 0.0577462
0 0 0.000750207
1 0.00363664 0.00438265
1 0.00379208 0.00453592
0 0 0.000729161
0 0 0.000720016
0 0 0.000717124
0 0 0.000713039
0 0 0.00071274
1 0.0153864 0.0160966
0 0 0.000709414
0 0 0.000707262
1 0.00679781 0.00750502
1 0.0024199 0.00311956
0 0 0.000689761
1 0.144892 0.145578
2 0.0134663 0.014148
0 0 0.000675017
0 0 0.000673964
0 0 0.000668049
0 0 0.000665679
0 0 0.000664671
1 0.107908 0.108572
2 0.0156822 0.0163445
0 0 0.000657841
1 0.00532373 0.00598041
0 0 0.000654648
1 0.00433627 0.00498978
1 0.0043958 0.00504746
1 0.0106569 0.011304
0 0 0.00064497
1 0.00846348 0.0090887
1 0.00121865 0.00184039
1 0.00235569 0.00295316
0 0 0.000597184
0 0 0.00058292
2 0.00847017 0.00904862
1 0.00335267 0.00391552
0 0 0.000561169
0 0 0.000560487
0 0 0.000551886
2 0.109372 0.109922
0 0 0.000540158
1 0.0154739 0.0160114
1 0.12552 0.126056
1 0.00361059 0.00414079
0 0 0.000519603
1 0.00916324 0.00968204
1 0.00566708 0.00618254
1 0.00320284 0.00371302
2 0.0206502 0.0211578
2 0.0329764 0.0334814
1 0.00736608 0.00786853
1 0.0143005 0.0147936
0 0 0.000489121
2 0.00958941 0.0100747
1 0.00253798 0.00301934
1 0.00821844 0.00869911
1 0.00474104 0.00522145
2 0.00434418 0.00482038
0 0 0.000470084
0 0 0.000466107
1 0.00506575 0.00553027
1 0.0227323 0.0231879
1 0.00582505 0.00627625
1 0.00578648 0.00623081
1 0.00422863 0.00466299
1 0.00910937 0.00954349
0 0 0.000431884
1 0.0416969 0.0421277
1 0.00348242 0.00390732
1 0.0147846 0.0152081
1 0.00992295 0.0103418
1 0.00518436 0.00559219
0 0 0.000406585
1 0.00664399 0.00704809
0 0 0.000402857
1 0.0349767 0.035378
0 0 0.000389201
2 0.0674707 0.0678501
1 0.00276482 0.00313631
0 0 0.000369374
2 0.0254741 0.0258413
2 0.00879047 0.00915701
1 0.00758345 0.00794978
0 0 0.000359099
1 0.00373582 0.00408622
1 0.00692509 0.00727512
0 0 0.000349826
1 0.00318162 0.00352482
0 0 0.000341212
1 0.00980795 0.0101455
0 0 0.000334826
1 0.0338671 0.0342005
2 0.0203939 0.0207204
1 0.0013979 0.00172092
1 0.0176421 0.0179593
1 0.00224916 0.00255886
2 0.0369364 0.0372447
1 0.00469773 0.0050016
1 0.037169 0.0374713
1 0.00302575 0.00332707
0 0 0.000296483
1 0.00106688 0.00136316
1 0.00146715 0.00176297
1 0.00534245 0.00563506
2 0.0739153 0.0742061
1 0.0182812 0.0185619
1 0.0173611 0.0176399
1 0.0114257 0.0116931
1 0.0566589 0.0569261
1 0.00257134 0.00283681
1 0.00267164 0.00293702
1 0.00178804 0.00204965
1 0.0015219 0.00178236
1 0.0020083 0.00226857
2 0.0331646 0.0334243
1 0.0025742 0.00282953
1 0.00109053 0.00134391
0 0 0.000246812
1 0.00115075 0.00139662
2 0.0235809 0.0238265
1 0.00858928 0.0088315
1 0.0012296 0.00147045
0 0 0.000238985
1 0.00455887 0.00479718
0 0 0.000237026
1 0.00550583 0.00574271
1 0.00428425 0.00452075
1 0.0122937 0.012529
1 0.00214676 0.00237227
1 0.00184246 0.00206605
1 0.00662667 0.00684956
2 0.00603378 0.00625615
2 0.00672559 0.00694765
1 0.000960327 0.00117945
1 0.00675435 0.0069717
2 0.0164429 0.0166552
1 0.00396583 0.00417731
1 0.0060478 0.00625849
1 0.0421858 0.0423954
2 0.00431628 0.00452518
1 0.00248896 0.00269504
1 0.00475067 0.00495555
1 0.00470687 0.00490868
1 0.00313552 0.0033365
1 0.00265874 0.0028593
1 0.00495287 0.00515191
0 0 0.000198066
1 0.0159157 0.0161136
1 0.00355148 0.00374047
1 0.00286142 0.00304139
1 0.00163961 0.00181845
2 0.0117689 0.0119452
1 0.00330282 0.00347687
1 0.0278835 0.0280574
1 0.00634688 0.00651928
2 0.00334287 0.0035145
1 0.00423605 0.00440453
1 0.00328121 0.00344867
1 0.0147545 0.0149202
1 0.0161414 0.016307
2 0.0586484 0.0588129
1 0.0818245 0.0819881
2 0.0505925 0.0507561
1 0.00186118 0.00202329
0 0 0.000159149
0 0 0.000158568
2 0.058648 0.0588059
2 0.0152399 0.0153967
1 0.00161608 0.00177133
2 0.00207007 0.0022247
1 0.000709751 0.000864172
1 0.0383071 0.0384608
1 0.00282863 0.00298221
1 0.00141315 0.00155984
1 0.0345076 0.0346536
1 0.0108884 0.0110322
2 0.00339541 0.00353894
0 0 0.000142366
1 0.00477661 0.00491835
1 0.00241545 0.00255662
1 0.0260692 0.0262093
1 0.00475803 0.00489779
1 0.00173903 0.00187719
2 0.00612317 0.00625899
1 0.0110398 0.0111751
1 0.00157184 0.00170687
1 0.0112843 0.0114191
1 0.0014311 0.00156401
1 0.0101922 0.0103246
1 0.00167203 0.00180227
1 0.00301827 0.00314675
2 0.00623952 0.00636533
2 0.00647578 0.0065999
1 0.00431165 0.0044346
1 0.0114649 0.0115832
1 0.00310164 0.00321884
0 0 0.000117186
1 0.0374762 0.0375933
1 0.00749497 0.00761148
1 0.0153305 0.0154435
1 0.00438267 0.00449553
1 0.000990211 0.00110207
0 0 0.000110907
1 0.00301883 0.00312841
1 0.00544809 0.00555667
1 0.00390776 0.00401213
1 0.00251045 0.00261374
2 0.00339893 0.00350109
1 0.017086 0.0171878
2 0.0305521 0.0306528
1 0.00190911 0.00200967
1 0.00939478 0.00949429
0 0 9.67135e-05
1 0.110579 0.110675
1 0.0377268 0.0378229
1 0.0147604 0.0148562
1 0.00216656 0.00226202
2 0.00514302 0.00523845
1 0.00212026 0.00221247
2 0.0380716 0.0381636
2 0.0177851 0.0178755
2 0.0173031 0.0173918
2 0.0179717 0.0180604
1 0.00460341 0.00469208
2 0.00647821 0.00656658
2 0.0026341 0.00272215
1 0.0139122 0.0139999
1 0.00402174 0.00410872
0 0 8.63661e-05
2 0.00861868 0.00870326
1 0.00532031 0.00540343
2 0.00601519 0.00609697
0 0 8.13747e-05
1 0.0108364 0.0109176
1 0.0016931 0.0017714
2 0.0014062 0.00148263
1 0.000848567 0.000922959
2 0.0281344 0.0282076
2 0.00606336 0.00613595
2 0.0203669 0.0204379
2 0.00398171 0.00405215
2 0.00589944 0.00596824
2 0.00801065 0.0080794
1 0.00563615 0.00570465
1 0.00583423 0.00590257
1 0.00305895 0.0031273
1 0.0303642 0.0304311
1 0.00138184 0.00144732
2 0.00687381 0.00693927
2 0.114747 0.114812
2 0.0118015 0.0118665
1 0.00342586 0.00348971
1 0.00118001 0.00124262
1 0.00120972 0.00127119
0 0 6.0557e-05
1 0.00371555 0.00377387
1 0.00970636 0.00976411
1 0.0450612 0.0451188
1 0.00333289 0.00338806
1 0.00157061 0.00162486
1 0.00113552 0.00118765
1 0.0178256 0.0178767
2 0.0454906 0.0455387
2 0.00260445 0.00265229
1 0.00519615 0.00524385
1 0.00283897 0.00288596
1 0.0050396 0.00508652
1 0.00143013 0.00147653
1 0.00370999 0.00375632
1 0.0202142 0.0202603
1 0.020625 0.0206703
2 0.0018747 0.00191993
1 0.00811963 0.00816447
2 0.00322453 0.00326899
1 0.00850427 0.00854644
1 0.00120762 0.00124866
1 0.00251571 0.00255675
1 0.00261513 0.00265596
2 0.112988 0.113028
2 0.00393473 0.00397442
2 0.035262 0.0353013
2 0.00392653 0.0039653
2 0.00157776 0.00161627
1 0.0011771 0.00121507
1 0.0037431 0.00378057
2 0.00472001 0.00475677
1 0.00629107 0.00632774
1 0.00178886 0.00182537
2 0.0127434 0.0127784
1 0.00358673 0.00362145
1 0.00774244 0.00777638
2 0.00627713 0.00631071
1 0.00248041 0.00251357
1 0.00265206 0.0026852
2 0.00878402 0.00881698
1 0.00583448 0.00586703
2 0.00595843 0.00599064
1 0.00199784 0.00202733
1 0.00322857 0.0032577
2 0.161565 0.161594
1 0.00158313 0.00161194
1 0.00572192 0.00575066
1 0.00151237 0.00154095
2 0.0119698 0.0119979
1 0.00736507 0.00739304
1 0.0947068 0.0947345
1 0.0021994 0.00222661
1 0.000569482 0.000596135
2 0.00523583 0.00526185
1 0.00249991 0.00252584
1 0.00532392 0.00534982
2 0.0053344 0.0053601
1 0.00184419 0.00186955
2 0.0233657 0.0233908
1 0.00386955 0.00389407
1 0.00951507 0.00953959
2 0.0113636 0.0113871
2 0.0056097 0.00563278
1 0.0504156 0.0504385
1 0.0240569 0.0240795
1 0.00132614 0.00134861
1 0.00142376 0.00144596
1 0.110427 0.110449
2 0.0069051 0.00692663
1 0.000947826 0.000969314
1 0.000670238 0.000691689
1 0.000734349 0.000755441
2 0.0483415 0.0483626
2 0.0263391 0.0263596
2 0.00302369 0.00304294
1 0.00463315 0.00465237
1 0.00150662 0.0015252
1 0.0233238 0.0233416
2 0.0182107 0.0182284
2 0.0352959 0.0353132
1 0.00151837 0.00153566
1 0.00605601 0.00607327
1 0.00276192 0.00277903
1 0.00329162 0.00330867
2 0.0335558 0.0335727
2 0.0185738 0.0185907
2 0.00205533 0.00207213
2 0.0230059 0.0230223
1 0.00107974 0.00109566
2 0.0338332 0.0338485
2 0.0194676 0.0194822
2 0.00619767 0.00621212
1 0.00110485 0.00111889
1 0.00865439 0.00866834
2 0.00627298 0.00628677
1 0.00699466 0.00700844
1 0.0208335 0.0208471
1 0.0038935 0.00390701
2 0.00686273 0.00687603
1 0.00543667 0.00544973
1 0.00205285 0.00206537
2 0.0013961 0.00140826
1 0.00776261 0.00777454
2 0.00433583 0.00434754
2 0.00340369 0.00341524
1 0.0120816 0.0120928
1 0.0229558 0.022967
1 0.00440488 0.0044145
1 0.0140816 0.0140906
2 0.00827106 0.00827976
1 0.00329396 0.00330247
1 0.00339751 0.00340588
1 0.000743701 0.000752051
0 0 8.29467e-06
2 0.00591442 0.00592247
2 0.00251703 0.00252423
1 0.00662417 0.00663112
2 0.00825862 0.00826548
1 0.00122598 0.00123257
1 0.00126822 0.00127351
1 0.00202954 0.00203477
2 0.00658836 0.00659269
1 0.0233358 0.0233399
1 0.00122119 0.00122523
2 0.00222318 0.00222717
2 0.00190674 0.00191061
2 0.00895552 0.00895935
2 0.00329593 0.00329941
1 0.0181061 0.0181095
2 0.00753427 0.00753769
2 0.0073535 0.00735677
2 0.0120121 0.0120154
2 0.00396805 0.00397089
1 0.000795115 0.000797947
2 0.0233789 0.023381
1 0.00889268 0.00889482
2 0.0141155 0.0141175
2 0.00598161 0.00598347
1 0.0113453 0.0113468
2 0.00401303 0.00401417
1 0.00123186 0.00123296
1 0.000680588 0.000681663
2 0.00961785 0.00961881
1 0.00225167 0.00225258
2 0.00220197 0.00220285
1 0.00292393 0.00292464
2 0.0395062 0.0395069
2 0.00129554 0.00129611
1 0.00542344 0.00542398
1 0.00440011 0.00440064
2 0.00153899 0.00153937
2 0.0104579 0.0104583
1 0.00823913 0.0082394
1 0.0025813 0.0025815
2 0.00514464 0.00514479
2 0.00171356 0.00171363
2 0.00543261 0.00543266
1 0.0654638 0.0654638
2 0.00621728 0.0062173
2 0.123598 0.123598
1 0.00255288 0.00255289
2 0.00868903 0.00868903
1 0.00233218 0.00233218
1 0.00118528 0.00118528
