0 0 inf
1 0.0629546 0.131566
0 0 0.0642572
0 0 0.0554079
0 0 0.0482229
0 0 0.045399
0 0 0.0404406
1 0.0408542 0.0725569
0 0 0.0311439
0 0 0.0303759
0 0 0.0288412
0 0 0.0279289
0 0 0.0263538
0 0 0.0260914
0 0 0.0252254
0 0 0.0237659
0 0 0.0236392
0 0 0.0225877
1 0.0144558 0.0367929
0 0 0.0203385
0 0 0.019625
1 0.0108191 0.0281708
0 0 0.0172534
0 0 0.0168802
1 0.0210976 0.0372521
0 0 0.0156343
0 0 0.0151761
0 0 0.0149424
0 0 0.0145764
0 0 0.014485
1 0.0314673 0.0451975
0 0 0.0131791
0 0 0.0124955
0 0 0.0122401
1 0.0597122 0.0710392
0 0 0.0112546
0 0 0.0106536
0 0 0.0101438
0 0 0.0101077
0 0 0.00996307
0 0 0.00960763
1 0.0457884 0.0553775
1 0.0239754 0.0330802
0 0 0.00896692
0 0 0.00892349
0 0 0.00860448
0 0 0.00857841
0 0 0.0084927
0 0 0.00845682
0 0 0.00779796
0 0 0.00775373
0 0 0.00759698
1 0.103164 0.110421
0 0 0.00723897
0 0 0.0072271
0 0 0.00710255
0 0 0.00709576
1 0.0180464 0.0243984
1 0.0473984 0.0537287
1 0.00404124 0.0103595
0 0 0.00581938
0 0 0.00567148
0 0 0.00534723
1 0.00331915 0.00861691
1 0.00465633 0.00961801
0 0 0.00488515
0 0 0.00477502
0 0 0.00473019
0 0 0.00468275
0 0 0.00462342
0 0 0.00462022
1 0.0185167 0.0229533
0 0 0.00440446
0 0 0.00426326
0 0 0.00423565
0 0 0.00409447
0 0 0.00409375
0 0 0.00406361
1 0.0164174 0.0204745
0 0 0.0040136
2 0.13299 0.136954
2 0.131848 0.135791
1 0.0245878 0.0285111
0 0 0.00390741
1 0.0143007 0.0181129
1 0.0680508 0.0718357
1 0.0186271 0.0223801
0 0 0.00373588
0 0 0.00371449
1 0.00522163 0.0089132
0 0 0.00365895
1 0.121979 0.125601
0 0 0.00358744
1 0.00382528 0.00740901
1 0.0113561 0.0149352
0 0 0.00352707
0 0 0.00338227
1 0.038605 0.0419705
1 0.00556171 0.00892325
0 0 0.00331089
1 0.0101468 0.0134452
0 0 0.00329841
0 0 0.00325977
0 0 0.00323678
0 0 0.00312671
1 0.0287099 0.031819
1 0.0836749 0.086759
0 0 0.00297235
0 0 0.00295663
0 0 0.00293804
0 0 0.00293665
0 0 0.00290921
0 0 0.00289659
2 0.0416885 0.0445489
0 0 0.00280568
0 0 0.00279123
0 0 0.0027556
0 0 0.00272182
1 0.00454877 0.0071992
0 0 0.00263486
0 0 0.00262218
1 0.0166576 0.019173
1 0.01381 0.0162838
0 0 0.0024507
0 0 0.00243064
1 0.0291278 0.0315578
0 0 0.00241549
0 0 0.00234238
0 0 0.00232327
0 0 0.00230111
0 0 0.0022811
0 0 0.00227791
1 0.0148911 0.0171454
1 0.0345592 0.0367843
1 0.0137898 0.0159882
0 0 0.00218491
1 0.133955 0.136126
1 0.0190613 0.0212236
2 0.0463121 0.0484712
0 0 0.00214861
2 0.0396309 0.0417676
1 0.00955403 0.0116802
1 0.00708357 0.00920867
0 0 0.00211306
0 0 0.00209248
0 0 0.00207326
0 0 0.00204761
0 0 0.00204385
0 0 0.00197508
1 0.0208538 0.0228137
0 0 0.00194945
1 0.0100762 0.0120224
0 0 0.00191449
1 0.0188265 0.0207313
1 0.0302427 0.0321409
0 0 0.00188279
0 0 0.00188157
1 0.0137753 0.0156435
1 0.00680693 0.00867014
1 0.0111695 0.0129539
1 0.0504143 0.0521878
1 0.0113706 0.0131254
0 0 0.0017381
1 0.0116601 0.0133899
1 0.00612954 0.00785486
0 0 0.00172293
1 0.0542243 0.0559362
1 0.0106727 0.0123672
1 0.0616317 0.0633075
1 0.0243263 0.026001
0 0 0.00165286
1 0.0133124 0.0149532
1 0.00242704 0.00405216
0 0 0.00160922
0 0 0.00160823
0 0 0.00158014
0 0 0.00156447
0 0 0.00155566
1 0.00561436 0.00716993
0 0 0.00152073
1 0.0130893 0.0145883
0 0 0.00148644
1 0.0204685 0.0219262
0 0 0.00144926
0 0 0.0014372
2 0.0358752 0.0372987
0 0 0.00142323
1 0.00512306 0.00654345
0 0 0.00139335
2 0.0185859 0.0199404
0 0 0.00133965
1 0.164729 0.166053
0 0 0.00130462
1 0.00221453 0.00350082
1 0.0122627 0.0135423
1 0.0961252 0.0973992
0 0 0.00127031
0 0 0.00125485
0 0 0.00125136
1 0.0107571 0.0120035
1 0.0330252 0.0342223
0 0 0.00116785
2 0.0172772 0.018423
1 0.03228 0.0334206
0 0 0.00111158
2 0.0430461 0.0441506
1 0.0359358 0.0370368
2 0.0317907 0.0328893
1 0.0212504 0.0223303
1 0.00361954 0.00468997
1 0.0123153 0.0133757
0 0 0.00105643
1 0.00184048 0.0028963
0 0 0.00105116
1 0.0175865 0.0186277
1 0.0212355 0.0222728
1 0.00416001 0.00519529
0 0 0.00103137
1 0.00749611 0.00852011
0 0 0.00101753
1 0.00496761 0.00596714
1 0.0402861 0.0412807
0 0 0.000992085
1 0.00743898 0.00841939
2 0.0112684 0.0122409
0 0 0.000971471
1 0.00673997 0.00769745
0 0 0.00095565
1 0.00487408 0.00581817
0 0 0.000931591
0 0 0.000928921
0 0 0.000923552
0 0 0.00091694
1 0.00481701 0.00572534
0 0 0.000900708
1 0.0228418 0.0237377
2 0.00906134 0.00995202
1 0.0353338 0.0362175
0 0 0.000882466
1 0.0124289 0.0133065
0 0 0.000866356
1 0.0102329 0.0110965
0 0 0.000861276
0 0 0.000856171
0 0 0.000852834
1 0.0036805 0.00453059
1 0.00258346 0.0034109
0 0 0.000823832
0 0 0.00081697
0 0 0.000815301
0 0 0.000800226
0 0 0.00079766
1 0.0727038 0.0734883
1 0.00235085 0.00313085
0 0 0.000776573
0 0 0.000775035
1 0.0318372 0.0326098
0 0 0.000770437
1 0.00700819 0.00777711
0 0 0.000754747
0 0 0.000754338
1 0.0123529 0.0131026
0 0 0.00073726
1 0.00152523 0.00226133
1 0.0364201 0.037154
1 0.00602354 0.00675472
1 0.0292341 0.0299612
1 0.0186233 0.0193474
1 0.0283262 0.0290501
0 0 0.000721683
0 0 0.000719079
1 0.043528 0.0442443
1 0.00525535 0.00596869
1 0.00274574 0.00345754
0 0 0.000701067
1 0.00601861 0.00671967
0 0 0.000675102
0 0 0.000659546
1 0.0261809 0.0268388
0 0 0.000654298
1 0.00339349 0.00404371
1 0.0144066 0.0150562
0 0 0.000646388
1 0.00661319 0.00725547
1 0.0151396 0.015781
1 0.00369374 0.004335
1 0.0476406 0.0482771
2 0.00467053 0.00529641
0 0 0.000625308
2 0.0586686 0.0592885
0 0 0.000615778
1 0.00484228 0.00545794
1 0.00386134 0.00446777
0 0 0.000605805
1 0.00516697 0.00577245
2 0.0215309 0.0221323
1 0.0367599 0.0373589
1 0.0170008 0.0175963
1 0.0241521 0.0247438
1 0.00345362 0.00404522
1 0.00722916 0.00781573
0 0 0.000572455
1 0.0273451 0.0279077
0 0 0.000561135
0 0 0.000560482
0 0 0.000558895
1 0.00297086 0.00352461
1 0.00361767 0.00416858
1 0.0278317 0.0283825
0 0 0.000541298
1 0.00331767 0.00385506
1 0.0124493 0.0129832
0 0 0.000532712
2 0.0261434 0.0266732
0 0 0.000519677
1 0.000846026 0.00135765
0 0 0.000509417
1 0.0040669 0.00457556
1 0.00809467 0.00859686
1 0.00533343 0.0058326
1 0.00250019 0.00299648
1 0.0102493 0.010744
0 0 0.000485778
1 0.00497863 0.00546404
2 0.0137811 0.0142639
1 0.00414009 0.00461132
1 0.0160401 0.0165084
1 0.00248149 0.00294921
2 0.00433694 0.00480304
0 0 0.000464528
2 0.0226388 0.0230987
1 0.0033447 0.003803
2 0.0187493 0.0192053
0 0 0.000452497
0 0 0.000451737
1 0.00501564 0.00546718
1 0.0019973 0.00244642
2 0.0169179 0.0173664
1 0.115883 0.116329
1 0.00889976 0.00934486
1 0.00239779 0.00284284
0 0 0.000441205
1 0.00408295 0.00452392
0 0 0.000440062
1 0.00540597 0.00584098
1 0.0659798 0.0664109
1 0.0400356 0.0404663
0 0 0.000415455
1 0.00277764 0.00318893
1 0.0316184 0.0320249
1 0.00409049 0.00449636
2 0.0388958 0.0392996
2 0.040977 0.0413781
1 0.00267353 0.00306733
1 0.0144874 0.0148812
0 0 0.000391538
1 0.0193014 0.0196823
2 0.0128665 0.0132445
0 0 0.000375988
1 0.00732598 0.0077011
1 0.0447255 0.0451001
1 0.00251607 0.00288696
1 0.012855 0.0132257
2 0.0307052 0.0310742
2 0.0167712 0.0171383
2 0.0742935 0.0746586
2 0.0647079 0.0650663
1 0.0224635 0.0228216
1 0.00727976 0.00763778
0 0 0.000351914
1 0.00608918 0.00644101
1 0.00364363 0.00398988
2 0.00948892 0.00983286
0 0 0.000343936
1 0.0405165 0.0408573
0 0 0.000339815
1 0.00180245 0.00213711
1 0.0230935 0.0234236
0 0 0.000330004
0 0 0.000329746
1 0.00860119 0.00892683
1 0.0099107 0.0102337
1 0.00167348 0.00199233
2 0.0083172 0.00863591
2 0.0359271 0.0362387
1 0.00294248 0.00325136
1 0.00169384 0.00200231
1 0.00566033 0.00596866
2 0.0412786 0.0415784
2 0.0126433 0.0129413
2 0.00327613 0.0035684
1 0.0366155 0.0369066
1 0.00226938 0.002557
1 0.000834358 0.00111965
1 0.00643751 0.00672273
1 0.00110372 0.00138288
1 0.00510233 0.0053797
1 0.00274095 0.00301739
1 0.00414536 0.00441929
1 0.0814475 0.0817202
1 0.0533958 0.0536638
1 0.0203672 0.0206277
1 0.00159211 0.0018523
1 0.00458558 0.00484062
1 0.0174517 0.017706
2 0.0165807 0.016833
1 0.0114166 0.0116681
1 0.00354188 0.00379073
1 0.00662677 0.00687555
1 0.0286595 0.0289007
0 0 0.000238948
1 0.00504599 0.00527787
1 0.00454684 0.004778
0 0 0.000230863
0 0 0.00022601
2 0.00450353 0.00472815
1 0.00157 0.00179363
1 0.000785917 0.00100722
1 0.0113653 0.0115842
1 0.0262425 0.0264602
1 0.00577842 0.00599546
1 0.00105414 0.00127102
1 0.00232982 0.00254449
1 0.0173102 0.0175245
0 0 0.000212291
2 0.00704054 0.0072528
0 0 0.000212096
1 0.0496519 0.0498607
1 0.00624647 0.00645054
1 0.00055248 0.000756108
1 0.0016476 0.00183959
2 0.00762197 0.00781289
1 0.00158096 0.00176896
1 0.0496918 0.0498769
2 0.015858 0.0160379
2 0.0262474 0.0264259
1 0.0172133 0.0173917
1 0.0140895 0.014266
0 0 0.00017453
1 0.0111889 0.0113617
2 0.00389617 0.00406876
1 0.00782132 0.00799367
1 0.0135681 0.0137402
1 0.0427892 0.0429577
1 0.000798964 0.000966771
1 0.00178558 0.00195303
1 0.000882244 0.00104778
1 0.00135953 0.00152436
1 0.00892817 0.00909081
2 0.00824048 0.0084027
2 0.00582813 0.00598965
0 0 0.000161288
1 0.00857434 0.0087356
0 0 0.000157734
1 0.00408762 0.00424309
1 0.00170532 0.00185586
1 0.00410294 0.00425284
1 0.00110452 0.00125383
2 0.148553 0.148701
2 0.0168638 0.0170113
1 0.00127647 0.00142369
1 0.00571287 0.00585833
1 0.00689385 0.00703893
1 0.0242827 0.0244273
1 0.00652087 0.00666075
1 0.00321823 0.00335633
1 0.00167407 0.00181176
1 0.00401902 0.00415664
1 0.00252473 0.0026584
1 0.00270901 0.00284003
1 0.0449139 0.0450426
1 0.0162769 0.0164045
1 0.00145288 0.00158025
1 0.00524073 0.00536478
1 0.00288435 0.0030047
1 0.0292805 0.0293999
1 0.00189574 0.00201401
2 0.023719 0.0238362
2 0.00695524 0.00706832
1 0.00339432 0.00350675
1 0.00867591 0.00878777
1 0.040426 0.0405373
1 0.0157972 0.0159054
1 0.00866143 0.00876866
1 0.0033699 0.00347653
2 0.0174846 0.0175904
1 0.00105692 0.0011623
1 0.00109894 0.00120402
1 0.0126591 0.0127634
1 0.0053604 0.00545964
2 0.0687569 0.0688556
2 0.00201308 0.00210685
1 0.00161547 0.00170922
1 0.00386624 0.00395594
1 0.0059273 0.00601535
1 0.0291159 0.0292035
2 0.0443703 0.0444544
2 0.00431963 0.00440339
2 0.0431348 0.0432176
0 0 8.15414e-05
1 0.00279841 0.00287985
1 0.00847983 0.00856006
2 0.0288816 0.0289611
1 0.00103114 0.00110893
0 0 7.76144e-05
1 0.0287089 0.028784
2 0.0121041 0.0121768
1 0.0167794 0.0168508
1 0.00307243 0.00314388
1 0.0441871 0.0442579
1 0.00267129 0.00274095
1 0.0087918 0.0088599
2 0.0302523 0.0303192
2 0.00400691 0.00407329
1 0.000555449 0.000620039
1 0.0148827 0.0149471
1 0.00574425 0.00580816
1 0.00174311 0.00180654
2 0.00585736 0.00592078
1 0.026714 0.0267751
2 0.0459313 0.0459911
1 0.00342443 0.00348384
1 0.00789564 0.00795421
1 0.000992813 0.00104938
1 0.0051906 0.00524683
0 0 5.60995e-05
1 0.00348386 0.00353989
1 0.000782039 0.00083582
1 0.0158114 0.0158638
2 0.00359231 0.00364447
1 0.00805353 0.00810486
2 0.00180919 0.00185962
1 0.0602679 0.0603178
2 0.0043126 0.00436205
2 0.00582357 0.00587289
1 0.026004 0.0260531
1 0.000910138 0.000957885
2 0.00309775 0.00314429
1 0.0112024 0.0112488
1 0.0169123 0.0169577
2 0.00554088 0.00558554
2 0.00427103 0.00431537
2 0.0297047 0.0297477
2 0.00787148 0.00791345
1 0.00705702 0.00709887
1 0.00190673 0.0019477
2 0.0189899 0.0190308
1 0.00120928 0.00125018
2 0.00938327 0.00942361
2 0.0326368 0.032677
2 0.0112604 0.0112999
1 0.000414928 0.000454314
2 0.0439685 0.0440078
1 0.0380624 0.0381013
1 0.00151272 0.00154946
2 0.00916197 0.00919826
1 0.00152051 0.00155661
1 0.00435437 0.00439012
1 0.00488142 0.00491289
1 0.00214991 0.00218067
1 0.00320316 0.00323389
1 0.00906414 0.00909237
1 0.00255443 0.00258221
2 0.00409985 0.00412735
1 0.0244418 0.0244688
2 0.0232336 0.0232602
0 0 2.63667e-05
1 0.00203885 0.00206504
1 0.00421688 0.00424271
1 0.000947509 0.000972389
2 0.022569 0.0225937
1 0.00542899 0.00545324
1 0.0152166 0.0152402
2 0.0171372 0.0171606
2 0.00181548 0.0018387
1 0.000602452 0.000625641
2 0.0244829 0.024506
1 0.0423479 0.0423708
2 0.00974663 0.00976876
1 0.00135519 0.00137725
2 0.00984801 0.00987002
2 0.00154901 0.00157097
1 0.0196593 0.0196807
1 0.00268759 0.00270823
2 0.00946489 0.00948552
2 0.030493 0.030513
1 0.0041738 0.00419385
2 0.00963054 0.00965025
1 0.0021914 0.00221103
1 0.00679104 0.00681039
1 0.0173975 0.0174163
2 0.0580593 0.0580779
2 0.00202481 0.00204271
1 0.0344857 0.0345028
1 0.0123697 0.0123863
2 0.0196888 0.0197054
1 0.00240225 0.00241846
2 0.00140067 0.00141599
1 0.00424566 0.00426084
2 0.00466442 0.00467935
1 0.0018044 0.00181864
1 0.00344492 0.00345889
1 0.0304365 0.0304503
2 0.00317185 0.0031851
1 0.00155762 0.0015704
1 0.00437223 0.00438491
1 0.00439211 0.00440476
2 0.00462516 0.00463774
2 0.0092772 0.00928978
2 0.00158029 0.00159279
1 0.00653304 0.00654524
2 0.00512393 0.00513587
2 0.0015317 0.00154345
1 0.00931724 0.00932884
1 0.00974948 0.00976107
1 0.00736282 0.00737428
1 0.00861518 0.0086266
2 0.0154244 0.0154357
2 0.0392813 0.0392918
2 0.00868364 0.00869402
2 0.00564994 0.00566025
1 0.00154242 0.00155231
2 0.00575183 0.00576123
2 0.0124716 0.0124808
1 0.0013086 0.00131774
2 0.0169587 0.0169675
1 0.00294799 0.00295673
2 0.00486914 0.00487748
2 0.0255862 0.0255942
1 0.0462625 0.0462706
1 0.00345481 0.00346255
2 0.0081169 0.0081246
1 0.171898 0.171905
2 0.00351483 0.00352192
2 0.00955886 0.00956574
2 0.0169416 0.0169482
1 0.0112218 0.0112277
1 0.00252874 0.00253438
2 0.026075 0.0260805
1 0.00886148 0.00886693
2 0.00279308 0.00279832
1 0.00229774 0.00230278
2 0.00759152 0.0075962
1 0.00442165 0.00442593
2 0.0333399 0.0333441
1 0.0172242 0.0172281
2 0.00741196 0.00741557
1 0.021009 0.0210126
2 0.00875141 0.00875487
2 0.0092955 0.00929888
2 0.00412993 0.00413321
2 0.0049192 0.00492202
2 0.0199952 0.019998
1 0.00270279 0.00270552
2 0.0196161 0.0196188
1 0.0565642 0.0565668
2 0.0212472 0.0212497
1 0.0660071 0.0660088
1 0.000707031 0.000708696
1 0.00257807 0.0025797
1 0.0199168 0.0199183
2 0.00730316 0.00730464
1 0.0200389 0.0200404
1 0.00962588 0.00962734
1 0.00535557 0.00535691
2 0.00479738 0.00479864
1 0.00921461 0.0092157
1 0.00131852 0.00131939
2 0.019397 0.0193978
1 0.00411593 0.00411672
1 0.00134398 0.00134473
2 0.00428936 0.00429004
2 0.00567147 0.00567213
2 0.010219 0.0102196
1 0.00262254 0.00262312
2 0.00245093 0.00245149
1 0.00241841 0.00241892
2 0.00202896 0.00202941
1 0.00559571 0.00559612
1 0.0253543 0.0253547
2 0.00349798 0.00349833
1 0.000909821 0.00091006
2 0.00684405 0.00684426
2 0.00263273 0.00263288
1 0.0132169 0.013217
1 0.0185143 0.0185145
2 0.0270874 0.0270875
2 0.00133697 0.00133709
1 0.00341572 0.00341584
2 0.0391372 0.0391373
1 0.00927426 0.00927432
2 0.00127573 0.00127578
1 0.00673648 0.00673651
2 0.0041956 0.00419562
1 0.00231638 0.00231638
2 0.00447246 0.00447246
