0 0 inf
0 0 0.101375
0 0 0.0995428
1 0.116235 0.192297
0 0 0.0370032
1 0.0184986 0.0518512
0 0 0.0276738
0 0 0.0262034
0 0 0.0253789
0 0 0.0253773
1 0.041302 0.066209
1 0.021416 0.0423657
0 0 0.0208481
1 0.0389213 0.0582307
0 0 0.0189049
0 0 0.0179199
0 0 0.0175412
0 0 0.0174446
0 0 0.0170777
0 0 0.0164099
0 0 0.0158412
0 0 0.0157252
0 0 0.0152529
0 0 0.0147458
1 0.0283566 0.0428671
0 0 0.0140714
0 0 0.0133764
0 0 0.0132153
0 0 0.0129823
0 0 0.0128607
1 0.0227472 0.0349735
0 0 0.0115942
1 0.00955989 0.0207152
0 0 0.0111167
1 0.0212023 0.032281
0 0 0.0110364
0 0 0.0109886
0 0 0.0105487
0 0 0.0102556
0 0 0.00944542
1 0.00864098 0.0180841
1 0.0292575 0.0386545
1 0.00789686 0.0169295
0 0 0.00881134
1 0.00519308 0.0139783
0 0 0.00833635
0 0 0.00829788
0 0 0.00793582
0 0 0.00777478
0 0 0.00752623
0 0 0.00718195
0 0 0.00717407
0 0 0.00712131
0 0 0.00703734
1 0.00503643 0.0120165
0 0 0.0069318
0 0 0.00692197
0 0 0.00684947
0 0 0.00681061
1 0.0178725 0.0246549
0 0 0.00677913
0 0 0.00646839
0 0 0.00645302
0 0 0.00593595
0 0 0.00589008
0 0 0.00585553
0 0 0.00584725
0 0 0.00581796
0 0 0.00561357
0 0 0.00550757
0 0 0.00540911
0 0 0.00527456
0 0 0.00501491
0 0 0.00493909
1 0.0530066 0.0578443
1 0.0136505 0.0184533
1 0.00311091 0.00780396
0 0 0.00467374
0 0 0.00460223
0 0 0.00457444
1 0.0150391 0.0195703
1 0.0435829 0.0481091
0 0 0.00436929
0 0 0.0043201
0 0 0.00422257
0 0 0.00422033
0 0 0.00414936
0 0 0.00407908
0 0 0.00407764
0 0 0.00405636
1 0.00413126 0.00812909
2 0.219091 0.223044
1 0.024466 0.028395
1 0.00381232 0.00769181
1 0.00602359 0.00989303
0 0 0.00386625
2 0.0140473 0.0179007
1 0.00863809 0.0124755
0 0 0.00376488
0 0 0.00372049
0 0 0.00371621
1 0.00550161 0.00915744
0 0 0.00357849
0 0 0.0035655
1 0.0311169 0.0346536
1 0.00680834 0.0103118
1 0.00319395 0.0065758
0 0 0.00338078
0 0 0.0032824
0 0 0.00324808
0 0 0.00324592
0 0 0.00317376
0 0 0.00316888
0 0 0.00312955
1 0.0187686 0.0218766
0 0 0.00309627
0 0 0.00309487
0 0 0.00306344
0 0 0.00304057
0 0 0.00297193
0 0 0.00294842
1 0.00767016 0.0105986
0 0 0.00289546
0 0 0.00288009
1 0.00433029 0.00720627
1 0.0215182 0.0243247
1 0.00576604 0.00856288
0 0 0.00278831
1 0.0149266 0.0175921
0 0 0.00264915
0 0 0.00262764
0 0 0.00261708
1 0.0548044 0.0574045
0 0 0.00259624
0 0 0.00254849
1 0.00638416 0.0088709
0 0 0.00247251
0 0 0.00241897
0 0 0.00240887
2 0.0629835 0.0653534
1 0.0110095 0.0133737
0 0 0.00234818
0 0 0.00234353
0 0 0.0023238
0 0 0.00230329
0 0 0.00230322
1 0.00410011 0.00638834
1 0.04759 0.0498609
1 0.00732961 0.00959566
2 0.0176752 0.0199099
0 0 0.00223411
1 0.0321247 0.0343482
0 0 0.00221646
2 0.0343367 0.0365484
0 0 0.00219319
1 0.0228396 0.0249664
1 0.121495 0.123596
0 0 0.00208058
1 0.00248259 0.00455132
0 0 0.0020546
0 0 0.00204076
0 0 0.00202886
0 0 0.00199845
0 0 0.00197822
0 0 0.00196113
0 0 0.00195876
1 0.00318744 0.00513387
1 0.00440761 0.00634422
2 0.0400255 0.0419607
0 0 0.00190845
1 0.0134087 0.0153136
1 0.0590002 0.0608572
1 0.00426203 0.00610331
0 0 0.00183365
0 0 0.00180602
0 0 0.00179962
1 0.003263 0.00505161
0 0 0.00177266
0 0 0.00175833
0 0 0.00174689
1 0.00600324 0.00772872
0 0 0.00171836
1 0.00862666 0.010306
1 0.00556993 0.00723742
1 0.00395927 0.00562118
0 0 0.00165694
0 0 0.00165286
0 0 0.00165247
0 0 0.0016463
0 0 0.00160375
1 0.0450251 0.0466285
0 0 0.0015921
0 0 0.00158183
0 0 0.00155918
1 0.00332865 0.00486177
0 0 0.0015081
0 0 0.00150553
1 0.00606534 0.00756889
1 0.0103981 0.0118804
0 0 0.00147742
1 0.0263604 0.0278307
2 0.0531745 0.0546175
0 0 0.00143771
1 0.0117488 0.0131834
0 0 0.00139027
1 0.00181047 0.00319832
1 0.0100278 0.0113963
2 0.0606132 0.0619756
1 0.216687 0.21802
0 0 0.00132497
1 0.0125281 0.0138469
0 0 0.00131649
1 0.184613 0.185919
1 0.00966901 0.0109626
0 0 0.0012906
0 0 0.00128136
0 0 0.0012235
0 0 0.00121269
0 0 0.00121017
1 0.00447971 0.00567538
0 0 0.0011806
0 0 0.0011781
0 0 0.0011769
1 0.00332901 0.0044904
1 0.00634777 0.00748072
0 0 0.00112841
1 0.00320216 0.00432035
2 0.0252705 0.0263861
1 0.0380487 0.0391601
0 0 0.00108755
1 0.00873863 0.00982613
1 0.00204268 0.00312714
1 0.00396263 0.00504347
0 0 0.00106382
0 0 0.00104032
0 0 0.00102758
1 0.00593073 0.00695444
1 0.00223832 0.00326045
0 0 0.00101913
1 0.00772261 0.00874023
1 0.00665316 0.00765866
0 0 0.000972891
0 0 0.00096962
2 0.00856489 0.00953217
1 0.0506306 0.0515962
1 0.00510934 0.00606348
1 0.0270408 0.0279483
0 0 0.000902082
1 0.0101534 0.0110548
1 0.00437148 0.00527265
1 0.00291209 0.0037963
1 0.00537096 0.00622965
1 0.0443334 0.0451875
1 0.0290503 0.0299032
1 0.0234168 0.0242696
0 0 0.000848992
2 0.00770314 0.00854873
1 0.0212284 0.0220731
1 0.127499 0.128343
1 0.0322388 0.0330718
2 0.00652686 0.00735656
1 0.0046195 0.00544315
0 0 0.000822288
1 0.00374963 0.00455718
1 0.0145965 0.015404
1 0.00280456 0.00359741
1 0.00381376 0.00460616
1 0.00447612 0.00526493
0 0 0.000783281
0 0 0.000781464
0 0 0.000770652
0 0 0.000768182
2 0.00788675 0.00863846
0 0 0.000729832
1 0.00550053 0.00622978
1 0.00608812 0.00680984
1 0.00295773 0.00367331
0 0 0.000698462
0 0 0.000698039
1 0.00846635 0.00916213
0 0 0.00068745
1 0.00508957 0.00576512
1 0.00555255 0.00622686
2 0.00458823 0.00525357
0 0 0.000643708
0 0 0.000624742
2 0.0100778 0.0106992
0 0 0.000615054
0 0 0.000609974
1 0.00424673 0.004847
1 0.0409722 0.0415592
2 0.00609402 0.00667719
0 0 0.000580971
1 0.0188339 0.0194147
1 0.0088643 0.00944272
1 0.00562352 0.00620147
2 0.00805123 0.00862448
0 0 0.000572507
1 0.0130726 0.0136423
0 0 0.00055298
1 0.00278695 0.00333867
0 0 0.000545226
1 0.040496 0.0410359
1 0.00301562 0.00355478
0 0 0.000536381
1 0.00488812 0.00541755
1 0.0342881 0.0348126
1 0.0182296 0.018752
0 0 0.000517994
1 0.0187012 0.0192184
1 0.0085324 0.00904747
1 0.00214033 0.00264879
1 0.0237203 0.0242286
1 0.00462241 0.00512777
0 0 0.000501243
1 0.00376352 0.00426277
2 0.0253553 0.025853
1 0.00402781 0.00452328
1 0.00778858 0.00828251
1 0.0247043 0.0251976
1 0.0528936 0.05338
1 0.00496094 0.00544251
2 0.0080595 0.00852936
0 0 0.000468479
0 0 0.0004636
0 0 0.000450489
0 0 0.000449962
1 0.0231257 0.0235711
2 0.0189152 0.0193563
1 0.0119272 0.0123676
1 0.00431661 0.00474802
1 0.00702189 0.00744791
1 0.00961666 0.0100406
0 0 0.000421722
1 0.0483627 0.0487802
0 0 0.000416559
0 0 0.000415047
1 0.00524029 0.00565009
1 0.00156745 0.00196932
1 0.0254994 0.0258983
2 0.0642918 0.0646851
1 0.0183326 0.0187251
1 0.00422578 0.00461621
0 0 0.000381723
0 0 0.00037463
1 0.00170668 0.00208098
0 0 0.000373976
2 0.0935219 0.0938947
1 0.00393015 0.00430087
2 0.00946374 0.00983252
2 0.0252486 0.0256109
1 0.0046201 0.00497814
1 0.0929626 0.0933185
1 0.00282808 0.0031833
1 0.00246449 0.00281658
2 0.0150885 0.0154392
1 0.0107677 0.011117
1 0.00122023 0.00156585
2 0.0167389 0.0170825
2 0.00493753 0.0052806
1 0.00461358 0.00495513
1 0.0070513 0.00739156
1 0.00126647 0.00160473
1 0.00197168 0.00230696
1 0.0059053 0.00623373
1 0.00134309 0.00166705
1 0.00885671 0.00917881
2 0.00813056 0.00845094
2 0.0106546 0.010967
1 0.00422208 0.00453404
1 0.00283992 0.0031425
1 0.00418698 0.00448918
1 0.00581718 0.00611671
0 0 0.000296141
1 0.0323981 0.0326938
0 0 0.000292623
1 0.00147989 0.00176976
1 0.00453028 0.00481279
1 0.0560514 0.0563329
0 0 0.000279393
1 0.00353303 0.00381006
1 0.0022603 0.0025343
1 0.0341047 0.0343762
1 0.0100059 0.0102758
1 0.00295464 0.00321941
2 0.00715247 0.0074139
1 0.005519 0.00577879
1 0.00476218 0.00502088
1 0.0118633 0.0121213
1 0.00928132 0.00953905
0 0 0.000257431
1 0.00667923 0.00693229
1 0.00366869 0.00392027
1 0.00282428 0.00307488
1 0.00282611 0.00307429
0 0 0.00024806
2 0.00727523 0.00752051
1 0.00681353 0.00705587
0 0 0.00023856
1 0.00260443 0.00283101
1 0.195204 0.195424
1 0.0329667 0.0331754
1 0.00757485 0.00778062
1 0.0626946 0.0629003
2 0.0491625 0.0493677
0 0 0.000203349
1 0.0149342 0.0151355
1 0.00185142 0.00204891
1 0.0575987 0.0577926
1 0.00848785 0.00868087
1 0.00644247 0.00663123
1 0.0151722 0.0153579
1 0.00451485 0.00470052
1 0.00738384 0.00756924
2 0.00850339 0.00868668
1 0.0112864 0.0114683
1 0.00501882 0.00519859
1 0.00884637 0.00902373
2 0.00344424 0.00362137
1 0.00392202 0.00409857
1 0.00819308 0.00836339
1 0.00340384 0.00357307
0 0 0.000168517
1 0.00797489 0.00814281
2 0.00362093 0.00378862
2 0.0408046 0.0409715
1 0.00428633 0.00445045
2 0.00563541 0.00579931
2 0.0221553 0.022318
1 0.00225708 0.0024193
1 0.02508 0.0252418
2 0.00934854 0.00950608
1 0.0219015 0.0220575
2 0.00463997 0.00479538
1 0.00486991 0.00502531
1 0.00180799 0.00196339
2 0.00790227 0.0080541
1 0.0154283 0.0155785
1 0.00362111 0.00376694
1 0.00431462 0.0044603
1 0.0211698 0.0213149
1 0.0134325 0.0135766
1 0.00294091 0.00308472
1 0.0105471 0.0106907
1 0.00478813 0.00492903
2 0.00948305 0.00962384
1 0.0130972 0.0132361
1 0.00341496 0.00355353
2 0.0226504 0.0227874
1 0.0231108 0.023244
1 0.0106581 0.0107912
0 0 0.000127399
2 0.0107027 0.0108277
0 0 0.000124352
1 0.0018246 0.00194593
1 0.00699381 0.00711331
2 0.00396948 0.00408836
1 0.000714141 0.000830131
1 0.00330538 0.00341972
1 0.00654521 0.00665859
1 0.00338358 0.00349415
1 0.00433528 0.00444522
1 0.00601565 0.00612533
1 0.014733 0.0148403
1 0.00402255 0.00412851
1 0.00195389 0.00205934
1 0.00763132 0.00773371
1 0.00251235 0.00261434
2 0.0394905 0.0395906
1 0.00451484 0.00461448
1 0.0242807 0.0243791
2 0.0651928 0.0652907
1 0.00570336 0.00580009
1 0.0276224 0.0277187
1 0.00669111 0.00678681
1 0.0102235 0.010319
1 0.0111905 0.0112839
2 0.00500008 0.0050922
1 0.00361788 0.00370996
1 0.0154737 0.0155653
1 0.00153257 0.00162335
1 0.0235239 0.0236141
0 0 8.9936e-05
1 0.00592055 0.00600599
1 0.00316833 0.0032537
1 0.00140924 0.00149261
1 0.0107086 0.0107908
1 0.00800818 0.00808718
1 0.00255921 0.00263626
1 0.00456283 0.00463843
2 0.0072733 0.00734789
1 0.0164049 0.0164793
1 0.0187989 0.0188731
2 0.00847046 0.00854388
2 0.0288043 0.0288776
1 0.00276514 0.00283779
1 0.00610993 0.00618158
1 0.00058266 0.00065418
2 0.0115748 0.0116463
0 0 7.13164e-05
2 0.00812141 0.00819232
1 0.00978459 0.00985468
2 0.0332845 0.0333533
2 0.00791304 0.00798049
2 0.0104641 0.0105314
2 0.00838333 0.00844969
1 0.00485546 0.00492003
2 0.00284732 0.00291185
2 0.00810949 0.00817396
1 0.00855782 0.00862073
1 0.000666402 0.000729208
1 0.00303412 0.00309666
0 0 6.19268e-05
1 0.00318331 0.00324339
1 0.00448708 0.00454706
1 0.0204707 0.0205292
1 0.00341264 0.00347015
1 0.059316 0.0593732
2 0.00363715 0.0036912
2 0.0081212 0.00817453
1 0.00298465 0.0030364
2 0.00872868 0.00878033
2 0.0252261 0.0252761
1 0.00267675 0.00272612
1 0.0400467 0.0400957
2 0.0222918 0.0223407
1 0.00226262 0.00231009
1 0.00264552 0.00269256
1 0.0108405 0.0108871
1 0.00743453 0.00747977
1 0.0212669 0.0213112
1 0.0115055 0.0115494
1 0.00178582 0.00182956
1 0.00664568 0.00668912
2 0.00899377 0.00903712
2 0.00369672 0.00373842
1 0.0189907 0.0190322
1 0.00111976 0.00115772
2 0.0119237 0.0119604
2 0.00272302 0.00275974
2 0.0048775 0.00491383
2 0.00457045 0.00460651
1 0.0271062 0.0271417
2 0.00612485 0.00615842
1 0.00662774 0.00666124
1 0.000849181 0.000882651
1 0.0301299 0.0301634
1 0.0125963 0.0126296
1 0.00656396 0.00659575
1 0.00235491 0.00238486
1 0.0112361 0.0112655
1 0.0147612 0.0147905
1 0.0424007 0.0424299
1 0.00263709 0.00266611
2 0.00521282 0.00524126
2 0.0114717 0.0114997
2 0.00829048 0.00831771
1 0.0145348 0.0145617
2 0.0107401 0.0107671
2 0.00742034 0.00744691
1 0.0059026 0.00592916
1 0.00315654 0.00318304
1 0.00455053 0.00457566
1 0.00580659 0.0058314
1 0.00636699 0.00639155
2 0.0122071 0.012231
1 0.00126552 0.00128923
2 0.00802112 0.00804423
1 0.00531714 0.00533995
1 0.00979941 0.00982213
1 0.0221531 0.0221757
2 0.0166897 0.0167118
1 0.00573429 0.00575615
1 0.0045809 0.00460215
1 0.00110503 0.00112558
1 0.00193542 0.0019557
1 0.000994605 0.00101441
1 0.00435019 0.00436971
1 0.00606426 0.00608377
2 0.0130736 0.0130928
1 0.0110547 0.0110739
1 0.00100803 0.00102644
2 0.00279001 0.00280841
1 0.000609974 0.000627457
2 0.0249381 0.0249555
1 0.00449995 0.00451682
1 0.00172797 0.00174483
1 0.0247543 0.0247707
1 0.00229063 0.00230592
2 0.00822674 0.00824165
2 0.00844682 0.00846147
1 0.00676303 0.00677766
2 0.00155346 0.00156782
1 0.00704717 0.00706145
2 0.00327109 0.00328478
1 0.00352765 0.00354117
2 0.00526549 0.00527802
2 0.0016471 0.00165958
1 0.00736273 0.00737511
2 0.00977953 0.00979169
1 0.00835303 0.0083649
2 0.00329256 0.00330427
1 0.00756196 0.0075736
1 0.000875105 0.000886431
1 0.00542711 0.00543778
1 0.00547465 0.00548528
2 0.0209614 0.0209717
2 0.0609556 0.0609656
1 0.00149019 0.00149979
2 0.0078396 0.00784891
1 0.0179368 0.0179462
1 0.00288017 0.00288914
2 0.00849771 0.0085064
1 0.00811244 0.00812083
2 0.00833817 0.00834614
1 0.0135195 0.0135268
2 0.00231413 0.0023211
2 0.0114333 0.01144
2 0.00791413 0.00792072
1 0.000967063 0.000973304
1 0.00175218 0.00175829
2 0.00457317 0.00457928
1 0.000842354 0.000848134
2 0.00425867 0.00426412
1 0.00476142 0.00476669
1 0.00451783 0.00452308
2 0.00455956 0.00456469
1 0.000885517 0.000889965
1 0.0125729 0.0125773
2 0.0528536 0.0528579
2 0.00627308 0.00627733
1 0.00190786 0.00191195
1 0.011751 0.0117549
2 0.0161752 0.0161792
2 0.0153261 0.01533
2 0.0177889 0.0177925
1 0.000904257 0.000907868
1 0.00508816 0.00509176
1 0.00542873 0.00543209
1 0.00246022 0.00246324
1 0.00311236 0.00311534
2 0.0250049 0.0250077
1 0.0150557 0.0150583
2 0.00873096 0.00873327
1 0.00825783 0.00826002
2 0.00685938 0.00686136
2 0.0138071 0.013809
2 0.00416677 0.0041687
2 0.0119506 0.0119525
1 0.00541464 0.00541642
2 0.00115738 0.00115905
2 0.0113829 0.0113843
1 0.00795127 0.00795243
2 0.00808125 0.00808236
2 0.00619874 0.00619983
1 0.00312501 0.0031258
2 0.0052143 0.00521505
1 0.00923586 0.0092366
1 0.00199994 0.00200065
2 0.00678877 0.00678946
2 0.00664824 0.00664885
1 0.00107574 0.00107629
1 0.00530556 0.00530609
1 0.000928247 0.000928634
1 0.00560786 0.00560822
1 0.00041352 0.000413796
2 0.00841721 0.00841733
2 0.00503307 0.00503314
2 0.00677523 0.00677527
2 0.00350885 0.00350887
1 0.00796518 0.00796519
1 0.00558883 0.00558883
2 0.00533113 0.00533113
1 0.0332329 0.0332329
