0 0 inf
0 0 0.0541143
1 0.0307466 0.0744527
0 0 0.0418799
0 0 0.0361761
1 0.0587819 0.0914137
0 0 0.0298338
0 0 0.0291807
0 0 0.0285806
0 0 0.0253742
0 0 0.025135
0 0 0.024185
1 0.0257418 0.0483565
0 0 0.0210456
1 0.115406 0.135562
0 0 0.0178631
0 0 0.0173813
0 0 0.0165738
1 0.0593224 0.0757507
0 0 0.0156015
0 0 0.0152253
0 0 0.0148099
0 0 0.0146193
0 0 0.0144049
1 0.00695428 0.0211409
0 0 0.0134877
0 0 0.0130184
0 0 0.0121199
0 0 0.0120145
0 0 0.0119917
0 0 0.0119584
0 0 0.0114308
0 0 0.0109668
1 0.0149206 0.0258093
0 0 0.0106078
0 0 0.0101579
0 0 0.0100745
1 0.0190546 0.0279522
1 0.0210405 0.0298537
0 0 0.00836111
0 0 0.00827983
1 0.0157692 0.0232753
1 0.0349966 0.0423698
0 0 0.00732443
0 0 0.00728921
0 0 0.00726277
0 0 0.00723851
0 0 0.00721519
0 0 0.00706948
0 0 0.00697639
0 0 0.00672714
1 0.0741716 0.080846
1 0.0330083 0.0394249
0 0 0.0057054
0 0 0.00550131
1 0.0270471 0.0324277
1 0.00772229 0.0128309
1 0.017896 0.0228682
0 0 0.00495912
1 0.0210531 0.0259868
0 0 0.00474624
0 0 0.00468871
0 0 0.00463491
1 0.0122342 0.0166966
0 0 0.00429221
2 0.147809 0.152079
0 0 0.00412657
1 0.0218139 0.0258471
0 0 0.00403052
1 0.0439241 0.0478897
0 0 0.00390427
0 0 0.00377122
0 0 0.00365806
0 0 0.0036511
1 0.117527 0.121169
0 0 0.00356816
0 0 0.00355612
0 0 0.00355332
0 0 0.00354986
0 0 0.00345528
0 0 0.00345092
0 0 0.00343893
1 0.0368424 0.0402259
0 0 0.00319366
1 0.00491586 0.00809551
1 0.0125757 0.0157276
0 0 0.00311994
1 0.0050216 0.00805762
0 0 0.0030303
0 0 0.00293028
0 0 0.00291604
0 0 0.00289552
1 0.0228491 0.025668
0 0 0.00281586
0 0 0.00278656
1 0.0119976 0.0147781
1 0.00415575 0.00688718
0 0 0.00272893
0 0 0.00272572
1 0.0585655 0.0612797
0 0 0.00264499
0 0 0.00243839
1 0.00989457 0.0122929
0 0 0.00237242
0 0 0.0023683
1 0.0386201 0.0409289
0 0 0.0022838
1 0.0715836 0.0737839
1 0.00473859 0.00692229
1 0.0467337 0.0488947
0 0 0.00212756
0 0 0.00212259
0 0 0.00209074
0 0 0.00206943
1 0.00161552 0.00366265
0 0 0.00202044
1 0.00312107 0.00508049
0 0 0.00194002
1 0.0125194 0.0144252
1 0.0221454 0.0240455
1 0.00432911 0.00622756
1 0.03132 0.0331996
0 0 0.00185492
1 0.00439705 0.0062378
0 0 0.00177509
0 0 0.00177007
0 0 0.00175887
0 0 0.00175192
0 0 0.00174988
2 0.0217864 0.0235191
0 0 0.00169265
0 0 0.00167733
0 0 0.00166911
0 0 0.00166851
0 0 0.00164453
0 0 0.00163017
1 0.0030625 0.00467809
0 0 0.00156819
0 0 0.00155836
0 0 0.00154626
1 0.0190015 0.0205408
0 0 0.00153435
1 0.0160261 0.0175587
1 0.0124476 0.0139552
0 0 0.00149381
0 0 0.00149273
1 0.00593293 0.00737657
0 0 0.00143375
0 0 0.00141729
0 0 0.00140568
0 0 0.00138661
1 0.0155209 0.0169049
0 0 0.00137569
0 0 0.00137206
1 0.00247118 0.00383099
0 0 0.00135785
0 0 0.00130585
1 0.030773 0.0320641
0 0 0.00125902
1 0.068856 0.0701069
0 0 0.00124486
1 0.0145836 0.0158236
1 0.0046295 0.00586449
1 0.0253433 0.0265526
1 0.0235509 0.0247598
0 0 0.00120376
1 0.0412701 0.0424653
1 0.02853 0.0297032
1 0.00465568 0.00581251
1 0.0065406 0.00768358
0 0 0.00114277
2 0.0838129 0.0849469
1 0.0271311 0.0282337
0 0 0.00109829
1 0.0184301 0.0195251
0 0 0.00109305
0 0 0.00108681
1 0.00353998 0.00462476
0 0 0.00107427
0 0 0.00106034
2 0.0302561 0.0313148
1 0.0166865 0.0177396
0 0 0.00104312
0 0 0.00103186
1 0.0951096 0.0961379
0 0 0.00102488
1 0.00680607 0.00782545
0 0 0.00101335
1 0.0128056 0.0138102
0 0 0.0010037
0 0 0.000997125
1 0.00404539 0.00503516
0 0 0.000975481
0 0 0.00097004
1 0.00621307 0.00718268
0 0 0.000953452
0 0 0.000945206
0 0 0.000944877
1 0.0381473 0.0390921
1 0.00579663 0.00673112
1 0.0049834 0.00589158
1 0.00430581 0.00521253
0 0 0.000888513
1 0.0058291 0.0067007
0 0 0.000867281
0 0 0.000858182
0 0 0.000853207
2 0.0992081 0.100055
1 0.00520237 0.00603474
1 0.00319282 0.00402393
1 0.0552749 0.0560879
0 0 0.000807602
1 0.024748 0.0255354
1 0.0274703 0.028248
0 0 0.000777601
0 0 0.000767246
1 0.0065423 0.00728378
1 0.00967675 0.0104174
2 0.0285856 0.0293223
0 0 0.000735936
1 0.0205151 0.0212448
0 0 0.00072624
1 0.0270184 0.0277325
1 0.0490216 0.0497269
0 0 0.000703676
0 0 0.000677577
0 0 0.000666796
0 0 0.000660739
0 0 0.000660302
0 0 0.000649814
1 0.0291863 0.0298327
0 0 0.000642966
0 0 0.000632513
1 0.0024 0.00302881
0 0 0.000624711
0 0 0.000620844
1 0.119591 0.1202
1 0.00300805 0.00361652
1 0.00515732 0.00576459
0 0 0.000603598
1 0.00353795 0.00413602
1 0.0205102 0.0211038
1 0.00202529 0.00260759
0 0 0.000568767
1 0.00492944 0.00549102
1 0.055781 0.0563385
1 0.00374294 0.00429855
1 0.00252728 0.0030821
0 0 0.000552235
0 0 0.000546475
0 0 0.000545366
0 0 0.000538378
1 0.00252215 0.00304853
0 0 0.000522438
0 0 0.000514566
0 0 0.000508856
0 0 0.000508787
0 0 0.000502871
0 0 0.000501221
2 0.0775185 0.0780099
1 0.00802543 0.00850845
0 0 0.000470694
0 0 0.000464706
1 0.0158751 0.016338
0 0 0.000461565
2 0.00682054 0.00727301
1 0.00202132 0.00246487
1 0.00125421 0.0016972
2 0.0429291 0.0433667
1 0.00242948 0.00286506
0 0 0.000431131
1 0.00170349 0.00213448
0 0 0.000430805
1 0.00183832 0.002266
0 0 0.000418535
2 0.0565747 0.0569871
1 0.00110961 0.00151974
1 0.00799358 0.00839357
1 0.00492476 0.00532277
1 0.00235498 0.00275157
1 0.0128789 0.0132724
1 0.0276915 0.0280812
0 0 0.000384072
0 0 0.000372136
1 0.00398669 0.00435767
1 0.0021235 0.00248558
1 0.00212626 0.00248689
1 0.00270791 0.00306798
1 0.00191072 0.00226683
0 0 0.000353899
1 0.0190591 0.0194127
1 0.00105156 0.00138711
1 0.00282515 0.00314628
2 0.011074 0.0113873
1 0.00132205 0.00163416
1 0.00593737 0.00624937
1 0.0268342 0.0271425
0 0 0.000304841
1 0.00175742 0.00206168
2 0.0345607 0.0348577
1 0.00304971 0.0033443
1 0.0220964 0.0223907
2 0.0306113 0.0309045
1 0.133403 0.133691
0 0 0.000286392
2 0.0690583 0.0693428
1 0.0109715 0.0112542
1 0.00341978 0.00370046
0 0 0.000279728
2 0.0224204 0.0226979
1 0.00284788 0.00312537
1 0.00481523 0.00509219
0 0 0.000275134
1 0.0027051 0.00298005
0 0 0.000271539
0 0 0.000269959
1 0.00375589 0.00402446
2 0.0260788 0.0263447
1 0.00314707 0.00341225
1 0.00212036 0.0023831
0 0 0.000260785
0 0 0.000255647
0 0 0.000250279
1 0.00161704 0.00186699
2 0.0339745 0.034223
0 0 0.00024672
1 0.0685341 0.068777
2 0.0112717 0.0115137
1 0.000760204 0.00099807
1 0.00109874 0.00133643
2 0.00583003 0.00606421
2 0.0179962 0.0182196
0 0 0.000219674
0 0 0.000216295
0 0 0.000212557
2 0.0325804 0.0327921
1 0.0272078 0.0274177
1 0.0126027 0.0128085
1 0.00235387 0.00255899
1 0.0622871 0.0624899
0 0 0.000200907
1 0.00231045 0.00251119
0 0 0.000200306
0 0 0.000199556
0 0 0.00019599
1 0.0104385 0.010633
1 0.00319313 0.00338746
1 0.0544466 0.0546405
1 0.00177093 0.00196156
1 0.00213027 0.00232061
1 0.0222076 0.0223965
2 0.00293404 0.00312061
2 0.00308813 0.00327297
1 0.00599154 0.00617618
1 0.0011782 0.00136026
1 0.0208016 0.0209831
2 0.00536119 0.00554155
1 0.0052668 0.0054469
2 0.0561719 0.0563513
1 0.0090301 0.00920779
1 0.00205658 0.00223374
0 0 0.000176427
2 0.0893317 0.0895078
0 0 0.000174216
1 0.0559991 0.0561709
0 0 0.000170964
1 0.0244173 0.0245876
1 0.00326902 0.00343906
2 0.0261438 0.0263122
0 0 0.000164525
2 0.00764492 0.00780783
2 0.00693873 0.00709805
1 0.00311321 0.0032718
1 0.00119648 0.00135102
1 0.00425126 0.00440492
1 0.000490424 0.000632512
1 0.0117916 0.0119308
1 0.00889213 0.00902915
1 0.00502739 0.00516418
1 0.00635642 0.00649104
2 0.0140794 0.0142079
1 0.00410004 0.00422719
1 0.0442945 0.0444207
2 0.0575424 0.0576671
1 0.00134552 0.00146983
0 0 0.000123564
1 0.00095332 0.00107572
1 0.00765592 0.00777827
2 0.0785193 0.0786396
0 0 0.00011716
1 0.00142011 0.00153684
0 0 0.000114426
2 0.0463342 0.0464483
1 0.0010297 0.00114309
0 0 0.000111201
1 0.0177243 0.0178329
0 0 0.000106327
1 0.00203616 0.00214226
2 0.0968208 0.0969231
0 0 0.000101905
2 0.0485796 0.0486807
1 0.00261257 0.00271347
1 0.00132608 0.00142642
1 0.00101877 0.00111881
1 0.0110308 0.0111307
1 0.00163342 0.00172933
0 0 9.50612e-05
0 0 9.45215e-05
0 0 9.40368e-05
1 0.00496709 0.00506049
2 0.0052 0.00529162
1 0.00502657 0.00511698
1 0.00117011 0.00125813
2 0.0186387 0.0187231
1 0.00711473 0.00719636
1 0.00351483 0.00359517
2 0.0302755 0.0303557
1 0.00101941 0.00109879
2 0.00787233 0.0079489
1 0.00118436 0.00126077
1 0.00102383 0.00109748
2 0.0488803 0.0489538
1 0.00171387 0.00178408
1 0.00263869 0.00270747
1 0.00233771 0.00240444
1 0.00127819 0.001343
2 0.0286915 0.0287546
1 0.00084546 0.000908341
1 0.00178783 0.00185011
1 0.00220907 0.00227068
1 0.00090062 0.000961166
1 0.0296821 0.0297422
0 0 5.91748e-05
2 0.00292524 0.00298353
1 0.00269961 0.00275676
1 0.00400121 0.00405783
1 0.00171949 0.00177599
2 0.0234073 0.0234631
1 0.00299931 0.00305359
1 0.00246035 0.00251433
2 0.00706869 0.00712225
1 0.00736729 0.00742046
2 0.0704016 0.0704545
2 0.0838763 0.0839287
1 0.00560965 0.00566067
0 0 5.09222e-05
1 0.00351839 0.0035659
1 0.00128696 0.00133429
2 0.0289906 0.0290375
1 0.0160686 0.0161146
2 0.0150846 0.0151306
1 0.00645767 0.00650273
1 0.00243254 0.00247741
1 0.00243937 0.00248378
2 0.00236859 0.00241263
2 0.00187679 0.0019208
1 0.000739166 0.000780108
1 0.000228687 0.000269477
2 0.00262028 0.00266074
1 0.00147883 0.00151872
2 0.00380625 0.00384603
1 0.00189502 0.00193351
1 0.0330577 0.0330959
2 0.00419369 0.00423141
1 0.000677991 0.000715201
1 0.028241 0.0282782
2 0.0198771 0.0199142
2 0.0018704 0.00190724
1 0.00690688 0.00694331
1 0.00162487 0.00166076
1 0.002373 0.00240855
1 0.00210078 0.00213517
1 0.124128 0.124161
1 0.00258598 0.002618
1 0.0445463 0.0445779
1 0.00184195 0.00187335
2 0.0159169 0.0159479
1 0.0168446 0.0168746
1 0.000953833 0.00098348
1 0.0185389 0.018567
1 0.0488497 0.0488767
1 0.00740367 0.0074305
2 0.00180986 0.00183519
0 0 2.51902e-05
1 0.00165982 0.00168466
2 0.0086528 0.00867727
1 0.00400101 0.00402492
2 0.0031216 0.00314427
1 0.0221311 0.0221537
1 0.0066476 0.00667013
1 0.00505371 0.00507515
1 0.00326099 0.00328232
1 0.00217422 0.00219533
2 0.0282717 0.0282926
1 0.00182616 0.00184636
1 0.00950766 0.0095275
2 0.00238445 0.00240426
1 0.00312074 0.00314044
1 0.00155475 0.00157432
1 0.0288539 0.028873
1 0.00176174 0.00177966
1 0.00842167 0.00843957
1 0.013231 0.0132486
1 0.00453872 0.00455597
1 0.000152377 0.000169587
1 0.0426174 0.0426342
1 0.000548925 0.00056462
1 0.0010603 0.00107555
1 0.00451153 0.00452523
2 0.0368521 0.0368657
2 0.0245759 0.0245894
1 0.00657756 0.00659073
1 0.00292999 0.00294264
1 0.0048822 0.00489441
1 0.000923452 0.000935018
1 0.000234957 0.000246494
2 0.00568461 0.00569605
2 0.00213986 0.00215122
1 0.0140428 0.0140539
1 0.00209894 0.00211005
1 0.00119303 0.001204
2 0.00188827 0.00189889
1 0.00594542 0.00595542
1 0.00460368 0.00461231
1 0.000894025 0.000902629
2 0.0110869 0.0110953
1 0.000970709 0.000978278
2 0.00182623 0.00183349
2 0.0011491 0.00115606
1 0.0112962 0.0113028
1 0.00269047 0.00269705
2 0.0052702 0.00527669
1 0.00303519 0.00304157
2 0.00336759 0.00337378
2 0.0021178 0.00212381
2 0.0111994 0.0112054
2 0.00101574 0.00102161
1 0.000849702 0.000854993
1 0.0150248 0.01503
1 0.0046105 0.00461563
1 0.00150454 0.00150929
1 0.000438386 0.00044299
2 0.00460871 0.00461321
1 0.00253927 0.00254363
2 0.00535475 0.00535903
1 0.00403278 0.00403696
2 0.00382346 0.00382737
1 0.00187745 0.00188107
1 0.00149894 0.00150255
2 0.0010292 0.00103274
1 0.0229091 0.0229126
1 0.00612754 0.00613098
1 0.00664276 0.00664617
1 0.0054701 0.00547337
2 0.00114869 0.00115193
1 0.0233159 0.0233188
1 0.000619705 0.000622604
2 0.0446203 0.0446231
1 0.000794692 0.000797393
1 0.00856063 0.00856286
1 0.00178711 0.00178931
2 0.00265868 0.00266055
2 0.00402713 0.0040289
1 0.0044132 0.00441478
1 0.0017088 0.00171026
2 0.00179074 0.0017922
2 0.00191403 0.0019154
2 0.00119758 0.00119869
2 0.00350119 0.00350228
2 0.0217887 0.0217897
2 0.0993853 0.0993863
2 0.00191678 0.00191767
1 0.000930532 0.000931363
1 0.000460788 0.00046155
1 0.00957534 0.00957602
1 0.00206738 0.00206788
1 0.00430568 0.0043061
1 0.00111103 0.00111135
1 0.000951437 0.000951749
2 0.00191809 0.00191832
2 0.0234557 0.0234559
1 0.000924022 0.000924038
2 0.00218347 0.00218347
