0 0 inf
0 0 0.0518888
0 0 0.0391205
0 0 0.0377867
0 0 0.0371616
0 0 0.0364492
0 0 0.0307806
1 0.0764679 0.107209
0 0 0.0289707
1 0.0415372 0.0700294
0 0 0.0281841
0 0 0.0278448
0 0 0.0241737
0 0 0.0218544
0 0 0.0206542
0 0 0.0205278
0 0 0.0204924
1 0.0286098 0.0488494
0 0 0.0188303
1 0.044929 0.061618
0 0 0.016136
0 0 0.0157342
0 0 0.0155836
1 0.0507859 0.0661994
0 0 0.0141567
0 0 0.0135146
1 0.0698522 0.0830493
0 0 0.012911
1 0.0113643 0.0238808
0 0 0.0125091
0 0 0.0123984
2 0.0788435 0.0905072
1 0.0206281 0.0320813
1 0.0599848 0.0713332
0 0 0.0113482
0 0 0.0112031
0 0 0.0110987
0 0 0.0110509
0 0 0.0110347
0 0 0.0107607
0 0 0.0107216
0 0 0.0107094
0 0 0.0101156
0 0 0.00998262
1 0.0288355 0.0381626
1 0.045983 0.0547761
0 0 0.00838833
1 0.0287135 0.0363212
0 0 0.00758309
1 0.0611578 0.0686476
1 0.00627149 0.0137282
0 0 0.0072294
0 0 0.00716743
0 0 0.00692703
0 0 0.00664406
1 0.0290504 0.0356897
2 0.0468093 0.0531661
1 0.0381989 0.0444908
0 0 0.00623533
1 0.0321364 0.0382043
1 0.0211172 0.0271275
0 0 0.0059204
0 0 0.00578333
1 0.028552 0.034172
0 0 0.00545136
1 0.0307714 0.0360806
0 0 0.00519977
1 0.0761602 0.0813266
0 0 0.00508592
0 0 0.00499148
1 0.00696673 0.011889
1 0.00726903 0.0121023
0 0 0.00482379
0 0 0.00479335
0 0 0.00474099
0 0 0.00472493
0 0 0.00470149
0 0 0.00469946
0 0 0.00464458
0 0 0.00462117
0 0 0.00437122
1 0.00389778 0.00826265
0 0 0.00434635
1 0.0116525 0.0159318
0 0 0.00427442
0 0 0.00415738
1 0.00659568 0.0107527
0 0 0.00404424
0 0 0.00398854
0 0 0.00396416
0 0 0.00387073
0 0 0.00385546
0 0 0.00380845
0 0 0.0037828
1 0.0727076 0.0763261
0 0 0.00356553
0 0 0.00352457
0 0 0.00348504
0 0 0.00344913
1 0.0293326 0.0327811
1 0.00263925 0.00605697
0 0 0.00330028
0 0 0.00327301
0 0 0.00327268
0 0 0.00323288
0 0 0.00323094
1 0.00442307 0.00764855
0 0 0.00317228
0 0 0.00305839
0 0 0.00303031
0 0 0.00302933
0 0 0.00302654
0 0 0.00298284
0 0 0.0028844
0 0 0.00287415
0 0 0.00284747
1 0.0064934 0.00929114
1 0.00718857 0.00996939
0 0 0.00276609
0 0 0.00276583
1 0.00746697 0.0102283
2 0.0514014 0.0541321
0 0 0.00267497
1 0.059202 0.0617699
1 0.0462963 0.0488173
0 0 0.00251625
1 0.0425356 0.0450505
0 0 0.00251217
0 0 0.00247078
0 0 0.0024409
0 0 0.00241634
0 0 0.0024103
0 0 0.00238175
0 0 0.00237267
1 0.030953 0.033323
2 0.0146516 0.0170033
0 0 0.00233011
0 0 0.00229784
1 0.0639682 0.0662536
1 0.00536183 0.00764085
0 0 0.00226209
0 0 0.00225278
1 0.0456302 0.0478724
0 0 0.0022244
0 0 0.00220851
1 0.0340605 0.0362621
1 0.0075539 0.00975249
0 0 0.00217242
0 0 0.00215839
1 0.0115194 0.0136717
1 0.0235316 0.0256798
0 0 0.0020757
1 0.016458 0.0185186
1 0.0022265 0.00428365
0 0 0.00204405
1 0.02299 0.0250143
0 0 0.00189901
1 0.046137 0.048031
0 0 0.00186397
1 0.0654902 0.0673427
1 0.0311009 0.032947
0 0 0.001842
0 0 0.00184197
1 0.00671427 0.00853524
0 0 0.00180404
1 0.0741792 0.0759812
1 0.00339934 0.0051937
0 0 0.00177438
0 0 0.00177009
0 0 0.00170245
0 0 0.00170189
0 0 0.00169115
0 0 0.00166915
1 0.0039454 0.00557731
0 0 0.00162164
0 0 0.00160019
0 0 0.00159465
0 0 0.0015829
1 0.00366852 0.00523794
0 0 0.00156796
0 0 0.00156697
1 0.00510331 0.00666546
1 0.0405587 0.042103
0 0 0.00150877
1 0.0125578 0.0140522
1 0.0391368 0.0406308
0 0 0.00148655
0 0 0.00147466
0 0 0.00146099
0 0 0.00146048
0 0 0.00145466
1 0.0626429 0.0640572
1 0.0032118 0.00461594
0 0 0.00139683
1 0.103588 0.104981
0 0 0.00138867
1 0.0695282 0.0709032
1 0.006714 0.00806525
0 0 0.00134454
0 0 0.00133915
0 0 0.00133314
2 0.0843826 0.085715
1 0.00916885 0.0104906
1 0.0130361 0.0143523
2 0.0112408 0.0125515
2 0.0628173 0.0641155
1 0.00700656 0.00829249
1 0.00544481 0.00672405
0 0 0.00127163
1 0.103717 0.104971
0 0 0.00125389
0 0 0.00121689
1 0.00824216 0.00943712
1 0.00790346 0.00909267
1 0.028973 0.0301553
0 0 0.00115393
1 0.00252829 0.0036778
0 0 0.00112753
0 0 0.00112372
0 0 0.0011007
0 0 0.00108993
2 0.0420306 0.0431118
1 0.00706498 0.00814547
0 0 0.00107889
2 0.0739478 0.0750242
1 0.00782607 0.00888443
0 0 0.00105068
0 0 0.00104846
1 0.00978798 0.0108265
2 0.0121731 0.0131934
1 0.00228707 0.00330079
1 0.00157156 0.00255767
0 0 0.000962788
0 0 0.000955511
1 0.00482983 0.00578038
1 0.00569694 0.00664605
1 0.0254652 0.0264044
1 0.0313071 0.0322411
1 0.00672202 0.00765427
0 0 0.000925695
0 0 0.000921658
2 0.00778127 0.00869849
0 0 0.000916676
0 0 0.000915381
1 0.00420402 0.0051103
1 0.0691391 0.0700444
0 0 0.000896502
0 0 0.000880268
1 0.0299046 0.0307695
0 0 0.000856939
1 0.0263631 0.0272097
1 0.0155939 0.0164039
1 0.0323007 0.033099
2 0.0183967 0.0191913
0 0 0.000793312
0 0 0.000785655
1 0.0300082 0.0307915
1 0.00527558 0.00605002
1 0.00125866 0.00202938
0 0 0.000769367
1 0.00193644 0.00269263
1 0.0304297 0.0311836
1 0.0814258 0.0821779
1 0.0069763 0.00771795
2 0.0448215 0.0455578
0 0 0.000732204
1 0.00328155 0.0040134
1 0.0044902 0.0052087
0 0 0.000717964
1 0.0028433 0.00355749
2 0.0744108 0.0751112
1 0.00995113 0.0106482
0 0 0.000695707
1 0.0146164 0.0152997
1 0.0093683 0.0100502
1 0.00805852 0.00872861
1 0.00915301 0.00980818
0 0 0.000649766
0 0 0.000645111
1 0.00601048 0.00665213
0 0 0.000637852
2 0.00833637 0.00897025
1 0.00813396 0.00875904
1 0.0324785 0.0330901
1 0.0110076 0.0116101
1 0.00889837 0.00949397
0 0 0.00059019
1 0.0368678 0.0374542
0 0 0.000585096
0 0 0.000584192
1 0.0071807 0.00776167
1 0.0129658 0.0135463
1 0.0052524 0.00582586
1 0.00586036 0.00643179
1 0.00651648 0.00708464
0 0 0.000566166
1 0.00283766 0.00339555
0 0 0.000554163
1 0.00294617 0.00349264
0 0 0.000539819
1 0.0138498 0.014389
1 0.00773896 0.00827551
0 0 0.000531854
2 0.131293 0.131821
1 0.0352437 0.0357616
1 0.0742475 0.0747637
0 0 0.000508588
0 0 0.000507681
1 0.0497227 0.0502266
1 0.0305689 0.0310706
1 0.000643422 0.00114134
0 0 0.000492699
0 0 0.000485213
0 0 0.000483142
1 0.00458299 0.00506392
1 0.0059339 0.00641368
0 0 0.000465845
2 0.0149171 0.0153679
0 0 0.00044116
1 0.00277383 0.00321216
1 0.00506125 0.00548892
1 0.0111157 0.0115432
1 0.029922 0.0303482
2 0.0265654 0.0269901
2 0.0320952 0.0325176
2 0.032183 0.0326033
0 0 0.000417752
2 0.0491209 0.0495386
0 0 0.000413418
1 0.00531156 0.00572159
1 0.00879123 0.00919093
1 0.00618749 0.00658602
1 0.00606377 0.00646202
2 0.038045 0.0384388
2 0.0384131 0.0387994
1 0.00546147 0.00584538
1 0.00687074 0.00725261
2 0.0343563 0.0347377
2 0.0468295 0.0472016
1 0.00952864 0.00990049
1 0.00245389 0.0028246
1 0.00706758 0.00743681
1 0.00439216 0.00475977
2 0.0261882 0.0265521
1 0.024951 0.0253148
1 0.00729522 0.00765839
1 0.00734218 0.00769187
0 0 0.000344703
0 0 0.000343096
1 0.0033074 0.00364493
0 0 0.000336031
1 0.00126285 0.00158725
0 0 0.000323015
2 0.010438 0.0107593
2 0.00485305 0.00516963
1 0.00175031 0.0020661
0 0 0.000310119
0 0 0.00030811
1 0.00586346 0.00616994
2 0.0305413 0.0308467
1 0.00206717 0.00237183
1 0.00960221 0.00989948
1 0.0249604 0.0252553
2 0.0350723 0.0353626
2 0.00581533 0.0061051
1 0.00179556 0.00208337
1 0.0104634 0.010751
1 0.000830746 0.00111812
1 0.00611912 0.00640292
1 0.0406724 0.0409556
1 0.00125315 0.00153342
1 0.00530002 0.00557553
0 0 0.000273653
1 0.0010807 0.0013502
0 0 0.000267327
1 0.00304328 0.00330995
2 0.0134453 0.0137087
2 0.0120726 0.0123355
0 0 0.00025929
1 0.0311569 0.0314104
1 0.00734936 0.00760032
1 0.0163976 0.0166415
2 0.0104087 0.0106507
1 0.0134456 0.0136855
1 0.00256741 0.00280603
1 0.00625225 0.00649081
1 0.0229427 0.0231806
0 0 0.000237258
2 0.0169197 0.0171503
2 0.0167243 0.0169535
2 0.0112164 0.0114429
2 0.0107434 0.0109691
2 0.0680521 0.0682767
1 0.00167699 0.00190072
1 0.00246669 0.00268282
1 0.00655577 0.00677106
1 0.00329521 0.00350771
1 0.0175914 0.0177988
1 0.114061 0.114269
0 0 0.000203675
2 0.00522708 0.00543002
1 0.000866084 0.0010681
1 0.00465173 0.00485054
0 0 0.000196898
2 0.0161435 0.0163402
0 0 0.000195705
1 0.0370778 0.037273
1 0.00826665 0.00845884
2 0.0313938 0.0315852
1 0.009329 0.00951753
1 0.0312471 0.031435
0 0 0.000187848
1 0.00375687 0.00394333
2 0.0172625 0.0174484
2 0.0898935 0.0900787
1 0.00874352 0.00892867
0 0 0.000184993
1 0.00841641 0.00860032
1 0.00376318 0.00394386
2 0.012001 0.0121809
1 0.00487703 0.00505664
1 0.00680234 0.00698113
0 0 0.000177938
1 0.0014891 0.0016644
0 0 0.000168546
1 0.00373277 0.00389946
2 0.0126802 0.012845
2 0.0487206 0.0488845
1 0.00310855 0.003272
1 0.0179406 0.0181033
1 0.00605978 0.00622189
1 0.0383563 0.038517
1 0.000835995 0.000991401
1 0.0067035 0.0068586
1 0.0038049 0.00395565
2 0.016479 0.0166293
1 0.00813443 0.00828191
1 0.00587631 0.00602362
2 0.0289361 0.0290805
1 0.0218731 0.0220164
1 0.0735878 0.073731
1 0.00571889 0.00586008
2 0.11508 0.11522
1 0.00198213 0.00212187
1 0.00749581 0.00763421
1 0.00148462 0.00162293
2 0.0741764 0.074313
1 0.0584935 0.0586272
1 0.00196518 0.00209649
1 0.00312861 0.00325982
1 0.0342712 0.0344018
1 0.0299129 0.0300412
0 0 0.000128071
1 0.00659314 0.00672038
1 0.000818067 0.000943553
2 0.00715438 0.00727968
1 0.0312448 0.0313671
1 0.00169201 0.00181331
1 0.00305195 0.00317146
1 0.0296376 0.0297553
2 0.0376251 0.0377422
0 0 0.000116885
2 0.051261 0.0513778
0 0 0.000116318
1 0.0283518 0.0284677
2 0.00567663 0.00579185
1 0.0054613 0.00557573
1 0.00160866 0.00171959
1 0.00631013 0.00642064
1 0.0346179 0.0347268
2 0.00435414 0.00446144
1 0.00284038 0.00294668
1 0.00778512 0.00789117
2 0.00894439 0.00905025
2 0.00209031 0.0021957
1 0.00232798 0.00243171
1 0.0136102 0.0137139
2 0.00790566 0.00800913
1 0.0464266 0.0465297
1 0.0079227 0.0080247
1 0.00129896 0.00140026
2 0.0073677 0.00746801
1 0.00676732 0.00686687
1 0.128115 0.128213
2 0.00764037 0.00773863
1 0.000944098 0.0010415
1 0.0231772 0.0232745
1 0.00223768 0.00233458
1 0.00142247 0.00151892
1 0.00408271 0.00417907
1 0.00257294 0.00266611
2 0.0763532 0.0764449
1 0.016684 0.0167755
1 0.00352935 0.00361853
1 0.00551527 0.00560402
2 0.00731816 0.00740618
1 0.00786324 0.00795117
2 0.00811039 0.00819784
2 0.0108603 0.0109466
2 0.00938419 0.00946959
1 0.000399606 0.000484705
1 0.0312267 0.0313113
2 0.010014 0.010098
1 0.00449129 0.00457311
1 0.0151604 0.0152415
1 0.00730792 0.00738877
2 0.00795698 0.0080373
1 0.00145829 0.0015355
2 0.00269429 0.00277138
1 0.0264043 0.0264804
1 0.00149008 0.00156588
1 0.00689216 0.00696743
1 0.00503131 0.00510646
2 0.00116856 0.00124319
1 0.0079974 0.00807181
1 0.00138912 0.00146212
1 0.0671344 0.0672066
1 0.00100397 0.00107555
2 0.00928768 0.00935792
2 0.0371441 0.0372137
1 0.00115782 0.00122469
1 0.00427194 0.004337
2 0.00959103 0.00965573
1 0.00620133 0.00626587
1 0.00319362 0.00325767
1 0.00540671 0.00546977
2 0.00411476 0.00417733
1 0.00379069 0.00385306
1 0.0437017 0.0437637
2 0.0138909 0.0139529
2 0.00852651 0.00858806
2 0.00643481 0.00649631
2 0.0887063 0.0887673
2 0.0331244 0.0331841
2 0.00159837 0.00165759
1 0.00186545 0.00192451
2 0.00126819 0.00132647
2 0.00473225 0.00478925
1 0.00181869 0.0018754
1 0.0240435 0.0240998
1 0.00385894 0.00391525
1 0.00894215 0.00899816
1 0.000727775 0.000783299
0 0 5.49974e-05
0 0 5.46284e-05
1 0.0009816 0.0010355
2 0.0147335 0.0147859
1 0.00336997 0.00342107
1 0.00473038 0.00478076
1 0.00232017 0.00237049
1 0.0101878 0.0102374
1 0.00731248 0.00736162
1 0.003257 0.00330559
1 0.00755786 0.00760568
2 0.00628737 0.00633219
1 0.00367471 0.00371831
1 0.00149073 0.00153395
1 0.00937291 0.00941559
1 0.0028959 0.00293835
1 0.00998846 0.0100301
1 0.000760267 0.000801234
2 0.00792924 0.00796894
2 0.00949792 0.00953739
2 0.0709716 0.0710093
1 0.00512048 0.00515747
1 0.00637296 0.00640967
2 0.00797415 0.00800983
1 0.00182927 0.00186399
2 0.0482453 0.0482793
1 0.00500726 0.0050413
1 0.000188996 0.000223009
2 0.0361163 0.0361488
1 0.00109034 0.00112182
2 0.00718373 0.00721494
1 0.016149 0.016178
2 0.00368384 0.00371235
2 0.0392312 0.0392592
1 0.00186607 0.00189404
1 0.000872889 0.00090031
2 0.0693307 0.0693581
2 0.0379246 0.0379519
1 0.0012995 0.00132657
1 0.00117686 0.00120354
1 0.000853532 0.000879723
2 0.0451356 0.0451614
2 0.00543383 0.00545907
2 0.0102733 0.0102976
1 0.000738356 0.00076239
1 0.00883913 0.00886306
2 0.0383576 0.0383815
1 0.00374637 0.00377004
2 0.0632271 0.0632496
2 0.0103725 0.010395
1 0.00897389 0.00899617
1 0.00252023 0.00254162
1 0.00569424 0.00571317
1 0.0244439 0.0244616
1 0.0329002 0.0329174
1 0.00197521 0.001992
1 0.0566772 0.056694
1 0.00266745 0.00268376
1 0.00577492 0.00579105
2 0.00938965 0.00940508
1 0.032619 0.0326341
2 0.0151768 0.0151918
2 0.0122363 0.0122511
2 0.016031 0.0160455
2 0.00212002 0.00213438
1 0.000683823 0.000697331
1 0.000746016 0.000758892
2 0.00601721 0.0060299
2 0.128279 0.128292
2 0.0088639 0.00887631
2 0.00767449 0.0076868
1 0.00524326 0.00525551
2 0.00113936 0.00115147
1 0.00770216 0.00771363
1 0.0159354 0.0159468
1 0.00333492 0.00334627
2 0.00120879 0.00121962
1 0.00309299 0.00310378
1 0.00149203 0.00150241
1 0.000823595 0.000833954
1 0.00103479 0.00104466
1 0.00401642 0.00402617
1 0.0806897 0.0806994
2 0.00691872 0.00692822
2 0.00480648 0.00481589
1 0.000857275 0.000866211
1 0.0388474 0.038856
1 0.00531962 0.00532802
2 0.00846789 0.00847591
1 0.00199376 0.00200161
1 0.00108004 0.00108754
1 0.00315719 0.00316393
2 0.00764361 0.00765029
2 0.0265288 0.0265346
1 0.00113183 0.00113756
1 0.000468624 0.000474264
2 0.00102716 0.00103236
2 0.00323888 0.00324403
1 0.00632081 0.00632593
1 0.0362499 0.0362546
1 0.0233689 0.0233737
1 0.000917765 0.000922382
1 0.00104456 0.00104852
1 0.00302425 0.00302806
1 0.0087547 0.00875845
1 0.00372668 0.00373004
2 0.00465408 0.00465744
2 0.0315699 0.0315731
2 0.00872631 0.00872949
2 0.0374825 0.0374855
1 0.145973 0.145976
2 0.00433179 0.00433453
1 0.00464087 0.00464358
1 0.0047767 0.00477857
1 0.00731751 0.00731925
2 0.0153083 0.0153101
2 0.00606185 0.00606347
1 0.0157171 0.0157187
2 0.00255803 0.00255957
1 0.00789395 0.00789547
1 0.0132647 0.0132661
2 0.131143 0.131144
1 0.00589741 0.00589843
1 0.0113247 0.0113256
1 0.00480617 0.00480703
1 0.00186024 0.00186102
2 0.0413948 0.0413953
2 0.00118044 0.00118087
1 0.0010636 0.00106396
1 0.0129778 0.0129782
2 0.00334249 0.00334279
2 0.146003 0.146004
1 0.0238672 0.0238673
2 0.0518975 0.0518976
2 0.0113259 0.011326
2 0.00113697 0.00113704
1 0.0075979 0.00759795
2 0.00186483 0.00186487
2 0.00772613 0.00772613
