0 0 inf
0 0 0.145395
0 0 0.114688
1 0.155208 0.224297
0 0 0.0645085
0 0 0.064401
0 0 0.0442083
0 0 0.0301783
1 0.0555211 0.0843657
0 0 0.0234196
0 0 0.0220256
0 0 0.021126
0 0 0.0206754
0 0 0.020573
0 0 0.0201617
0 0 0.0189919
0 0 0.0189115
1 0.0207549 0.0394923
1 0.0688378 0.086654
1 0.0173055 0.0348047
0 0 0.0174038
0 0 0.0161035
0 0 0.0159578
1 0.0251469 0.0410855
0 0 0.0151644
0 0 0.0148654
1 0.0247024 0.0394078
0 0 0.014658
1 0.0266731 0.0412844
0 0 0.0144849
1 0.0708378 0.0853093
0 0 0.0143107
0 0 0.014265
0 0 0.0140125
1 0.202234 0.216131
1 0.0169825 0.029891
1 0.155272 0.168011
0 0 0.0126396
0 0 0.0124779
0 0 0.0121025
0 0 0.0116268
0 0 0.0113293
0 0 0.0111021
0 0 0.0109996
0 0 0.0106536
1 0.0163979 0.0266903
0 0 0.0101643
0 0 0.0101438
0 0 0.0100588
0 0 0.00913859
0 0 0.00910394
1 0.0273994 0.0362896
0 0 0.00873052
0 0 0.008653
1 0.0484362 0.0563491
0 0 0.00757969
0 0 0.00726698
0 0 0.00716213
0 0 0.00710596
0 0 0.00688289
1 0.0361794 0.0430556
0 0 0.00675805
0 0 0.00659521
1 0.0232503 0.0298314
0 0 0.00649368
0 0 0.0063182
1 0.0143242 0.0205336
1 0.00448303 0.0103994
0 0 0.00587041
1 0.0420482 0.0478954
0 0 0.00579099
1 0.00451665 0.0101862
0 0 0.0056575
2 0.0524829 0.0580875
0 0 0.00555997
0 0 0.00547808
1 0.0242574 0.0295036
0 0 0.00514666
1 0.0231975 0.0283144
1 0.0355327 0.0406109
0 0 0.00501264
1 0.0316944 0.0367013
1 0.0121616 0.0171542
0 0 0.00488202
1 0.00567072 0.0105479
0 0 0.00480491
2 0.0623437 0.0671479
2 0.087524 0.0922613
0 0 0.0046882
1 0.0335672 0.0382187
0 0 0.00462302
0 0 0.00460432
0 0 0.00444507
0 0 0.00430556
1 0.0445843 0.0488354
0 0 0.00408567
2 0.038005 0.0420484
0 0 0.00400762
1 0.0126024 0.0165123
1 0.00519984 0.00901994
1 0.00539337 0.0091763
0 0 0.00376378
0 0 0.00361617
1 0.0352724 0.0388773
1 0.00873794 0.0123412
1 0.0225251 0.0261268
0 0 0.00357771
0 0 0.00353632
1 0.00595686 0.00942022
0 0 0.00346305
1 0.0550869 0.0585259
1 0.00939916 0.0127498
1 0.0677329 0.0710212
0 0 0.00326871
0 0 0.00318062
1 0.0202444 0.0233074
0 0 0.00305668
1 0.00410606 0.00716189
1 0.004877 0.00788781
0 0 0.00301066
0 0 0.0029238
1 0.00547278 0.00838548
0 0 0.00288062
1 0.0146199 0.0174656
0 0 0.00284191
0 0 0.00281435
0 0 0.00274001
0 0 0.00271946
0 0 0.00269601
0 0 0.00268757
1 0.00928725 0.011963
1 0.00890047 0.0115373
0 0 0.00260502
2 0.0857803 0.0883596
0 0 0.00255286
0 0 0.00249665
1 0.0214599 0.0239217
0 0 0.00244326
0 0 0.00243762
0 0 0.00238438
0 0 0.00237642
0 0 0.00236564
0 0 0.00232823
1 0.0138565 0.0161288
0 0 0.00226816
1 0.00230444 0.00455984
1 0.00394621 0.00619544
0 0 0.00224415
2 0.0982218 0.10042
1 0.0340531 0.0362511
0 0 0.00219435
0 0 0.00217092
0 0 0.00215262
0 0 0.00214759
0 0 0.0021289
1 0.00649569 0.00860563
1 0.00509889 0.0071524
2 0.0175819 0.0196119
0 0 0.00201375
1 0.0282233 0.0302314
1 0.0153972 0.0173814
0 0 0.00197358
0 0 0.00196939
0 0 0.00195131
0 0 0.00194017
1 0.0285687 0.030491
1 0.0392374 0.0411508
0 0 0.00189362
0 0 0.00185252
1 0.0025154 0.00434011
0 0 0.00182275
0 0 0.00181576
0 0 0.0018133
2 0.0486214 0.0504201
0 0 0.00178747
0 0 0.00175305
0 0 0.00174532
0 0 0.00174414
1 0.00300526 0.00473454
1 0.0291077 0.0308344
1 0.00770263 0.00942819
0 0 0.00171505
0 0 0.00171089
2 0.0166182 0.0183222
1 0.0107616 0.0124585
0 0 0.00168471
1 0.00863311 0.010301
0 0 0.00165403
0 0 0.00162998
2 0.0397837 0.0414034
1 0.0439466 0.0455566
2 0.0443492 0.04595
1 0.027112 0.0287075
1 0.0376356 0.0392207
0 0 0.00158391
0 0 0.00157602
1 0.0932202 0.0947961
1 0.0316909 0.0332644
1 0.0232449 0.0248105
0 0 0.00150541
0 0 0.00146872
1 0.00256018 0.00402849
1 0.00666962 0.00812548
0 0 0.00143406
1 0.00387171 0.0053042
1 0.0145308 0.015953
0 0 0.00140216
1 0.00407552 0.00547243
1 0.00606283 0.00743482
1 0.00789819 0.00926061
2 0.00975033 0.0111019
0 0 0.00134976
0 0 0.00134601
1 0.0157409 0.0170835
1 0.00678454 0.00812162
0 0 0.00133099
0 0 0.00131772
1 0.00451171 0.00582309
0 0 0.00129964
1 0.00914111 0.0104382
0 0 0.00128896
1 0.0292189 0.0304561
2 0.0604428 0.0616257
0 0 0.00117098
0 0 0.00114623
1 0.209993 0.211131
1 0.00427455 0.00540992
1 0.0724566 0.0735464
1 0.00434782 0.0054242
1 0.00329335 0.00434997
2 0.0347096 0.0357562
1 0.0804761 0.0815134
1 0.0343784 0.0354106
1 0.0226737 0.0236967
1 0.00435129 0.00536266
0 0 0.00101059
0 0 0.00100212
1 0.00812673 0.00912746
0 0 0.000997997
0 0 0.000988172
0 0 0.000982873
1 0.00366831 0.00463001
1 0.00627398 0.00723183
0 0 0.00095698
0 0 0.000952226
1 0.0799415 0.0808849
0 0 0.000939736
0 0 0.000920723
0 0 0.000913427
1 0.0154651 0.0163732
2 0.0103901 0.011294
0 0 0.000898483
1 0.000825146 0.00171125
1 0.0554872 0.0563657
0 0 0.000864664
0 0 0.000864588
0 0 0.000860247
0 0 0.000856537
0 0 0.000852358
1 0.00234166 0.00317876
1 0.231849 0.23268
0 0 0.000828437
0 0 0.000827103
0 0 0.000817114
0 0 0.00081305
1 0.0384594 0.039268
2 0.0491488 0.0499557
1 0.0269464 0.0277457
0 0 0.000789994
0 0 0.000787038
1 0.0196443 0.0204284
2 0.00957317 0.0103563
0 0 0.000774654
0 0 0.000772729
0 0 0.000771868
1 0.00545349 0.00622478
0 0 0.000764205
1 0.00279193 0.00355031
1 0.00419626 0.00495037
1 0.0111016 0.0118439
2 0.0122458 0.0129873
0 0 0.000739341
1 0.00296436 0.00370366
2 0.0589311 0.059669
1 0.0132275 0.0139556
1 0.0049181 0.0056386
1 0.00336338 0.00408141
0 0 0.000708655
1 0.0555453 0.056253
0 0 0.000707471
1 0.00395666 0.00465877
1 0.00379769 0.00449839
0 0 0.00068835
1 0.00956773 0.0102553
1 0.00269346 0.00337327
1 0.00800522 0.00868363
1 0.0382143 0.0388888
0 0 0.000670242
1 0.103102 0.103767
0 0 0.000658028
0 0 0.000653327
0 0 0.000645862
1 0.0151865 0.0158286
0 0 0.000635303
0 0 0.000635114
2 0.0117703 0.0123976
0 0 0.000614796
0 0 0.000602893
0 0 0.000583905
1 0.00940595 0.00998325
1 0.0197617 0.0203266
1 0.00623498 0.00677528
2 0.0044902 0.00502078
1 0.0243757 0.0248977
1 0.00483252 0.00533892
2 0.0112749 0.0117799
1 0.0267134 0.0272161
1 0.00702798 0.00752902
1 0.00255739 0.00305248
2 0.054562 0.0550562
1 0.00475748 0.0052474
1 0.0334544 0.0339434
1 0.0106079 0.0110963
1 0.00365346 0.00413469
0 0 0.000471029
1 0.00217294 0.00263946
1 0.00181665 0.00227961
0 0 0.000462247
0 0 0.000459612
1 0.0218019 0.0222532
1 0.027936 0.0283871
0 0 0.000447457
1 0.00967006 0.0101155
1 0.00169149 0.00213279
1 0.0070876 0.00752406
2 0.0391066 0.0395365
1 0.0435133 0.0439386
1 0.00253169 0.00295384
2 0.0112219 0.0116411
2 0.0384558 0.0388748
2 0.025457 0.0258731
2 0.0409797 0.0413926
1 0.00108371 0.00149591
1 0.00114421 0.00155345
2 0.00550175 0.00590982
1 0.00264054 0.00304044
0 0 0.000398573
0 0 0.000397451
1 0.00581429 0.00620577
0 0 0.000388266
0 0 0.000388182
0 0 0.00038028
1 0.00396368 0.00434293
1 0.0097727 0.0101517
1 0.00183004 0.00220381
1 0.00417496 0.0045381
1 0.00376665 0.00412826
1 0.00557813 0.00593918
0 0 0.00035964
1 0.00686771 0.00721218
0 0 0.000344452
1 0.00124223 0.00158551
2 0.0434318 0.0437728
1 0.0224552 0.0227929
0 0 0.000336868
0 0 0.000334573
0 0 0.000332448
1 0.0199231 0.0202522
1 0.00436864 0.00469608
1 0.0026117 0.0029389
0 0 0.00032501
0 0 0.000323936
1 0.00580206 0.00612049
2 0.00510282 0.00541544
1 0.00998257 0.0102943
1 0.00186835 0.00217892
1 0.00332018 0.00362713
1 0.00492334 0.00520882
1 0.039194 0.0394793
1 0.0209088 0.0211913
1 0.0161898 0.0164723
0 0 0.000280856
0 0 0.000279636
0 0 0.000279604
1 0.00461795 0.00489523
1 0.0373466 0.037619
2 0.0093301 0.00960239
1 0.00256234 0.00283305
1 0.00484819 0.00511679
2 0.0126519 0.0129165
0 0 0.000263396
1 0.00530792 0.00556413
1 0.0262477 0.0265023
0 0 0.00025352
2 0.00582135 0.00607481
1 0.00200102 0.00225404
0 0 0.000252356
1 0.0085672 0.00881874
1 0.00126219 0.00150979
1 0.00299866 0.00324286
0 0 0.000240137
0 0 0.000238468
1 0.00294602 0.00318393
1 0.00860756 0.00884493
1 0.00215192 0.00238556
2 0.0180383 0.0182718
1 0.0592687 0.0594962
2 0.00718313 0.00740583
1 0.00435883 0.00457827
1 0.00217387 0.00239195
2 0.00869261 0.00890184
1 0.00374664 0.00395386
1 0.00463935 0.00484652
1 0.00570575 0.00590902
1 0.00553765 0.00573945
2 0.0173775 0.017579
1 0.00384811 0.0040416
1 0.00189257 0.00208571
1 0.0192458 0.0194354
1 0.00579202 0.00597698
1 0.00087023 0.0010548
1 0.00376863 0.00395198
1 0.00308233 0.00326565
1 0.00412788 0.00430616
0 0 0.000175728
2 0.0215449 0.0217203
1 0.00107419 0.00123773
2 0.00629603 0.00645653
2 0.00747347 0.00763227
2 0.035766 0.0359225
1 0.00144292 0.00159873
1 0.00426573 0.00442088
1 0.00467951 0.00483369
2 0.00457071 0.00472473
1 0.00526249 0.005415
1 0.00541073 0.00556267
1 0.023815 0.0239621
1 0.00354345 0.00369023
2 0.00450648 0.0046522
1 0.00179711 0.0019418
2 0.00969299 0.00983594
1 0.0102748 0.0104118
1 0.00191833 0.00205074
1 0.00269344 0.00282395
1 0.0388205 0.0389507
2 0.0297497 0.0298767
0 0 0.000125591
1 0.00292652 0.00305007
1 0.02444 0.0245603
1 0.0202229 0.0203401
2 0.0101306 0.0102473
2 0.011891 0.0120076
1 0.0019761 0.00209044
2 0.0119974 0.0121108
1 0.00413464 0.00424428
0 0 0.000109311
1 0.00227299 0.0023819
1 0.00559616 0.00570359
1 0.0719448 0.0720511
1 0.0332753 0.0333809
1 0.00819329 0.00829793
1 0.0275493 0.0276516
1 0.00432552 0.00442574
1 0.00605363 0.00615296
1 0.00992628 0.010023
1 0.0359072 0.0360036
1 0.00297798 0.00307163
2 0.00272541 0.00281705
2 0.00522761 0.00531815
1 0.0118406 0.0119296
0 0 8.87762e-05
1 0.0102189 0.0103062
2 0.00458641 0.00467079
1 0.00233193 0.00241508
1 0.00130079 0.00138287
1 0.0113281 0.0114088
1 0.0575701 0.0576505
1 0.00330963 0.00338889
1 0.0171669 0.0172416
1 0.00150168 0.0015759
1 0.000297538 0.000371599
1 0.00182308 0.00189491
1 0.00582172 0.00589338
1 0.0042062 0.00427708
2 0.0205251 0.0205944
1 0.00489346 0.00496029
1 0.00112873 0.00119469
1 0.0025245 0.00258757
2 0.0109128 0.0109747
1 0.02634 0.0264016
1 0.00190318 0.00196458
1 0.00284251 0.00290332
1 0.00145281 0.00151213
2 0.00232487 0.00238359
0 0 5.74648e-05
1 0.00477156 0.0048283
1 0.00124243 0.00129764
1 0.0762403 0.0762953
1 0.0052712 0.00532538
1 0.0569758 0.0570295
1 0.00211646 0.00216998
1 0.0119475 0.012001
1 0.015129 0.0151819
2 0.00300646 0.00305923
1 0.011538 0.0115896
1 0.00613189 0.00618346
0 0 5.09093e-05
1 0.000810694 0.000861457
2 0.0092876 0.00933824
1 0.00509394 0.00514383
2 0.00461543 0.00466496
1 0.00346432 0.00351344
1 0.0069535 0.00700219
2 0.012362 0.0124103
2 0.00583362 0.00588165
2 0.00833833 0.00838242
2 0.0120485 0.012092
1 0.0412962 0.0413395
1 0.00578945 0.00583132
1 0.00561752 0.00565932
2 0.00899175 0.009033
2 0.0063092 0.00634799
2 0.0112078 0.0112458
1 0.00289149 0.00292929
2 0.00452417 0.0045607
1 0.0162903 0.0163268
1 0.00322288 0.00325871
1 0.00258677 0.00262244
1 0.0163904 0.016426
1 0.00188313 0.00191866
2 0.0111736 0.011209
1 0.000704005 0.000739158
1 0.00105912 0.00109382
2 0.00640342 0.00643803
1 0.00711985 0.00715163
1 0.292251 0.292282
2 0.00457931 0.00460998
1 0.00458378 0.00461417
2 0.00235102 0.00238059
1 0.00380164 0.00383115
2 0.00371698 0.00374612
2 0.0038372 0.00386631
1 0.0121453 0.0121736
1 0.00616577 0.00619183
1 0.0028087 0.00283342
1 0.00685448 0.00687868
1 0.00277507 0.0027989
2 0.00275198 0.00277553
2 0.00172646 0.00174994
1 0.00224599 0.00226892
1 0.0342342 0.0342571
1 0.00366144 0.00368393
1 0.00896779 0.00899026
2 0.0453399 0.0453615
2 0.00547054 0.00549081
1 0.00627579 0.00629582
1 0.0102948 0.0103143
2 0.0730505 0.0730696
2 0.00176668 0.00178574
1 0.00326153 0.00328047
1 0.000793709 0.000812374
1 0.00191873 0.00193636
1 0.00716878 0.00718615
1 0.00216093 0.00217744
1 0.00152273 0.00153922
2 0.0422892 0.042305
2 0.0058311 0.00584631
1 0.00498615 0.00500116
2 0.0338549 0.0338698
1 0.000274013 0.000288517
1 0.0292445 0.029258
1 0.0029466 0.00295921
2 0.014489 0.0145009
1 0.0270314 0.0270428
2 0.00463074 0.00464095
1 0.0615176 0.0615275
1 0.0129928 0.0130028
2 0.0211795 0.0211893
1 0.0197405 0.0197497
1 0.00493489 0.00494406
2 0.0102117 0.0102207
2 0.027387 0.0273957
1 0.00290028 0.00290854
1 0.00370681 0.00371476
1 0.0369694 0.036977
1 0.00178985 0.00179719
1 0.00148453 0.00149183
1 0.000339585 0.000346751
1 0.0193202 0.0193269
1 0.00208056 0.00208725
2 0.0199231 0.0199298
2 0.000384461 0.000391043
1 0.00143166 0.00143807
2 0.0105938 0.0106002
1 0.000573134 0.000579357
2 0.00620491 0.00621043
2 0.00633193 0.00633739
1 0.00600511 0.00601054
2 0.0111993 0.0112047
2 0.00685319 0.0068582
1 0.00139123 0.00139621
1 0.00561062 0.00561538
1 0.00169049 0.00169452
1 0.0322078 0.0322118
2 0.00248335 0.00248723
1 0.00227118 0.00227486
1 0.00364008 0.00364353
2 0.0176669 0.0176702
2 0.00226803 0.00227107
2 0.0130057 0.0130086
2 0.0100586 0.010061
2 0.0608555 0.0608577
2 0.00205611 0.00205824
1 0.0599656 0.0599676
2 0.0105322 0.0105341
1 0.00947963 0.00948123
1 0.0119511 0.0119526
2 0.0396219 0.0396232
2 0.0076216 0.00762284
2 0.00649594 0.00649717
1 0.00248739 0.00248862
2 0.00369345 0.00369467
1 0.0055572 0.0055584
2 0.0452315 0.0452325
1 0.00927848 0.0092795
2 0.00983475 0.00983573
1 0.00700463 0.00700559
1 0.00778646 0.00778719
2 0.00213223 0.00213293
1 0.00266532 0.00266601
2 0.0208595 0.0208601
1 0.0431678 0.0431684
1 0.00121564 0.00121617
2 0.02568 0.0256804
1 0.00290125 0.00290164
1 0.0016528 0.00165317
1 0.00307618 0.00307649
1 0.0105897 0.01059
2 0.0378218 0.0378221
2 0.0936614 0.0936616
2 0.00689023 0.00689049
2 0.00463641 0.00463655
1 0.0262273 0.0262274
1 0.0194117 0.0194117
2 0.00139927 0.00139932
1 0.00505073 0.00505077
1 0.00816956 0.00816958
1 0.00202618 0.00202619
1 0.00938018 0.00938019
1 0.00375758 0.00375759
2 0.0115891 0.0115891
1 0.00173896 0.00173897
1 0.00340581 0.00340581
2 0.00633658 0.00633658
