0 0 inf
0 0 0.0800122
0 0 0.0670017
0 0 0.0543274
0 0 0.0516151
0 0 0.0515737
0 0 0.0501348
0 0 0.0488658
0 0 0.0373917
1 0.0673981 0.0993242
0 0 0.0317835
0 0 0.0314769
0 0 0.0312082
0 0 0.0305287
0 0 0.0297546
0 0 0.0276298
0 0 0.0265086
1 0.0790814 0.104966
0 0 0.0257094
0 0 0.0205563
0 0 0.0204248
1 0.0699153 0.0891925
0 0 0.01824
1 0.161358 0.178121
1 0.0118266 0.0284676
0 0 0.0162979
0 0 0.0161189
0 0 0.0157606
1 0.00439797 0.0194289
0 0 0.0150104
0 0 0.0149769
0 0 0.0145091
0 0 0.014442
0 0 0.0136798
0 0 0.0134913
0 0 0.0134161
0 0 0.0129685
1 0.0339881 0.046133
0 0 0.0118762
1 0.0213169 0.0330792
1 0.0377623 0.0494248
0 0 0.0110134
1 0.0170101 0.0274637
0 0 0.00985279
0 0 0.00951155
1 0.051659 0.060593
1 0.0364669 0.0451903
1 0.220221 0.22876
0 0 0.00825896
0 0 0.00811025
1 0.0753071 0.0833757
0 0 0.00797396
0 0 0.00755684
1 0.0725525 0.0800324
1 0.0141567 0.0216318
1 0.0371555 0.0443521
1 0.0868728 0.0940439
1 0.0166342 0.0233792
0 0 0.00674146
2 0.104854 0.111401
0 0 0.0064747
0 0 0.0064416
0 0 0.00629797
1 0.014644 0.0208856
0 0 0.00611543
0 0 0.00595326
0 0 0.00594985
1 0.103452 0.109374
0 0 0.00588625
0 0 0.00588348
0 0 0.00577341
0 0 0.00544739
1 0.0335812 0.0389298
0 0 0.00533642
0 0 0.0052881
0 0 0.0052771
0 0 0.00525279
0 0 0.00519058
1 0.0259685 0.0310194
0 0 0.00469332
1 0.014794 0.0194355
0 0 0.00459361
1 0.0663509 0.0707769
1 0.126929 0.131332
1 0.0832445 0.0875549
1 0.0205159 0.0248084
1 0.0324244 0.0367152
1 0.015667 0.0199432
0 0 0.00425451
1 0.00686289 0.0110577
1 0.0225912 0.0267538
0 0 0.004113
1 0.0674983 0.0714389
0 0 0.00371835
0 0 0.00365126
1 0.0716087 0.075236
0 0 0.00360574
0 0 0.00360422
0 0 0.00360299
0 0 0.0036002
0 0 0.00346865
1 0.0453491 0.0487867
0 0 0.00343644
1 0.0162749 0.0196823
0 0 0.00339691
0 0 0.00330099
1 0.00283879 0.00613211
0 0 0.00329197
1 0.00270635 0.00588397
0 0 0.00306711
0 0 0.00305167
0 0 0.00305051
0 0 0.00303829
1 0.00627005 0.0092633
2 0.0502728 0.0532024
1 0.00925558 0.0121672
0 0 0.0029059
1 0.0701258 0.0729726
0 0 0.00281841
2 0.0303524 0.0331656
1 0.00252326 0.00529202
0 0 0.00272026
0 0 0.00265143
0 0 0.00255828
1 0.0284152 0.0309595
0 0 0.00251269
1 0.00194702 0.00444852
0 0 0.00247266
1 0.00592135 0.00834549
1 0.0726654 0.0750785
0 0 0.00239097
0 0 0.00236445
0 0 0.00229715
0 0 0.00228782
0 0 0.00228016
2 0.0162374 0.0184995
0 0 0.00221552
0 0 0.00221301
1 0.00217564 0.00438648
0 0 0.00220553
1 0.0760683 0.0782651
1 0.0966405 0.0988347
0 0 0.00215774
1 0.00883515 0.0109635
0 0 0.00208756
1 0.00934839 0.0114015
0 0 0.0020375
0 0 0.00202323
1 0.0407955 0.042815
1 0.09991 0.101901
1 0.0222473 0.0242218
0 0 0.00196604
0 0 0.00194639
0 0 0.0019368
0 0 0.00192182
0 0 0.00189843
1 0.0464087 0.0482959
1 0.0958565 0.097743
0 0 0.00188457
0 0 0.00187633
1 0.0232306 0.025104
1 0.0053725 0.00723636
0 0 0.00184103
0 0 0.00184005
1 0.00451521 0.00633716
0 0 0.00181123
0 0 0.00180934
1 0.00227865 0.00408058
1 0.00327436 0.0050695
0 0 0.00177905
1 0.0335468 0.0353253
0 0 0.00173893
0 0 0.00171354
0 0 0.00170697
0 0 0.00170481
1 0.0457987 0.0474815
0 0 0.00166201
1 0.209508 0.211143
0 0 0.00160566
1 0.0198808 0.0214738
1 0.00331293 0.0048978
0 0 0.00157894
0 0 0.00157596
1 0.00733702 0.0089072
0 0 0.00156376
0 0 0.00155677
1 0.00324117 0.00478722
0 0 0.00153814
0 0 0.00153403
1 0.0284975 0.0300235
1 0.00369776 0.00521283
0 0 0.00151406
2 0.0335298 0.0350137
2 0.142978 0.144426
1 0.113381 0.114826
0 0 0.0014395
1 0.0175581 0.0189739
0 0 0.00141492
0 0 0.00140884
0 0 0.00140557
0 0 0.00140001
1 0.0885169 0.0899169
1 0.0320375 0.0334258
0 0 0.00138448
1 0.0281328 0.0295016
0 0 0.00135719
0 0 0.00134453
1 0.00465923 0.00600021
0 0 0.00133707
0 0 0.00131784
0 0 0.00129636
0 0 0.00128081
1 0.0148131 0.0160594
0 0 0.00124056
1 0.0277461 0.0289852
0 0 0.00123039
0 0 0.00122708
0 0 0.00122275
0 0 0.001222
0 0 0.00122161
1 0.00806542 0.00921161
1 0.0184888 0.019626
1 0.0199981 0.0211296
0 0 0.00112145
0 0 0.00111902
1 0.0232194 0.0243295
0 0 0.00110427
1 0.0318211 0.0329242
0 0 0.00108423
0 0 0.00107099
1 0.0765662 0.0776369
1 0.00775544 0.00882509
1 0.0027435 0.00380952
0 0 0.00104235
0 0 0.00103207
1 0.00918555 0.0102173
1 0.0461025 0.0471231
1 0.0320841 0.0331014
0 0 0.00101388
1 0.0534402 0.0544334
1 0.00968408 0.0106712
1 0.0166398 0.017621
0 0 0.000980792
1 0.0921925 0.0931629
0 0 0.00096647
0 0 0.000953017
0 0 0.000946688
0 0 0.000945419
2 0.236064 0.236995
1 0.00335737 0.00428755
1 0.003304 0.00423099
0 0 0.000925985
0 0 0.000922361
2 0.211659 0.21258
1 0.00381148 0.00472402
1 0.00222192 0.00313366
0 0 0.000905408
1 0.0039423 0.00484135
2 0.021143 0.0220347
1 0.00578023 0.00666095
1 0.0181703 0.0190481
1 0.0225301 0.0233984
0 0 0.000866671
0 0 0.000859596
1 0.00815468 0.00901126
0 0 0.000852122
1 0.0841797 0.0850318
1 0.0380912 0.038942
1 0.00614808 0.00699792
1 0.00665276 0.00749526
0 0 0.000833692
1 0.0018747 0.00270661
2 0.0478908 0.0487194
0 0 0.000822624
1 0.0175823 0.0184047
1 0.00533733 0.00615192
0 0 0.000814379
0 0 0.000812353
1 0.00625713 0.00706603
0 0 0.000804516
1 0.00237474 0.00317757
1 0.00494556 0.00574245
2 0.00596793 0.00676273
0 0 0.000781498
0 0 0.000755195
2 0.0237572 0.0245093
1 0.0237002 0.024451
0 0 0.000733162
1 0.0376602 0.0383898
2 0.115909 0.116628
1 0.0995742 0.10029
1 0.00356286 0.00426867
1 0.00430345 0.00499983
0 0 0.000694555
1 0.00201159 0.00269895
1 0.00776003 0.00844612
0 0 0.000683315
1 0.0286266 0.0293065
0 0 0.000662628
0 0 0.000639712
2 0.229493 0.230128
1 0.00797786 0.00861234
1 0.0038835 0.00451314
1 0.0503882 0.0510171
1 0.0918144 0.0924248
1 0.00430814 0.00490545
1 0.00346037 0.00405041
2 0.202836 0.203415
1 0.00461446 0.00519147
0 0 0.00057451
0 0 0.000567115
1 0.00804305 0.0086095
1 0.201998 0.202562
1 0.00627501 0.00683164
1 0.0516067 0.0521592
1 0.00226043 0.00281097
2 0.038216 0.0387653
1 0.0027004 0.00324012
0 0 0.000538809
1 0.0115083 0.0120466
1 0.00188454 0.00241673
1 0.0213457 0.0218726
1 0.0459228 0.0464448
1 0.0330425 0.0335495
1 0.00540729 0.00590469
1 0.0115795 0.0120639
0 0 0.00047561
2 0.051389 0.0518615
0 0 0.000469743
0 0 0.000458946
2 0.0968355 0.0972911
1 0.102035 0.102491
1 0.00289826 0.00335294
1 0.0205605 0.0210151
2 0.0286286 0.0290825
1 0.0324195 0.0328708
0 0 0.000451225
1 0.0169218 0.0173607
1 0.0128469 0.0132844
0 0 0.000436702
1 0.00280262 0.00323579
1 0.0139148 0.0143452
2 0.0881909 0.088617
0 0 0.000415823
1 0.00856433 0.00897999
1 0.00321606 0.00363121
1 0.00426787 0.00467876
2 0.0759857 0.0763962
1 0.008779 0.00917997
0 0 0.000400015
1 0.0245264 0.0249233
1 0.00501318 0.00540647
1 0.00386625 0.00425931
1 0.0387577 0.0391483
2 0.00561398 0.00600192
1 0.00217987 0.00256432
0 0 0.000383242
2 0.0121784 0.0125606
1 0.00104703 0.00142822
2 0.0284822 0.0288623
0 0 0.000376473
1 0.000817265 0.00119272
2 0.00618236 0.00655636
2 0.00550594 0.00587938
1 0.0865095 0.0868765
1 0.00499348 0.00535982
2 0.12388 0.124245
1 0.0032327 0.00359505
2 0.0289889 0.0293505
0 0 0.000352727
1 0.0250015 0.0253525
1 0.00340142 0.00375172
0 0 0.000347702
1 0.00976316 0.0101076
1 0.0131324 0.0134727
1 0.00869271 0.00903094
1 0.0105181 0.0108555
2 0.00493094 0.00525749
1 0.0142852 0.0146115
0 0 0.000325963
1 0.00464346 0.00496706
1 0.037324 0.0376465
1 0.00431428 0.00463314
1 0.00943673 0.00975222
2 0.0328158 0.0331295
2 0.00464927 0.00495657
1 0.00281884 0.00312551
1 0.00479259 0.00509913
1 0.00288377 0.00318966
0 0 0.000298424
1 0.00438931 0.00468752
1 0.0060247 0.00631713
1 0.015474 0.0157653
1 0.00454316 0.00483269
2 0.00365196 0.00394022
1 0.00455585 0.00484226
1 0.0162998 0.0165862
0 0 0.000285501
1 0.0020129 0.00229785
2 0.0104806 0.01076
1 0.00302457 0.00329819
2 0.0367195 0.036992
1 0.0180103 0.0182776
1 0.00202927 0.00229235
1 0.00412442 0.00438725
1 0.0308419 0.031096
2 0.00489966 0.005153
1 0.00721474 0.00746239
0 0 0.000246167
1 0.00286107 0.00310209
1 0.00378763 0.00402786
1 0.0043324 0.00456951
1 0.00305375 0.00328999
2 0.0132573 0.0134923
1 0.00149007 0.00172035
0 0 0.00022537
1 0.00483136 0.00505291
2 0.030325 0.0305455
2 0.015069 0.0152828
1 0.00793596 0.00814926
2 0.103095 0.103304
1 0.00751514 0.00772397
1 0.00268603 0.00289398
1 0.00240327 0.00260987
1 0.0114924 0.0116986
1 0.0107819 0.0109835
1 0.0204773 0.0206763
1 0.00496917 0.00516794
2 0.00683797 0.00703601
1 0.00544359 0.00564055
1 0.00443263 0.00462836
1 0.004377 0.00457214
1 0.0206181 0.0208112
1 0.00129796 0.001489
1 0.00472284 0.00491195
2 0.00296287 0.00314914
1 0.00282918 0.0030131
1 0.00333875 0.00352263
1 0.00222453 0.00240698
2 0.00862345 0.00880114
1 0.0170078 0.0171846
1 0.00122652 0.00139973
1 0.00599068 0.0061614
0 0 0.000168658
1 0.0035068 0.00367435
0 0 0.000163267
1 0.0402347 0.0403973
2 0.00627664 0.00643693
1 0.0230426 0.0232028
1 0.00522101 0.00537832
1 0.00186881 0.00202576
0 0 0.000156591
1 0.0287499 0.0289037
1 0.000865018 0.0010174
1 0.00378836 0.00393345
1 0.00266574 0.00280995
1 0.0140095 0.0141525
1 0.00979312 0.00993237
2 0.0267848 0.0269234
1 0.00564937 0.00578728
1 0.00535104 0.00548808
1 0.0702123 0.0703488
1 0.0267914 0.0269271
1 0.0197337 0.0198662
2 0.0134023 0.0135333
1 0.00396955 0.00409691
2 0.00537038 0.00549724
1 0.00218011 0.00230669
2 0.00671806 0.00684453
2 0.0118457 0.0119699
2 0.0074006 0.00752415
1 0.0129069 0.013029
2 0.0329174 0.0330394
1 0.0131144 0.0132363
1 0.00445113 0.00457207
1 0.10872 0.108841
0 0 0.000117186
1 0.00276956 0.00288656
1 0.0398363 0.0399511
1 0.00646173 0.00657565
1 0.00250279 0.00261628
2 0.00517054 0.00528288
2 0.0345508 0.0346613
1 0.00773219 0.00784215
1 0.0963825 0.0964923
1 0.00241274 0.00252201
1 0.00431497 0.00441942
2 0.00465002 0.0047543
2 0.0108099 0.0109117
2 0.00645792 0.00655857
1 0.00358873 0.00368815
2 0.0134795 0.013579
2 0.0484791 0.048575
1 0.00300622 0.00310141
1 0.00351123 0.00360502
2 0.00628955 0.00638306
1 0.00757596 0.00766925
2 0.0237951 0.0238882
0 0 9.25709e-05
2 0.0112108 0.0113027
1 0.00716406 0.00725449
1 0.0413542 0.041443
1 0.00276996 0.00285843
2 0.00641734 0.00650514
2 0.008969 0.00905594
1 0.00403938 0.00412497
1 0.00609958 0.00618427
2 0.034113 0.0341969
2 0.112735 0.112818
1 0.00486907 0.00494943
0 0 7.64692e-05
1 0.00387113 0.00394659
1 0.0016142 0.00168957
2 0.00547547 0.00554947
0 0 7.35586e-05
1 0.00541625 0.00548907
1 0.00887639 0.00894857
1 0.00136968 0.00144142
0 0 7.12276e-05
2 0.109484 0.109555
1 0.00515871 0.00522835
2 0.00460364 0.00467306
2 0.0256642 0.0257332
2 0.0190976 0.0191663
1 0.000904509 0.000972512
1 0.0329785 0.0330464
1 0.00582355 0.00589123
2 0.00487042 0.0049376
1 0.0153401 0.0154069
1 0.0245139 0.0245802
1 0.00169567 0.00176132
1 0.00106688 0.00113249
1 0.00321594 0.00328028
2 0.0133133 0.0133773
1 0.00192032 0.00198275
2 0.00526682 0.00532805
1 0.0280414 0.0281023
1 0.00648661 0.006547
2 0.00487659 0.00493634
1 0.00448019 0.0045397
1 0.00229 0.0023492
1 0.0078193 0.00787818
1 0.00244804 0.00250426
1 0.00287878 0.00293404
0 0 5.50492e-05
1 0.00166952 0.00172429
2 0.00618356 0.00623756
2 0.0276088 0.0276628
2 0.00593233 0.00598605
1 0.0062435 0.00629701
0 0 5.22615e-05
2 0.00553621 0.00558842
0 0 5.05732e-05
1 0.00120891 0.00125938
1 0.00418076 0.00422926
1 0.00131552 0.00136301
1 0.00382836 0.00387565
1 0.00209192 0.00213834
1 0.00145182 0.00149805
2 0.0144082 0.0144541
1 0.000627131 0.000672781
1 0.00718498 0.0072306
1 0.00175734 0.00180279
2 0.0112766 0.0113204
1 0.00751509 0.00755893
1 0.0045145 0.00455816
1 0.0971602 0.0972039
2 0.00150927 0.00155218
2 0.0118924 0.0119341
0 0 4.1233e-05
2 0.0040456 0.00408623
1 0.00396018 0.00399898
2 0.00542623 0.00546458
1 0.00453165 0.00456942
1 0.0030482 0.00308584
1 0.00637207 0.00640964
0 0 3.74679e-05
1 0.00113178 0.00116908
1 0.00283402 0.00287121
1 0.00291243 0.0029492
1 0.00693299 0.0069685
1 0.00153888 0.00157394
1 0.00157723 0.00160967
1 0.00637077 0.00640294
2 0.0754792 0.0755113
2 0.00645549 0.00648754
1 0.0102598 0.0102918
1 0.00414872 0.00418056
1 0.00297719 0.00300883
1 0.00182178 0.00185252
1 0.00324789 0.00327859
2 0.00650974 0.0065395
1 0.0177102 0.0177392
2 0.00330437 0.00333324
2 0.00597969 0.00600834
1 0.00566893 0.00569749
1 0.00763039 0.00765883
1 0.00537622 0.00540379
1 0.0016114 0.00163791
2 0.0065075 0.00653357
1 0.00524209 0.00526766
2 0.00772072 0.00774599
1 0.00487905 0.00490432
2 0.00365465 0.00367917
1 0.0293808 0.0294035
1 0.00301787 0.00304045
1 0.00296177 0.0029842
2 0.0218403 0.0218625
2 0.0134801 0.0135019
2 0.0138694 0.0138908
1 0.00245321 0.00247435
1 0.00786352 0.00788457
1 0.00556215 0.00558313
2 0.0127233 0.0127438
1 0.00103887 0.00105902
1 0.0029343 0.00295442
2 0.00467341 0.00469178
2 0.00847629 0.00849404
1 0.00729101 0.00730808
1 7.12626e-05 8.83023e-05
1 0.00820913 0.00822604
1 0.00405617 0.00407276
0 0 1.65205e-05
1 0.00148726 0.00150372
2 0.00706881 0.00708516
1 0.00215313 0.00216937
2 0.0263096 0.0263255
1 0.00648226 0.006498
2 0.0110682 0.0110839
1 0.0032059 0.00322115
1 0.0104861 0.0105011
1 0.00343581 0.00345001
1 0.00110485 0.00111889
2 0.00581662 0.0058304
1 0.00235569 0.00236814
1 0.03887 0.0388819
2 0.00484552 0.00485736
2 0.00897918 0.00899102
2 0.00166696 0.00167661
1 0.00175063 0.0017602
2 0.0676781 0.0676876
1 0.00307475 0.00308379
1 0.0129964 0.0130051
2 0.00738916 0.00739773
2 0.00523813 0.00524561
1 0.00421871 0.00422601
1 0.00239192 0.00239893
1 0.00665064 0.00665754
2 0.00871099 0.0087178
1 0.0903201 0.0903267
2 0.010525 0.0105316
1 0.00418713 0.00419369
2 0.00563482 0.00564128
1 0.0050456 0.00505202
2 0.00275673 0.00276299
1 0.00340712 0.00341336
2 0.00537098 0.00537711
1 0.000664989 0.000670619
2 0.00136527 0.00137084
1 0.00267437 0.00267984
2 0.0120729 0.0120783
2 0.0177404 0.0177457
2 0.028722 0.028727
1 0.0041371 0.00414199
1 0.000640395 0.000645275
2 0.00421285 0.00421765
2 0.00747957 0.007484
2 0.00680661 0.00681071
1 0.0046275 0.00463138
1 0.00200358 0.00200719
1 0.00751957 0.00752309
2 0.00560649 0.00560994
1 0.00610529 0.00610872
2 0.00517649 0.00517991
1 0.00405488 0.00405824
2 0.0384709 0.038474
1 0.00218894 0.00219187
1 0.00194817 0.00195107
2 0.00324427 0.00324689
2 0.0052727 0.00527516
2 0.00548211 0.00548445
2 0.00526528 0.00526759
1 0.020446 0.0204482
1 0.00249214 0.00249425
2 0.00655577 0.00655784
1 0.00114278 0.00114482
1 0.000559124 0.000561154
1 0.00270496 0.00270671
2 0.00621897 0.0062207
1 0.000296483 0.000298128
2 0.00485205 0.00485366
2 0.0410602 0.0410617
2 0.0157865 0.0157881
1 0.00129287 0.00129429
1 0.0012088 0.00121014
1 0.00367994 0.00368128
2 0.010028 0.0100291
1 0.0065003 0.00650131
1 0.00441825 0.00441922
2 0.0333413 0.0333423
2 0.0092498 0.0092507
2 0.00703406 0.00703496
2 0.0137789 0.0137797
2 0.00200162 0.00200225
2 0.00727649 0.00727709
2 0.00625631 0.00625655
1 0.0132519 0.0132521
1 0.00135998 0.00136017
1 0.0184612 0.0184614
2 0.00808693 0.0080871
2 0.0862368 0.086237
1 0.00161159 0.00161175
1 0.000884907 0.000885035
1 0.00404274 0.00404287
2 0.100403 0.100403
2 0.0065021 0.00650219
1 0.00430944 0.00430951
1 0.0109186 0.0109187
1 0.0669036 0.0669036
2 0.103516 0.103516
1 0.0028579 0.00285794
1 0.00528521 0.00528522
