0 0 inf
0 0 0.10872
0 0 0.0543274
0 0 0.0516151
0 0 0.0515737
0 0 0.0501348
0 0 0.0488658
0 0 0.0428614
0 0 0.0378524
0 0 0.0348174
0 0 0.032598
0 0 0.0320375
0 0 0.0317835
1 0.0670017 0.0986547
0 0 0.0314769
0 0 0.0305287
0 0 0.0276298
0 0 0.0257094
1 0.0790814 0.102502
0 0 0.0233584
1 0.161358 0.184064
0 0 0.0205563
0 0 0.0204248
1 0.0699153 0.0891925
0 0 0.0182544
0 0 0.0161189
0 0 0.0157606
1 0.0144897 0.0295915
0 0 0.0150104
1 0.0156581 0.0303524
0 0 0.014442
0 0 0.0134161
1 0.0339881 0.046133
0 0 0.0118762
1 0.0213169 0.0330792
1 0.0377623 0.0494248
0 0 0.0110134
1 0.0170101 0.0274637
0 0 0.00985279
0 0 0.00975766
1 0.0123234 0.0212873
1 0.051659 0.060593
1 0.0364669 0.0451903
0 0 0.00862355
1 0.220221 0.22876
0 0 0.00825896
0 0 0.00811025
1 0.0753071 0.0833757
0 0 0.00797396
0 0 0.00755684
1 0.0725525 0.0800324
2 0.104292 0.111628
1 0.0868728 0.0940439
1 0.0760683 0.082811
2 0.104854 0.111401
0 0 0.0064747
0 0 0.0064416
0 0 0.00629797
1 0.122931 0.12918
0 0 0.0060247
0 0 0.00595326
0 0 0.00594985
0 0 0.0059395
0 0 0.00588625
0 0 0.00577341
1 0.0413245 0.0468763
0 0 0.00544739
1 0.0335812 0.0389298
0 0 0.00533642
0 0 0.0052881
0 0 0.0052771
0 0 0.00525279
0 0 0.00519058
1 0.00611543 0.0110585
0 0 0.00465923
1 0.014794 0.0194355
0 0 0.00459361
1 0.0663509 0.0707769
0 0 0.00439934
0 0 0.00439797
1 0.0832445 0.0875549
1 0.0225912 0.0267538
0 0 0.004113
1 0.0464087 0.0504922
0 0 0.00405401
1 0.0674983 0.0714389
1 0.0205159 0.024451
0 0 0.00385823
0 0 0.00371835
0 0 0.00369776
1 0.0232577 0.0269491
0 0 0.00365126
0 0 0.00360574
0 0 0.00360422
0 0 0.0036002
0 0 0.00346865
1 0.0453491 0.0487867
0 0 0.00343644
1 0.0162749 0.0196823
0 0 0.00339691
0 0 0.00330099
1 0.00283879 0.00613211
0 0 0.00328419
0 0 0.00324117
1 0.00270635 0.00588397
1 0.108616 0.11174
0 0 0.00312232
0 0 0.00306711
0 0 0.00305167
0 0 0.00305051
1 0.0309983 0.0340339
0 0 0.00301466
1 0.00627005 0.0092633
2 0.0502728 0.0532024
1 0.00925558 0.0121628
0 0 0.0029059
1 0.0701258 0.0729726
0 0 0.00265143
1 0.00236445 0.00496706
1 0.0576998 0.0602615
0 0 0.00255828
0 0 0.00251269
1 0.0716087 0.074101
0 0 0.00247266
1 0.00592135 0.00834549
1 0.0726654 0.0750785
0 0 0.00239097
0 0 0.00228016
0 0 0.00224255
0 0 0.00221301
0 0 0.00220553
0 0 0.00215858
0 0 0.00215774
1 0.209508 0.211659
0 0 0.00214244
0 0 0.00212366
1 0.00252326 0.00463217
1 0.00235569 0.00444852
0 0 0.00208756
1 0.0640105 0.0660824
0 0 0.00202323
1 0.0407955 0.042815
1 0.0105181 0.0125344
1 0.00883515 0.0108345
1 0.0222473 0.0242218
1 0.00346037 0.00542623
0 0 0.00194702
0 0 0.00194639
0 0 0.0019368
0 0 0.00192182
1 0.00247908 0.00439412
1 0.00624196 0.00814926
0 0 0.00189843
0 0 0.00189841
0 0 0.00188457
0 0 0.00187633
1 0.0232306 0.025104
1 0.0053725 0.00723636
0 0 0.00184152
0 0 0.00184103
0 0 0.00184005
1 0.00451521 0.00633716
0 0 0.00181123
0 0 0.00180934
1 0.00227865 0.00408058
0 0 0.00179234
0 0 0.00177905
0 0 0.00173893
0 0 0.00171354
0 0 0.00170697
0 0 0.00170481
1 0.00268603 0.00438648
0 0 0.00166201
0 0 0.00163449
1 0.0198808 0.0214738
0 0 0.00157894
0 0 0.00157596
1 0.0277461 0.0293065
0 0 0.00155677
0 0 0.00153814
0 0 0.00153403
1 0.0284975 0.0300235
2 0.0557877 0.0573073
0 0 0.00151406
2 0.116692 0.118204
1 0.0373917 0.0388675
1 0.113381 0.114826
0 0 0.00142715
1 0.0175581 0.0189739
0 0 0.00140884
0 0 0.00140557
0 0 0.00140001
1 0.0885169 0.0899169
0 0 0.00138448
1 0.00382836 0.00521283
1 0.0519457 0.0533173
0 0 0.00134855
1 0.0901335 0.0914794
0 0 0.00134453
1 0.00614808 0.00747957
0 0 0.00131511
0 0 0.00129636
1 0.00229715 0.00359347
0 0 0.00128081
1 0.00472284 0.00600021
0 0 0.00124056
0 0 0.00123057
0 0 0.00122708
0 0 0.00122605
0 0 0.001222
0 0 0.00122161
1 0.00131784 0.00252201
1 0.00644721 0.00761157
1 0.00329197 0.00444716
1 0.00806542 0.00921161
2 0.0162374 0.0173704
0 0 0.00112573
0 0 0.00112145
0 0 0.00111902
1 0.0232194 0.0243295
1 0.00315175 0.00425931
0 0 0.00110427
1 0.0318211 0.0329242
0 0 0.00108423
1 0.0765662 0.0776369
1 0.0027435 0.00380952
2 0.120581 0.121633
0 0 0.00104235
0 0 0.00103207
1 0.00918555 0.0102173
0 0 0.00101388
1 0.0091631 0.0101711
1 0.0037979 0.00478722
1 0.00968408 0.0106712
0 0 0.000980792
1 0.00201159 0.00298533
1 0.0921925 0.0931629
0 0 0.00096647
0 0 0.000958801
0 0 0.000946688
0 0 0.000945419
2 0.236064 0.236995
1 0.00335737 0.00428755
1 0.003304 0.00423099
0 0 0.000925985
1 0.0172158 0.0181376
1 0.00681674 0.00773052
1 0.00381148 0.00472402
1 0.00222192 0.00313366
0 0 0.000905408
0 0 0.000899474
1 0.0039423 0.00484135
2 0.021143 0.0220347
1 0.00578023 0.00666095
1 0.0225301 0.0233984
0 0 0.000866671
1 0.00815468 0.00901126
0 0 0.000852122
1 0.0841797 0.0850318
1 0.00665276 0.00749526
2 0.0478908 0.0487194
0 0 0.000822624
1 0.0175823 0.0184047
1 0.00533733 0.00615192
0 0 0.000814379
1 0.004377 0.00518817
1 0.00625713 0.00706603
0 0 0.000804516
0 0 0.000795535
2 0.00596793 0.00676273
1 0.00548184 0.00626884
0 0 0.00078564
0 0 0.000781498
0 0 0.000755195
0 0 0.000733162
0 0 0.000714127
2 0.214547 0.215261
1 0.00356286 0.00426867
1 0.0166342 0.0173358
1 0.00430345 0.00499983
0 0 0.000694555
1 0.00776003 0.00844612
0 0 0.000683315
0 0 0.000662628
0 0 0.000657095
0 0 0.00065164
0 0 0.000639712
2 0.229493 0.230128
1 0.00797786 0.00861234
1 0.0038835 0.00451314
1 0.0503882 0.0510171
1 0.0918144 0.0924248
0 0 0.000608396
0 0 0.000604677
2 0.104621 0.105222
1 0.00430814 0.00490545
1 0.001363 0.00194899
1 0.00461446 0.00519147
0 0 0.00057451
0 0 0.000567115
1 0.00804305 0.0086095
1 0.201998 0.202562
2 0.0673067 0.067863
1 0.0516067 0.0521592
1 0.00498512 0.00552855
1 0.0027004 0.00324012
0 0 0.000538809
1 0.0115083 0.0120466
1 0.00188454 0.00241673
1 0.00586835 0.00639978
1 0.0213457 0.0218726
1 0.0459228 0.0464448
1 0.0330425 0.0335495
1 0.103452 0.103958
2 0.0121672 0.0126644
0 0 0.00047894
0 0 0.00047561
2 0.051389 0.0518615
0 0 0.000469743
1 0.00637077 0.00683164
0 0 0.000458946
2 0.0968355 0.0972911
1 0.102035 0.102491
1 0.00289826 0.00335294
1 0.0205605 0.0210151
1 0.0324195 0.0328708
0 0 0.000451225
1 0.0148131 0.0152554
1 0.0128469 0.0132844
2 0.00568345 0.0061174
1 0.00303829 0.00346887
0 0 0.000428069
1 0.0280414 0.0284676
0 0 0.000415823
1 0.00856433 0.00897999
1 0.00321606 0.00363121
1 0.00426787 0.00467876
2 0.0759857 0.0763962
0 0 0.000400015
1 0.00437687 0.00477449
1 0.0245264 0.0249233
1 0.00686289 0.00725901
2 0.0063418 0.00673535
1 0.00501318 0.00540647
1 0.00276762 0.00315908
1 0.0387577 0.0391483
1 0.00154371 0.00193253
2 0.00561398 0.00600192
0 0 0.000383242
1 0.00542527 0.00580688
2 0.0284822 0.0288623
1 0.00933203 0.00971106
0 0 0.000376473
1 0.000817265 0.00119272
2 0.00550594 0.00587938
1 0.00499348 0.00535982
1 0.0032327 0.00359505
0 0 0.000357887
0 0 0.000352727
1 0.00238688 0.00273951
1 0.0250015 0.0253525
1 0.00340142 0.00375172
0 0 0.000346376
1 0.00343581 0.00378183
1 0.00976316 0.0101076
1 0.0131324 0.0134727
1 0.00869271 0.00903094
0 0 0.000335254
2 0.00493094 0.00525749
1 0.0142852 0.0146115
0 0 0.000325963
2 0.20387 0.204193
2 0.00464927 0.00495657
1 0.00281884 0.00312551
1 0.00479259 0.00509913
1 0.00288377 0.00318966
0 0 0.000298424
1 0.00438931 0.00468752
1 0.00540729 0.00570363
1 0.00228496 0.00258001
1 0.00778124 0.00807414
2 0.0316044 0.0318961
1 0.00454316 0.00483269
1 0.00455585 0.00484226
1 0.0162998 0.0165862
1 0.0903201 0.0906001
1 0.0391686 0.0394485
1 0.00933165 0.00960967
1 0.00386625 0.00413984
1 0.00388354 0.00415099
1 0.0180103 0.0182776
1 0.00202927 0.00229235
1 0.0997407 0.0999983
2 0.00269654 0.00295393
1 0.0308419 0.031096
1 0.0144866 0.0147365
2 0.00659377 0.00684235
1 0.00721474 0.00746239
0 0 0.000246167
1 0.0287499 0.0289889
2 0.00765011 0.00788824
1 0.00149007 0.00172035
1 0.00219353 0.0024178
2 0.00775126 0.00797456
1 0.00483136 0.00505291
2 0.030325 0.0305455
2 0.015069 0.0152828
1 0.0285899 0.0287973
1 0.00240327 0.00260987
1 0.00252774 0.00273185
1 0.0107819 0.0109835
2 0.00631977 0.00651975
1 0.0204773 0.0206763
2 0.00683797 0.00703601
1 0.00443263 0.00462836
1 0.00613205 0.00632585
1 0.00129796 0.001489
1 0.0370878 0.037272
1 0.00282918 0.0030131
1 0.00222453 0.00240698
2 0.00862345 0.00880114
1 0.00122652 0.00139973
0 0 0.000171435
1 0.0120893 0.012259
0 0 0.000168658
1 0.0035068 0.00367435
1 0.00138433 0.00155025
0 0 0.000163267
1 0.00129823 0.00146107
1 0.0035793 0.003742
2 0.00627664 0.00643693
1 0.0230426 0.0232028
1 0.00188227 0.00204094
2 0.0220259 0.0221832
1 0.00186881 0.00202576
1 0.00260213 0.00275629
1 0.00387113 0.00402486
1 0.000865018 0.0010174
1 0.00449471 0.00464657
1 0.00378836 0.00393345
1 0.00453165 0.00467341
1 0.00352557 0.00366608
2 0.0267848 0.0269234
1 0.00564937 0.00578728
1 0.00535104 0.00548808
1 0.0267914 0.0269271
2 0.21705 0.217185
1 0.0115564 0.0116912
1 0.0197337 0.0198662
2 0.0134023 0.0135333
2 0.00572333 0.00585348
1 0.00396955 0.00409691
1 0.000633709 0.0007603
1 0.0281328 0.0282589
1 0.00421764 0.0043437
1 0.00150745 0.00163322
1 0.00266574 0.00279126
1 0.00133707 0.00145987
1 0.0129069 0.013029
1 0.0159303 0.0160489
1 0.00276956 0.00288656
2 0.00757313 0.00768896
1 0.0398363 0.0399511
1 0.00646173 0.00657565
1 0.00250279 0.00261628
2 0.00517054 0.00528288
2 0.0345508 0.0346613
1 0.00773219 0.00784215
1 0.0963825 0.0964923
1 0.00431497 0.00441942
2 0.00465002 0.0047543
2 0.0108099 0.0109117
2 0.00645792 0.00655857
1 0.00358873 0.00368815
2 0.0134795 0.013579
1 0.0366898 0.0367873
2 0.0484791 0.048575
1 0.00300622 0.00310141
1 0.00351123 0.00360502
2 0.00628955 0.00638306
1 0.00757596 0.00766925
0 0 9.25709e-05
2 0.0112108 0.0113027
1 0.0182746 0.0183653
1 0.0413542 0.041443
1 0.0882883 0.0883771
1 0.00276996 0.00285843
2 0.00753577 0.00762386
2 0.00641734 0.00650514
2 0.008969 0.00905594
1 0.00403938 0.00412497
1 0.00609958 0.00618427
2 0.034113 0.0341969
1 0.00283938 0.00292305
1 0.0185396 0.0186224
1 0.00486907 0.00494943
1 0.0016142 0.00168957
0 0 7.35586e-05
2 0.00498791 0.00506128
1 0.00887639 0.00894857
1 0.00136968 0.00144142
0 0 7.12276e-05
1 0.00254899 0.00261845
2 0.0190976 0.0191663
1 0.000904509 0.000972512
1 0.0329785 0.0330464
1 0.00582355 0.00589123
1 0.0153401 0.0154069
1 0.00237474 0.00244113
1 0.00169567 0.00176132
1 0.00321594 0.00328028
2 0.0041401 0.00420165
1 0.00648661 0.006547
1 0.00494556 0.00500563
1 0.00448019 0.0045397
1 0.00229 0.0023492
1 0.0078193 0.00787818
2 0.00830637 0.00836289
1 0.00244804 0.00250426
0 0 5.50492e-05
1 0.00166952 0.00172429
2 0.00453184 0.0045864
2 0.0276088 0.0276628
1 0.0062435 0.00629701
2 0.00993263 0.00998574
1 0.00114046 0.00119307
0 0 5.22615e-05
2 0.00553621 0.00558842
2 0.00290246 0.00295421
1 0.00292242 0.00297385
0 0 5.05732e-05
1 0.018311 0.0183614
1 0.00418076 0.00422926
1 0.00192032 0.00196813
1 0.00131552 0.00136301
1 0.00145182 0.00149805
2 0.0144082 0.0144541
1 0.000627131 0.000672781
1 0.00718498 0.0072306
1 0.00175734 0.00180279
1 0.00751509 0.00755893
1 0.0971602 0.0972039
2 0.00150927 0.00155218
1 0.00953194 0.00957364
0 0 4.1233e-05
2 0.0040456 0.00408623
1 0.000922361 0.000960315
1 0.00637207 0.00640964
0 0 3.74679e-05
1 0.00113178 0.00116908
1 0.00283402 0.00287121
2 0.0203804 0.0204175
1 0.00291243 0.0029492
0 0 3.63236e-05
1 0.00153888 0.00157394
1 0.00547752 0.0055121
1 0.00157723 0.00160967
1 0.0140095 0.0140418
2 0.0754792 0.0755113
2 0.00645549 0.00648754
1 0.0102598 0.0102918
1 0.00414872 0.00418056
1 0.00302457 0.00305635
1 0.00297719 0.00300883
1 0.00182178 0.00185252
1 0.00324789 0.00327859
2 0.0228218 0.0228522
2 0.00650974 0.0065395
2 0.00804841 0.00807712
2 0.00993036 0.00995845
1 0.0016114 0.00163791
2 0.0065075 0.00653357
1 0.00524209 0.00526766
1 0.00149535 0.0015207
2 0.00772072 0.00774599
2 0.00577193 0.005797
2 0.018399 0.0184236
2 0.00365465 0.00367917
1 0.00382664 0.0038508
1 0.0030482 0.00307202
1 0.0185848 0.0186081
1 0.0010873 0.00111049
1 0.0293808 0.0294035
1 0.00296177 0.0029842
1 0.0303902 0.0304124
2 0.0218403 0.0218625
1 0.00245321 0.00247435
1 0.00786352 0.00788457
1 0.00556215 0.00558313
2 0.0120407 0.0120614
2 0.0127233 0.0127438
2 0.00847629 0.00849404
1 7.12626e-05 8.83023e-05
1 0.00820913 0.00822604
1 0.00405617 0.00407276
1 0.00148726 0.00150372
1 0.00215313 0.00216937
2 0.0263096 0.0263255
1 0.00648226 0.006498
1 0.0104861 0.0105011
1 0.00339391 0.00340883
2 0.00581662 0.0058304
2 0.0038252 0.00383882
2 0.00268509 0.00269862
1 0.00287878 0.00289223
1 0.00408831 0.0041006
2 0.00484552 0.00485736
2 0.00897918 0.00899102
1 0.0227141 0.0227256
1 0.015474 0.0154854
1 0.00141492 0.0014262
2 0.00438725 0.00439823
1 0.00566893 0.0056795
2 0.00166696 0.00167661
1 0.00175063 0.0017602
1 0.00307475 0.00308379
1 0.0129964 0.0130051
2 0.107902 0.10791
2 0.00523813 0.00524561
1 0.00421871 0.00422601
2 0.0227258 0.022733
2 0.10125 0.101257
1 0.00665064 0.00665754
2 0.00871099 0.0087178
2 0.010525 0.0105316
1 0.00418713 0.00419369
2 0.00563482 0.00564128
2 0.00275673 0.00276299
1 0.00340712 0.00341336
1 0.000664989 0.000670619
2 0.00136527 0.00137084
1 0.00267437 0.00267984
1 0.00287664 0.00288187
2 0.00198275 0.00198773
1 0.0041371 0.00414199
1 0.000640395 0.000645275
2 0.0109635 0.0109684
2 0.00421285 0.00421765
1 0.0531273 0.0531321
2 0.0303141 0.0303182
2 0.00680661 0.00681071
1 0.00412442 0.00412837
1 0.0046275 0.00463138
1 0.00200358 0.00200719
1 0.00751957 0.00752309
1 0.00610529 0.00610872
1 0.00405488 0.00405824
1 0.00464346 0.00464676
2 0.00487537 0.0048785
1 0.00218894 0.00219187
1 0.00194817 0.00195107
2 0.00406558 0.00406845
2 0.0052727 0.00527516
1 0.00404969 0.00405206
1 0.0018747 0.001877
2 0.00655577 0.00655784
1 0.00114278 0.00114482
1 0.00270496 0.00270671
2 0.00308584 0.00308759
2 0.00621897 0.0062207
1 0.00793596 0.00793768
2 0.00485205 0.00485366
1 0.0012088 0.00121014
1 0.00367994 0.00368128
1 0.0123073 0.0123084
2 0.010028 0.0100291
1 0.0065003 0.00650131
2 0.00569749 0.0056985
1 0.00441825 0.00441922
2 0.0333413 0.0333423
2 0.00270661 0.00270749
1 0.0038284 0.00382926
2 0.0137789 0.0137797
2 0.0220266 0.0220274
2 0.00200162 0.00200225
2 0.00727649 0.00727709
2 0.00574245 0.00574275
2 0.00609972 0.00610002
2 0.00253692 0.00253721
1 0.00482532 0.00482557
2 0.00625631 0.00625655
1 0.00135998 0.00136017
1 0.0184612 0.0184614
2 0.0862368 0.086237
1 0.00161159 0.00161175
2 0.0120639 0.012064
1 0.000884907 0.000885035
1 0.00404274 0.00404287
2 0.100403 0.100403
1 0.00338022 0.00338032
1 0.037324 0.0373241
2 0.0065021 0.00650219
1 0.00430944 0.00430951
2 0.0247742 0.0247743
2 0.103516 0.103516
1 0.00933356 0.00933357
2 0.0048305 0.00483051
1 0.011083 0.011083
2 0.00852199 0.008522
