0 0 inf
1 0.0803223 0.178844
0 0 0.0766975
0 0 0.0712873
0 0 0.0711553
0 0 0.0474851
0 0 0.0446991
1 0.111122 0.145795
0 0 0.0273221
0 0 0.024071
0 0 0.0235125
0 0 0.0233674
0 0 0.0218669
0 0 0.0215405
0 0 0.0209734
0 0 0.0204916
0 0 0.0194277
1 0.0199321 0.0388904
1 0.105141 0.123365
0 0 0.0181533
0 0 0.0175043
0 0 0.0170174
0 0 0.0169401
1 0.0197809 0.0362105
0 0 0.0157627
0 0 0.0157393
0 0 0.0148719
0 0 0.0141325
0 0 0.0138151
0 0 0.0133691
0 0 0.0129958
0 0 0.0129307
1 0.0263454 0.0391749
0 0 0.0127064
0 0 0.0125239
0 0 0.0122125
0 0 0.0120663
0 0 0.01185
1 0.024118 0.0358783
0 0 0.0116101
0 0 0.0113432
0 0 0.0112858
0 0 0.0112133
0 0 0.0112129
0 0 0.0111353
0 0 0.0110131
0 0 0.0105857
0 0 0.0104032
1 0.0133707 0.0237065
0 0 0.00984859
1 0.0369349 0.046517
0 0 0.00937115
0 0 0.00880174
0 0 0.00845963
1 0.0198046 0.0282521
0 0 0.00837545
1 0.140937 0.149141
0 0 0.00817801
0 0 0.00815042
1 0.0225141 0.0306236
0 0 0.0080402
0 0 0.00774287
1 0.0180452 0.0257587
0 0 0.00766696
0 0 0.00755963
0 0 0.00737223
1 0.0125524 0.0195887
1 0.0249688 0.0319138
1 0.0218837 0.0287563
0 0 0.00669532
0 0 0.00665137
0 0 0.00652607
1 0.0129656 0.0193983
0 0 0.00623388
0 0 0.00605877
0 0 0.00604073
1 0.054508 0.0604516
0 0 0.00585673
0 0 0.00583526
1 0.0742726 0.0797477
1 0.0171658 0.022622
1 0.0415454 0.0469039
1 0.0262056 0.0315463
0 0 0.00521651
1 0.0114769 0.016604
0 0 0.00510052
1 0.0280133 0.0330832
1 0.0188625 0.0238953
0 0 0.00489434
0 0 0.00485418
0 0 0.004822
0 0 0.00473901
1 0.0554447 0.0599141
0 0 0.00441574
0 0 0.00430706
0 0 0.00428111
1 0.019369 0.0235331
0 0 0.00415187
0 0 0.00409276
0 0 0.00406495
0 0 0.00401998
0 0 0.00398503
0 0 0.00395594
1 0.116596 0.120487
1 0.0327166 0.0362615
0 0 0.0034948
1 0.0539898 0.0573951
0 0 0.00338649
0 0 0.00329048
1 0.0174695 0.0207036
0 0 0.00322675
1 0.018973 0.0221814
1 0.0243557 0.0275429
1 0.0653126 0.0684984
0 0 0.00317302
1 0.026956 0.0301093
1 0.00429945 0.0073382
1 0.170959 0.173981
1 0.0313875 0.0343483
0 0 0.0029526
1 0.00541364 0.00832152
0 0 0.00288864
1 0.0140242 0.0168928
1 0.0180235 0.0208632
0 0 0.0027127
1 0.0439131 0.0465615
0 0 0.00263878
1 0.0719335 0.0745561
1 0.0136855 0.0162679
0 0 0.0025471
1 0.0131653 0.0157122
1 0.00595002 0.00847325
1 0.00240178 0.00487089
1 0.0186054 0.0210626
1 0.0217592 0.024187
0 0 0.002426
1 0.102739 0.105162
0 0 0.00242016
0 0 0.00241298
0 0 0.00240018
1 0.0156257 0.0180066
0 0 0.0023226
0 0 0.00232113
0 0 0.00231571
0 0 0.00229818
0 0 0.00227871
1 0.109135 0.111404
1 0.00524117 0.00750265
2 0.146372 0.148604
1 0.0118996 0.0141222
0 0 0.00217098
2 0.038229 0.0403768
2 0.0422593 0.0443911
1 0.0129658 0.0150938
0 0 0.00211764
0 0 0.00211211
1 0.0512191 0.0533256
1 0.0183575 0.0204598
0 0 0.00206685
0 0 0.00205398
0 0 0.00203642
1 0.00288127 0.00491461
0 0 0.00202114
0 0 0.00201752
1 0.0151827 0.017172
1 0.00254993 0.00453863
2 0.151141 0.153098
1 0.00357476 0.00551222
0 0 0.00193628
0 0 0.00191827
0 0 0.00189836
0 0 0.00188036
0 0 0.00187791
0 0 0.001875
0 0 0.00186895
1 0.0140302 0.0158719
0 0 0.00183625
1 0.0349122 0.0367367
2 0.150303 0.152125
0 0 0.00181318
1 0.00246164 0.004256
1 0.0309391 0.0327249
1 0.0544434 0.0562225
2 0.0247881 0.0265587
1 0.00446063 0.00621605
1 0.0809876 0.0827073
1 0.0573612 0.0590699
1 0.0329845 0.0346728
1 0.00930386 0.0109842
0 0 0.00167561
0 0 0.00166631
1 0.0395192 0.0411706
1 0.00743093 0.009082
1 0.00292423 0.00456078
0 0 0.00162337
1 0.00192763 0.00354318
0 0 0.0016077
0 0 0.00160526
1 0.0276533 0.0292525
0 0 0.00159039
0 0 0.00158948
0 0 0.00158818
1 0.0334567 0.0350427
0 0 0.00157946
0 0 0.00157811
1 0.0093957 0.010958
0 0 0.00155766
0 0 0.00151431
1 0.00188649 0.00338943
1 0.00803286 0.00952133
1 0.00829214 0.00977666
1 0.00840316 0.00987841
0 0 0.00146703
1 0.00589097 0.00735749
0 0 0.00144757
0 0 0.00144632
1 0.127585 0.129027
0 0 0.00144192
0 0 0.00142958
0 0 0.00142202
0 0 0.00141896
1 0.0248644 0.026281
1 0.0305474 0.0319374
0 0 0.00138892
0 0 0.00138581
0 0 0.00138509
2 0.0420294 0.0433967
0 0 0.00135443
1 0.00944936 0.0107949
1 0.00615559 0.00749027
0 0 0.00132956
1 0.00175453 0.00308225
1 0.011334 0.0126599
1 0.00278599 0.00407377
1 0.00470648 0.00599021
0 0 0.00127913
0 0 0.00126318
1 0.0562156 0.0574601
0 0 0.00123927
1 0.137367 0.138594
0 0 0.00122141
1 0.00211495 0.00333201
2 0.0476495 0.0488563
0 0 0.00119627
1 0.027111 0.0282989
1 0.0258081 0.0269946
0 0 0.0011842
1 0.00475292 0.00593443
0 0 0.00117539
1 0.00139985 0.00257346
0 0 0.00114884
0 0 0.00114726
0 0 0.0011222
0 0 0.00110484
1 0.00300571 0.00410672
0 0 0.00108793
1 0.00281467 0.00390063
2 0.0468646 0.0479443
0 0 0.00107645
0 0 0.00104804
0 0 0.00104224
1 0.0250063 0.0260295
1 0.00452252 0.00554272
0 0 0.00101989
1 0.0066124 0.00762311
0 0 0.00100293
1 0.0152157 0.016217
0 0 0.000983284
1 0.00622009 0.00718226
1 0.0272691 0.0282196
0 0 0.00094289
1 0.0255328 0.0264739
0 0 0.000937798
0 0 0.00093491
1 0.0271724 0.0280918
1 0.0211882 0.0221055
1 0.01245 0.0133652
1 0.00388553 0.00480058
2 0.0297034 0.0306054
2 0.0328791 0.0337675
0 0 0.000881395
0 0 0.000876452
2 0.131721 0.132593
2 0.0298012 0.0306728
1 0.0191991 0.020066
0 0 0.000860784
0 0 0.000860762
2 0.0700666 0.0709155
2 0.037567 0.0384094
1 0.0297642 0.0305926
0 0 0.000826461
0 0 0.000821507
0 0 0.000815809
1 0.00634248 0.00715008
0 0 0.000806319
0 0 0.000801059
2 0.0305851 0.0313834
1 0.00569651 0.00649438
1 0.00187619 0.00266329
0 0 0.000780499
0 0 0.000769474
1 0.00277499 0.00353616
1 0.00970331 0.0104556
1 0.0567908 0.0575358
0 0 0.000742425
1 0.00237949 0.00312143
0 0 0.000726317
1 0.00275417 0.0034677
0 0 0.000713007
0 0 0.000711327
2 0.00927804 0.00998319
1 0.00250013 0.003182
1 0.00444274 0.00512458
1 0.00101555 0.00168553
1 0.0114263 0.0120955
1 0.00366688 0.00432169
0 0 0.000653826
1 0.00427041 0.00491797
0 0 0.00064247
2 0.00605326 0.00666811
0 0 0.000611637
1 0.0534074 0.0540113
0 0 0.000602711
1 0.0271419 0.0277296
2 0.0331977 0.0337743
0 0 0.000568161
0 0 0.000564384
2 0.0347443 0.0353082
1 0.0370643 0.0376212
1 0.00303161 0.00358507
1 0.00750986 0.00805772
1 0.0220897 0.0226333
2 0.0235758 0.0241138
2 0.0390259 0.039563
1 0.00349025 0.00402482
1 0.00873839 0.00927217
1 0.0049045 0.00543496
1 0.0334742 0.0339988
0 0 0.000522948
1 0.0147804 0.0152985
0 0 0.000510681
0 0 0.000506336
0 0 0.000499091
0 0 0.000497594
1 0.00179767 0.00229305
1 0.0684352 0.0689275
1 0.00538418 0.00586802
1 0.00359013 0.0040738
1 0.0068758 0.00735466
1 0.0026171 0.00309588
1 0.0380862 0.0385613
1 0.0102408 0.0107156
1 0.0149844 0.0154544
1 0.00202985 0.0024994
1 0.168401 0.168859
0 0 0.000445769
0 0 0.000441232
2 0.111529 0.111969
1 0.00247042 0.00290938
1 0.0284792 0.0289165
1 0.0296627 0.0300998
1 0.00188976 0.00232543
1 0.00302676 0.00346166
1 0.0022228 0.00265585
0 0 0.000429614
1 0.00450241 0.00492441
1 0.00747928 0.00790084
1 0.0473574 0.0477784
1 0.00223206 0.00264938
1 0.00689749 0.00731124
1 0.00172021 0.00213216
1 0.00499427 0.00540384
1 0.00343856 0.00384435
1 0.0227122 0.0231157
2 0.0351817 0.0355849
1 0.00880813 0.0092055
0 0 0.000396533
1 0.00796227 0.00833493
1 0.0073154 0.00768738
1 0.0162058 0.0165746
2 0.0318408 0.0321954
2 0.0105492 0.0108999
2 0.0168015 0.0171519
1 0.00131734 0.00166714
0 0 0.000349158
2 0.00704203 0.00739027
1 0.00160063 0.00194812
1 0.0296803 0.0300275
1 0.00634617 0.00669017
2 0.00370655 0.00404924
1 0.00922382 0.00956522
1 0.0108506 0.0111828
0 0 0.000330482
0 0 0.000330355
1 0.015503 0.0158218
2 0.011215 0.0115285
1 0.00190488 0.00221605
1 0.00829633 0.00860343
1 0.00460314 0.00490763
0 0 0.000297427
1 0.00877402 0.00906411
1 0.0360302 0.0363093
1 0.00440533 0.00467678
0 0 0.000270275
1 0.00934033 0.00960721
1 0.0802756 0.0805354
2 0.00338086 0.00364009
1 0.00576455 0.00602301
1 0.00230461 0.00256202
1 0.00657098 0.00682791
1 0.0012504 0.00150614
1 0.0172154 0.0174675
0 0 0.000251406
1 0.0242618 0.0245127
0 0 0.000243534
1 0.01578 0.0160227
1 0.00411873 0.00436113
1 0.0471111 0.0473528
1 0.00614786 0.00638742
1 0.00148045 0.00171783
0 0 0.000235189
1 0.00241782 0.00265236
0 0 0.000234535
1 0.00194803 0.00217632
0 0 0.00022638
2 0.00356943 0.00379442
1 0.00234716 0.00256878
1 0.00686517 0.00708631
1 0.00154215 0.00175992
1 0.00261602 0.00283195
2 0.0171409 0.0173546
1 0.0101923 0.010405
1 0.00311715 0.00332325
1 0.00915841 0.00936288
1 0.0272405 0.027444
1 0.00939079 0.00958342
1 0.00493582 0.00512834
1 0.0329554 0.0331449
2 0.00591569 0.0061046
1 0.0273974 0.0275841
1 0.00241419 0.00260019
1 0.00286241 0.00304835
1 0.0579393 0.0581198
1 0.00170299 0.00188291
1 0.00155169 0.00173153
1 0.0250029 0.0251824
1 0.00301193 0.00318802
1 0.00319878 0.00337125
1 0.00417389 0.00434404
2 0.0241454 0.0243143
2 0.00611677 0.00628391
1 0.0247456 0.0249126
1 0.0465731 0.0467387
1 0.0030834 0.00324883
1 0.00368698 0.00384877
1 0.0310928 0.0312529
1 0.00430558 0.00446519
1 0.00113743 0.00129445
1 0.00456311 0.00471698
1 0.00427945 0.004433
1 0.0539163 0.0540691
1 0.00095046 0.00110279
1 0.00227109 0.00242282
1 0.00164261 0.00179307
1 0.000904367 0.00105278
1 0.00208045 0.00222619
1 0.00180886 0.00195343
1 0.00661361 0.006758
1 0.00190692 0.0020487
2 0.171265 0.171405
1 0.00169668 0.00183661
1 0.00109197 0.00123086
1 0.00151323 0.00164775
1 0.00138415 0.00151709
1 0.0358338 0.0359635
1 0.00561019 0.0057396
1 0.00292397 0.00304869
2 0.00619553 0.00631853
1 0.0181256 0.0182478
1 0.001417 0.00153715
2 0.0198849 0.0200026
1 0.00153815 0.00165255
1 0.00408146 0.00419288
1 0.00465398 0.00476531
1 0.00589155 0.00600227
2 0.0393603 0.0394701
1 0.00312376 0.00323258
1 0.0312475 0.0313543
1 0.0254604 0.0255659
1 0.0210405 0.0211427
1 0.0256431 0.0257446
1 0.00409367 0.004195
1 0.0283999 0.0284995
1 0.000695324 0.00079473
1 0.0110734 0.0111724
1 0.000782724 0.000879961
2 0.0174932 0.0175874
2 0.0227153 0.0228082
1 0.0180121 0.018104
2 0.030122 0.0302136
1 0.00110566 0.00119673
1 0.00296321 0.00305074
2 0.0255746 0.0256606
1 0.00289968 0.00298492
2 0.0290727 0.0291577
2 0.00891956 0.0090035
1 0.00261322 0.00269668
2 0.0435532 0.043635
0 0 8.06229e-05
1 0.00258063 0.00266102
1 0.00251205 0.00259107
2 0.0315398 0.0316186
2 0.0422691 0.0423479
1 0.00474668 0.00482532
1 0.00287403 0.00295142
2 0.00356322 0.00363984
1 0.00296852 0.00304146
2 0.0293828 0.0294543
1 0.00368755 0.00375812
2 0.036578 0.0366478
2 0.00514325 0.00521184
1 0.00115724 0.00122554
2 0.00494076 0.00500864
1 0.00344431 0.00351066
1 0.00111609 0.00118058
1 0.00315353 0.00321687
1 0.00548961 0.00555291
2 0.0017782 0.00184078
1 0.00115205 0.0012135
1 0.00322361 0.00328404
1 0.00169245 0.00175231
0 0 5.95221e-05
1 0.0357805 0.0358399
1 0.00257593 0.00263427
1 0.00297645 0.00303421
1 0.0379631 0.0380202
2 0.00291455 0.00296992
2 0.0186231 0.0186783
2 0.00428433 0.00433944
1 0.00281582 0.00286974
2 0.00649632 0.00654993
2 0.010318 0.0103713
1 0.0104663 0.0105194
2 0.00258721 0.00263982
1 0.00394058 0.00399261
2 0.0104378 0.0104885
1 0.0105521 0.0106028
2 0.0396479 0.0396984
1 0.00270191 0.00275198
1 0.0125965 0.0126465
1 0.0822345 0.0822839
2 0.0588898 0.0589387
2 0.0316615 0.0317091
1 0.00850387 0.00855039
1 0.00197387 0.00202038
2 0.0308102 0.0308565
1 0.0218554 0.0219006
2 0.00850121 0.00854474
1 0.00417309 0.00421608
1 0.0559362 0.0559776
2 0.0360342 0.0360753
2 0.0109763 0.0110172
2 0.00257386 0.0026127
2 0.0112432 0.0112815
1 0.00336259 0.00339878
1 0.0240945 0.0241306
1 0.00265188 0.00268802
1 0.0040301 0.00406587
1 0.0160799 0.0161153
1 0.0013945 0.00142961
2 0.00380435 0.00383941
1 0.00434732 0.00438203
1 0.110793 0.110827
1 0.00588131 0.00591504
2 0.00240824 0.00244152
1 0.00200387 0.00203697
1 0.00581926 0.00585234
1 0.00990473 0.00993668
1 0.00656752 0.00659881
2 0.0259576 0.0259888
2 0.00313959 0.00316914
2 0.00471141 0.00474037
1 0.00246415 0.00249288
2 0.00999405 0.0100224
1 0.0210402 0.0210683
2 0.00457057 0.00459855
1 0.00677237 0.00679968
1 0.00433985 0.00436649
2 0.00416632 0.00419277
1 0.000592454 0.000618471
2 0.00618626 0.00621226
1 0.00254408 0.0025692
2 0.00282082 0.00284529
1 0.00362396 0.003648
1 0.00331775 0.0033417
2 0.00332504 0.00334895
2 0.0223835 0.0224065
2 0.0310197 0.0310427
2 0.0259376 0.0259605
1 0.00294973 0.00297247
1 0.0141682 0.0141908
1 0.000976152 0.00099838
1 0.000842425 0.000864193
1 0.00235137 0.00237248
2 0.00338527 0.00340636
0 0 2.10481e-05
1 0.0323767 0.032397
1 0.00344039 0.00346034
2 0.00549276 0.00551121
1 0.00158494 0.00160325
1 0.00478706 0.00480486
2 0.00345143 0.003468
1 0.00175256 0.00176898
1 0.00592111 0.00593679
1 0.0040495 0.00406489
1 0.0103914 0.0104067
1 0.0176612 0.0176751
2 0.0042321 0.00424597
2 0.0102066 0.0102204
2 0.00468444 0.00469742
1 0.00387862 0.00389146
2 0.00238437 0.00239678
1 0.000994576 0.00100695
1 0.00517266 0.00518472
2 0.00209192 0.00210377
2 0.00736087 0.00737243
1 0.000505731 0.000517259
1 0.00624544 0.00625647
1 0.00564415 0.00565466
2 0.013033 0.0130434
1 0.0122575 0.0122679
1 0.0117858 0.011796
2 0.0057617 0.00577174
1 0.0185595 0.0185694
2 0.0535199 0.0535295
1 0.00170491 0.00171391
2 0.00331079 0.00331837
1 0.00328141 0.0032889
1 0.00935835 0.00936576
1 0.00256048 0.00256786
1 0.00453237 0.0045397
1 0.00463871 0.00464527
1 0.00607377 0.00608026
1 0.00166155 0.00166805
1 0.00560099 0.00560743
2 0.0317115 0.0317178
1 0.0262868 0.0262927
2 0.0379269 0.0379328
2 0.00572779 0.00573365
1 0.000870277 0.000875039
1 0.0133172 0.0133217
2 0.00657432 0.00657844
1 0.00423841 0.00424235
1 0.00769878 0.0077027
1 0.028938 0.0289417
2 0.00411394 0.00411767
2 0.00883443 0.00883807
1 0.0059468 0.00595038
2 0.011611 0.0116145
1 0.00329357 0.00329707
1 0.00224845 0.00225191
1 0.0594418 0.0594451
2 0.00630099 0.00630423
2 0.002296 0.00229919
1 0.00389006 0.00389319
1 0.00349361 0.00349658
2 0.00419683 0.00419972
1 0.0311817 0.0311844
1 0.0379154 0.0379181
1 0.0223505 0.0223527
1 0.0152566 0.0152586
1 0.00274177 0.0027438
1 0.00295505 0.00295709
2 0.00555593 0.00555758
1 0.00113542 0.00113701
2 0.0186138 0.0186153
2 0.00403895 0.00404047
1 0.00201021 0.00201166
2 0.0424434 0.0424447
2 0.00441143 0.00441252
1 0.00211935 0.00212041
2 0.00388926 0.00389028
1 0.0305036 0.0305045
2 0.0283139 0.0283149
2 0.0107261 0.0107271
1 0.0035513 0.00355194
2 0.00794881 0.00794938
2 0.00401217 0.0040126
1 0.00446677 0.00446715
1 0.0051721 0.00517248
1 0.00859594 0.00859624
2 0.0482909 0.0482912
2 0.00599179 0.00599205
2 0.00599876 0.00599899
2 0.00235596 0.00235617
2 0.004034 0.0040342
2 0.0088528 0.008853
1 0.0115527 0.0115528
2 0.0103707 0.0103707
1 0.00435534 0.00435538
2 0.00370726 0.00370729
2 0.0239738 0.0239739
1 0.0237312 0.0237313
1 0.00618819 0.0061882
2 0.00454214 0.00454215
2 0.0241423 0.0241423
1 0.00119618 0.00119618
1 0.0209139 0.0209139
