0 0 inf
0 0 0.0953605
0 0 0.0815019
0 0 0.0697594
0 0 0.0462191
0 0 0.0355218
0 0 0.0307575
0 0 0.0294635
0 0 0.0270877
1 0.0241551 0.0497724
0 0 0.0228696
0 0 0.0215103
0 0 0.0211385
0 0 0.0205436
0 0 0.0184798
1 0.00804123 0.026187
0 0 0.0170649
0 0 0.0167138
1 0.130585 0.147159
0 0 0.0156277
1 0.109307 0.1238
0 0 0.014306
1 0.110501 0.124522
0 0 0.0137806
1 0.0787012 0.0924045
0 0 0.013524
0 0 0.0130777
0 0 0.0122073
0 0 0.0116553
0 0 0.0116395
0 0 0.0114282
0 0 0.0110406
1 0.0177268 0.0286627
1 0.0167528 0.0275508
1 0.0318922 0.0426113
1 0.00989069 0.0204813
0 0 0.010451
0 0 0.0103567
0 0 0.010041
0 0 0.00996817
0 0 0.00943522
0 0 0.0091769
0 0 0.0090516
1 0.0112787 0.0198619
0 0 0.00838659
0 0 0.00820297
0 0 0.00788807
0 0 0.00763566
0 0 0.00755336
0 0 0.00744701
1 0.0179903 0.0252348
1 0.0136121 0.0208194
0 0 0.00700032
1 0.00263447 0.00956698
0 0 0.00672
1 0.00702299 0.0135965
0 0 0.00655614
0 0 0.00648228
0 0 0.00627402
0 0 0.00626384
0 0 0.00602607
0 0 0.00595494
0 0 0.00592334
0 0 0.0059046
1 0.0149949 0.0208837
1 0.050218 0.0560941
0 0 0.00578706
0 0 0.00572571
0 0 0.00568099
0 0 0.00567551
0 0 0.0056516
0 0 0.00562808
0 0 0.00562191
0 0 0.00552362
0 0 0.0054729
1 0.0268599 0.0323126
0 0 0.00544916
1 0.00867449 0.0139472
0 0 0.00513359
1 0.028121 0.0332199
1 0.00422731 0.00918276
0 0 0.0049164
0 0 0.00485971
1 0.00739229 0.0122383
0 0 0.00481458
0 0 0.00477614
0 0 0.00469485
0 0 0.00462108
1 0.00723164 0.0117986
0 0 0.00456471
0 0 0.0044047
1 0.0097676 0.0141101
0 0 0.00431913
0 0 0.0042152
1 0.0106209 0.0148079
1 0.0201998 0.0242517
0 0 0.00403758
0 0 0.00398528
1 0.0329737 0.0369429
1 0.0221098 0.0259059
0 0 0.00373345
0 0 0.00369543
1 0.033717 0.0373571
0 0 0.00359011
0 0 0.00353593
0 0 0.00351588
0 0 0.00340715
0 0 0.0033844
0 0 0.00332478
0 0 0.00327448
0 0 0.0031983
0 0 0.00319411
0 0 0.00316903
0 0 0.00316385
0 0 0.00306883
2 0.02742 0.0304772
1 0.0495481 0.0525904
1 0.0282368 0.031239
1 0.00878588 0.0117852
0 0 0.00299187
0 0 0.00294845
0 0 0.00294471
0 0 0.00294456
0 0 0.00290989
0 0 0.00290198
0 0 0.00290064
0 0 0.0028281
0 0 0.00282008
1 0.00404959 0.00685301
0 0 0.0027511
1 0.0447394 0.0474879
1 0.00341157 0.00613004
1 0.0210279 0.0237377
1 0.0342405 0.0368906
1 0.00241535 0.00504081
2 0.0275785 0.0301832
0 0 0.00257656
0 0 0.00255061
1 0.019422 0.0219548
1 0.012242 0.0147375
0 0 0.00249338
0 0 0.00246323
1 0.0102045 0.0126563
0 0 0.00243676
0 0 0.00242666
1 0.00387979 0.00630413
1 0.0155243 0.0179459
0 0 0.00241954
1 0.0486052 0.0509855
0 0 0.00229822
0 0 0.00226683
0 0 0.00225485
0 0 0.00224363
0 0 0.00219165
1 0.00503919 0.00722944
0 0 0.0021891
1 0.00779026 0.00995463
1 0.118727 0.120884
1 0.0157593 0.0179137
1 0.00246568 0.00460239
0 0 0.00212898
0 0 0.00210102
0 0 0.00206029
0 0 0.0020567
1 0.00319372 0.00522254
2 0.00981955 0.0118015
0 0 0.00198092
0 0 0.00196366
0 0 0.0019486
0 0 0.0018841
1 0.0275421 0.0294165
1 0.0299028 0.0317754
0 0 0.0018691
0 0 0.00185903
1 0.0309991 0.0328522
1 0.0250099 0.0268556
0 0 0.00183194
0 0 0.00181171
0 0 0.00179131
0 0 0.00178893
2 0.0328753 0.0346502
0 0 0.00175367
0 0 0.00175165
1 0.0113637 0.0131066
1 0.0079856 0.00971458
1 0.0187647 0.0204793
1 0.0187999 0.0204858
0 0 0.00168038
0 0 0.0016709
2 0.0327336 0.0344017
1 0.0120341 0.0136919
0 0 0.00165573
0 0 0.00164744
2 0.0290131 0.0306445
1 0.00927802 0.0109064
0 0 0.00161247
0 0 0.0016114
1 0.0221572 0.0237642
1 0.0290254 0.0306272
1 0.02077 0.0223558
0 0 0.00157278
1 0.00854248 0.0100963
0 0 0.00153777
0 0 0.0015288
1 0.239598 0.241127
0 0 0.00152408
1 0.00948232 0.0109872
1 0.0123528 0.0138141
1 0.00996808 0.0114177
1 0.00892544 0.0103633
0 0 0.00143423
1 0.0136313 0.0150386
0 0 0.00140684
0 0 0.0013995
1 0.0396282 0.0410274
0 0 0.00139684
0 0 0.00139389
0 0 0.00138963
1 0.0174599 0.0188462
1 0.00564082 0.00701017
0 0 0.00133821
1 0.0186444 0.0199568
1 0.00707814 0.00838603
2 0.0537036 0.055009
0 0 0.00130147
1 0.00369446 0.00498874
0 0 0.0012918
1 0.0217584 0.0230469
1 0.0188097 0.0200275
1 0.0297043 0.0309183
0 0 0.00120159
1 0.00446229 0.00564395
0 0 0.00116459
1 0.00568933 0.00685193
2 0.0283269 0.0294873
1 0.00551743 0.00665795
0 0 0.00113954
0 0 0.00113596
1 0.0046318 0.0057516
1 0.0168171 0.0179046
1 0.0175477 0.0186329
2 0.0315457 0.0326129
2 0.0135982 0.0146586
2 0.0957402 0.0967973
1 0.00417439 0.00523013
0 0 0.0010271
0 0 0.00100994
0 0 0.0010008
1 0.00276945 0.0037639
1 0.0117625 0.0127437
1 0.016569 0.0175499
0 0 0.000979869
1 0.030726 0.0317051
1 0.00450491 0.00548291
0 0 0.000968018
0 0 0.000967797
1 0.00395689 0.00492449
0 0 0.000951789
1 0.00970882 0.0106558
2 0.00986432 0.010804
0 0 0.000938815
0 0 0.000922137
1 0.00834934 0.00926776
1 0.00148982 0.00240097
1 0.162094 0.163005
1 0.00535039 0.00624206
0 0 0.000890639
0 0 0.000886665
1 0.00190904 0.00279311
0 0 0.000880431
0 0 0.000867664
0 0 0.000858099
1 0.0306491 0.0315059
1 0.00826177 0.00909845
1 0.020098 0.0209188
1 0.0318481 0.0326542
1 0.0163784 0.0171717
1 0.0249099 0.0256918
0 0 0.000779254
0 0 0.000777777
1 0.00721192 0.00798601
0 0 0.000754832
1 0.017464 0.0181937
1 0.00301263 0.00372202
1 0.00110059 0.00180815
0 0 0.000706705
0 0 0.000702306
2 0.0202221 0.0209116
2 0.00947002 0.0101587
1 0.00635364 0.00703986
0 0 0.000685084
0 0 0.000684147
0 0 0.000675199
1 0.0125729 0.0132386
1 0.0897915 0.0904549
1 0.00272952 0.00338774
0 0 0.000656913
2 0.0208078 0.0214537
0 0 0.000630484
0 0 0.000626843
1 0.00322404 0.00384916
0 0 0.000620747
1 0.0818934 0.0825059
1 0.0415146 0.0421249
1 0.00581081 0.00641995
0 0 0.000607945
1 0.00489312 0.00549464
1 0.00331917 0.00390357
1 0.0128214 0.013403
1 0.0476033 0.0481823
1 0.0468621 0.0474243
1 0.0673447 0.0679067
0 0 0.000561074
1 0.0238834 0.0244388
2 0.00763777 0.00819202
0 0 0.000549209
0 0 0.000543413
1 0.00441612 0.00495626
1 0.0146083 0.0151483
1 0.0262986 0.0268172
0 0 0.000517138
1 0.00395245 0.00446771
2 0.0101166 0.0106318
1 0.00146678 0.00198155
0 0 0.000507204
1 0.00203701 0.00254112
1 0.00126661 0.00175209
0 0 0.000480942
2 0.00933931 0.00981976
1 0.0187049 0.0191819
1 0.00242446 0.00289446
1 0.00453374 0.00499087
1 0.042472 0.0429268
1 0.0856654 0.0861189
1 0.00751023 0.00796052
2 0.0257156 0.0261644
2 0.0527618 0.05321
0 0 0.000441865
2 0.00704595 0.00748636
1 0.00231959 0.00275878
1 0.00162721 0.00206563
0 0 0.000437041
1 0.0020386 0.00246722
2 0.0131724 0.0135903
1 0.00344439 0.00385843
1 0.0108901 0.0113001
0 0 0.000407891
2 0.149543 0.149951
1 0.00562574 0.00602632
1 0.00135773 0.00175743
1 0.0132545 0.0136502
1 0.00268652 0.00308187
1 0.00369239 0.00408386
1 0.0130144 0.0134047
1 0.00464789 0.00503347
2 0.0431996 0.0435784
1 0.00396848 0.00434576
1 0.0441982 0.044575
1 0.00950214 0.00987883
2 0.00783895 0.00821516
1 0.00367251 0.004047
1 0.0519705 0.0523297
1 0.00780251 0.00815881
1 0.00680519 0.00715641
1 0.00623885 0.00658943
1 0.00389617 0.00424668
1 0.00467197 0.00502203
2 0.00549876 0.00584616
1 0.0182379 0.0185844
1 0.0074216 0.00776559
1 0.000953051 0.00129259
1 0.026915 0.0272541
1 0.00418938 0.00452837
1 0.00652132 0.00686006
1 0.00653413 0.00686517
2 0.0312713 0.0315989
0 0 0.000324057
0 0 0.000320014
1 0.0055822 0.00590053
2 0.0292626 0.0295802
0 0 0.000317359
1 0.00703889 0.00735558
2 0.0217368 0.0220452
0 0 0.000305976
1 0.0113332 0.0116341
1 0.0117487 0.0120485
1 0.00693122 0.00723036
1 0.00746199 0.00775647
1 0.00235315 0.00264376
1 0.00977291 0.0100608
1 0.00842028 0.00870075
2 0.00518217 0.00545684
1 0.00473841 0.00501112
1 0.0329423 0.0332145
1 0.00358314 0.00385464
1 0.00831454 0.00858577
2 0.031819 0.0320902
1 0.0194582 0.019725
1 0.0151055 0.015372
1 0.00343553 0.00369836
2 0.0121011 0.0123627
1 0.00717946 0.00743756
2 0.0132821 0.0135361
1 0.0537906 0.0540445
1 0.00241241 0.00265695
1 0.00957562 0.00981941
1 0.00150048 0.00174099
2 0.00979359 0.0100316
1 0.00241744 0.00265537
1 0.0116795 0.0119166
1 0.0112812 0.0115146
1 0.0108729 0.0111028
0 0 0.000227132
1 0.00462177 0.00484834
1 0.00195773 0.00218381
1 0.00446202 0.00468266
1 0.00275506 0.00297372
0 0 0.000217363
1 0.00465393 0.00487046
1 0.00451417 0.00472857
2 0.0715818 0.0717947
1 0.0661375 0.0663499
2 0.0931197 0.0933294
0 0 0.000209004
2 0.00860374 0.00881218
1 0.0090527 0.00925408
1 0.00376207 0.00396236
2 0.00562169 0.00582106
2 0.00559625 0.00579171
1 0.0117988 0.011994
1 0.0107613 0.010951
1 0.00731611 0.00750395
2 0.0125897 0.0127758
2 0.00380902 0.00399369
1 0.00233313 0.00251761
0 0 0.0001843
1 0.138872 0.139055
1 0.00553043 0.00571137
1 0.00345111 0.00363046
1 0.00403853 0.00421299
1 0.0246037 0.0247748
1 0.00694709 0.00711374
1 0.00925491 0.00941878
1 0.00291525 0.00307613
2 0.0103483 0.0105063
1 0.00761136 0.00776628
1 0.00239263 0.00254743
2 0.00797116 0.00812492
1 0.00460588 0.00475942
1 0.00537889 0.00553207
1 0.00506626 0.00521703
1 0.00957752 0.009728
1 0.00580073 0.00594901
1 0.0132497 0.0133953
1 0.00911403 0.00925809
2 0.0298897 0.0300333
1 0.00337448 0.00351779
1 0.010017 0.0101561
1 0.00147423 0.0016127
1 0.000582742 0.000718956
1 0.00530093 0.00543362
2 0.0058346 0.00596717
0 0 0.000131864
1 0.00244427 0.00257423
1 0.0230781 0.0232051
2 0.00939012 0.00951486
0 0 0.000123209
1 0.012987 0.0131101
0 0 0.000122461
1 0.000779912 0.000900579
1 0.0559188 0.0560372
1 0.00245014 0.00256843
2 0.00183289 0.0019511
1 0.00705874 0.00717452
1 0.00630834 0.00642376
1 0.00286735 0.00298079
1 0.0472322 0.0473448
1 0.0011184 0.00122903
2 0.00647574 0.00658619
1 0.0536397 0.0537497
1 0.00219101 0.00230018
1 0.00302634 0.00313513
1 0.00363752 0.00374529
1 0.00441292 0.00451996
0 0 0.000106775
1 0.00887782 0.00898407
1 0.0154848 0.015589
2 0.0256943 0.0257948
2 0.0284983 0.028598
1 0.00278569 0.00288005
1 0.00765073 0.00774446
1 0.0167563 0.0168493
0 0 9.25512e-05
1 0.0044579 0.00454873
0 0 9.07254e-05
1 0.0136344 0.0137247
0 0 8.92656e-05
1 0.0105216 0.0106106
1 0.00223283 0.00231992
2 0.0103071 0.0103937
1 0.0163947 0.0164801
1 0.0261464 0.0262308
2 0.00950483 0.00958864
2 0.00624139 0.0063249
1 0.0112595 0.0113427
1 0.0051126 0.00519553
2 0.00632566 0.00640626
2 0.0170288 0.0171092
2 0.00551726 0.0055977
1 0.0331655 0.0332455
1 0.001573 0.00165079
2 0.0560986 0.0561756
2 0.0136152 0.0136913
1 0.00134809 0.00142281
1 0.00380109 0.00387495
1 0.051145 0.051218
1 0.00128226 0.00135494
1 0.0363062 0.0363759
2 0.0242003 0.0242668
1 0.00134876 0.00141464
2 0.00710408 0.00716967
1 0.00199642 0.00206104
1 0.0046051 0.00466827
1 0.00259193 0.00265311
2 0.00938261 0.0094433
2 0.024446 0.0245067
2 0.00719304 0.00725347
1 0.00199136 0.00205168
1 0.0222869 0.0223454
2 0.00693128 0.00698902
1 0.000785441 0.000841102
1 0.0131833 0.0132377
1 0.0023693 0.00242352
1 0.0116476 0.0117018
2 0.00295383 0.00300747
2 0.056501 0.0565519
1 0.00520008 0.00525
1 0.0699711 0.0700208
2 0.00585972 0.00590846
2 0.00408315 0.00413185
1 0.00211623 0.00216275
2 0.0701296 0.070176
1 0.00485594 0.00490107
1 0.00311902 0.00316387
2 0.0144918 0.0145364
1 0.00262095 0.00266518
2 0.0208331 0.0208759
1 0.00268711 0.00272925
1 0.0256334 0.0256754
1 0.00925895 0.00930058
1 0.164158 0.1642
1 0.0049285 0.00496997
1 0.00235917 0.00240039
1 0.00430452 0.00434567
1 0.00149011 0.0015266
1 0.00449783 0.0045325
1 0.00734069 0.00737452
1 0.00567708 0.0057109
1 0.00523959 0.00527305
1 0.0129871 0.0130198
1 0.00542519 0.00545755
2 0.0208304 0.0208613
2 0.00734754 0.00737776
2 0.00757269 0.00760226
2 0.00750945 0.00753861
0 0 2.88935e-05
2 0.00644804 0.00647665
2 0.00399339 0.00402189
1 0.00173042 0.00175877
2 0.00627744 0.00630325
2 0.0207529 0.0207786
2 0.00349526 0.00352081
2 0.0523998 0.052425
2 0.00191893 0.00194399
1 0.00218922 0.00221312
2 0.00965053 0.00967343
1 0.00148632 0.00150921
1 0.0057465 0.00576905
1 0.00321961 0.00324139
2 0.00870809 0.00872971
2 0.0165419 0.0165635
2 0.0056558 0.0056768
1 0.00466243 0.0046825
1 0.00322182 0.00324148
2 0.0128972 0.0129166
1 0.0292102 0.0292296
1 0.0347282 0.0347469
1 0.172903 0.172921
2 0.00727991 0.00729771
2 0.0183238 0.0183414
1 0.01198 0.011997
2 0.0885995 0.0886162
2 0.0120097 0.0120255
1 0.00293275 0.00294827
2 0.00300369 0.00301678
1 0.00171866 0.00173155
2 0.0193915 0.0194037
1 0.00683123 0.00684344
1 0.0180705 0.0180825
1 0.00378382 0.00379582
2 0.0135668 0.0135787
1 0.0283749 0.0283866
1 0.00559017 0.00560184
2 0.00190241 0.00191314
1 0.0283884 0.0283985
1 0.0202164 0.0202264
1 0.00740969 0.00741967
1 0.00385664 0.00386584
2 0.0717831 0.0717918
2 0.0708314 0.0708397
2 0.00376088 0.00376912
1 0.0376874 0.0376952
1 0.00695043 0.00695818
2 0.00514311 0.00515076
1 0.00442467 0.00443198
1 0.00257135 0.00257836
2 0.0375456 0.0375524
1 0.106203 0.10621
1 0.00283416 0.00284039
1 0.00374925 0.00375526
2 0.0202465 0.0202522
2 0.188198 0.188204
1 0.00272682 0.0027324
2 0.0168524 0.016858
1 0.0160607 0.016066
2 0.0869369 0.0869421
2 0.00825741 0.00826245
1 0.00100568 0.00101053
1 0.00955126 0.00955611
2 0.0058616 0.00586628
2 0.00303681 0.00304148
1 0.0115119 0.0115165
2 0.00589659 0.00590112
2 0.00478255 0.00478674
1 0.00171797 0.00172204
1 0.00104459 0.00104866
1 0.0128922 0.012896
2 0.00483541 0.00483876
1 0.00373554 0.00373882
1 0.00596834 0.00597129
1 0.00174211 0.00174502
1 0.0309044 0.030907
2 0.016074 0.0160765
2 0.0130913 0.0130938
1 0.000943008 0.000945515
2 0.00588287 0.00588536
2 0.0262335 0.0262359
2 0.00691369 0.00691605
2 0.0125089 0.0125112
1 0.00723937 0.00724167
2 0.00739694 0.00739912
2 0.00198235 0.00198452
1 0.0307351 0.0307373
1 0.0113619 0.0113639
1 0.00467604 0.00467794
2 0.0450353 0.0450371
1 0.00887712 0.00887889
1 0.00699757 0.00699931
2 0.0154576 0.0154593
1 0.0142639 0.0142654
2 0.0377065 0.0377079
1 0.00691491 0.00691624
2 0.00864908 0.00865002
2 0.00918524 0.00918602
1 0.00716287 0.00716355
1 0.00555479 0.00555534
1 0.00239742 0.00239796
1 0.00638156 0.00638203
1 0.00729026 0.00729063
1 0.000693179 0.00069353
1 0.00282327 0.00282352
2 0.00463035 0.0046306
1 0.0132229 0.0132231
2 0.00746368 0.00746385
1 0.0478332 0.0478334
2 0.0064887 0.00648883
2 0.00514723 0.00514728
1 0.0230026 0.0230027
1 0.0102086 0.0102086
2 0.0332725 0.0332725
1 0.00174902 0.00174903
2 0.00306059 0.00306059
