0 0 inf
0 0 0.106548
0 0 0.0694734
0 0 0.0547621
1 0.0312331 0.0754326
0 0 0.0380447
0 0 0.033204
0 0 0.0290204
0 0 0.0280492
0 0 0.0253497
0 0 0.0237823
0 0 0.0219615
0 0 0.0211854
1 0.0254791 0.044473
0 0 0.0183783
0 0 0.0182861
0 0 0.0175533
0 0 0.0151387
0 0 0.0150845
0 0 0.0145962
1 0.0321893 0.0462281
0 0 0.013536
0 0 0.013247
1 0.0323808 0.0455008
0 0 0.0129509
0 0 0.0128301
0 0 0.0127437
1 0.0338894 0.0466169
0 0 0.0124399
0 0 0.0124062
0 0 0.0122162
0 0 0.0118489
0 0 0.011712
0 0 0.0115163
0 0 0.0113642
0 0 0.0113471
1 0.01853 0.029536
0 0 0.0107415
0 0 0.0104327
1 0.0992159 0.109634
1 0.0150815 0.025313
0 0 0.0101743
1 0.00662667 0.0163047
0 0 0.00912918
0 0 0.00904652
0 0 0.00892853
1 0.0215093 0.030396
0 0 0.00883209
1 0.0322795 0.04108
0 0 0.00868119
0 0 0.00867969
1 0.0868612 0.0950047
0 0 0.00811149
0 0 0.00802735
1 0.085429 0.0932883
0 0 0.00778808
0 0 0.00773487
0 0 0.00766402
0 0 0.00766372
0 0 0.00732773
0 0 0.00732491
0 0 0.00703044
0 0 0.0069124
0 0 0.00667076
0 0 0.00657661
0 0 0.00638259
1 0.0192305 0.0255483
1 0.038588 0.0447419
1 0.0268478 0.0328488
1 0.0817452 0.0876904
1 0.0324552 0.0383543
0 0 0.00587757
1 0.0058665 0.0115786
1 0.0356459 0.0412052
0 0 0.00544878
0 0 0.00527519
1 0.035536 0.0407977
0 0 0.00500973
0 0 0.00500114
0 0 0.00494536
0 0 0.00480637
0 0 0.00475947
0 0 0.00471092
0 0 0.00467768
1 0.0161396 0.0207696
1 0.0119903 0.0164254
1 0.0188812 0.0232606
0 0 0.00435528
0 0 0.00427367
0 0 0.00426681
0 0 0.0041538
2 0.0425278 0.0466435
0 0 0.00395679
0 0 0.00392886
1 0.040133 0.0440613
1 0.0037529 0.0076743
1 0.00798035 0.0118429
0 0 0.00380267
0 0 0.00378801
0 0 0.00378503
0 0 0.00371421
0 0 0.00369796
1 0.00848774 0.0121378
1 0.0743494 0.0779868
0 0 0.00362194
0 0 0.00359134
1 0.0728697 0.0764535
0 0 0.0035678
0 0 0.00355397
0 0 0.00355289
1 0.00403689 0.0075872
0 0 0.00354078
0 0 0.0035179
0 0 0.00348264
0 0 0.00340055
1 0.00570503 0.00905385
0 0 0.00329872
0 0 0.0032705
0 0 0.00319572
0 0 0.0031937
0 0 0.00319135
0 0 0.00316761
0 0 0.00314658
1 0.00392469 0.00705796
0 0 0.0030611
0 0 0.00302122
0 0 0.00290917
0 0 0.00288127
0 0 0.00287529
0 0 0.00283986
1 0.0232228 0.02601
0 0 0.00277634
0 0 0.00266819
0 0 0.00266368
0 0 0.00265572
1 0.0418741 0.0445002
1 0.0048615 0.00743377
1 0.014054 0.0166062
1 0.0160787 0.0186208
0 0 0.00251874
0 0 0.0025186
0 0 0.00249512
1 0.0241836 0.0265721
1 0.0226819 0.0250641
0 0 0.00234603
1 0.0356231 0.0378817
0 0 0.00220212
0 0 0.00218814
1 0.0195929 0.0217633
0 0 0.00216985
0 0 0.00216694
0 0 0.00216084
1 0.0420859 0.0442015
1 0.0398865 0.0419896
0 0 0.00208651
1 0.0187895 0.0208661
0 0 0.00207632
1 0.02349 0.0255537
0 0 0.00204306
1 0.00403566 0.00606737
0 0 0.00203008
1 0.00763251 0.00960988
2 0.0317873 0.0337472
1 0.00675251 0.00871093
0 0 0.00194904
0 0 0.00191023
0 0 0.00190637
1 0.0195101 0.0214109
1 0.0579583 0.0598352
0 0 0.001871
1 0.00438504 0.00623018
0 0 0.0018418
1 0.00502343 0.00684814
0 0 0.00180935
0 0 0.0017927
1 0.0384143 0.0402066
1 0.0336929 0.0354662
1 0.050573 0.052303
0 0 0.00171714
0 0 0.00170164
1 0.00802563 0.00972206
1 0.00615139 0.00783808
1 0.0234388 0.025095
0 0 0.00164962
0 0 0.00164671
0 0 0.00162307
0 0 0.00161704
0 0 0.00160945
0 0 0.00160037
1 0.0094064 0.0109559
1 0.00595992 0.00747476
0 0 0.00150586
0 0 0.00148729
1 0.10195 0.103427
0 0 0.00147476
1 0.0196236 0.0210856
0 0 0.00145758
1 0.00492771 0.00637406
0 0 0.00139109
0 0 0.00139007
0 0 0.00138912
1 0.0348543 0.0362309
1 0.0152317 0.0166034
2 0.0219876 0.0233328
0 0 0.00134166
0 0 0.00132332
0 0 0.00131831
1 0.00391409 0.00523089
1 0.0440866 0.0453932
0 0 0.00130358
1 0.00305924 0.00435941
2 0.0465948 0.0478878
0 0 0.00129004
1 0.0291144 0.030404
1 0.00424026 0.00551527
1 0.0141219 0.0153943
0 0 0.0012717
1 0.0201208 0.0213855
0 0 0.00126393
1 0.0189487 0.0202117
0 0 0.00125479
1 0.107181 0.108434
1 0.00500236 0.00624018
1 0.00194686 0.00317042
1 0.0136359 0.0148565
0 0 0.00121663
0 0 0.0011895
1 0.077352 0.0785339
1 0.0195854 0.0207629
0 0 0.00116556
0 0 0.00116436
0 0 0.00115288
2 0.0302124 0.0313507
0 0 0.00113578
1 0.0115237 0.0126505
1 0.00970033 0.0108201
0 0 0.00111185
1 0.0221534 0.0232632
0 0 0.00110129
2 0.0338623 0.034962
0 0 0.00108744
0 0 0.00106662
1 0.00772169 0.00877282
0 0 0.00104948
0 0 0.00104896
1 0.00914602 0.0101818
1 0.00843528 0.00946765
0 0 0.00100451
1 0.00649132 0.00749549
0 0 0.00100128
2 0.0329509 0.0339474
0 0 0.000994146
2 0.0546599 0.0556353
0 0 0.000969923
1 0.00447222 0.0054407
0 0 0.000949309
1 0.04056 0.0415041
1 0.014395 0.015338
1 0.00551548 0.00645777
0 0 0.000941957
1 0.00140237 0.00233965
1 0.00394378 0.0048789
2 0.0942505 0.0951655
0 0 0.000901329
0 0 0.00089985
1 0.0118594 0.0127515
0 0 0.000870105
1 0.00701317 0.0078797
1 0.0319335 0.0327876
0 0 0.000844104
0 0 0.000834304
0 0 0.000826915
1 0.0910893 0.0919132
1 0.00655058 0.00737129
0 0 0.000815706
1 0.018524 0.019332
1 0.00615115 0.00695601
0 0 0.000795224
2 0.00849654 0.00928507
1 0.00234004 0.00312739
1 0.00381529 0.00459896
0 0 0.000781024
0 0 0.000779845
0 0 0.00077849
1 0.00840444 0.00917064
1 0.00876668 0.00953264
0 0 0.000757202
1 0.00375987 0.00450451
1 0.00795651 0.00869611
1 0.00439536 0.00512381
0 0 0.000707642
0 0 0.000701516
0 0 0.000685671
0 0 0.000685045
0 0 0.000682017
1 0.152138 0.152818
1 0.00461589 0.00528639
0 0 0.000668345
2 0.00960686 0.0102725
1 0.00241149 0.00307054
0 0 0.000654423
1 0.0043934 0.00504391
1 0.00138682 0.00203554
2 0.0455334 0.0461767
1 0.00144404 0.00207587
1 0.00256889 0.00320016
1 0.00748612 0.00811334
1 0.0108813 0.0115043
0 0 0.00061125
1 0.00201274 0.00262204
0 0 0.000601979
0 0 0.00060119
1 0.0075066 0.00810237
0 0 0.000593978
1 0.00805592 0.00863775
1 0.0110217 0.0115955
0 0 0.000571088
1 0.00591629 0.00647358
1 0.00483812 0.00539284
1 0.00460731 0.00514712
1 0.00291565 0.00345533
1 0.00379617 0.00433472
1 0.00551872 0.00605725
1 0.0232989 0.0238316
0 0 0.00053198
0 0 0.000523072
2 0.00985279 0.0103736
0 0 0.000518352
1 0.0202118 0.0207277
2 0.00914813 0.00966328
1 0.00615226 0.00666704
2 0.00795347 0.00845836
0 0 0.00049253
2 0.0327397 0.0332179
1 0.0033011 0.0037745
0 0 0.000468318
1 0.00439155 0.00485063
2 0.0547281 0.0551868
1 0.00551072 0.00596647
2 0.0281728 0.0286206
1 0.0100187 0.010465
2 0.0457429 0.046184
1 0.0456806 0.0461148
1 0.0134653 0.013898
0 0 0.000420424
1 0.0131375 0.0135564
1 0.00502984 0.00544689
1 0.00145004 0.00186276
2 0.0439385 0.0443508
1 0.00646561 0.00687672
1 0.00218786 0.00259658
0 0 0.000406448
1 0.00133882 0.00174513
1 0.00147176 0.00187654
1 0.00417723 0.00457738
1 0.0106088 0.0110086
0 0 0.000395108
1 0.00626984 0.00666478
1 0.0327981 0.0331919
1 0.0265749 0.0269602
1 0.00307211 0.00345718
1 0.00288154 0.00325849
1 0.00439834 0.00476939
1 0.0124748 0.0128307
1 0.00444151 0.00479526
1 0.00885189 0.00920349
1 0.00697354 0.00732477
1 0.001004 0.00135353
1 0.00648843 0.00683793
2 0.022433 0.0227806
0 0 0.000345897
2 0.00950242 0.00983731
1 0.00109248 0.00142623
1 0.0582611 0.058593
1 0.00565983 0.00599078
1 0.00267749 0.00300641
2 0.0320453 0.032365
1 0.00506984 0.00538662
1 0.00117954 0.00149422
2 0.0806402 0.0809508
1 0.00128847 0.00159862
2 0.0949872 0.0952963
1 0.00274377 0.00304132
1 0.0237062 0.0240026
1 0.00609802 0.00639028
1 0.00260073 0.00289213
2 0.0108384 0.0111254
1 0.00333735 0.00362
2 0.0313802 0.0316582
1 0.0123065 0.0125622
1 0.00420809 0.00446293
0 0 0.000252038
1 0.0251104 0.0253553
2 0.0122764 0.0125189
1 0.00903052 0.00927162
1 0.00454124 0.0047814
1 0.00284728 0.00308385
1 0.003613 0.00384845
1 0.00146074 0.0016952
0 0 0.000233647
1 0.0238845 0.0241153
1 0.0248172 0.0250468
1 0.00310431 0.00333029
0 0 0.000225192
1 0.021177 0.0213996
1 0.00458086 0.0047997
1 0.0152966 0.0155102
0 0 0.000213443
1 0.00542393 0.0056373
1 0.0051325 0.00534518
1 0.00455635 0.0047678
2 0.0240802 0.0242897
1 0.00890395 0.00911291
1 0.00252998 0.00273717
1 0.0140336 0.014239
1 0.00808677 0.008289
2 0.00898616 0.00918637
2 0.0154177 0.0156146
1 0.014816 0.015009
1 0.00715817 0.0073492
2 0.00910114 0.00929182
1 0.0198414 0.0200278
2 0.0060626 0.00624784
1 0.00159738 0.00177992
0 0 0.00018102
1 0.00142525 0.00160372
1 0.00177602 0.00195443
1 0.00889882 0.00907452
2 0.0164089 0.0165826
1 0.00304402 0.00321514
1 0.0370209 0.0371879
1 0.0160433 0.0162086
2 0.00779723 0.00796197
1 0.00643755 0.00660079
2 0.0490692 0.0492254
1 0.0331601 0.0333127
1 0.00112452 0.00127644
2 0.00573984 0.00589144
1 0.00148021 0.00162647
1 0.00563647 0.00578068
1 0.0030593 0.00320119
1 0.00656074 0.00670058
1 0.00830176 0.00844081
1 0.00702835 0.00716712
1 0.00505728 0.00519572
1 0.00167338 0.00181077
1 0.00224194 0.00237921
1 0.0253087 0.0254457
1 0.0389975 0.0391325
1 0.00546091 0.00559514
1 0.00178495 0.00191186
1 0.000485734 0.000611929
1 0.00928994 0.00941428
1 0.0162214 0.016345
1 0.00163981 0.00176339
1 0.00461306 0.00473507
1 0.00306938 0.00319086
2 0.00601703 0.00613676
2 0.00745488 0.0075735
1 0.00294376 0.00306124
1 0.0105589 0.0106693
1 0.00210227 0.00221254
1 0.019654 0.019763
2 0.0051808 0.00528911
1 0.008955 0.00906096
1 0.24617 0.246275
1 0.0288743 0.0289783
1 0.00328203 0.00338452
2 0.00342748 0.00352798
1 0.00176059 0.00186075
2 0.0107227 0.0108222
1 0.00444008 0.00453804
1 0.00714606 0.00724296
2 0.0595856 0.0596811
1 0.0175512 0.017645
1 0.00838507 0.00847673
1 0.00436508 0.00445471
2 0.0416648 0.0417539
1 0.0112376 0.0113266
1 0.00700875 0.00709582
2 0.00745635 0.00754251
2 0.00766409 0.0077502
1 0.00345913 0.00354473
1 0.00232773 0.00241213
0 0 8.4315e-05
2 0.109932 0.110015
1 0.00308274 0.00316548
1 0.00289093 0.00297234
1 0.0030743 0.00315464
1 0.00697158 0.0070514
1 0.0398763 0.0399559
2 0.0414 0.0414742
1 0.00167831 0.00175237
1 0.00571131 0.00578517
2 0.00633102 0.00640306
2 0.00909869 0.00916693
1 0.00247404 0.00254064
2 0.00391732 0.00398384
2 0.00372025 0.00378527
2 0.00760895 0.00767325
1 0.0792346 0.0792985
1 0.00338286 0.00344599
1 0.00146209 0.0015222
1 0.0473466 0.0474066
2 0.00639032 0.0064502
1 0.00239369 0.00245317
1 0.00483269 0.00489207
1 0.000485929 0.00054393
1 0.000589531 0.000645859
1 0.00167165 0.00172759
2 0.0091778 0.00923324
1 0.00731933 0.00737416
1 0.0049859 0.00504027
1 0.0112833 0.0113372
1 0.0147152 0.0147671
2 0.0079978 0.00804926
2 0.00628922 0.00634058
1 0.00319003 0.00323991
2 0.0227004 0.02275
1 0.00158685 0.00163589
1 0.0517606 0.0518061
2 0.00877795 0.00882307
1 0.00913778 0.00918071
1 0.00213908 0.00218171
2 0.0506323 0.0506737
1 0.00586578 0.00590513
1 0.00769105 0.00773024
2 0.0298492 0.0298877
1 0.00183677 0.00187375
1 0.00311905 0.00315504
1 0.00189439 0.00193003
2 0.00357492 0.00361041
1 0.0119404 0.0119759
1 0.0014876 0.00152277
1 0.00684487 0.00687828
1 0.0165754 0.0166088
1 0.00339475 0.00342763
1 0.00722725 0.00725974
1 0.00129927 0.00133109
1 0.00356498 0.00359573
2 0.0308533 0.0308834
2 0.00670537 0.00673504
2 0.00446853 0.00449785
1 0.00483828 0.00486757
1 0.00368874 0.00371764
2 0.00445506 0.00448232
1 0.0176771 0.0177043
2 0.00691827 0.00694527
2 0.00505872 0.00508506
2 0.00161827 0.00164452
1 0.00706248 0.00708768
2 0.00190005 0.00192512
1 0.00457516 0.0046001
1 0.00149291 0.00151671
2 0.00797281 0.00799651
2 0.011083 0.0111066
1 0.00884658 0.00886847
1 0.00160131 0.00162175
1 0.00599097 0.00601103
2 0.00906453 0.00908429
1 0.00274664 0.00276614
2 0.0148797 0.0148989
1 0.00340417 0.00342333
1 0.00215808 0.0021771
1 0.00120131 0.00121979
2 0.00303837 0.00305659
2 0.00208396 0.00210128
2 0.00363663 0.00365395
1 0.0020337 0.00204995
2 0.0441896 0.0442054
1 0.00928497 0.00929963
2 0.0071754 0.00718998
1 0.00338104 0.00339543
1 0.00867642 0.00869081
2 0.249687 0.249701
1 0.00149641 0.00151028
1 0.00208704 0.00210081
1 0.00199371 0.00200706
1 0.00267258 0.00268587
2 0.0231307 0.0231437
2 0.00936621 0.00937896
1 0.00716572 0.00717843
1 0.00417497 0.00418767
1 0.0081022 0.00811488
1 0.0238441 0.0238568
2 0.00533755 0.00534987
2 0.00187197 0.00188366
1 0.00635475 0.00636643
2 0.0320108 0.0320225
1 0.0156792 0.0156907
2 0.00351676 0.00352776
1 0.00206185 0.00207212
1 0.00267601 0.00268606
2 0.0123323 0.0123417
2 0.0197931 0.019802
2 0.00365462 0.00366315
1 0.00675154 0.00676002
2 0.00268763 0.00269583
1 0.00517511 0.0051832
1 0.022058 0.022066
2 0.0148437 0.0148516
1 0.0294782 0.0294854
1 0.0017184 0.00172497
2 0.010016 0.0100221
2 0.0036313 0.00363745
1 0.0120734 0.0120795
1 0.00552998 0.0055357
1 0.0121984 0.0122041
1 0.00575189 0.00575755
2 0.00210224 0.00210771
2 0.00777747 0.00778287
1 0.00343663 0.00344185
2 0.00583651 0.00584162
1 0.00127857 0.0012834
2 0.00767755 0.00768217
2 0.0067646 0.00676915
2 0.00683179 0.00683625
1 0.0023558 0.0023601
2 0.00459573 0.00459978
2 0.00485408 0.00485809
2 0.00194607 0.00195003
1 0.00358231 0.0035861
2 0.00487563 0.00487909
1 0.00711694 0.00712006
2 0.0168971 0.0169002
2 0.00834442 0.00834677
1 0.00706367 0.00706578
2 0.0316363 0.0316383
2 0.0273282 0.0273301
2 0.00258617 0.00258804
1 0.00426018 0.00426185
2 0.00385999 0.00386146
2 0.00706905 0.00707045
1 0.00638795 0.00638931
2 0.00923263 0.00923398
1 0.0154945 0.0154958
1 0.0454154 0.0454166
1 0.010668 0.010669
2 0.00768141 0.0076822
1 0.00967371 0.00967436
2 0.00350768 0.00350823
1 0.0148429 0.0148435
2 0.00454423 0.00454473
1 0.00385413 0.00385453
2 0.00821753 0.00821784
1 0.00583952 0.00583976
1 0.00465305 0.00465327
2 0.00884562 0.00884579
2 0.00339593 0.00339606
2 0.0343571 0.0343571
2 0.00225805 0.00225807
1 0.00498593 0.00498596
1 0.0168451 0.0168452
1 0.00794024 0.00794025
2 0.00513656 0.00513657
