0 0 inf
0 0 0.231895
0 0 0.161283
0 0 0.0918162
0 0 0.0487492
0 0 0.0425407
1 0.0262743 0.0631453
0 0 0.0366762
0 0 0.0329705
0 0 0.0328186
0 0 0.0323963
0 0 0.0305072
1 0.309809 0.338861
0 0 0.027936
0 0 0.027189
0 0 0.0268353
1 0.161626 0.188213
1 0.0331818 0.0573067
1 0.0193858 0.0430139
0 0 0.0227086
0 0 0.0219042
1 0.019732 0.0414006
0 0 0.0193566
0 0 0.0191063
0 0 0.0187895
0 0 0.0186294
1 0.0986784 0.116899
0 0 0.0178129
0 0 0.0177486
0 0 0.0175253
0 0 0.0158692
1 0.0264176 0.0419346
0 0 0.0152413
0 0 0.0151443
0 0 0.0146199
1 0.0453947 0.0590349
0 0 0.0134969
1 0.0230706 0.035413
0 0 0.012095
0 0 0.0117267
1 0.0196484 0.0313062
0 0 0.0113708
0 0 0.0113555
2 0.066212 0.0771491
0 0 0.0106953
0 0 0.0106774
0 0 0.0105812
1 0.0412994 0.0518193
0 0 0.0104739
0 0 0.010371
1 0.051027 0.0613827
0 0 0.0103098
1 0.0290374 0.0390561
1 0.0202947 0.0300071
0 0 0.00968825
1 0.0266941 0.0363711
0 0 0.00957235
1 0.016903 0.0264628
0 0 0.0094366
0 0 0.00932564
0 0 0.00898739
0 0 0.00893407
1 0.0334134 0.0418518
1 0.0303668 0.0386791
0 0 0.00823864
1 0.113871 0.121872
0 0 0.00774103
1 0.0464331 0.0541138
1 0.0393816 0.0466584
0 0 0.00724955
0 0 0.00704962
0 0 0.00702358
1 0.0173641 0.0242324
0 0 0.00672272
1 0.00795325 0.0142686
0 0 0.00626854
1 0.0384408 0.0445908
2 0.0480421 0.0541375
0 0 0.00609342
0 0 0.00604963
1 0.011238 0.0171068
0 0 0.00586441
1 0.00543475 0.0112693
1 0.0282974 0.0340189
1 0.057498 0.0629615
0 0 0.00539337
1 0.0192491 0.0246419
0 0 0.00536398
0 0 0.0053373
1 0.0416708 0.0467977
1 0.0275479 0.0325769
0 0 0.00489224
1 0.0384734 0.0432403
1 0.226495 0.231234
0 0 0.00472261
0 0 0.00456908
1 0.0222395 0.0267244
0 0 0.00423141
0 0 0.00420838
1 0.0441242 0.0482928
0 0 0.00413114
0 0 0.00411175
0 0 0.00406042
1 0.0319506 0.0359496
0 0 0.00397397
0 0 0.00393185
1 0.00415277 0.00801546
1 0.0519873 0.0558265
1 0.0635506 0.067366
0 0 0.0038043
0 0 0.00377899
1 0.0574897 0.0612404
1 0.00462579 0.00829891
1 0.13614 0.139775
1 0.0492529 0.0528219
0 0 0.00348647
1 0.0272553 0.0305809
2 0.0742125 0.0775318
0 0 0.00330185
1 0.0337524 0.0369955
1 0.00656564 0.00973633
1 0.026092 0.0292512
0 0 0.00314908
1 0.013143 0.0162454
0 0 0.00308504
1 0.0331385 0.0362168
0 0 0.00298215
0 0 0.00287528
0 0 0.00286901
0 0 0.00286017
0 0 0.00281032
1 0.0284432 0.031241
1 0.0114216 0.0142074
1 0.0120398 0.0147631
0 0 0.00269344
0 0 0.0026759
0 0 0.00267096
0 0 0.00266901
0 0 0.00265637
1 0.125599 0.128253
0 0 0.00260518
0 0 0.00259521
1 0.00328046 0.00586268
0 0 0.00256878
0 0 0.00255127
1 0.00886432 0.0114081
0 0 0.00253477
1 0.0522097 0.0547006
0 0 0.00241784
0 0 0.00239619
2 0.0690106 0.0713796
0 0 0.00236791
0 0 0.00234816
1 0.0103607 0.0127058
0 0 0.00231346
0 0 0.00230684
0 0 0.00224667
1 0.025161 0.0273748
0 0 0.00220857
1 0.0634502 0.0656407
0 0 0.00218279
0 0 0.0021754
1 0.00962888 0.0117701
0 0 0.00208936
1 0.00692138 0.00900942
0 0 0.00208755
1 0.00215271 0.00423964
1 0.00692257 0.00900544
1 0.0280317 0.0301141
0 0 0.00207273
0 0 0.00207081
1 0.00315543 0.00519873
0 0 0.00202336
2 0.0616551 0.0636762
0 0 0.00201093
0 0 0.00200248
0 0 0.0019937
0 0 0.00198556
0 0 0.00195131
1 0.00214807 0.00405736
1 0.0400709 0.0419538
0 0 0.00185252
1 0.00624753 0.00807452
0 0 0.00180389
0 0 0.00178053
0 0 0.00177402
0 0 0.00177243
1 0.00549599 0.00726784
0 0 0.00176521
0 0 0.00176326
0 0 0.00173865
2 0.132151 0.13386
0 0 0.00169801
0 0 0.00165963
0 0 0.00165127
1 0.00769425 0.00933757
1 0.0234464 0.0250433
1 0.0441674 0.045742
0 0 0.00153622
0 0 0.00153083
0 0 0.00151808
1 0.049667 0.0511685
0 0 0.00150052
0 0 0.00146872
1 0.0278106 0.0292665
0 0 0.00145125
1 0.0144007 0.0158161
0 0 0.0013914
1 0.0179617 0.019349
1 0.00432914 0.00571585
1 0.00524852 0.00662777
1 0.0123857 0.0137577
0 0 0.00136991
1 0.00568733 0.00704853
0 0 0.00135726
1 0.00513005 0.00647769
0 0 0.0013398
2 0.0469716 0.0482995
0 0 0.00131745
0 0 0.00126824
1 0.0364651 0.0377019
1 0.0585119 0.0597454
1 0.00176299 0.0029935
1 0.00855378 0.00978291
1 0.0415365 0.0427624
1 0.00221847 0.00343929
1 0.119932 0.12115
0 0 0.00121482
0 0 0.00120105
0 0 0.00116327
0 0 0.00116064
1 0.00200592 0.00314775
1 0.00584711 0.00696989
2 0.0131948 0.0142882
1 0.00257853 0.00365794
0 0 0.00107782
0 0 0.00107126
0 0 0.00106
2 0.00467383 0.00572118
0 0 0.00104672
0 0 0.0010415
1 0.0022959 0.00333609
0 0 0.00103295
1 0.0118505 0.0128807
0 0 0.00102686
0 0 0.00102228
1 0.00402689 0.00503211
0 0 0.000994421
1 0.00564538 0.00663497
1 0.00923934 0.0102226
1 0.00720004 0.00817799
0 0 0.000977553
2 0.131734 0.132703
1 0.00878651 0.00973835
1 0.00440039 0.00533784
1 0.00860756 0.00953737
0 0 0.000925366
1 0.0455706 0.0464864
1 0.00850695 0.0094134
2 0.0118017 0.0127059
1 0.00735068 0.00825353
1 0.00506864 0.00596766
0 0 0.000893865
0 0 0.000889103
0 0 0.000883239
0 0 0.000877791
2 0.0427174 0.0435889
1 0.208719 0.20959
1 0.0033423 0.00420529
1 0.00400278 0.00486348
1 0.0119582 0.012817
0 0 0.000856755
1 0.00992262 0.0107685
1 0.0026381 0.00348057
0 0 0.000841211
0 0 0.00083883
2 0.0145305 0.0153507
1 0.00312243 0.00393903
0 0 0.000815052
1 0.00546104 0.00627472
1 0.0283468 0.0291592
0 0 0.00080953
0 0 0.000788267
1 0.00552248 0.00630986
0 0 0.000782304
0 0 0.00078192
1 0.031664 0.0324457
0 0 0.000767547
0 0 0.000744561
2 0.0447939 0.045533
2 0.0096935 0.0104296
0 0 0.000736127
1 0.00296386 0.00369897
1 0.0284274 0.0291602
1 0.00470747 0.00544007
1 0.0394392 0.0401661
0 0 0.000724958
0 0 0.000723662
1 0.00416657 0.0048898
0 0 0.000719545
0 0 0.000715036
1 0.00704411 0.00775763
1 0.0128976 0.0136082
1 0.00282422 0.00353474
0 0 0.000701687
0 0 0.000688953
1 0.0259501 0.0266371
1 0.0342213 0.0349067
1 0.00386636 0.00454012
1 0.0103806 0.0110444
2 0.0122153 0.0128754
1 0.0057391 0.00638109
1 0.00635704 0.00699773
1 0.00102979 0.0016685
1 0.0116857 0.0123231
2 0.012961 0.0135981
0 0 0.000634794
1 0.0104605 0.011088
1 0.00337136 0.00399417
1 0.0388541 0.0394744
0 0 0.000599612
1 0.0563297 0.0569285
0 0 0.000591419
0 0 0.00058649
0 0 0.000585724
1 0.00624304 0.00682542
1 0.00376995 0.00435182
1 0.00249694 0.00307871
1 0.00437293 0.0049539
0 0 0.000564977
1 0.0081783 0.00872675
0 0 0.000546253
0 0 0.000533544
0 0 0.000532928
0 0 0.000532231
1 0.00571124 0.0062431
1 0.0038591 0.00438603
1 0.00786802 0.00838631
0 0 0.000514325
1 0.00185395 0.00236666
1 0.239648 0.240155
1 0.00301712 0.00351815
1 0.00630068 0.0068012
0 0 0.000495933
2 0.0374863 0.0379746
1 0.00357215 0.0040545
1 0.0131967 0.0136704
1 0.00268208 0.00315479
1 0.0025242 0.00299484
0 0 0.000467694
0 0 0.000462247
1 0.00245782 0.0029189
0 0 0.000460327
1 0.00377757 0.004236
0 0 0.000456974
2 0.0044885 0.00494431
1 0.00273847 0.00319269
1 0.0304739 0.0309194
1 0.0423467 0.0427894
2 0.0329548 0.0333951
2 0.00608475 0.00652465
1 0.0397665 0.0402041
2 0.0501944 0.0506306
0 0 0.000434764
0 0 0.00043232
1 0.0495098 0.0499336
0 0 0.000422367
1 0.00215165 0.00256474
1 0.0109167 0.0113283
1 0.0252826 0.0256915
1 0.0106406 0.0110495
2 0.0121291 0.0125345
1 0.00395591 0.00435943
1 0.00359561 0.00399628
0 0 0.000396889
1 0.00759649 0.00799258
1 0.00210898 0.0025018
1 0.00269119 0.00307901
1 0.00116933 0.00155644
1 0.0169648 0.0173475
1 0.00470954 0.00508812
1 0.00116098 0.00153565
1 0.0076211 0.00799163
1 0.0299151 0.0302856
1 0.00114935 0.00151578
0 0 0.000365577
1 0.0271281 0.0274885
2 0.0673821 0.0677404
1 0.00216671 0.0025224
1 0.0171342 0.0174889
2 0.0174007 0.0177498
0 0 0.000348318
2 0.0117636 0.0121111
1 0.0085672 0.0089122
1 0.0372632 0.0376006
2 0.0494486 0.0497827
1 0.00914571 0.0094706
0 0 0.000318732
0 0 0.000302303
2 0.0683105 0.0686095
2 0.0115784 0.0118671
1 0.00300716 0.00329453
1 0.0193936 0.0196796
2 0.0318898 0.032175
2 0.0140408 0.0143241
1 0.0122522 0.0125338
2 0.0498121 0.05009
0 0 0.000256043
2 0.00877251 0.00902744
1 0.00357383 0.00382374
1 0.00906372 0.00931095
0 0 0.00024631
2 0.0148705 0.0151159
1 0.00373071 0.00397096
2 0.0115509 0.0117899
0 0 0.00023772
2 0.0498538 0.0500913
2 0.130685 0.13092
0 0 0.000234485
0 0 0.000229608
1 0.00509873 0.00532785
1 0.0142588 0.0144863
2 0.0432554 0.0434829
1 0.0274694 0.0276925
1 0.00363103 0.00385315
2 0.0391251 0.0393467
1 0.00261879 0.00283433
1 0.03427 0.0344825
1 0.000859276 0.00106921
1 0.00526358 0.00547275
1 0.0430659 0.0432716
0 0 0.000204828
1 0.00567474 0.00586937
1 0.0144435 0.0146352
1 0.00179221 0.0019781
2 0.00361993 0.00380405
1 0.00751829 0.00770023
1 0.0115516 0.0117267
2 0.00827081 0.00844571
2 0.00797525 0.00814801
1 0.00236564 0.00253442
1 0.0093878 0.00955252
1 0.00084371 0.0010077
1 0.00421478 0.00437663
1 0.00255082 0.00271215
1 0.0335672 0.0337284
1 0.0493088 0.049469
0 0 0.000160174
1 0.00311612 0.0032747
1 0.00318818 0.00334572
1 0.00148563 0.00164125
0 0 0.000154628
1 0.102256 0.102411
1 0.000749029 0.000902861
1 0.00175001 0.00190189
1 0.0130768 0.0132219
1 0.00370866 0.00385238
1 0.0026952 0.00283826
1 0.00951945 0.00966121
1 0.00316805 0.0033098
1 0.00175979 0.00190049
2 0.015329 0.0154686
1 0.00134263 0.00147963
2 0.00811519 0.00824917
1 0.00250768 0.00264131
2 0.0174258 0.0175586
1 0.017538 0.0176707
2 0.0066851 0.0068172
2 0.00528289 0.00540953
1 0.00227166 0.00239688
1 0.0266631 0.0267883
1 0.013022 0.0131455
1 0.00926336 0.00938601
1 0.00173421 0.00185586
1 0.00510883 0.00522861
2 0.00164839 0.00176746
1 0.0051659 0.00528415
1 0.000913744 0.00103148
1 0.00238455 0.00250145
1 0.00278472 0.00290006
1 0.0194783 0.0195929
1 0.0022344 0.0023488
1 0.00579068 0.00590367
2 0.00910848 0.0092207
2 0.00379997 0.00391166
1 0.0180863 0.0181952
2 0.0335509 0.0336585
1 0.0413712 0.0414782
1 0.106994 0.107099
2 0.00659078 0.00669518
1 0.0115765 0.0116806
1 0.0654236 0.0655272
2 0.0151393 0.01524
2 0.0033588 0.00345809
2 0.00348304 0.00358125
1 0.00154362 0.00163931
1 0.00466983 0.00476543
1 0.00207557 0.00216886
1 0.00335398 0.00344704
2 0.00736496 0.00745568
1 0.00190177 0.00199186
1 0.0020383 0.00212648
2 0.0151618 0.0152481
1 0.00251027 0.00259534
2 0.0387354 0.0388203
1 0.0141096 0.0141923
1 0.00260938 0.00269141
2 0.0105933 0.0106747
2 0.0668413 0.0669172
2 0.0667376 0.0668134
1 0.00106572 0.00114068
1 0.00117215 0.00124577
1 0.00430169 0.00437464
2 0.00345166 0.00352441
2 0.00557057 0.00564298
1 0.00218148 0.00225359
1 0.00306798 0.00313731
1 0.00595826 0.00602178
1 0.00234268 0.00240617
1 0.0034517 0.0035146
2 0.011662 0.0117234
2 0.00966147 0.00972251
1 0.0300562 0.0301163
1 0.00269307 0.00275282
1 0.00319684 0.0032541
1 0.00211673 0.0021731
1 0.00390827 0.0039646
1 0.0140315 0.0140853
2 0.00590713 0.00596042
1 0.00264821 0.00270082
2 0.00337836 0.00343055
1 0.00299364 0.00304565
1 0.0167934 0.0168452
1 0.00729866 0.00734881
2 0.00357207 0.0036205
2 0.018386 0.0184343
2 0.0152725 0.0153209
1 0.000959966 0.00100605
1 0.00283788 0.00288393
1 0.0055346 0.0055806
2 0.00324483 0.00328944
1 0.055034 0.0550778
2 0.00896889 0.0090105
1 0.0163516 0.0163931
2 0.00176086 0.00180051
2 0.00423969 0.00427887
1 0.0014712 0.00151018
2 0.00172136 0.00176003
2 0.0634449 0.0634828
1 0.00192497 0.00196204
2 0.00637774 0.00641422
0 0 3.64556e-05
2 0.00409579 0.00413139
2 0.00851368 0.00854868
1 0.00475178 0.00478575
1 0.00106078 0.00109464
1 0.00698702 0.00702077
1 0.00975395 0.00978769
1 0.00376428 0.0037978
2 0.00533901 0.00537161
2 0.0167475 0.0167801
1 0.04245 0.042482
2 0.00988989 0.00992152
1 0.0574186 0.0574501
2 0.00426794 0.00429926
2 0.0121701 0.012201
1 0.00296469 0.00299535
2 0.0132211 0.0132515
1 0.00539753 0.00542723
2 0.00324321 0.00327232
1 0.00222246 0.00225118
1 0.000493725 0.000522181
1 0.00310165 0.00312991
2 0.00494011 0.00496665
1 0.00140182 0.00142819
2 0.0339844 0.0340105
2 0.00165433 0.00167947
2 0.00594623 0.00597111
1 0.00232857 0.00235317
1 0.00278138 0.00280584
2 0.00719791 0.00722199
1 0.00136077 0.00138472
1 0.00207346 0.00209738
2 0.0125568 0.0125805
1 0.0305335 0.030557
2 0.00676597 0.00678718
2 0.00936616 0.00938716
1 0.00603037 0.00605101
1 0.0025948 0.00261394
1 0.0064055 0.00642463
1 0.00173242 0.00175154
1 0.129973 0.129992
1 0.00281911 0.00283747
1 0.00967209 0.00969041
1 0.00423266 0.00424924
1 0.00171117 0.00172765
1 0.00470451 0.00472036
1 0.00620659 0.00622242
2 0.036213 0.0362284
1 0.0317811 0.0317964
2 0.00323558 0.00325077
1 0.00527145 0.00528656
2 0.0125405 0.0125551
1 0.0168955 0.0169092
2 0.00361193 0.00362562
1 0.0164293 0.0164425
1 0.003547 0.00355956
1 0.00104759 0.00106014
2 0.0319941 0.0320065
2 0.00161705 0.00162916
1 0.00349329 0.00350516
2 0.00956167 0.00957309
2 0.00335563 0.00336654
2 0.00212955 0.00214041
2 0.0575866 0.0575974
2 0.00692706 0.00693757
1 0.00206207 0.00207256
1 0.00267194 0.00268197
1 0.00562619 0.00563583
1 0.047811 0.0478204
1 0.00806189 0.00807109
2 0.00214287 0.00215203
1 0.00284696 0.00285605
1 0.0128192 0.0128281
2 0.0024027 0.00241152
1 0.00248325 0.002492
2 0.00731439 0.00732305
1 0.00219504 0.00220309
1 0.0030469 0.00305473
1 0.0123302 0.0123377
1 0.00315509 0.00316242
1 0.016471 0.0164778
1 0.00793126 0.00793801
1 0.00597943 0.00598602
1 0.004954 0.00496049
1 0.00399026 0.00399663
1 0.032107 0.0321132
2 0.0093909 0.00939712
1 0.00332161 0.00332742
2 0.00920947 0.00921516
1 0.00323252 0.00323819
1 0.00311352 0.00311908
1 0.003431 0.00343638
2 0.00168662 0.00169175
2 0.00897456 0.00897926
2 0.00568921 0.00569376
2 0.0169807 0.0169851
2 0.00188223 0.00188645
2 0.00771627 0.00772045
2 0.0390892 0.0390933
1 0.00563403 0.00563796
2 0.0101188 0.0101228
2 0.00613947 0.00614325
2 0.0571398 0.0571435
1 0.00160136 0.00160416
1 0.0285454 0.0285481
2 0.00984793 0.00985045
1 0.00131452 0.00131698
1 0.00226986 0.00227229
1 0.0169667 0.0169691
1 0.00597415 0.00597654
1 0.0558173 0.0558194
2 0.0570494 0.0570513
1 0.00192528 0.00192705
2 0.0745697 0.0745714
2 0.0100105 0.0100122
1 0.00324556 0.00324702
1 0.0019459 0.00194727
2 0.00652291 0.00652422
1 0.00392661 0.00392786
2 0.00901574 0.00901684
1 0.0180117 0.0180127
1 0.00243602 0.00243692
1 0.00182275 0.00182358
2 0.0174265 0.0174273
2 0.00543224 0.00543279
2 0.107741 0.107742
1 0.00356799 0.00356816
1 0.00174967 0.00174981
1 0.0490065 0.0490066
1 0.00227271 0.00227284
1 0.00195681 0.0019569
2 0.0180138 0.0180139
1 0.00357149 0.00357154
1 0.000971599 0.000971649
1 0.0040995 0.00409955
2 0.00933832 0.00933835
2 0.0121 0.0121
1 0.113892 0.113892
1 0.00398404 0.00398404
2 0.00749735 0.00749735
1 0.00336836 0.00336836
