0 0 inf
0 0 0.187784
0 0 0.0883856
0 0 0.0616381
0 0 0.0549446
0 0 0.0499253
0 0 0.0354877
1 0.0693085 0.101668
1 0.0317906 0.0615425
1 0.0183769 0.0475326
1 0.0621941 0.0873759
0 0 0.0235757
1 0.0236502 0.0436671
0 0 0.0194559
0 0 0.0190559
0 0 0.0179537
0 0 0.016456
1 0.0134374 0.0296281
0 0 0.0159833
0 0 0.0159732
0 0 0.0159006
1 0.0219853 0.0375463
1 0.032837 0.0475205
1 0.021784 0.0362059
0 0 0.0142898
1 0.0250848 0.039269
0 0 0.0136681
0 0 0.0136075
0 0 0.0135629
0 0 0.0135019
0 0 0.0131401
1 0.0972256 0.110335
1 0.0115348 0.0241039
0 0 0.0118123
0 0 0.0114949
0 0 0.0114638
0 0 0.0111911
0 0 0.0111343
0 0 0.0109766
0 0 0.0109555
0 0 0.0105506
0 0 0.0105038
0 0 0.0104091
0 0 0.0102646
0 0 0.0101285
0 0 0.0100614
0 0 0.00974777
0 0 0.00967341
0 0 0.00965024
0 0 0.0092571
0 0 0.0089409
0 0 0.00843484
2 0.047655 0.0559945
0 0 0.0081081
0 0 0.00807649
1 0.0306601 0.038376
1 0.0391121 0.0467727
0 0 0.00748533
2 0.048277 0.055622
1 0.00436366 0.0116754
1 0.0191465 0.0264073
1 0.0801676 0.0873474
0 0 0.00716592
0 0 0.00695802
0 0 0.00686721
0 0 0.00667007
0 0 0.00651601
1 0.018946 0.0251224
0 0 0.0060311
0 0 0.00602909
0 0 0.00601013
0 0 0.00587695
1 0.0374434 0.0429017
0 0 0.00541513
0 0 0.00483234
1 0.00569388 0.0105233
1 0.0104253 0.015219
0 0 0.00475951
0 0 0.00454054
1 0.0132641 0.0177129
0 0 0.00444083
1 0.0242394 0.0286439
1 0.00355512 0.00783334
1 0.0443302 0.0485914
1 0.00598499 0.0102056
0 0 0.00417722
1 0.0098701 0.014017
1 0.0667986 0.0708134
1 0.0104433 0.0144371
2 0.0947463 0.0987351
0 0 0.00388091
1 0.203951 0.207624
1 0.00741977 0.010896
0 0 0.00336668
1 0.108227 0.11156
1 0.0186312 0.0219407
2 0.118087 0.121308
0 0 0.00321962
1 0.00406964 0.00727444
0 0 0.00304106
0 0 0.00300629
1 0.0109154 0.0138468
0 0 0.00290763
0 0 0.00286872
0 0 0.00285976
0 0 0.00280402
1 0.010715 0.0134748
0 0 0.00273041
0 0 0.00272985
0 0 0.00272621
0 0 0.00267886
1 0.0191082 0.021776
1 0.0442637 0.0469283
0 0 0.0026282
0 0 0.00257806
0 0 0.00241899
0 0 0.00241591
0 0 0.00237411
1 0.0241539 0.0265159
0 0 0.00232786
1 0.0881516 0.0904558
0 0 0.00228495
2 0.0121327 0.0144141
1 0.00628165 0.00856018
1 0.0296523 0.0318592
1 0.013394 0.0155197
1 0.0234789 0.0255454
1 0.0318837 0.0339425
0 0 0.00203599
1 0.0207257 0.0227551
1 0.0124265 0.0144361
1 0.0223161 0.0242891
2 0.0336381 0.0355879
1 0.00993326 0.0118769
0 0 0.0019285
0 0 0.00192727
1 0.0710055 0.0729328
0 0 0.00192144
1 0.0141333 0.0160276
1 0.00332003 0.00520435
0 0 0.00185761
0 0 0.00184603
1 0.00351754 0.00533616
2 0.0362701 0.0380766
0 0 0.00179133
1 0.0156595 0.0174381
0 0 0.00176736
1 0.0128873 0.014612
0 0 0.00171803
0 0 0.00171705
0 0 0.00168879
0 0 0.00168302
1 0.02427 0.0258846
0 0 0.00161339
1 0.0100421 0.0116464
0 0 0.00160163
0 0 0.00159488
0 0 0.00158055
0 0 0.00156317
0 0 0.00155981
0 0 0.00155877
0 0 0.00155714
0 0 0.00154859
1 0.120729 0.122275
0 0 0.00152268
1 0.00438412 0.00590367
0 0 0.00151566
1 0.00242063 0.00391188
0 0 0.00144904
0 0 0.00144587
1 0.0292579 0.0306694
1 0.0253213 0.026732
2 0.0152104 0.0166153
1 0.00322232 0.00461959
1 0.0281672 0.0295606
0 0 0.00138019
1 0.00173822 0.00309452
0 0 0.00134882
0 0 0.00133561
1 0.020388 0.0217197
0 0 0.00132639
0 0 0.00132089
1 0.00557074 0.00688281
0 0 0.00130815
1 0.0102215 0.0115285
0 0 0.00130564
0 0 0.00127541
0 0 0.00125931
0 0 0.00125857
1 0.0038198 0.00506931
1 0.00320274 0.00443911
0 0 0.00122516
1 0.00242223 0.00363052
0 0 0.0011822
1 0.00404926 0.00521788
0 0 0.00116665
2 0.103902 0.105053
1 0.0137134 0.0148486
0 0 0.00112154
0 0 0.00111114
0 0 0.00110455
1 0.00307908 0.00417716
0 0 0.00109114
0 0 0.00108416
0 0 0.00108099
0 0 0.00108032
0 0 0.00107756
1 0.0156383 0.0167146
0 0 0.00106911
0 0 0.00106896
1 0.00996186 0.0110304
0 0 0.00105638
1 0.0283049 0.0293543
0 0 0.00104883
0 0 0.00104726
1 0.0337168 0.0347517
2 0.0621965 0.0632144
1 0.0140235 0.0150308
1 0.00401514 0.00501024
0 0 0.000975938
0 0 0.000965558
0 0 0.000950993
1 0.00998651 0.0109326
0 0 0.000920228
0 0 0.000901422
0 0 0.000888924
0 0 0.000880994
0 0 0.000875504
0 0 0.000869409
1 0.00930702 0.0101574
1 0.00799396 0.0088339
0 0 0.000838836
0 0 0.000836828
0 0 0.000831655
0 0 0.000830904
1 0.0123998 0.0132251
0 0 0.000801128
0 0 0.000799699
0 0 0.000786533
1 0.00139485 0.0021629
2 0.00535285 0.00611202
1 0.0367683 0.037514
0 0 0.00074411
1 0.0105063 0.0112482
2 0.0249598 0.0256935
0 0 0.000728935
0 0 0.000723979
1 0.00682177 0.00754502
0 0 0.000711146
0 0 0.00069008
1 0.00515687 0.00584406
0 0 0.000686321
1 0.0355678 0.0362516
0 0 0.000680426
1 0.00753507 0.00821405
0 0 0.000660629
0 0 0.000660004
0 0 0.000655216
1 0.0318175 0.0324629
0 0 0.000639607
0 0 0.000639132
1 0.0184535 0.0190763
0 0 0.000622207
1 0.0181812 0.0188
0 0 0.000613141
0 0 0.00059977
1 0.00427208 0.0048718
1 0.00658044 0.00717874
0 0 0.000590247
1 0.00126353 0.00185021
0 0 0.000586087
1 0.023395 0.0239713
2 0.037749 0.0383234
0 0 0.000570876
0 0 0.000563637
1 0.00373592 0.00429787
1 0.00366932 0.00422915
0 0 0.000556391
0 0 0.000554364
1 0.00382356 0.00437509
1 0.0710678 0.0716186
0 0 0.000544101
1 0.00408227 0.00461025
0 0 0.00052217
1 0.0117721 0.0122875
1 0.0196692 0.0201819
0 0 0.000504519
1 0.00524489 0.00574718
1 0.00697401 0.00747619
1 0.00215692 0.00264675
1 0.284115 0.284603
2 0.00962346 0.0101043
0 0 0.000477053
0 0 0.000469692
1 0.0344256 0.0348873
1 0.00368096 0.00414034
2 0.0222867 0.0227438
1 0.00195612 0.00240596
1 0.00946747 0.00991281
0 0 0.000444771
0 0 0.000440127
2 0.0363588 0.0367988
1 0.00089603 0.0013345
1 0.0021293 0.0025594
1 0.00108212 0.00151139
1 0.00118846 0.0016169
1 0.015962 0.0163862
2 0.0336139 0.0340349
1 0.00229017 0.00270773
0 0 0.000416365
1 0.000874129 0.00128506
0 0 0.000402061
2 0.123786 0.124182
0 0 0.000388045
0 0 0.000383843
1 0.00128081 0.00165812
1 0.032276 0.0326519
0 0 0.000373336
1 0.00171065 0.00208309
1 0.00693643 0.00729334
1 0.0188726 0.0192282
1 0.00185851 0.00221126
1 0.00378203 0.00412979
2 0.00786654 0.00820906
1 0.00482102 0.00515706
1 0.00983015 0.0101626
1 0.00320486 0.00353525
2 0.0014196 0.00174415
1 0.00987276 0.0101952
1 0.00459818 0.00491939
1 0.00126897 0.00158838
1 0.0720276 0.0723465
0 0 0.000311513
1 0.00196647 0.00227581
2 0.00625641 0.00656562
0 0 0.000300511
1 0.00162703 0.00192083
1 0.00307802 0.00337037
0 0 0.000288284
0 0 0.000281837
1 0.00281834 0.00309832
1 0.00333308 0.00361281
0 0 0.000278678
0 0 0.000278527
1 0.00941318 0.00968393
0 0 0.000270317
2 0.0538788 0.0541454
1 0.0143133 0.0145795
1 0.00301054 0.0032756
2 0.0185312 0.0187963
1 0.00323699 0.00349857
1 0.000772943 0.0010294
1 0.00497903 0.00523331
1 0.00120387 0.00145628
2 0.0124253 0.0126743
1 0.000920539 0.00116795
1 0.00112056 0.0013627
1 0.00127065 0.00150527
1 0.0015234 0.00175511
1 0.0049916 0.00522104
0 0 0.000222039
1 0.00202291 0.00224187
1 0.00167266 0.00189124
0 0 0.000217694
1 0.00217916 0.00239113
0 0 0.000211745
1 0.0025076 0.00271696
1 0.00779985 0.00800879
2 0.00189836 0.00210529
1 0.00068389 0.000888003
2 0.0144894 0.0146913
1 0.0141662 0.0143621
2 0.0102351 0.0104296
1 0.0146938 0.014887
1 0.00922163 0.00941329
1 0.00150889 0.0017003
1 0.00148811 0.00167701
1 0.00480986 0.00499522
1 0.00754417 0.0077282
1 0.00350967 0.00369235
0 0 0.000181338
1 0.00212273 0.00230214
1 0.00167197 0.00184963
1 0.00708494 0.00726025
1 0.00312726 0.00329364
2 0.012746 0.0129107
2 0.0106361 0.0107946
2 0.0325918 0.0327478
1 0.000939982 0.00108882
1 0.0039325 0.00408107
1 0.00150994 0.00165843
1 0.00123794 0.00138289
1 0.0418561 0.041998
1 0.0028817 0.00302359
2 0.00472583 0.00486717
1 0.00727804 0.00741883
2 0.00834576 0.00848597
2 0.0124571 0.0125969
1 0.000856186 0.000995317
1 0.0242971 0.0244349
2 0.0111406 0.0112769
1 0.00132522 0.00146083
1 0.0011912 0.00132389
1 0.0247041 0.0248316
1 0.00391609 0.00404198
0 0 0.000124834
2 0.0163305 0.0164542
2 0.00160575 0.00172856
1 0.00174208 0.00186476
1 0.0234175 0.0235398
0 0 0.000121378
0 0 0.000120541
1 0.0142968 0.0144171
2 0.00204047 0.00216034
1 0.00471486 0.00483331
1 0.0144694 0.0145852
2 0.0165046 0.0166201
2 0.0124211 0.0125352
1 0.00367389 0.00378696
1 0.0824958 0.0826075
1 0.000934629 0.00104617
0 0 0.000107104
1 0.000915621 0.00102176
1 0.011732 0.0118364
1 0.0104561 0.0105605
1 0.024368 0.0244722
1 0.00159266 0.00169498
2 0.0365383 0.036638
1 0.0369583 0.037057
1 0.00427166 0.00436642
1 0.00114579 0.00123915
1 0.0135993 0.0136916
1 0.00182506 0.00191701
2 0.00330759 0.00339517
1 0.00399483 0.00408006
0 0 8.42011e-05
1 0.000315294 0.000398044
1 0.00105591 0.00113815
2 0.00425064 0.00433191
2 0.00145356 0.00153441
1 0.00942552 0.00950584
1 0.00204421 0.0021241
2 0.0375418 0.0376217
0 0 7.95528e-05
1 0.00480454 0.00488402
1 0.00549653 0.00557488
1 0.0609064 0.0609844
1 0.000790702 0.000868558
0 0 7.78142e-05
1 0.00206395 0.00214054
0 0 7.62665e-05
2 0.0120061 0.0120819
1 0.00134437 0.00141911
1 0.0574428 0.0575174
1 0.00174277 0.001817
1 0.00905985 0.00913335
1 0.0183195 0.0183903
2 0.0623343 0.0624047
1 0.00106422 0.00113263
1 0.0141359 0.0142038
1 0.00199775 0.00206538
1 0.00125198 0.00131862
0 0 6.66049e-05
1 0.00407867 0.00414514
1 0.00116957 0.00123487
0 0 6.35387e-05
1 0.0464773 0.0465407
2 0.0202554 0.0203184
1 0.0045511 0.00461396
2 0.0370425 0.037105
1 0.00150342 0.00156466
1 0.00356246 0.00362234
1 0.00176481 0.00182461
1 0.0101264 0.0101861
1 0.000545893 0.000605461
2 0.0146033 0.0146617
1 0.0137446 0.0138027
1 0.000624113 0.000682215
2 0.0215269 0.0215837
2 0.0576529 0.0577085
1 0.00214241 0.002198
1 0.00110981 0.00116468
1 0.00242977 0.00248447
2 0.0251104 0.025165
2 0.00371825 0.00377188
1 0.016447 0.0165004
2 0.0380227 0.0380728
2 0.0120408 0.0120908
1 0.0297552 0.0298046
2 0.00200162 0.002051
2 0.0397726 0.0398194
1 0.0021144 0.00216107
1 0.0103251 0.0103714
2 0.0111068 0.0111527
2 0.00371933 0.00376453
1 0.00496329 0.00500789
2 0.00153727 0.00158139
1 0.00243329 0.00247561
1 0.00521451 0.00525657
1 0.0107684 0.0108104
1 0.00407843 0.0041191
2 0.00885573 0.00889557
1 0.0010565 0.00109626
1 0.0123376 0.0123765
2 0.0343232 0.0343618
1 0.000917302 0.00095549
2 0.0187473 0.0187847
1 0.00333382 0.00337117
1 0.000846678 0.000882887
1 0.00464803 0.00468414
0 0 3.56856e-05
1 0.00236494 0.00240035
1 0.00161636 0.00165109
1 0.00355901 0.00359333
2 0.00283748 0.00287072
1 0.0107166 0.0107498
2 0.00167322 0.00170519
1 0.00297915 0.00300992
1 0.00329483 0.00332528
1 0.00505367 0.00508401
1 0.00753821 0.00756757
1 0.00207295 0.0021019
2 0.00290363 0.00293249
1 0.0010337 0.00106217
1 0.0020833 0.00211164
1 0.00499158 0.00501953
2 0.00314673 0.00317464
1 0.00145483 0.00148236
1 0.000923126 0.0009498
1 0.0046607 0.00468711
2 0.001453 0.00147929
1 0.00411203 0.00413812
1 8.4857e-05 0.000110537
1 0.00303115 0.00305628
1 0.00186331 0.00188818
1 0.00511695 0.00514162
1 0.00989994 0.00992454
1 0.000372147 0.00039598
1 0.00178042 0.00180384
2 0.00132999 0.00135327
2 0.00440196 0.00442469
1 0.0097561 0.00977855
1 0.00319755 0.0032198
1 0.00310557 0.00312775
1 0.00213325 0.00215388
2 0.00149199 0.00151259
2 0.0148849 0.0149052
2 0.0098788 0.00989852
1 0.00206176 0.0020812
2 0.0128433 0.0128625
1 0.00118475 0.00120332
1 0.00178786 0.00180564
1 0.00378188 0.00379957
1 0.00366896 0.00368642
1 0.00217988 0.00219714
1 0.0050937 0.00511093
2 0.0100768 0.0100932
1 0.000608344 0.000624299
1 0.0277323 0.0277482
1 0.00727611 0.00729163
1 0.0250787 0.0250933
1 0.00065094 0.000665113
2 0.0365384 0.0365522
1 0.0130707 0.0130844
1 0.0570543 0.0570675
1 0.00843653 0.00844941
2 0.0730521 0.0730648
2 0.00318642 0.00319906
1 0.00330113 0.00331366
1 0.00156696 0.00157928
2 0.0130687 0.0130808
1 0.0118902 0.0119022
2 0.00863549 0.00864705
2 0.00606245 0.00607398
1 0.0161273 0.0161386
2 0.00289688 0.00290812
2 0.00478965 0.00480048
2 0.00758731 0.007598
2 0.00734384 0.00735453
2 0.00316174 0.00317222
1 0.0105116 0.010522
2 0.0031489 0.00315923
1 0.00364668 0.00365676
1 0.00988212 0.00989206
1 0.00313228 0.00314204
1 0.00193213 0.00194182
1 0.000141916 0.000151571
1 0.0441346 0.0441438
2 0.00497336 0.0049826
1 0.0022644 0.0022735
1 0.00143922 0.00144823
1 0.00287984 0.00288875
1 0.0115842 0.0115927
2 0.014476 0.0144844
1 0.00441146 0.00441973
2 0.00208391 0.00209202
2 0.0337196 0.0337273
1 0.000234044 0.000241682
1 0.00881847 0.00882611
1 0.00743057 0.00743794
2 0.0391994 0.039206
2 0.00173553 0.00174181
1 0.00148215 0.00148771
1 0.0287961 0.0288016
2 0.00272445 0.00272992
1 0.00221684 0.00222195
2 0.00508194 0.00508639
2 0.00735344 0.00735788
1 0.0123245 0.0123289
1 0.00456793 0.00457204
1 0.00154391 0.00154798
1 0.0012066 0.00121065
1 0.00624008 0.00624405
1 0.00145531 0.00145927
2 0.0202076 0.0202114
2 0.00237476 0.00237849
1 0.0141187 0.0141221
1 0.00361161 0.00361507
2 0.025261 0.0252643
1 0.000178548 0.000181751
2 0.00585991 0.00586302
1 0.0495238 0.0495269
2 0.0100409 0.0100436
1 0.00387218 0.00387484
1 0.000490781 0.000493438
2 0.0145858 0.0145883
1 0.00463705 0.0046395
1 0.0346638 0.0346662
1 0.0012784 0.00128073
1 0.0100137 0.010016
2 0.00233589 0.00233814
1 0.0016209 0.00162306
2 0.00572373 0.00572586
1 0.00125873 0.0012608
2 0.0173851 0.0173871
1 0.0017352 0.00173717
1 0.0375299 0.0375317
1 0.025254 0.0252556
2 0.0126137 0.0126153
1 0.000241408 0.000243007
1 0.00558879 0.00559023
2 0.00476126 0.00476263
2 0.0248511 0.0248524
1 0.00411658 0.00411787
1 0.0375322 0.0375335
1 0.0125297 0.0125308
2 0.00607074 0.00607162
2 0.0254444 0.0254452
2 0.00130214 0.0013029
1 0.00132468 0.00132544
1 0.000857544 0.000858238
2 0.0376161 0.0376167
1 0.00113361 0.00113427
1 0.0022609 0.00226151
1 0.000490127 0.00049064
2 0.00142652 0.00142701
1 0.0363302 0.0363306
2 0.0330334 0.0330337
1 0.0180268 0.0180271
2 0.0130858 0.013086
1 0.00432441 0.00432454
1 0.00584424 0.00584433
2 0.0023698 0.00236986
2 0.00218224 0.00218228
2 0.025202 0.025202
1 0.00384424 0.00384428
1 0.00185176 0.00185176
