0 0 inf
0 0 0.125722
0 0 0.0986005
0 0 0.0806059
0 0 0.0640287
0 0 0.0532297
0 0 0.0511779
1 0.0715421 0.121757
1 0.140519 0.182352
0 0 0.0348526
0 0 0.0335812
0 0 0.0333747
0 0 0.0311526
1 0.144913 0.173115
0 0 0.027793
0 0 0.0274731
0 0 0.0267653
1 0.0181627 0.0429645
0 0 0.0243842
1 0.01785 0.0409916
0 0 0.0184335
0 0 0.0181205
1 0.0311705 0.0491997
0 0 0.017706
0 0 0.0175175
1 0.148856 0.16625
0 0 0.0167731
1 0.106777 0.122846
1 0.0538648 0.0699146
0 0 0.0153236
0 0 0.0153018
2 0.096504 0.111474
0 0 0.0140541
0 0 0.0137023
1 0.0471378 0.0593923
0 0 0.011693
0 0 0.011663
1 0.0427608 0.0534216
0 0 0.010539
0 0 0.00958011
0 0 0.00941006
0 0 0.00934932
0 0 0.00928143
1 0.00486038 0.0134823
1 0.0144897 0.0228932
0 0 0.00825017
1 0.0107819 0.01903
0 0 0.00824422
1 0.0829564 0.0911948
0 0 0.00815913
0 0 0.00810609
1 0.0548932 0.0629462
1 0.0728268 0.0802245
1 0.0471445 0.0544634
0 0 0.00668666
0 0 0.00665276
0 0 0.00664814
2 0.0764485 0.0828179
0 0 0.00600279
0 0 0.00595843
0 0 0.00594549
0 0 0.0058993
0 0 0.00587077
1 0.0656105 0.0714213
1 0.0716223 0.077181
1 0.0153164 0.0207552
1 0.00692397 0.0122478
1 0.00876888 0.0140594
0 0 0.0050272
0 0 0.00501901
0 0 0.00496279
0 0 0.00488249
0 0 0.00479983
1 0.0354607 0.0400866
0 0 0.00446936
1 0.012019 0.0164638
0 0 0.00441649
0 0 0.00438052
0 0 0.00434615
1 0.025333 0.0296182
0 0 0.00418531
1 0.0185848 0.0227673
0 0 0.00415488
0 0 0.00388706
0 0 0.00388703
0 0 0.00385823
1 0.0303902 0.0342378
0 0 0.00378553
1 0.034459 0.0381743
0 0 0.00370995
0 0 0.00367971
0 0 0.00354317
1 0.00613205 0.0096699
0 0 0.00351915
2 0.0152181 0.0187243
0 0 0.00340148
2 0.048754 0.0521034
1 0.0111078 0.0144374
0 0 0.00332055
1 0.0187522 0.0220693
0 0 0.00321281
0 0 0.00312232
1 0.0576921 0.0608026
0 0 0.00307855
1 0.037019 0.0400849
0 0 0.00301022
0 0 0.00293675
0 0 0.00292242
0 0 0.00283938
0 0 0.00279944
1 0.0027004 0.00549146
0 0 0.0027722
0 0 0.00275926
0 0 0.00274857
1 0.157548 0.160293
0 0 0.00261165
0 0 0.00260214
0 0 0.00259597
0 0 0.00251142
0 0 0.00248798
0 0 0.00247908
0 0 0.00247266
1 0.00616349 0.00862644
1 0.00243789 0.00489892
1 0.00393811 0.00638358
0 0 0.00244472
0 0 0.00237677
0 0 0.00226972
1 0.00923163 0.0114835
1 0.00310589 0.00531839
1 0.0228969 0.0251067
1 0.0887631 0.0909491
2 0.12501 0.127175
0 0 0.00215871
0 0 0.00215231
0 0 0.00215148
0 0 0.00214244
0 0 0.00212366
0 0 0.00209864
1 0.00629444 0.00838192
1 0.00393292 0.00600185
1 0.0217238 0.0237804
1 0.00474259 0.00679834
1 0.0573387 0.0593932
0 0 0.00204362
1 0.0322823 0.0342581
0 0 0.00197069
1 0.0174588 0.0194018
0 0 0.00193632
0 0 0.0019244
0 0 0.00188443
1 0.0031986 0.00507797
0 0 0.00186118
0 0 0.00185133
0 0 0.00184423
0 0 0.00180077
0 0 0.00179206
0 0 0.0017858
1 0.0485922 0.050326
0 0 0.00172996
0 0 0.00170697
0 0 0.00169382
1 0.00858325 0.010261
1 0.00925558 0.0108825
1 0.00197138 0.0035631
0 0 0.0015891
1 0.0367364 0.0383174
0 0 0.00158018
0 0 0.00152331
2 0.0137731 0.0152838
0 0 0.0014917
0 0 0.00148792
1 0.010426 0.0119124
0 0 0.00148414
1 0.00378043 0.00524477
1 0.00369925 0.00515578
0 0 0.00145182
1 0.00247986 0.0039142
1 0.0730061 0.0744362
0 0 0.001406
0 0 0.00139002
0 0 0.00136678
0 0 0.00135998
1 0.00702657 0.0083791
0 0 0.00132455
0 0 0.00130918
0 0 0.00129636
0 0 0.00128081
0 0 0.0012641
1 0.00269611 0.00394908
0 0 0.00124572
1 0.109907 0.111143
0 0 0.00122572
0 0 0.00122439
1 0.00589229 0.00710743
1 0.001363 0.00257457
0 0 0.00120258
1 0.00444123 0.00562986
0 0 0.00117249
1 0.00236844 0.00350784
0 0 0.00111942
1 0.00387113 0.00497884
1 0.00717758 0.00827073
1 0.00875795 0.00984545
1 0.0371937 0.0382704
0 0 0.00106129
1 0.00404545 0.00510038
0 0 0.00105304
1 0.00497156 0.00602007
0 0 0.00104377
0 0 0.00104222
0 0 0.00103683
0 0 0.00102949
1 0.00465361 0.00568155
0 0 0.00102558
0 0 0.00102536
1 0.00693417 0.00791908
1 0.0112592 0.0122384
0 0 0.000974326
1 0.00365836 0.00463217
1 0.037516 0.0384688
0 0 0.000946397
0 0 0.000931034
0 0 0.000927368
1 0.0526921 0.0536162
1 0.00313405 0.00404761
1 0.0187037 0.0196067
0 0 0.000899474
0 0 0.000895473
0 0 0.000891797
1 0.00175734 0.00264727
0 0 0.000889916
0 0 0.000888315
1 0.0233749 0.0242626
0 0 0.000886182
1 0.0139487 0.0148195
0 0 0.000858206
1 0.0740972 0.0749376
1 0.011083 0.0119209
0 0 0.000828567
0 0 0.000816892
1 0.0246636 0.0254732
1 0.0429238 0.0437114
0 0 0.00078564
0 0 0.000779099
1 0.095201 0.0959681
1 0.00420304 0.00496613
1 0.107087 0.107844
0 0 0.000731392
0 0 0.000720801
1 0.00526276 0.00596919
1 0.00293324 0.00363689
0 0 0.000699146
1 0.0258031 0.0264916
1 0.00740605 0.00807585
0 0 0.000665916
0 0 0.000663607
0 0 0.000661734
0 0 0.000658797
0 0 0.00065164
0 0 0.000650222
0 0 0.000649424
1 0.017659 0.0183044
0 0 0.000633709
1 0.00285977 0.00347214
2 0.00974941 0.0103518
1 0.00423912 0.00483749
0 0 0.000598332
0 0 0.000570405
2 0.0385636 0.0391265
2 0.0827941 0.0833564
1 0.00323929 0.0037871
1 0.00538511 0.0059267
1 0.00106584 0.00160192
0 0 0.000529807
1 0.0271703 0.0276893
0 0 0.000512606
2 0.0810389 0.08154
1 0.033412 0.0339131
1 0.00469077 0.005184
0 0 0.000489485
0 0 0.00047894
0 0 0.000478525
1 0.00276762 0.00324012
1 0.018138 0.0186092
0 0 0.000461297
1 0.00548184 0.00593418
0 0 0.000451597
0 0 0.000443061
1 0.0018291 0.00227082
2 0.0121628 0.0125993
1 0.00210269 0.00253692
1 0.00191177 0.00234083
0 0 0.000427545
1 0.126438 0.126864
0 0 0.000423686
1 0.000949991 0.00136883
0 0 0.000414085
0 0 0.000411659
1 0.0086956 0.00910338
0 0 0.000406675
0 0 0.000402031
0 0 0.000401279
1 0.0143784 0.0147789
1 0.00319082 0.00359049
0 0 0.000391326
1 0.00302601 0.00341536
1 0.0018659 0.00225194
0 0 0.000384248
2 0.0615644 0.0619441
1 0.00382783 0.0042054
1 0.00228092 0.00265581
0 0 0.000363654
1 0.0021706 0.00253227
1 0.0230931 0.0234531
1 0.0215957 0.0219454
1 0.00419704 0.00454534
1 0.00111298 0.00146084
1 0.0815412 0.081889
0 0 0.000346578
1 0.00364895 0.00399313
1 0.0101618 0.0105016
1 0.0156879 0.0160251
1 0.0100311 0.0103654
0 0 0.00033224
1 0.037674 0.0380058
1 0.0306233 0.0309531
1 0.00374528 0.0040703
1 0.00254113 0.00286151
0 0 0.000314218
0 0 0.000311549
0 0 0.000309522
0 0 0.000301776
1 0.00219691 0.00249435
1 0.00183089 0.00212685
1 0.00576943 0.00605686
1 0.0030983 0.00338449
1 0.017353 0.0176365
1 0.00995953 0.0102406
1 0.00112625 0.00140681
2 0.0159781 0.0162554
1 0.0214857 0.0217616
1 0.012427 0.0126945
1 0.0031203 0.00338692
1 0.0021299 0.00239124
1 0.00383739 0.00409871
1 0.00199478 0.00225356
1 0.0160129 0.0162694
1 0.0085457 0.00879871
2 0.00346765 0.00371975
2 0.012868 0.0131197
1 0.00287842 0.00312652
1 0.0115918 0.0118381
0 0 0.000246167
0 0 0.000232655
2 0.0385363 0.0387689
1 0.00769249 0.00792453
1 0.00948518 0.00971719
1 0.00765644 0.00788767
0 0 0.000228467
1 0.00270543 0.00293338
1 0.0036728 0.00389568
2 0.0030692 0.0032851
1 0.00950052 0.00971532
1 0.0094923 0.00970586
1 0.00222389 0.00243412
1 0.00800244 0.0082121
2 0.00421331 0.00442167
0 0 0.00020671
2 0.0153972 0.0156018
1 0.00252774 0.00273185
0 0 0.000203825
1 0.00136986 0.00156885
1 0.00123421 0.00142942
2 0.00397638 0.00416856
1 0.00355078 0.00374233
1 0.00442442 0.0046054
1 0.000914136 0.00109185
1 0.00202927 0.0022059
0 0 0.000175371
1 0.00666391 0.00683923
1 0.00448019 0.00465519
2 0.00628284 0.00645772
1 0.00258199 0.00274835
1 0.0114955 0.0116616
2 0.00254804 0.00271317
1 0.00420954 0.00437423
2 0.0121916 0.0123552
2 0.00408063 0.00424295
1 0.00571707 0.00587937
0 0 0.000161598
0 0 0.000160546
0 0 0.00015927
1 0.00454349 0.0046995
1 0.0918989 0.0920545
0 0 0.000151606
1 0.00970428 0.00985585
1 0.0358022 0.0359528
1 0.0118619 0.0120105
1 0.00157982 0.00172789
1 0.00601895 0.00616606
1 0.00102651 0.00117328
1 0.00210138 0.00224729
1 0.00234334 0.00248661
1 0.00405139 0.00419461
1 0.00180534 0.00194725
1 0.00425296 0.00439466
1 0.000703714 0.00084184
1 0.00220142 0.00233822
1 0.0132712 0.0134067
1 0.0115564 0.0116912
1 0.00446165 0.00459416
1 0.00825773 0.00839022
1 0.00350379 0.00363574
1 0.00191377 0.00204532
2 0.00508998 0.00521801
1 0.00275032 0.00287782
2 0.014588 0.0147155
2 0.00323702 0.00336357
2 0.00141059 0.00153701
2 0.00620015 0.00632527
1 0.0106977 0.0108225
1 0.00097662 0.00110051
1 0.00409664 0.0042187
1 0.00415335 0.00427458
2 0.0748788 0.0749994
1 0.0110554 0.0111746
1 0.00191445 0.0020329
1 0.0132461 0.0133628
2 0.00849755 0.00861308
1 0.0027221 0.00283686
1 0.00943901 0.00955353
1 0.00182928 0.00193815
1 0.0028788 0.00298593
1 0.0183657 0.0184725
2 0.014114 0.0142198
1 0.0123205 0.0124262
1 0.0122756 0.0123813
1 0.00223902 0.00234306
1 0.00385149 0.00395462
0 0 0.000102387
1 0.108616 0.108716
1 0.00315722 0.00325678
1 0.00646585 0.00656373
1 0.00493347 0.00503009
1 0.000884907 0.000981008
1 0.000928275 0.001022
1 0.0310101 0.0311032
1 0.00223502 0.00232805
2 0.00990168 0.0099922
2 0.00390988 0.00400032
1 0.000712866 0.000802534
1 0.0126983 0.0127866
1 0.00326165 0.00334823
1 0.00887639 0.00896171
1 0.0120274 0.0121119
1 0.00350412 0.00358595
2 0.0132352 0.0133148
1 0.00113264 0.00121211
1 0.00128817 0.00136626
1 0.000316735 0.000393981
1 0.00457455 0.0046508
1 0.0105994 0.0106752
2 0.00992229 0.00999804
1 0.00103721 0.00111249
2 0.00873656 0.00881085
1 0.00685489 0.00692912
1 0.00324384 0.00331694
1 0.00188467 0.00195637
2 0.00570293 0.00577279
1 0.002559 0.00262749
1 0.00237474 0.00244113
2 0.00514074 0.00520673
2 0.127792 0.127856
1 0.00747381 0.00753625
2 0.00439118 0.00445324
1 0.00842991 0.00849171
2 0.00726709 0.0073272
1 0.0350011 0.0350605
1 0.00557006 0.00562926
1 0.00295638 0.00301556
1 0.00360809 0.00366527
1 0.00225492 0.00231164
1 0.0450966 0.0451518
2 0.0014637 0.001518
2 0.00208937 0.00214355
1 0.00420116 0.00425519
1 0.000514908 0.000568797
1 0.00353843 0.00359173
1 0.00880845 0.00885982
2 0.00498419 0.00503399
1 0.0590342 0.0590837
1 0.0117011 0.01175
2 0.00417915 0.00422785
2 0.00529043 0.00533836
0 0 4.71975e-05
1 0.00308993 0.00313692
2 0.00571206 0.00575854
1 0.00244485 0.00249112
1 0.00495872 0.00500393
2 0.0051646 0.00520959
1 0.00154412 0.0015883
1 0.00228303 0.00232717
1 0.00352623 0.00356993
1 0.00449048 0.00453342
2 0.0032174 0.00325912
1 0.00528264 0.00532122
2 0.0133858 0.0134244
1 0.0780156 0.0780509
2 0.00264361 0.0026788
2 0.00622444 0.0062594
1 0.000237951 0.000272622
1 0.0123811 0.0124147
1 0.0457782 0.0458112
2 0.00146492 0.00149778
1 0.00220497 0.0022377
1 0.0134757 0.0135084
1 0.000629491 0.000660825
2 0.00886936 0.00890057
2 0.0072335 0.00726459
2 0.0315981 0.031629
2 0.0080504 0.00808106
2 0.00362487 0.00365517
1 0.00112081 0.00114947
1 0.00100655 0.0010339
1 0.00192032 0.00194537
1 0.00386432 0.0038893
2 0.0239291 0.0239539
1 0.00240381 0.00242853
1 0.00266795 0.00269212
1 0.00681485 0.00683823
1 0.0010873 0.00111049
2 0.0175637 0.0175866
2 0.00297541 0.00299774
1 0.00325189 0.00327413
2 0.00885734 0.00887868
1 0.0144484 0.0144698
1 0.0148793 0.0149004
1 0.00572445 0.00574539
1 0.0618552 0.061875
1 0.00291008 0.00292905
2 0.0435249 0.0435437
1 0.00241576 0.00243445
1 0.00809304 0.00811152
0 0 1.80251e-05
2 0.00685217 0.00687013
2 0.00200162 0.00201812
1 0.00215313 0.00216937
1 0.00251491 0.00253041
1 0.00181498 0.00183043
1 0.0137131 0.0137281
1 0.00135063 0.00136532
1 0.00317761 0.00319179
1 0.0360977 0.0361119
1 0.00563062 0.00564467
2 0.0119189 0.0119328
1 0.0090291 0.00904237
2 0.00285745 0.00287064
1 0.00605113 0.00606369
1 0.00884068 0.00885305
1 0.0014794 0.0014914
1 0.00672302 0.00673486
1 0.00141492 0.0014262
1 0.00209858 0.00210979
2 0.0020472 0.00205835
2 0.0146071 0.014618
1 0.0102894 0.0103
2 0.0140253 0.0140358
1 0.019901 0.0199114
1 0.0269204 0.0269307
2 0.0271037 0.027114
2 0.00993879 0.00994906
1 0.00884838 0.00885821
2 0.00363688 0.00364649
1 0.00494494 0.00495448
1 0.00670147 0.006711
2 0.0055672 0.00557644
1 0.00333318 0.0033423
2 0.0050803 0.00508913
1 0.0129964 0.0130051
2 0.00259835 0.00260661
1 0.00448104 0.00448928
1 0.00683532 0.00684353
1 0.00120656 0.00121435
1 0.00361394 0.00362151
1 0.00352028 0.00352779
1 0.00337788 0.00338525
1 0.00355843 0.00356566
1 0.00802977 0.00803682
2 0.00395851 0.00396545
2 0.00293289 0.00293978
1 0.00678354 0.00679012
2 0.0253744 0.0253807
1 0.0918629 0.091869
1 0.000980049 0.000985907
1 0.0048036 0.00480939
2 0.0119957 0.0120014
1 0.00505882 0.00506442
1 0.00510102 0.00510566
2 0.0752828 0.0752865
1 0.0213457 0.0213493
2 0.0684098 0.0684133
2 0.00521432 0.00521774
1 0.00273152 0.00273492
1 0.00871935 0.00872266
2 0.00830035 0.00830348
1 0.00161483 0.0016179
2 0.00149948 0.00150227
1 0.00524442 0.00524714
2 0.0231803 0.0231828
1 0.00180933 0.00181186
1 0.00287935 0.00288168
1 0.0340996 0.0341019
1 0.0231739 0.023176
1 0.00496908 0.00497112
2 0.00592448 0.00592651
2 0.00411819 0.00412014
2 0.00309068 0.00309263
2 0.00495333 0.00495521
2 0.0264554 0.0264572
1 0.00981631 0.00981811
1 0.00224078 0.00224256
1 0.00432076 0.00432251
2 0.00443282 0.00443451
1 0.00254691 0.00254843
2 0.00411055 0.00411204
2 0.00293072 0.00293212
2 0.00243169 0.00243298
2 0.00685009 0.0068512
1 0.00228306 0.00228411
1 0.000882257 0.000883291
1 0.00308789 0.00308859
2 0.0108999 0.0109006
1 0.000789944 0.000790504
2 0.00213145 0.00213199
1 0.00315214 0.00315266
1 0.062765 0.0627655
1 0.0205307 0.0205312
1 0.00165042 0.00165087
2 0.0155595 0.0155599
1 0.00128957 0.00128992
1 0.0314769 0.0314772
1 0.00575007 0.00575032
2 0.00628675 0.00628697
2 0.00424033 0.00424051
2 0.092072 0.0920722
2 0.0140542 0.0140543
1 0.00535727 0.00535738
1 0.00587088 0.00587095
1 0.00263439 0.00263445
1 0.00238998 0.00239002
1 0.000820081 0.00082012
2 0.00666537 0.0066654
2 0.00481416 0.00481417
2 0.0373444 0.0373444
1 0.00485968 0.00485968
2 0.00615322 0.00615322
2 0.00516103 0.00516103
