0 0 inf
0 0 0.116771
0 0 0.0806059
0 0 0.0702336
0 0 0.0640287
0 0 0.0532297
1 0.0715421 0.121757
0 0 0.0449674
1 0.140519 0.182352
0 0 0.0391686
0 0 0.037019
0 0 0.0348526
0 0 0.0335812
0 0 0.0311526
0 0 0.027793
0 0 0.0274731
0 0 0.025333
0 0 0.0240321
1 0.0471378 0.0658247
1 0.0887631 0.107263
0 0 0.0184335
0 0 0.0181627
0 0 0.0181205
1 0.0311705 0.0491997
0 0 0.017706
1 0.148856 0.16625
0 0 0.0161564
1 0.106777 0.122846
0 0 0.0153236
0 0 0.0153018
1 0.0230931 0.0360176
0 0 0.011693
0 0 0.011663
1 0.125722 0.137164
0 0 0.010539
0 0 0.0100311
1 0.0198808 0.0297096
0 0 0.00941006
0 0 0.00928143
1 0.0246636 0.0333469
0 0 0.00856433
1 0.04189 0.0504247
0 0 0.0083581
1 0.0144897 0.0227673
1 0.0829564 0.0911948
0 0 0.00815913
0 0 0.00810609
1 0.0618552 0.0699146
1 0.0548932 0.0629462
1 0.0548314 0.0624962
1 0.0153164 0.0226685
1 0.0427608 0.0499727
0 0 0.00664814
2 0.0764485 0.0828179
0 0 0.00603411
0 0 0.00600279
0 0 0.00596978
0 0 0.00595843
0 0 0.0058993
0 0 0.00587077
0 0 0.00574195
0 0 0.00566774
1 0.0573387 0.0629829
1 0.0716223 0.077181
1 0.0508686 0.0562687
2 0.101456 0.106664
0 0 0.00519058
0 0 0.0050272
0 0 0.00501901
0 0 0.00488249
0 0 0.00483136
0 0 0.00479983
1 0.0918989 0.096504
0 0 0.00446936
1 0.012019 0.0164638
0 0 0.00434615
0 0 0.00431928
0 0 0.00426787
0 0 0.00418531
0 0 0.00406573
0 0 0.00406287
1 0.00918555 0.0131414
0 0 0.00388706
0 0 0.00388703
0 0 0.00385823
1 0.0303902 0.0342378
0 0 0.00369925
0 0 0.00367971
1 0.00613205 0.0096699
0 0 0.00353555
0 0 0.00351627
1 0.0820419 0.0855398
1 0.0139487 0.017437
0 0 0.00343644
0 0 0.00340148
0 0 0.00332055
1 0.0187522 0.0220693
1 0.0185848 0.0218785
0 0 0.00314169
0 0 0.00312232
0 0 0.00307855
0 0 0.00301466
0 0 0.00301022
0 0 0.00292242
1 0.0111078 0.0139919
0 0 0.00284903
0 0 0.00279944
0 0 0.0027722
0 0 0.00274857
1 0.00925558 0.0120034
0 0 0.00265143
0 0 0.00261165
0 0 0.00260214
0 0 0.00259597
2 0.0409916 0.0435792
0 0 0.00248798
0 0 0.00247908
0 0 0.00247266
1 0.00248002 0.00492659
1 0.00393811 0.00638358
0 0 0.00244472
0 0 0.00243789
0 0 0.00237677
0 0 0.00234334
0 0 0.00234277
1 0.00459023 0.00690904
0 0 0.00226972
1 0.00923163 0.0114835
1 0.00400317 0.00625104
1 0.0114955 0.0136985
0 0 0.00218894
0 0 0.00215231
0 0 0.00214244
0 0 0.00212366
0 0 0.00209864
1 0.00393292 0.00600185
0 0 0.00204362
1 0.00267437 0.00470865
1 0.00871446 0.0106984
1 0.034459 0.0364411
1 0.0322823 0.0342581
1 0.0324195 0.0343908
0 0 0.00197069
0 0 0.0019244
1 0.00616349 0.00808598
0 0 0.00191445
0 0 0.00189899
1 0.00378553 0.00568155
1 0.0047253 0.00662093
1 0.0027004 0.00459416
1 0.0217238 0.0235748
0 0 0.00180077
0 0 0.00179862
1 0.00283938 0.00463217
0 0 0.00179206
0 0 0.00177905
1 0.033412 0.0351851
0 0 0.00175063
1 0.0233749 0.0251067
0 0 0.00172996
0 0 0.00170697
1 0.00585465 0.00755846
0 0 0.00169382
1 0.0065954 0.00821889
1 0.00665276 0.00827073
0 0 0.00161159
1 0.00197138 0.0035631
0 0 0.0015891
1 0.0367364 0.0383174
1 0.00474259 0.006306
1 0.0390266 0.0405391
1 0.00974131 0.011242
0 0 0.00148792
1 0.010426 0.0119124
0 0 0.00148414
1 0.00247986 0.0039142
1 0.00387113 0.00528798
0 0 0.001406
0 0 0.00139002
0 0 0.00136678
0 0 0.00136394
0 0 0.00135998
1 0.0205159 0.0218726
1 0.126438 0.127792
1 0.00702657 0.0083791
1 0.00624196 0.00758778
0 0 0.00134475
0 0 0.00132455
2 0.0569947 0.0583023
0 0 0.00129636
0 0 0.00128081
0 0 0.0012641
1 0.00647979 0.00771938
0 0 0.00123421
0 0 0.00123057
0 0 0.00122572
0 0 0.00122246
1 0.00589229 0.00710743
1 0.031843 0.0330582
0 0 0.00120258
1 0.00444123 0.00562986
1 0.001363 0.00253692
1 0.0090291 0.0101878
1 0.00551308 0.00666918
1 0.0636109 0.0647576
1 0.00236844 0.00350784
1 0.00510102 0.00622444
0 0 0.00111942
0 0 0.00111902
1 0.00918616 0.0102857
1 0.0371937 0.0382704
1 0.0031986 0.00426558
0 0 0.00105304
1 0.00432601 0.00537457
0 0 0.00104222
0 0 0.00103683
0 0 0.00102949
0 0 0.00102536
1 0.0101618 0.0111652
1 0.093734 0.0947269
1 0.00693417 0.00791908
0 0 0.000946397
0 0 0.000945419
0 0 0.000927368
2 0.0143695 0.0152838
1 0.00313405 0.00404761
1 0.0187037 0.0196067
0 0 0.000899474
0 0 0.000895473
1 0.00269611 0.00359049
1 0.00175734 0.00264727
0 0 0.000889916
1 0.122434 0.123322
0 0 0.000886182
0 0 0.000858206
1 0.0798315 0.0806855
1 0.0740972 0.0749376
1 0.00321594 0.00404946
1 0.0393725 0.0401981
0 0 0.000802676
1 0.00186118 0.00265581
1 0.0429238 0.0437114
0 0 0.000786758
0 0 0.00078564
1 0.00934932 0.0101323
0 0 0.000779705
0 0 0.000779099
1 0.095201 0.0959681
1 0.107087 0.107844
2 0.129139 0.129891
0 0 0.000731392
1 0.00813916 0.00886856
0 0 0.000720801
1 0.00526276 0.00596919
1 0.00293324 0.00363689
0 0 0.000699146
1 0.00420304 0.00490181
1 0.00632429 0.00700331
2 0.110901 0.111578
1 0.00521472 0.00588391
0 0 0.000665916
0 0 0.000663607
1 0.00668666 0.00734959
0 0 0.00065164
0 0 0.000650222
0 0 0.000649424
2 0.0112023 0.0118477
1 0.00518184 0.00581752
0 0 0.000633709
0 0 0.000630121
0 0 0.000629491
0 0 0.000627131
2 0.00761613 0.00822562
0 0 0.000605932
2 0.00974941 0.0103518
0 0 0.000598769
1 0.00423912 0.00483749
0 0 0.000598332
1 0.00663129 0.00722653
0 0 0.000570405
2 0.0418777 0.0424384
0 0 0.000557651
1 0.00538511 0.0059267
1 0.00106584 0.00160192
1 0.00586835 0.00639978
0 0 0.000529807
1 0.00627192 0.00679834
1 0.0271703 0.0276893
1 0.00459361 0.00511025
0 0 0.000512606
0 0 0.000509383
2 0.0121628 0.0126644
1 0.00469077 0.005184
1 0.00621242 0.00669226
2 0.038512 0.0389911
0 0 0.00047894
0 0 0.000478525
1 0.00276762 0.00324012
0 0 0.000461297
1 0.00548184 0.00593418
1 0.00130918 0.00176129
0 0 0.000451597
0 0 0.000443061
1 0.00220142 0.00264361
1 0.0143784 0.0148195
2 0.10547 0.105903
2 0.014114 0.0145451
1 0.00303829 0.00346887
0 0 0.000428069
0 0 0.000427545
0 0 0.000423686
2 0.00733917 0.00775639
0 0 0.000415823
0 0 0.000411659
1 0.0086956 0.00910338
0 0 0.000402031
0 0 0.000401279
0 0 0.000391326
1 0.0387577 0.0391483
1 0.0018659 0.00225194
0 0 0.000384248
1 0.0200944 0.0204725
0 0 0.000363654
1 0.0021706 0.00253227
0 0 0.000361149
1 0.00111298 0.00146084
0 0 0.000346578
1 0.0156879 0.0160251
0 0 0.00033224
1 0.037674 0.0380058
1 0.00503318 0.0053643
1 0.0306233 0.0309531
1 0.00191177 0.00223925
0 0 0.000325963
1 0.00374528 0.0040703
0 0 0.000311549
2 0.00568341 0.00599494
0 0 0.00030655
0 0 0.000301776
1 0.00319082 0.0034925
1 0.00219691 0.00249435
1 0.00183089 0.00212685
1 0.00572445 0.00602007
1 0.00588625 0.00618048
2 0.00971994 0.0100087
1 0.00576943 0.00605686
1 0.017353 0.0176365
1 0.00995953 0.0102406
2 0.0415185 0.0417969
2 0.00713311 0.00739858
2 0.0564586 0.056724
0 0 0.000259271
1 0.0160129 0.0162694
1 0.0085457 0.00879871
0 0 0.000246167
1 0.00717758 0.00742188
1 0.0216811 0.0219245
1 0.00769249 0.00792453
1 0.00948518 0.00971719
1 0.00482532 0.00505445
0 0 0.000228467
1 0.00270543 0.00293338
1 0.00219353 0.0024178
1 0.0036728 0.00389568
1 0.0290781 0.0292955
2 0.00693767 0.00715455
2 0.0030692 0.0032851
1 0.00180934 0.00202382
1 0.0094923 0.00970586
1 0.00692397 0.00713684
1 0.000891797 0.00110463
1 0.00222389 0.00243412
1 0.00800244 0.0082121
2 0.00618309 0.0063916
2 0.00421331 0.00442167
1 0.000634885 0.000842005
0 0 0.00020671
1 0.00252774 0.00273185
1 0.0107819 0.0109835
1 0.00355078 0.00374233
1 0.0225129 0.022701
2 0.00861195 0.00879451
1 0.00465361 0.00483264
1 0.000914136 0.00109185
1 0.00202927 0.0022059
1 0.0033244 0.00349986
0 0 0.000175371
1 0.00666391 0.00683923
1 0.00448019 0.00465519
2 0.00628284 0.00645772
1 0.00549685 0.00566866
1 0.0120893 0.012259
0 0 0.000168664
1 0.00258199 0.00274835
2 0.0239291 0.0240952
2 0.00254804 0.00271317
1 0.028973 0.0291377
1 0.00420954 0.00437423
2 0.00408063 0.00424295
0 0 0.000161598
1 0.00261188 0.00277246
0 0 0.000160546
0 0 0.00015927
1 0.00188227 0.00204094
2 0.0189251 0.0190825
1 0.0459297 0.0460867
1 0.00454349 0.0046995
2 0.015069 0.0152232
0 0 0.000151606
1 0.00361739 0.00376577
1 0.00521052 0.00535835
1 0.00102651 0.00117328
1 0.00210138 0.00224729
1 0.00793156 0.00807684
1 0.00405139 0.00419461
1 0.0142852 0.0144276
1 0.0016142 0.00175608
1 0.000703714 0.00084184
2 0.00779878 0.00793645
2 0.0340863 0.0342238
1 0.0132712 0.0134067
1 0.0115564 0.0116912
2 0.00496613 0.00510073
1 0.00333318 0.00346765
1 0.0476745 0.0478086
2 0.00729503 0.00742769
1 0.00350379 0.00363574
1 0.0021299 0.00226018
2 0.00508998 0.00521801
1 0.000635508 0.000761624
1 0.00097662 0.00110051
1 0.00415335 0.00427458
1 0.0314769 0.0315981
2 0.00849755 0.00861308
1 0.00122835 0.00133734
1 0.00182928 0.00193815
1 0.0028788 0.00298593
1 0.0122756 0.0123813
1 0.00575007 0.00585545
1 0.00223902 0.00234306
1 0.00385149 0.00395462
1 0.0280414 0.0281444
1 0.0110554 0.0111567
1 0.108616 0.108716
1 0.00398596 0.00408418
1 0.00493347 0.00503009
1 0.000884907 0.000981008
1 0.00660205 0.00669733
1 0.000928275 0.001022
1 0.0310101 0.0311032
1 0.00941534 0.00950777
2 0.00390988 0.00400032
2 0.0113744 0.0114645
2 0.0900441 0.0901333
1 0.0882883 0.0883771
2 0.0121672 0.0122534
1 0.00887639 0.00896171
1 0.0120274 0.0121119
2 0.0178582 0.0179398
1 0.00754637 0.00762786
1 0.00113264 0.00121211
1 0.00128817 0.00136626
1 0.00131511 0.00139271
1 0.00287243 0.0029481
1 0.00103721 0.00111249
0 0 7.46073e-05
1 0.00685489 0.00692912
1 0.0031235 0.00319739
1 0.00324384 0.00331694
1 0.00364895 0.00372163
2 0.00655293 0.00662555
1 0.00188467 0.00195637
1 0.00196085 0.00203081
1 0.002559 0.00262749
1 0.00354733 0.00361463
1 0.00237474 0.00244113
2 0.00514074 0.00520673
1 0.00697857 0.00704165
1 0.00747381 0.00753625
1 0.0101799 0.0102403
2 0.00726709 0.0073272
1 0.00494556 0.00500563
1 0.00557006 0.00562926
1 0.00342262 0.00348053
2 0.00141059 0.00146814
1 0.00152331 0.00158026
1 0.00225492 0.00231164
1 0.00247601 0.00253247
2 0.00472072 0.00477636
1 0.0358512 0.0359058
1 0.00420116 0.00425519
2 0.0282038 0.0282571
1 0.00880845 0.00885982
1 0.00601895 0.00606853
1 0.0590342 0.0590837
1 0.0117011 0.01175
0 0 4.71975e-05
1 0.00308993 0.00313692
1 0.00244485 0.00249112
1 0.00145182 0.00149805
1 0.00442442 0.00447027
1 0.00578023 0.00582569
1 0.0373889 0.0374344
1 0.00371835 0.00376367
1 0.00495872 0.00500393
1 0.00154412 0.0015883
1 0.00228303 0.00232717
1 0.00191377 0.00195751
1 0.00352623 0.00356993
2 0.00902452 0.00906576
1 0.00353843 0.00357933
1 0.00155746 0.00159831
1 0.000554231 0.000594604
2 0.00626482 0.00630439
1 0.00528264 0.00532122
1 0.00945541 0.00949279
1 0.00315214 0.00318785
1 0.000237951 0.000272622
1 0.0132461 0.0132801
2 0.00950597 0.00953985
1 0.0134757 0.0135084
1 0.0473281 0.0473602
1 0.0102598 0.0102918
1 0.00302457 0.00305635
1 0.00462512 0.00465672
2 0.00886936 0.00890057
2 0.0072335 0.00726459
2 0.0080504 0.00808106
1 0.00762665 0.00765567
1 0.00112081 0.00114947
1 0.00100655 0.0010339
1 0.00192032 0.00194537
1 0.00386432 0.0038893
2 0.00362229 0.00364649
1 0.00343185 0.003456
2 0.0106134 0.0106371
1 0.00681485 0.00683823
2 0.0144229 0.0144461
1 0.0010873 0.00111049
2 0.0107207 0.0107433
1 0.00325189 0.00327413
1 0.000709603 0.000731564
2 0.00885734 0.00887868
1 0.0148793 0.0149004
2 0.00266561 0.00268542
1 0.00241576 0.00243445
2 0.0572719 0.0572901
0 0 1.80251e-05
1 0.0790814 0.0790993
1 0.00950052 0.009518
2 0.00747692 0.0074937
2 0.0111746 0.0111914
2 0.00200162 0.00201812
1 0.0850577 0.0850742
1 0.00215313 0.00216937
2 0.00527981 0.00529571
1 0.00251491 0.00253041
2 0.00547224 0.00548727
2 0.112981 0.112996
2 0.00901259 0.00902613
1 0.00605113 0.00606369
1 0.00884068 0.00885305
2 0.00213145 0.00214355
1 0.0014794 0.0014914
1 0.00672302 0.00673486
1 0.015474 0.0154854
1 0.00141492 0.0014262
1 0.00209858 0.00210979
2 0.0020472 0.00205835
2 0.00311447 0.00312543
1 0.00566893 0.0056795
2 0.00776116 0.00777141
2 0.00929784 0.00930805
1 0.00884838 0.00885821
1 0.00496908 0.00497884
1 0.00670147 0.006711
1 0.00578739 0.00579678
2 0.0103212 0.0103302
1 0.011083 0.0110918
1 0.0129964 0.0130051
1 0.0101175 0.0101261
2 0.00259835 0.00260661
1 0.00448104 0.00448928
1 0.00125406 0.00126229
1 0.00571707 0.00572505
2 0.066559 0.0665669
1 0.00120656 0.00121435
1 0.0269978 0.0270055
1 0.00361394 0.00362151
1 0.00352028 0.00352779
1 0.00355843 0.00356566
2 0.00395851 0.00396545
2 0.00293289 0.00293978
1 0.00678354 0.00679012
2 0.0253744 0.0253807
1 0.0918629 0.091869
2 0.00568256 0.0056885
1 0.000980049 0.000985907
1 0.0048036 0.00480939
2 0.0119957 0.0120014
2 0.00738743 0.0073931
1 0.00505882 0.00506442
2 0.0103145 0.0103198
1 0.00250524 0.0025104
1 0.0214737 0.0214788
1 0.000432996 0.000437056
1 0.0018504 0.00185426
1 0.00157982 0.0015836
1 0.0213457 0.0213493
2 0.00734535 0.00734897
2 0.0684098 0.0684133
2 0.00639488 0.00639845
1 0.00483529 0.00483881
1 0.0338982 0.0339016
1 0.00897859 0.00898196
2 0.00159037 0.00159371
2 0.00409889 0.00410213
2 0.00830035 0.00830348
2 0.00529697 0.00530009
1 0.00161483 0.0016179
2 0.00359173 0.00359444
1 0.00180933 0.00181186
1 0.00287935 0.00288168
2 0.00592448 0.00592651
2 0.00411819 0.00412014
2 0.00495333 0.00495521
2 0.0037547 0.00375643
2 0.00443282 0.00443451
1 0.00237215 0.00237382
1 0.00157523 0.00157677
2 0.00411055 0.00411204
2 0.00641058 0.00641205
2 0.0237804 0.0237817
1 0.00985279 0.00985392
1 0.00228306 0.00228411
1 0.000882257 0.000883291
1 0.0038929 0.00389387
1 0.000712866 0.000713823
2 0.00799081 0.00799161
2 0.00250999 0.0025106
1 0.000789944 0.000790504
2 0.00375532 0.00375575
1 0.00128957 0.00128992
2 0.00574245 0.00574275
2 0.012868 0.0128683
2 0.00628675 0.00628697
2 0.00568067 0.00568088
2 0.107852 0.107852
2 0.00980033 0.00980053
2 0.092072 0.0920722
2 0.00250397 0.00250414
1 0.00404587 0.00404603
2 0.00716963 0.00716977
1 0.00310589 0.00310601
1 0.00535727 0.00535738
2 0.0511725 0.0511725
1 0.00263439 0.00263445
1 0.00238998 0.00239002
1 0.00976035 0.00976039
2 0.01913 0.01913
2 0.00666537 0.0066654
2 0.00481416 0.00481417
1 0.00375278 0.00375279
2 0.0373444 0.0373444
1 0.00485968 0.00485968
2 0.00516103 0.00516103
