0 0 inf
0 0 0.0809385
0 0 0.0533057
1 0.0475431 0.0944104
0 0 0.0412928
0 0 0.0409945
0 0 0.0325565
0 0 0.026008
1 0.0171313 0.0425269
1 0.0964848 0.120833
0 0 0.023481
1 0.0401037 0.0635751
0 0 0.0225877
1 0.0183591 0.0408507
0 0 0.0218788
0 0 0.019625
0 0 0.0195746
1 0.0332015 0.0522602
1 0.046132 0.064444
1 0.0362936 0.0537287
0 0 0.0168802
0 0 0.0168636
0 0 0.0144874
0 0 0.0141566
0 0 0.0137255
0 0 0.013617
0 0 0.0127351
0 0 0.0124289
0 0 0.0122826
0 0 0.0118314
0 0 0.0114623
0 0 0.011043
0 0 0.01084
0 0 0.0107775
0 0 0.00997106
0 0 0.00988123
0 0 0.00976149
0 0 0.00968593
0 0 0.00955342
0 0 0.00923744
0 0 0.00896692
0 0 0.00864267
0 0 0.00839509
2 0.0499408 0.0581595
0 0 0.00811268
0 0 0.00791203
1 0.0603343 0.0681409
0 0 0.00755292
0 0 0.0075327
0 0 0.00733801
0 0 0.0072271
0 0 0.00705234
0 0 0.00700459
0 0 0.00693911
0 0 0.00678437
0 0 0.00675495
0 0 0.00672773
0 0 0.00669171
0 0 0.0066644
1 0.0218158 0.0284232
0 0 0.00655094
0 0 0.00630598
0 0 0.00621457
0 0 0.00608148
1 0.0188001 0.0248401
0 0 0.00601861
0 0 0.00600214
1 0.0168381 0.0227421
1 0.0241108 0.0298876
1 0.00473019 0.0104872
0 0 0.00574253
1 0.0127145 0.0184379
0 0 0.00546181
1 0.0101559 0.0153416
0 0 0.00476388
0 0 0.0047187
0 0 0.0044808
0 0 0.00440689
0 0 0.00428819
0 0 0.00423565
0 0 0.00415197
0 0 0.0040044
1 0.00624056 0.00999005
1 0.00242704 0.00614549
0 0 0.00367973
0 0 0.003614
0 0 0.00358286
0 0 0.00357729
1 0.0147746 0.0183393
0 0 0.00352981
0 0 0.00351723
0 0 0.00348476
0 0 0.00342811
0 0 0.00339801
0 0 0.00338203
1 0.0130018 0.0163702
1 0.0369481 0.0402891
1 0.00302917 0.00634912
0 0 0.00326034
0 0 0.00325004
2 0.11396 0.117163
1 0.00471769 0.00779702
0 0 0.00305329
0 0 0.00302923
0 0 0.00300052
1 0.0203506 0.0233351
0 0 0.00297235
0 0 0.00288839
0 0 0.00286363
0 0 0.00280444
1 0.0148759 0.0176742
1 0.0132745 0.0160235
0 0 0.00263486
1 0.0830189 0.0856321
0 0 0.00257328
0 0 0.00256523
0 0 0.00251607
0 0 0.00247188
0 0 0.00245788
0 0 0.0024507
0 0 0.00243064
1 0.0349864 0.0374025
1 0.014495 0.0169017
1 0.00421172 0.00658847
0 0 0.00235002
1 0.0606547 0.0629608
0 0 0.00229167
0 0 0.00227996
0 0 0.00227196
0 0 0.00223177
1 0.00250353 0.00471288
0 0 0.00218491
0 0 0.00214861
0 0 0.00209389
0 0 0.00207125
0 0 0.00205506
0 0 0.00205075
0 0 0.00204385
0 0 0.00204338
0 0 0.00204333
1 0.0374708 0.0395103
0 0 0.00202123
0 0 0.0020156
0 0 0.00199975
1 0.00393631 0.00591159
1 0.0620924 0.0640369
0 0 0.00193815
1 0.00877535 0.0107059
0 0 0.00192455
0 0 0.00192372
0 0 0.00190042
1 0.00457144 0.00645018
2 0.00655547 0.00842594
0 0 0.00182603
1 0.0170649 0.018885
1 0.00878621 0.0105717
0 0 0.0017687
0 0 0.00173505
1 0.021465 0.0231944
0 0 0.00172379
1 0.0542889 0.0559984
1 0.00783029 0.00953266
0 0 0.00170014
1 0.0134719 0.0151666
1 0.0187887 0.0204666
1 0.0290102 0.0306539
1 0.0133371 0.0149774
1 0.00514252 0.0067769
1 0.0557638 0.0573982
1 0.00951937 0.0111383
1 0.0222808 0.0238933
1 0.0417805 0.0433856
1 0.0179611 0.0195496
1 0.0120762 0.0136614
0 0 0.00157704
1 0.0592924 0.0608487
0 0 0.00155566
1 0.00607039 0.00761868
1 0.0514436 0.0529858
0 0 0.00152523
0 0 0.00148644
0 0 0.00148529
0 0 0.00147796
0 0 0.00147707
2 0.0251528 0.0266272
1 0.00240035 0.00385638
1 0.00236471 0.00377751
1 0.0149272 0.016326
0 0 0.00136152
1 0.0496519 0.0510027
1 0.0143409 0.0156768
1 0.00466208 0.00599009
1 0.00527688 0.00659939
1 0.0573572 0.0586792
0 0 0.00131852
1 0.00854928 0.00985608
0 0 0.00128732
0 0 0.00128112
1 0.0214408 0.0227198
0 0 0.00127811
0 0 0.00126569
0 0 0.00125676
2 0.00862234 0.00987245
0 0 0.00124808
0 0 0.00124797
1 0.0066365 0.00788046
0 0 0.00120854
0 0 0.00120835
0 0 0.0011812
1 0.010974 0.0121521
0 0 0.00116912
1 0.00976348 0.0109298
0 0 0.00116488
0 0 0.00115766
1 0.00578556 0.00694028
0 0 0.00114824
1 0.0386628 0.0397951
1 0.0315191 0.0326486
0 0 0.00112204
0 0 0.00111909
1 0.0659798 0.0670763
0 0 0.00107409
0 0 0.00107005
1 0.00304594 0.00411582
2 0.0109031 0.0119694
0 0 0.00105931
0 0 0.0010578
0 0 0.00105692
1 0.00218865 0.00321765
0 0 0.00101738
0 0 0.00100124
1 0.0136714 0.0146546
1 0.00229533 0.00327751
1 0.0021719 0.00314854
1 0.0292341 0.0302031
1 0.0264066 0.0273745
0 0 0.000930695
0 0 0.000929137
1 0.00279644 0.0037208
0 0 0.000921387
0 0 0.000921189
0 0 0.000904773
1 0.00624646 0.00714812
0 0 0.000900708
0 0 0.000892597
1 0.0208575 0.0217488
1 0.00747969 0.00836664
0 0 0.000883753
0 0 0.000866356
0 0 0.000861276
1 0.0141319 0.0149903
1 0.0149643 0.0158186
0 0 0.000842844
1 0.00345362 0.00428853
1 0.0439426 0.0447715
0 0 0.00080578
0 0 0.000800226
0 0 0.000767492
1 0.0048268 0.00559316
0 0 0.000765577
1 0.0129382 0.0136905
1 0.00342443 0.00417636
1 0.00398769 0.00473127
1 0.00413174 0.00487198
1 0.0078713 0.00859663
0 0 0.000723861
1 0.00852752 0.00924294
2 0.0275118 0.0282246
1 0.00110022 0.00176877
1 0.0202859 0.0209523
1 0.00644174 0.00710539
1 0.00817629 0.00883787
0 0 0.000655498
0 0 0.000654993
1 0.00222994 0.00288329
1 0.00490314 0.00555567
0 0 0.000652281
0 0 0.000651308
2 0.0501041 0.0507533
0 0 0.000635091
1 0.00331915 0.00395274
1 0.0151715 0.0158045
0 0 0.000631727
2 0.0462912 0.0469222
1 0.235914 0.236539
1 0.00484228 0.00545794
0 0 0.000609396
1 0.00452031 0.00512861
0 0 0.000598744
1 0.00546402 0.00604642
1 0.000940006 0.00151441
1 0.0149327 0.0155065
1 0.00722916 0.00780081
1 0.00495369 0.00552139
2 0.0118745 0.012438
0 0 0.000561414
0 0 0.000561135
1 0.0110745 0.0116319
1 0.0519729 0.0525301
0 0 0.00055248
1 0.00517095 0.00571484
2 0.0683812 0.0689135
1 0.0187516 0.0192806
1 0.00722068 0.00772884
1 0.00318353 0.0036888
1 0.0544354 0.0549402
1 0.0101407 0.0106396
0 0 0.000498562
1 0.00221511 0.00271321
1 0.00809469 0.00858484
1 0.00333702 0.00381758
2 0.0644277 0.0649032
0 0 0.000473583
1 0.0107219 0.0111954
0 0 0.000467396
2 0.0413162 0.0417804
2 0.0299487 0.0304108
0 0 0.000462136
0 0 0.000459668
1 0.00335291 0.0038113
2 0.0632872 0.0637409
0 0 0.000452554
2 0.0303874 0.0308396
1 0.00408295 0.00453147
2 0.0297244 0.0301724
1 0.0116984 0.0121429
1 0.0604071 0.0608491
2 0.00843019 0.0088721
0 0 0.000441205
1 0.0640406 0.0644818
1 0.0542503 0.0546889
1 0.00406361 0.00450067
1 0.00417143 0.00460697
1 0.0268835 0.0273181
0 0 0.000431852
1 0.00158014 0.00201106
0 0 0.000427078
1 0.00618814 0.00660504
1 0.0624246 0.0628406
0 0 0.000408295
1 0.0050416 0.00544583
1 0.00654062 0.0069424
1 0.0277474 0.0281489
2 0.00491318 0.00531463
1 0.00785437 0.00824692
1 0.0147897 0.0151776
1 0.0928373 0.0932202
1 0.0016476 0.00202896
0 0 0.00037963
2 0.0133281 0.0137066
1 0.0408061 0.0411802
1 0.00224645 0.00261815
0 0 0.00036516
0 0 0.000361908
1 0.0100171 0.0103752
1 0.00657789 0.00693194
2 0.00582816 0.00618201
1 0.00364363 0.00398988
1 0.00453666 0.00487823
1 0.00274051 0.00307322
1 0.29965 0.299978
0 0 0.000325454
1 0.00621634 0.00653668
1 0.00288562 0.00320517
1 0.00470503 0.00502286
1 0.00558194 0.00589551
1 0.00294248 0.00325136
1 0.0106543 0.0109565
2 0.0710117 0.0713133
1 0.00364909 0.00394698
1 0.00220166 0.00249557
1 0.00272584 0.0030112
1 0.00132915 0.00161171
1 0.00239886 0.00267683
1 0.0146141 0.0148917
1 0.009761 0.0100384
1 0.0814475 0.0817202
1 0.00522086 0.00549299
1 0.00903051 0.00930168
0 0 0.000264225
1 0.0029864 0.00324784
1 0.0221068 0.0223681
1 0.00741712 0.0076769
1 0.00889976 0.0091584
0 0 0.000256384
1 0.0040693 0.00432354
1 0.00203961 0.00229317
1 0.00361768 0.00386779
1 0.00136881 0.00161703
1 0.0042321 0.00447931
1 0.00413114 0.00437354
2 0.0115709 0.0118126
1 0.00245385 0.00269545
1 0.00497863 0.00521477
1 0.00406443 0.00429662
1 0.00609785 0.00632937
1 0.00264696 0.00287571
2 0.0114698 0.011698
1 0.0121875 0.0124112
0 0 0.000217314
1 0.00330285 0.00351695
1 0.00554103 0.00575374
2 0.00845558 0.00866786
1 0.011532 0.0117432
1 0.00259045 0.00280002
1 0.00148642 0.0016957
2 0.0109362 0.0111436
2 0.034532 0.0347389
1 0.00120957 0.00141245
0 0 0.000201522
1 0.0199168 0.0201178
1 0.00358891 0.00378578
0 0 0.000193653
1 0.00373708 0.00392993
1 0.067886 0.0680763
1 0.00257722 0.00275862
2 0.0232392 0.0234182
1 0.00618946 0.00636393
2 0.00414616 0.00431903
1 0.00520239 0.00537443
1 0.0085906 0.00876122
0 0 0.000170472
1 0.00206915 0.00223755
2 0.00441788 0.00458417
1 0.000882244 0.00104778
1 0.0200389 0.020201
1 0.00698084 0.00714035
2 0.0644238 0.0645816
1 0.00510065 0.00525806
1 0.00719354 0.00735021
1 0.0111362 0.0112927
1 0.00408366 0.00423914
1 0.00233154 0.00248399
2 0.0172261 0.0173785
1 0.000659546 0.00081172
1 0.00190468 0.00205479
2 0.0102904 0.0104389
2 0.00374422 0.00389023
1 0.0101567 0.0102983
1 0.0204452 0.0205844
2 0.0108796 0.0110178
1 0.00262769 0.00276518
2 0.021791 0.0219276
2 0.00719441 0.00733089
2 0.0665283 0.0666644
1 0.00164325 0.00177791
1 0.00258162 0.00271477
1 0.0123157 0.0124481
1 0.00943443 0.0095668
2 0.00687309 0.0070053
1 0.00222803 0.0023598
1 0.0147169 0.0148483
2 0.00546404 0.00559384
1 0.00423192 0.00436015
1 0.00252779 0.00265563
1 0.00296282 0.00309022
2 0.00241687 0.00254098
1 0.00339126 0.00351483
1 0.00978541 0.00990587
2 0.0664173 0.066536
1 0.0100796 0.0101953
1 0.00593217 0.00604778
1 0.00374914 0.0038638
1 0.0193979 0.0195116
0 0 0.00011204
1 0.0065868 0.00669799
1 0.0024463 0.00255742
1 0.00938552 0.00949585
1 0.0423835 0.0424936
2 0.0305531 0.0306615
1 0.00155762 0.00166517
1 0.0022811 0.00238842
1 0.00148923 0.00159292
1 0.00312996 0.00323293
2 0.00936776 0.0094682
1 0.00628954 0.00638886
2 0.114183 0.114282
2 0.00309914 0.00319575
1 0.00360181 0.00369636
1 0.00285961 0.0029533
1 0.0133747 0.0134669
1 0.00528997 0.00538025
2 0.0239996 0.0240894
2 0.0205832 0.0206726
1 0.00661938 0.00670603
2 0.00947531 0.00955968
1 0.00904702 0.00913092
2 0.116871 0.116954
1 0.00555235 0.00563491
2 0.00421108 0.0042927
0 0 8.15414e-05
1 0.011532 0.0116107
1 0.00144504 0.00152327
1 0.00470933 0.00478623
2 0.0651733 0.0652498
1 0.0100762 0.0101519
1 0.00731806 0.00739052
2 0.00353495 0.00360662
2 0.00404371 0.00411479
1 0.0023381 0.00240872
1 0.0019113 0.00198088
1 0.0367599 0.036828
1 0.0171798 0.0172478
2 0.00737035 0.00743656
2 0.0121902 0.012256
2 0.0095075 0.0095731
1 0.00335067 0.00341583
1 0.00174311 0.00180717
2 0.0113023 0.0113662
1 0.00458525 0.00464769
1 0.00407511 0.00413736
2 0.0040901 0.00414947
2 0.00323877 0.00329637
1 0.00204101 0.00209856
2 0.00324461 0.00330111
2 0.00267192 0.00272759
1 0.00747915 0.00753441
1 0.00537433 0.00542928
1 0.0106478 0.0107013
1 0.00159121 0.00164468
1 0.00316932 0.00322262
2 0.0195249 0.0195773
1 0.00221155 0.00226371
2 0.00317243 0.00322409
1 0.00805353 0.00810486
1 0.00248838 0.00253955
1 0.00474936 0.00480047
1 0.0131685 0.013218
1 0.0083851 0.0084344
2 0.0116199 0.011669
1 0.00339544 0.00344419
2 0.0549186 0.0549651
1 0.00146489 0.00151135
1 0.00146073 0.00150604
1 0.00464785 0.00469153
2 0.0429889 0.0430322
1 0.00287591 0.00291909
2 0.00160194 0.00164476
1 0.0110048 0.0110465
1 0.00744441 0.00748575
1 0.00111112 0.00115193
2 0.0304254 0.0304656
1 0.00336039 0.00340047
1 0.00149364 0.00153307
1 0.0124273 0.0124664
1 0.0101736 0.0102122
1 0.0372775 0.0373155
2 0.0305708 0.0306084
1 0.0423074 0.0423434
1 0.00713088 0.00716681
2 0.0121897 0.0122255
2 0.00337113 0.00340658
2 0.00772095 0.007755
1 0.00422695 0.00425947
1 0.0061921 0.00622446
2 0.00853906 0.00857106
2 0.00718902 0.00722029
2 0.00803937 0.00806978
2 0.0314757 0.0315054
2 0.0186918 0.0187214
2 0.00678731 0.00681691
1 0.00388637 0.0039158
1 0.00962878 0.00965757
1 0.00967039 0.00969794
2 0.00275204 0.00277946
1 0.000838375 0.000865538
2 0.00646534 0.00649198
2 0.0111185 0.0111448
1 0.00264281 0.00266881
2 0.00770151 0.00772737
2 0.0267375 0.0267628
1 0.00240546 0.00243047
1 0.000765419 0.000790376
1 0.00417395 0.00419806
1 0.00155742 0.00158139
1 0.030682 0.0307056
2 0.00781573 0.0078386
2 0.00609063 0.00611311
1 0.0060601 0.00608162
1 0.0022884 0.00230976
1 0.00562385 0.00564516
1 0.00169077 0.00171195
1 0.00268759 0.00270823
2 0.0054474 0.00546782
2 0.00479397 0.00481381
2 0.00503953 0.0050591
2 0.0638741 0.0638932
1 0.00314921 0.0031676
1 0.00410333 0.00412157
1 0.0100866 0.0101042
1 0.00215359 0.002171
0 0 1.7263e-05
1 0.00152902 0.00154446
1 0.0031445 0.00315963
1 0.00223836 0.00225318
2 0.00857187 0.00858558
2 0.00210369 0.00211721
1 0.00147424 0.00148725
1 0.00782803 0.00784058
1 0.00403703 0.00404887
1 0.0207497 0.0207612
2 0.00601716 0.00602755
2 0.0223836 0.0223935
2 0.00675861 0.00676791
1 0.0482459 0.0482551
1 0.0324832 0.0324922
1 0.00158096 0.0015899
1 0.00294799 0.00295673
2 0.00344995 0.00345863
1 0.0053234 0.00533128
1 0.0311764 0.0311842
1 0.00436512 0.00437269
1 0.00339349 0.00340022
1 0.00717848 0.00718488
2 0.0555674 0.0555731
1 0.00406531 0.00407083
1 0.00204316 0.00204862
1 0.00475905 0.00476415
1 0.00202387 0.00202867
1 0.00407509 0.00407907
1 0.008541 0.00854483
1 0.00721595 0.00721967
1 0.00108843 0.00109203
2 0.00546577 0.00546899
2 0.0134558 0.0134591
2 0.00805674 0.00805988
1 0.0187581 0.0187612
2 0.00718536 0.00718797
1 0.00348568 0.00348817
2 0.0124218 0.0124242
1 0.00554515 0.00554739
1 0.000269372 0.000271557
1 0.0697364 0.0697385
2 0.00426199 0.00426408
2 0.00479557 0.00479744
1 0.00496174 0.0049636
1 0.0111758 0.0111776
1 0.00474515 0.00474688
2 0.00395716 0.00395887
1 0.00650794 0.0065096
1 0.00929535 0.00929697
1 0.0266862 0.0266877
2 0.0373249 0.0373264
2 0.0192853 0.0192868
1 0.00622578 0.00622716
1 0.00580425 0.00580534
2 0.00627642 0.00627737
1 0.007804 0.00780494
1 0.00168562 0.0016865
1 0.00284817 0.00284901
2 0.00472875 0.00472924
1 0.00212717 0.00212763
1 0.00145704 0.00145743
2 0.00151824 0.00151862
1 0.0360005 0.0360008
2 0.00763811 0.0076383
2 0.00529896 0.00529908
1 0.00196597 0.00196607
1 0.00528967 0.00528975
2 0.00438254 0.00438261
2 0.0783018 0.0783019
2 0.00855129 0.00855132
2 0.0511785 0.0511786
2 0.0112474 0.0112475
1 0.00511661 0.00511662
1 0.00189595 0.00189596
