0 0 inf
0 0 0.109592
0 0 0.0576223
0 0 0.0462824
0 0 0.0450726
0 0 0.033204
0 0 0.0311804
1 0.0743494 0.105234
1 0.0694734 0.0997615
0 0 0.0270571
0 0 0.0238385
0 0 0.0237823
0 0 0.0217661
0 0 0.0215266
0 0 0.0211854
1 0.0361456 0.0555636
1 0.0183067 0.0375877
0 0 0.0192683
0 0 0.0182861
0 0 0.0182721
0 0 0.0181188
0 0 0.0175533
0 0 0.0160787
0 0 0.0160047
1 0.0188812 0.034821
0 0 0.0158862
0 0 0.0155104
0 0 0.0151387
0 0 0.014375
0 0 0.0139166
0 0 0.0128301
0 0 0.0128151
0 0 0.0126724
1 0.0249098 0.037022
0 0 0.011712
1 0.0321893 0.0426705
0 0 0.0103281
0 0 0.00993407
0 0 0.00989069
1 0.0088074 0.0182634
0 0 0.00904652
0 0 0.00867969
1 0.0234388 0.0320453
0 0 0.00845329
0 0 0.00843528
0 0 0.00841579
0 0 0.00766402
1 0.0904558 0.0981197
1 0.00996975 0.0176133
0 0 0.00763251
0 0 0.00730192
0 0 0.00702299
0 0 0.00692377
0 0 0.00681461
0 0 0.00663321
0 0 0.00661208
1 0.0268478 0.0332784
1 0.00668003 0.0130717
1 0.0165627 0.0228141
1 0.0817452 0.0876904
0 0 0.00587757
1 0.00679806 0.0126433
0 0 0.00561693
1 0.0356459 0.0412052
0 0 0.00551548
1 0.0240423 0.029536
1 0.0201998 0.025659
0 0 0.00544878
0 0 0.00539868
0 0 0.00536672
0 0 0.00521894
1 0.0317819 0.0368644
0 0 0.00505629
1 0.0232228 0.0281728
0 0 0.0049164
0 0 0.00480637
0 0 0.00471092
1 0.0176149 0.0223215
0 0 0.00462454
0 0 0.00458909
0 0 0.00457959
0 0 0.00449516
1 0.0709738 0.0754096
0 0 0.00439155
0 0 0.00437406
0 0 0.00435528
1 0.00305957 0.00735559
0 0 0.00428168
0 0 0.00426681
1 0.117577 0.121633
1 0.0336929 0.037651
0 0 0.00395679
0 0 0.00394378
1 0.0253087 0.029248
0 0 0.00393505
0 0 0.00392886
0 0 0.00389637
1 0.0838624 0.0877022
0 0 0.00378503
0 0 0.00375987
1 0.00945981 0.0131516
1 0.00848774 0.0121378
0 0 0.00363752
1 0.0253988 0.029017
2 0.118268 0.121873
1 0.0728697 0.0764535
0 0 0.00355897
1 0.0868612 0.0904158
0 0 0.00355397
1 0.00766372 0.011156
0 0 0.00348264
2 0.108924 0.112372
1 0.0280492 0.0314545
0 0 0.00329872
0 0 0.00325283
1 0.00361084 0.00685104
0 0 0.00323039
0 0 0.00318962
0 0 0.00316761
1 0.035536 0.038697
1 0.062904 0.0660052
2 0.100566 0.103662
1 0.00397512 0.00698613
0 0 0.00294845
0 0 0.00287529
1 0.00888625 0.0117609
0 0 0.00283986
1 0.0130679 0.0158336
1 0.316096 0.31881
2 0.0291481 0.0318243
0 0 0.00266819
1 0.0603271 0.0629768
0 0 0.00261693
1 0.0183789 0.0209909
0 0 0.00256889
0 0 0.0025605
1 0.00734124 0.00989519
0 0 0.00253221
1 0.0118478 0.0143666
0 0 0.0025186
1 0.00417224 0.00668934
1 0.00548055 0.00798711
1 0.105676 0.108173
0 0 0.00241561
0 0 0.00230272
1 0.0358211 0.0381002
0 0 0.0022662
1 0.0026221 0.00485423
1 0.0220329 0.0242649
0 0 0.00220212
0 0 0.00216985
0 0 0.00216084
1 0.0133601 0.0155102
0 0 0.00214064
1 0.0047443 0.00688256
2 0.0383916 0.0405165
0 0 0.00212203
1 0.0146702 0.016792
0 0 0.00211586
0 0 0.00204841
0 0 0.00202584
0 0 0.00201779
0 0 0.00201744
0 0 0.00197649
0 0 0.00194904
0 0 0.00191023
1 0.0579583 0.0598352
1 0.00730774 0.0091678
0 0 0.00185458
0 0 0.00185207
0 0 0.00180935
0 0 0.00180349
0 0 0.0017927
1 0.0384143 0.0402066
1 0.00505728 0.00684814
1 0.0922102 0.0940009
1 0.00178893 0.00352641
1 0.00409297 0.00582625
1 0.050573 0.052303
0 0 0.00170164
1 0.00675251 0.00842874
0 0 0.00164962
0 0 0.00164671
0 0 0.00162799
0 0 0.00162592
0 0 0.00162307
1 0.0287388 0.0303476
1 0.0260416 0.0276448
0 0 0.00160037
1 0.00798035 0.00957869
2 0.00785331 0.00944573
1 0.010041 0.0116149
2 0.027048 0.0286058
1 0.0711335 0.07269
1 0.0094064 0.0109559
1 0.00290917 0.00445506
1 0.00194686 0.00349181
0 0 0.00152408
1 0.00244523 0.00396399
0 0 0.00150586
0 0 0.00149666
0 0 0.00148731
0 0 0.00148729
1 0.10195 0.103427
0 0 0.00146485
1 0.00551884 0.0069756
0 0 0.00142668
1 0.0031388 0.00453328
0 0 0.00139007
1 0.00627479 0.00766189
0 0 0.00138682
1 0.0348543 0.0362309
0 0 0.00134166
1 0.00271513 0.00403645
0 0 0.00127737
0 0 0.0012697
1 0.0102425 0.0114973
0 0 0.00125479
1 0.00883694 0.0100843
2 0.0465297 0.0477749
0 0 0.00120346
0 0 0.00119654
1 0.077352 0.0785339
1 0.00483812 0.00601703
1 0.00603633 0.00721406
0 0 0.00117026
1 0.0128519 0.014022
1 0.0069124 0.00807978
0 0 0.00116436
0 0 0.00116256
2 0.0492803 0.0504402
0 0 0.00114041
0 0 0.00113931
1 0.0119852 0.0131141
0 0 0.00111185
0 0 0.00110557
0 0 0.00107861
0 0 0.00106662
0 0 0.00106176
0 0 0.00106155
1 0.00396278 0.00502267
2 0.0426221 0.0436732
0 0 0.00104948
0 0 0.00104896
1 0.0364656 0.037511
1 0.0258058 0.0268331
0 0 0.00100451
0 0 0.00100316
0 0 0.00100128
0 0 0.000983218
1 0.00360194 0.00458125
1 0.0048615 0.0058398
1 0.0162318 0.0172076
0 0 0.000969923
1 0.0220714 0.0230409
0 0 0.000953051
0 0 0.000951827
0 0 0.000941957
0 0 0.000919787
1 0.0346526 0.0355637
0 0 0.00089985
0 0 0.000898522
1 0.00302122 0.00387135
1 0.00777041 0.00862048
0 0 0.000844104
0 0 0.000834304
1 0.00190904 0.0027342
1 0.0085876 0.00940826
0 0 0.000806774
2 0.00676811 0.0075735
2 0.018031 0.0188353
0 0 0.000781024
1 0.0187958 0.0195717
0 0 0.000768241
1 0.0481744 0.0489358
1 0.00291565 0.0036753
0 0 0.000757202
0 0 0.000755622
1 0.0040365 0.00479133
1 0.00888494 0.00963831
0 0 0.00074695
1 0.0110992 0.0118402
0 0 0.000739087
1 0.00134708 0.00207587
1 0.0287945 0.0295218
0 0 0.000707642
2 0.0381211 0.0388255
1 0.00555217 0.00625583
2 0.0076743 0.00837733
0 0 0.000692065
1 0.00332514 0.00401388
0 0 0.000688263
1 0.00657518 0.00726235
0 0 0.000685045
1 0.00438896 0.00507139
1 0.00483828 0.00551527
0 0 0.000674961
0 0 0.000668345
1 0.0237982 0.0244383
1 0.0146017 0.0152349
1 0.0146517 0.0152756
1 0.0108813 0.0115043
1 0.011588 0.0122054
2 0.120329 0.120943
1 0.00122395 0.00183572
1 0.00394933 0.00455092
1 0.00568511 0.0062833
0 0 0.000593978
1 0.00314538 0.00373925
2 0.110565 0.111155
0 0 0.000589531
1 0.0496057 0.0501931
0 0 0.000582742
0 0 0.000571088
1 0.00552641 0.00609355
1 0.04056 0.0411217
1 0.00183556 0.00238587
1 0.0456806 0.0462281
0 0 0.000541456
1 0.00551872 0.00605725
1 0.0232989 0.0238316
1 0.00940324 0.00992696
1 0.0049726 0.00548677
2 0.00785302 0.00836403
1 0.00593738 0.0064417
1 0.00450985 0.00500995
1 0.00307317 0.00357191
0 0 0.00049253
0 0 0.000485367
2 0.018332 0.0188168
1 0.00979722 0.0102724
1 0.0955318 0.0960059
0 0 0.000472508
1 0.0127002 0.0131638
1 0.00420159 0.00466298
0 0 0.000452921
1 0.00338884 0.00384132
2 0.0189138 0.0193599
1 0.0164367 0.0168813
1 0.00171797 0.0021539
0 0 0.000433642
1 0.0134653 0.013898
2 0.0425278 0.0429581
0 0 0.000420424
1 0.00421282 0.00462906
2 0.00732726 0.00774177
1 0.00646561 0.00687672
1 0.00108744 0.00149422
1 0.00696186 0.00736833
0 0 0.000406448
1 0.0152125 0.0156177
1 0.00147176 0.00187654
2 0.00757372 0.00797496
0 0 0.000395108
1 0.045464 0.0458484
0 0 0.000383692
1 0.104432 0.10479
0 0 0.000352758
1 0.00875051 0.00909845
2 0.0130562 0.0133958
2 0.0172035 0.0175413
1 0.00109248 0.00142623
1 0.00721192 0.00754541
2 0.00673711 0.0070706
1 0.00688874 0.0072213
2 0.0122928 0.0126222
1 0.00116674 0.00148814
0 0 0.000318882
1 0.00506984 0.00538662
1 0.00171714 0.00202727
2 0.0145277 0.0148356
2 0.0124411 0.0127489
1 0.00657661 0.00688323
1 0.0061453 0.00644804
2 0.0515595 0.0518589
1 0.00274377 0.00304132
0 0 0.000283317
1 0.00138912 0.0016717
2 0.102729 0.103003
0 0 0.000273504
1 0.0148586 0.0151309
2 0.0175854 0.0178542
1 0.00182129 0.00208835
1 0.0128746 0.0131406
1 0.00319003 0.00345533
1 0.113358 0.11362
1 0.00347034 0.0037312
1 0.00204306 0.00230165
2 0.147437 0.147694
1 0.00111464 0.00137068
1 0.00171866 0.00197452
1 0.00470612 0.00496105
0 0 0.000254833
1 0.0159962 0.0162492
0 0 0.000252038
1 0.00345045 0.00370194
0 0 0.000249773
1 0.0150815 0.0153291
1 0.00973358 0.00997942
2 0.0122764 0.0125189
1 0.0055162 0.00575727
1 0.0121019 0.0123417
1 0.00514691 0.00538374
1 0.00123941 0.001476
0 0 0.000233647
0 0 0.000231174
1 0.0248172 0.0250468
1 0.0167748 0.017003
1 0.154016 0.154241
1 0.00179823 0.00202121
1 0.0508872 0.0511097
1 0.00663011 0.00685188
1 0.00158685 0.00180711
1 0.00139109 0.00161091
1 0.00542393 0.0056373
1 0.0140336 0.014239
1 0.0070265 0.0072295
1 0.0484247 0.0486276
1 0.138027 0.138227
2 0.00414859 0.00434909
2 0.00493816 0.00513472
1 0.00715817 0.0073492
2 0.00773845 0.00792834
1 0.00842477 0.00861243
1 0.00537102 0.00555744
1 0.00691392 0.00709687
1 0.00160532 0.00178789
1 0.00159738 0.00177992
1 0.00144404 0.00162647
2 0.0114117 0.011593
1 0.00752867 0.0077095
2 0.0025231 0.00270357
1 0.00142525 0.00160372
1 0.0275999 0.0277765
1 0.00889882 0.00907452
0 0 0.000175574
1 0.00304402 0.00321514
1 0.00118343 0.00135429
0 0 0.000170544
2 0.0169414 0.0171112
1 0.0122487 0.0124163
2 0.101968 0.102134
2 0.00826139 0.00842715
1 0.0105589 0.0107227
2 0.0172583 0.0174217
2 0.0131615 0.0133225
1 0.00625373 0.00641445
1 0.0151382 0.0152984
0 0 0.000158985
2 0.0506069 0.0507624
2 0.00710227 0.00725419
1 0.00112452 0.00127644
2 0.0124615 0.0126127
2 0.0116539 0.0118
2 0.104192 0.104337
1 0.00439834 0.00454068
1 0.00160348 0.00174581
1 0.017474 0.0176133
1 0.00830176 0.00844081
1 0.0059707 0.00610879
1 0.00597422 0.00611219
1 0.00165339 0.00178925
1 0.0257212 0.0258565
1 0.0152966 0.0154308
1 0.00299193 0.00312109
1 0.0107864 0.0109138
1 0.00379617 0.0039229
1 0.00914639 0.00927303
1 0.0033466 0.00346888
2 0.0060244 0.00614365
1 0.00583384 0.00595129
2 0.00703625 0.00715188
1 0.00305924 0.00317241
1 0.00348676 0.00359811
1 0.011692 0.0118026
0 0 0.00010996
1 0.00333901 0.00344759
1 0.00327775 0.00338632
2 0.00403765 0.00414619
1 0.008955 0.00906096
1 0.00328203 0.00338452
1 0.0425468 0.0426454
1 0.004011 0.00410884
1 0.0327683 0.0328651
1 0.103836 0.103926
1 0.000833429 0.000923647
2 0.00433472 0.00442428
1 0.0112376 0.0113266
1 0.00700875 0.00709582
1 0.00505158 0.0051378
1 0.0126861 0.0127722
1 0.00345913 0.00354473
1 0.0454154 0.0455008
1 0.00480232 0.0048874
1 0.00116556 0.00125026
2 0.0154209 0.0155051
1 0.00273677 0.00281892
1 0.00340417 0.00348611
1 0.00422731 0.00430617
2 0.00387572 0.00395313
2 0.00739601 0.00747301
1 0.00611772 0.00619376
2 0.00732483 0.00739957
1 0.00167831 0.00175237
1 0.145723 0.145797
0 0 7.3007e-05
2 0.00755235 0.00762398
2 0.00775328 0.0078226
2 0.0377198 0.0377888
1 0.00283321 0.00290131
2 0.00778526 0.0078533
1 0.00247404 0.00254064
1 0.00730405 0.0073693
1 0.159775 0.15984
1 0.00148021 0.00154495
1 0.00202505 0.00208955
1 0.00634522 0.00640918
2 0.0498303 0.0498937
1 0.0118052 0.0118672
1 0.00191624 0.00197724
1 0.00239369 0.00245317
2 0.00706945 0.00712889
1 0.00709567 0.00715342
1 0.0051325 0.00518951
1 0.00167165 0.00172759
2 0.00764965 0.00770464
1 0.0081339 0.00818687
1 0.00404742 0.00409969
1 0.0104112 0.0104631
2 0.0213779 0.0214278
1 0.0120841 0.0121337
2 0.00397381 0.00402115
1 0.00226442 0.00231153
2 0.00453804 0.00458382
2 0.00759254 0.00763809
2 0.00416314 0.00420855
2 0.0050114 0.00505493
1 0.00444008 0.0044833
1 0.00913778 0.00918071
1 0.00368674 0.00372899
1 0.0100807 0.0101226
1 0.00559017 0.00563177
1 0.00571131 0.00575184
1 0.00131751 0.00135771
1 0.00138432 0.00142441
1 0.00586578 0.00590513
2 0.011041 0.0110798
1 0.00343538 0.00347312
1 0.034334 0.0343712
1 0.00183677 0.00187375
1 0.00109149 0.00112826
1 0.0119404 0.0119759
1 0.100295 0.10033
1 0.00787558 0.00791086
1 0.0014876 0.00152277
2 0.0415041 0.0415389
1 0.00684487 0.00687828
1 0.00729753 0.00733087
2 0.0175751 0.0176079
1 0.00761143 0.00764309
1 0.00368874 0.00372025
1 0.00121406 0.00124554
1 0.000701516 0.0007314
1 0.00399964 0.004029
2 0.00226138 0.00229047
2 0.0041395 0.00416758
2 0.00410514 0.00413267
2 0.00691827 0.00694527
1 0.00407193 0.00409844
1 0.00185997 0.00188605
2 0.00190005 0.00192512
2 0.00796875 0.00799362
1 0.0187816 0.0188065
1 0.00162845 0.00165247
2 0.0193927 0.0194167
2 0.00793798 0.00796197
1 0.00149291 0.00151671
1 0.0344086 0.0344312
2 0.0190017 0.0190241
2 0.00673413 0.00675526
1 0.00223871 0.00225947
2 0.0523107 0.0523309
2 0.00352779 0.00354792
2 0.00476939 0.00478849
1 0.00409009 0.00410887
1 0.00120131 0.00121979
2 0.00303837 0.00305659
1 0.00702835 0.0070462
1 0.00315952 0.00317733
1 0.00723895 0.00725645
2 0.0132223 0.0132393
2 0.0343915 0.034408
2 0.00324111 0.0032571
2 0.106214 0.10623
2 0.00810559 0.00812133
1 0.00490096 0.00491641
2 0.0131325 0.0131478
1 0.0143954 0.0144105
2 0.00477446 0.00478921
1 0.0159348 0.0159494
2 0.00670359 0.006718
1 0.00338104 0.00339543
1 0.0110334 0.0110478
1 0.00334811 0.00336191
2 0.00925324 0.00926699
1 0.00679086 0.0068032
2 0.0189041 0.0189164
2 0.00936611 0.00937836
2 0.00154826 0.00156008
1 0.00123042 0.00124219
2 0.00187197 0.00188366
2 0.0162086 0.0162202
1 0.0156792 0.0156907
2 0.00703528 0.00704671
1 0.00786526 0.00787665
1 0.00392469 0.0039355
1 0.00320875 0.00321902
2 0.00778065 0.0077908
1 0.00267601 0.00268606
1 0.00219101 0.00220104
2 0.00596021 0.00597016
1 0.0160433 0.0160531
2 0.00687524 0.00688492
1 0.00542312 0.00543273
1 0.00583319 0.00584175
1 0.022058 0.022066
2 0.00375611 0.00376389
2 0.0176341 0.0176418
2 0.0186448 0.0186525
2 0.0133021 0.0133096
1 0.00613202 0.00613949
1 0.00127145 0.00127833
2 0.0359852 0.035992
2 0.013731 0.0137375
1 0.00914048 0.00914689
2 0.00191257 0.00191891
1 0.0010618 0.00106807
2 0.0071093 0.0071154
1 0.0102179 0.0102238
2 0.00495861 0.00496418
1 0.00259447 0.00259978
2 0.00838603 0.00839108
1 0.00313803 0.00314293
1 0.00370471 0.00370943
1 0.0023558 0.0023601
2 0.00185052 0.00185472
2 0.00459573 0.00459978
1 0.00450275 0.00450664
1 0.00170353 0.00170736
1 0.0339491 0.0339528
1 0.0076277 0.00763125
1 0.0043581 0.0043616
1 0.0118431 0.0118463
1 0.0038706 0.00387374
2 0.020355 0.0203581
2 0.0344921 0.0344951
2 0.00844821 0.00845115
2 0.0065033 0.00650595
1 0.0308058 0.0308083
2 0.00979942 0.00980189
2 0.00716712 0.00716954
1 0.00112402 0.00112635
2 0.00754128 0.00754341
1 0.00269457 0.00269649
2 0.00510313 0.00510505
2 0.00258617 0.00258804
2 0.012132 0.0121336
1 0.00426018 0.00426185
2 0.0173144 0.0173161
1 0.00300157 0.00300322
1 0.00351384 0.00351549
2 0.00324291 0.00324445
1 0.00917333 0.00917478
2 0.00858913 0.00859054
1 0.00180023 0.0018015
1 0.00345597 0.00345704
1 0.00157385 0.00157481
1 0.0156288 0.0156294
2 0.00679499 0.00679552
2 0.00626177 0.00626228
1 0.00227126 0.00227178
1 0.00923199 0.00923245
2 0.00923566 0.00923609
1 0.0229327 0.0229331
2 0.00230988 0.00231024
1 0.00535039 0.00535074
1 0.00702041 0.00702071
2 0.00157506 0.00157534
2 0.00509826 0.00509852
2 0.00915796 0.00915819
2 0.00944488 0.00944511
2 0.00610513 0.00610534
2 0.00364965 0.00364982
2 0.00132281 0.00132293
2 0.0224399 0.02244
1 0.00684166 0.00684176
1 0.00667957 0.00667963
1 0.00117954 0.00117958
1 0.00681417 0.00681421
2 0.00351676 0.00351679
2 0.00225805 0.00225807
1 0.00498593 0.00498596
2 0.0049537 0.00495372
2 0.00726643 0.00726645
1 0.00913619 0.0091362
