0 0 inf
0 0 0.0560576
0 0 0.0552925
0 0 0.0381989
0 0 0.0364492
0 0 0.0351062
0 0 0.0289707
0 0 0.0284677
0 0 0.0281841
0 0 0.0278448
0 0 0.0241737
1 0.0136121 0.0347897
0 0 0.0206542
0 0 0.0205278
1 0.0293326 0.0488494
1 0.042374 0.0601536
1 0.0698522 0.0870258
0 0 0.0167951
0 0 0.016157
0 0 0.0157342
0 0 0.0155836
0 0 0.0125091
0 0 0.0123984
1 0.0507859 0.0622918
0 0 0.0114932
0 0 0.0113482
1 0.0287821 0.0399527
0 0 0.0110987
0 0 0.0110509
0 0 0.0109963
0 0 0.0107607
0 0 0.0107094
0 0 0.0101156
1 0.0175319 0.0269497
0 0 0.00919993
0 0 0.00916885
1 0.045983 0.0547761
1 0.0052524 0.0138204
0 0 0.00838833
0 0 0.00791015
1 0.0178021 0.0254479
1 0.0256544 0.0332934
1 0.0441067 0.0516176
1 0.0611578 0.0686476
0 0 0.00719862
0 0 0.00716743
0 0 0.0069763
0 0 0.00692703
0 0 0.00664141
1 0.0300082 0.0363212
0 0 0.00624065
1 0.016149 0.0223732
0 0 0.00608188
0 0 0.00595662
0 0 0.0059204
1 0.105552 0.111382
1 0.0299046 0.0356897
0 0 0.00578333
0 0 0.00566977
0 0 0.00550226
1 0.0128895 0.0182588
0 0 0.00519977
1 0.0761602 0.0813266
0 0 0.00508592
0 0 0.00502026
1 0.00726903 0.0121023
0 0 0.00479335
0 0 0.00475791
0 0 0.00472812
0 0 0.00470149
0 0 0.00462117
0 0 0.0046101
0 0 0.00440141
0 0 0.00437122
0 0 0.00434635
2 0.0468093 0.0511329
0 0 0.0042897
0 0 0.00427442
0 0 0.00421823
1 0.00659568 0.0106482
0 0 0.00404424
0 0 0.00400508
0 0 0.00398854
0 0 0.00396416
0 0 0.00393908
0 0 0.00389778
0 0 0.00387073
0 0 0.00385546
1 0.0307714 0.0346093
1 0.0224209 0.0262358
1 0.0662384 0.0700294
0 0 0.0037828
0 0 0.00372668
1 0.0727076 0.0763532
1 0.00166391 0.0052171
1 0.0391368 0.0426685
1 0.0359263 0.0394566
0 0 0.00352457
0 0 0.00348504
0 0 0.00344913
0 0 0.0034022
2 0.0415061 0.0448983
2 0.0711572 0.0745253
0 0 0.00330028
0 0 0.00324646
0 0 0.00323094
1 0.0192997 0.0225267
1 0.00442307 0.00764855
1 0.0299129 0.0331244
0 0 0.00317228
0 0 0.00312861
1 0.00814909 0.0112666
1 0.0346179 0.0377225
0 0 0.00305839
0 0 0.00304741
0 0 0.00304328
0 0 0.00303031
0 0 0.00302654
0 0 0.00302425
1 0.00509848 0.00810454
1 0.020583 0.0234861
0 0 0.0028844
0 0 0.00287415
1 0.0101878 0.0130413
0 0 0.00284747
1 0.00718857 0.00996939
0 0 0.00276609
0 0 0.00276583
0 0 0.00275166
2 0.0514014 0.0541321
1 0.00262812 0.00525338
0 0 0.00258041
0 0 0.00256414
1 0.0462963 0.0488173
0 0 0.00252023
1 0.0425356 0.0450505
0 0 0.00251486
0 0 0.00251217
0 0 0.00250403
1 0.00627149 0.00876264
1 0.0297739 0.0322637
0 0 0.0024735
0 0 0.00245389
0 0 0.0024409
0 0 0.00241634
1 0.02299 0.0254038
0 0 0.00238779
1 0.0199444 0.0223239
0 0 0.00237267
1 0.030953 0.033323
1 0.0064934 0.00881951
0 0 0.00230944
1 0.0639682 0.0662536
0 0 0.00226209
0 0 0.00225856
1 0.0456302 0.0478724
0 0 0.00223645
0 0 0.00223408
0 0 0.0022244
1 0.0340605 0.0362621
0 0 0.00219994
0 0 0.00217242
0 0 0.00215839
1 0.0235316 0.0256798
1 0.0204575 0.0225584
1 0.00982779 0.0119277
1 0.00917144 0.0112634
0 0 0.0020757
1 0.016458 0.0185186
2 0.0188615 0.0208642
1 0.00569694 0.00765395
0 0 0.00192868
0 0 0.00189901
0 0 0.00186397
0 0 0.001842
1 0.00671427 0.00853524
1 0.0266042 0.0284168
0 0 0.00180404
1 0.0354786 0.0372517
0 0 0.00170245
0 0 0.00170189
0 0 0.00169115
0 0 0.00166915
0 0 0.00162164
0 0 0.00159465
0 0 0.00159276
1 0.00366852 0.00523794
0 0 0.00156697
1 0.0255215 0.0270739
1 0.0405587 0.042103
2 0.061618 0.0631343
0 0 0.00148655
1 0.0566772 0.0581578
1 0.00646755 0.00794499
1 0.00959473 0.0110674
2 0.0111888 0.0126513
0 0 0.00146143
0 0 0.00146048
1 0.0330052 0.0344611
0 0 0.00145466
0 0 0.00141866
1 0.0626429 0.0640572
1 0.0032118 0.00461594
0 0 0.00139683
1 0.103588 0.104981
1 0.00676732 0.00815993
0 0 0.00138867
1 0.046137 0.0475004
0 0 0.00134454
0 0 0.00133377
2 0.0843826 0.085715
1 0.0096584 0.0109781
1 0.0125578 0.0138726
0 0 0.00130252
1 0.00700656 0.00829249
0 0 0.00127163
0 0 0.00125866
1 0.103717 0.104971
0 0 0.00122345
1 0.00706498 0.00827551
1 0.00790346 0.00909267
0 0 0.00116686
1 0.00273679 0.00388779
1 0.130145 0.131293
1 0.00465845 0.00579525
0 0 0.00113328
0 0 0.00112753
0 0 0.00112372
1 0.00531866 0.00644206
0 0 0.00108993
0 0 0.0010817
1 0.00474099 0.00582217
0 0 0.0010807
0 0 0.00107889
2 0.0891473 0.0902117
1 0.00782607 0.00888443
1 0.00245409 0.00351234
0 0 0.00104846
1 0.0379098 0.0389409
1 0.00683857 0.00786482
2 0.0121731 0.0131934
1 0.0204836 0.02149
0 0 0.000994765
0 0 0.000964997
1 0.00482983 0.00578038
1 0.0016152 0.00255767
1 0.0313071 0.0322411
1 0.00524326 0.00617491
0 0 0.000925695
1 0.00176571 0.00268298
2 0.00778127 0.00869849
1 0.00672202 0.00760896
1 0.0123064 0.0131901
1 0.0116525 0.0124803
1 0.020537 0.0213628
2 0.0427153 0.0435234
0 0 0.000802797
1 0.0166602 0.0174575
1 0.00854561 0.00934052
0 0 0.000793312
0 0 0.000783512
2 0.071339 0.0721207
2 0.00771151 0.00848522
2 0.0140522 0.0148066
1 0.0304297 0.0311836
1 0.0814258 0.0821779
1 0.0406724 0.0414228
0 0 0.000734413
0 0 0.000719328
1 0.0044902 0.0052087
0 0 0.000717964
1 0.00708255 0.00778318
0 0 0.000696724
0 0 0.000695707
0 0 0.000682561
0 0 0.000679807
0 0 0.000667972
1 0.00136367 0.00202938
1 0.00502066 0.00568413
0 0 0.000653073
0 0 0.000649766
0 0 0.000645111
1 0.00731751 0.00795698
0 0 0.000637852
1 0.00666367 0.0072983
1 0.00655577 0.00718373
1 0.00385894 0.00448083
1 0.00298284 0.00359543
1 0.00782432 0.00841845
2 0.0118532 0.0124438
0 0 0.00059019
0 0 0.000585096
0 0 0.000584192
1 0.0071807 0.00776167
1 0.0129658 0.0135463
1 0.0694737 0.0700528
0 0 0.000578941
2 0.0365129 0.0370906
2 0.00688453 0.00744834
1 0.00758309 0.00814677
0 0 0.000554163
1 0.00294617 0.00349264
0 0 0.000531854
1 0.00168739 0.00221018
1 0.0352437 0.0357616
1 0.0206274 0.0211409
0 0 0.000508588
0 0 0.000507212
1 0.0368678 0.0373731
1 0.00773896 0.00824247
1 0.0305689 0.0310706
1 0.00299995 0.00350114
1 0.00405151 0.00453901
0 0 0.000485213
1 0.0118075 0.012292
0 0 0.000483142
1 0.00458299 0.00506392
1 0.0591534 0.0596306
1 0.00629696 0.00677294
1 0.0308009 0.0312709
0 0 0.000465845
1 0.00352935 0.00399487
0 0 0.000458783
0 0 0.000448729
0 0 0.00044116
1 0.00634862 0.00678226
2 0.132864 0.133287
2 0.0126371 0.013058
2 0.032183 0.0326033
0 0 0.000417752
2 0.0491209 0.0495386
1 0.0134011 0.0138081
1 0.00606377 0.00646202
2 0.0898492 0.0902397
1 0.0365218 0.03691
1 0.0881351 0.0885191
1 0.00651648 0.00689161
1 0.00701842 0.0073911
2 0.0468295 0.0472016
1 0.00706758 0.00743681
2 0.0137282 0.0140966
1 0.00729522 0.00765839
2 0.00588475 0.00624478
1 0.00734218 0.00769187
1 0.00302933 0.00337631
1 0.00240125 0.00274754
0 0 0.000344703
1 0.00382305 0.00416762
0 0 0.000343096
0 0 0.000336031
1 0.00874987 0.00908472
1 0.027704 0.0280382
1 0.00626333 0.00659562
1 0.0135146 0.0138465
0 0 0.000323015
2 0.010438 0.0107593
2 0.0347278 0.0350407
2 0.0846763 0.0849882
0 0 0.000310119
1 0.00586346 0.00616994
2 0.0305413 0.0308467
2 0.0605846 0.060888
1 0.00154879 0.00184728
1 0.00762333 0.00792122
1 0.00960221 0.00989948
1 0.0075699 0.00786099
1 0.0342827 0.0345735
1 0.00179556 0.00208337
0 0 0.000285761
1 0.00125315 0.00153342
2 0.0214186 0.0216978
0 0 0.000273653
0 0 0.000273164
1 0.00961993 0.00988558
0 0 0.00025929
1 0.0584935 0.0587476
1 0.013497 0.013749
1 0.00499148 0.00523984
0 0 0.000245913
1 0.00148093 0.00172556
1 0.00642745 0.00667164
1 0.000577787 0.000816678
0 0 0.000237258
1 0.0167698 0.0170033
1 0.0206281 0.0208578
2 0.0139101 0.0141388
2 0.0107434 0.0109691
1 0.0371616 0.0373854
1 0.00167699 0.00190072
1 0.00557452 0.00579621
2 0.00541242 0.00562825
1 0.00127629 0.00149058
1 0.0155855 0.0157987
2 0.0739478 0.0741599
1 0.00381985 0.00402942
1 0.00793107 0.0081398
1 0.114061 0.114269
1 0.0107559 0.0109614
2 0.0166702 0.0168708
0 0 0.000199613
2 0.0661994 0.0663975
0 0 0.000196898
0 0 0.000195705
1 0.0110527 0.0112416
1 0.009329 0.00951753
2 0.00841263 0.00859903
2 0.0115995 0.0117812
2 0.0166608 0.0168422
1 0.00502245 0.00520364
1 0.00487703 0.00505664
1 0.00680234 0.00698113
0 0 0.000177938
1 0.0163262 0.0165007
1 0.00327268 0.0034407
1 0.00289595 0.00306317
1 0.00373277 0.00389946
1 0.023807 0.0239726
1 0.00527558 0.00544
1 0.00605978 0.00622189
1 0.0383563 0.038517
1 0.0158675 0.0160278
1 0.011686 0.0118459
1 0.00247587 0.0026353
2 0.00903526 0.0091936
1 0.0034484 0.00360393
1 0.000835995 0.000991401
0 0 0.000155394
1 0.0067035 0.0068586
1 0.00246221 0.00261641
1 0.00372178 0.00387424
1 0.0038049 0.00395565
1 0.00813443 0.00828191
1 0.00587631 0.00602362
2 0.00767449 0.00782059
1 0.00215343 0.00229831
1 0.0218731 0.0220164
1 0.0374459 0.0375881
2 0.00847911 0.00861963
2 0.11508 0.11522
1 0.00148462 0.00162293
2 0.0122605 0.0123986
1 0.00689216 0.00702812
2 0.00972496 0.00985922
0 0 0.000133505
1 0.0115194 0.0116508
1 0.00196518 0.00209649
1 0.000643422 0.000773673
1 0.00512006 0.00524994
0 0 0.000128071
1 0.00219762 0.00232526
1 0.00659314 0.00672038
1 0.000818067 0.000943553
1 0.0135525 0.0136779
2 0.00715438 0.00727968
1 0.00169201 0.00181331
2 0.0118897 0.0120103
2 0.00905569 0.00917272
1 0.0107298 0.0108466
1 0.0054613 0.00557573
1 0.0031286 0.00324122
1 0.00631013 0.00642064
0 0 0.000108199
1 0.000592204 0.000699685
2 0.00836449 0.00846938
2 0.00790566 0.00800913
1 0.0464266 0.0465297
1 0.00129896 0.00140026
1 0.00526357 0.00536218
1 0.00223768 0.00233458
1 0.00408271 0.00417907
2 0.00548276 0.00557599
1 0.00257294 0.00266611
1 0.0101362 0.0102283
1 0.016684 0.0167755
1 0.0372719 0.0373607
1 0.00130176 0.00138929
2 0.00811039 0.00819784
2 0.0118646 0.0119498
1 0.000399606 0.000484705
1 0.0234665 0.0235492
1 0.0151604 0.0152415
1 0.00728511 0.00736463
2 0.00897138 0.00904937
1 0.0264043 0.0264804
2 0.0293957 0.0294711
1 0.0079974 0.00807181
1 0.000635942 0.000708123
1 0.00121689 0.00128851
1 0.0114662 0.0115373
2 0.0391751 0.0392443
1 0.00146099 0.00152956
1 0.000759156 0.000825389
1 0.00312106 0.00318583
1 0.00540671 0.00546977
1 0.0437017 0.0437637
2 0.0135372 0.0135989
2 0.044336 0.0443966
1 0.00186545 0.00192451
1 0.000550289 0.000608406
1 0.00254749 0.00260555
2 0.0281178 0.0281746
1 0.00181869 0.0018754
1 0.0240435 0.0240998
1 0.00894215 0.00899816
1 0.000727775 0.000783299
0 0 5.49974e-05
0 0 5.46284e-05
2 0.048031 0.0480856
1 0.0251855 0.0252395
2 0.00888904 0.00894275
1 0.00809472 0.00814699
1 0.00232017 0.00237049
2 0.00377004 0.00381921
1 0.00173032 0.00177859
2 0.0367131 0.0367612
1 0.00755786 0.00760568
2 0.0140512 0.0140988
1 0.00209035 0.00213742
1 0.0254979 0.0255445
2 0.0129536 0.0129998
2 0.00290792 0.00295337
1 0.0876306 0.087676
1 0.00367471 0.00371831
1 0.00802212 0.00806469
1 0.00685098 0.00689354
1 0.0024349 0.00247686
1 0.000760267 0.000801234
2 0.00590963 0.00595041
1 0.0115444 0.011585
2 0.00792924 0.00796894
2 0.0433758 0.0434145
1 0.00731248 0.00734993
1 0.00512048 0.00515747
2 0.00284003 0.00287547
1 0.00182927 0.00186399
2 0.0119103 0.0119449
1 0.000632788 0.000665317
1 0.00343033 0.00346285
2 0.00160509 0.00163755
1 0.00828635 0.0083188
1 0.00661075 0.00664156
2 0.00410932 0.00413832
1 0.000872889 0.00090031
1 0.0012995 0.00132657
1 0.000348156 0.000375022
1 0.000853532 0.000879723
2 0.0451356 0.0451614
1 0.000738356 0.00076239
1 0.00381563 0.00383951
1 0.00174204 0.00176586
2 0.000853723 0.000876877
2 0.0365192 0.036542
1 0.00897389 0.00899617
1 0.00217103 0.00219327
1 0.00109034 0.00111036
1 0.00569424 0.00571317
1 0.0056933 0.00571212
2 0.00727289 0.00729139
1 0.0106467 0.010665
2 0.00216547 0.00218351
2 0.00913151 0.00914894
1 0.000495947 0.000512474
1 0.00374637 0.00376266
1 0.00577492 0.00579105
2 0.0151768 0.0151918
2 0.135411 0.135426
2 0.0122363 0.0122511
2 0.00212002 0.00213438
1 0.00302014 0.00303413
1 0.000866084 0.000879921
1 0.0223582 0.0223718
2 0.0369936 0.0370066
1 0.000746016 0.000758892
1 0.00202032 0.00203264
1 0.0172426 0.0172548
1 0.00333492 0.00334627
2 0.0169061 0.0169169
1 0.00824943 0.00826021
1 0.00309299 0.00310378
1 0.000823595 0.000833954
2 0.00938419 0.00939448
1 0.00540499 0.00541499
2 0.00708464 0.00709433
1 0.0126348 0.0126442
1 0.00839152 0.00840016
1 0.0155939 0.0156022
1 0.00965571 0.00966382
2 0.00592075 0.00592868
1 0.0461684 0.0461751
1 0.00177009 0.00177638
1 0.0156567 0.0156624
2 0.0265288 0.0265346
1 0.0682414 0.068247
1 0.000468624 0.000474264
2 0.00102716 0.00103236
2 0.00116856 0.00117373
1 0.0118958 0.0119009
2 0.000980697 0.000985666
1 0.0362499 0.0362546
1 0.000917765 0.000922382
2 0.00855284 0.00855727
1 0.0016134 0.00161719
1 0.0087547 0.00875845
1 0.000830746 0.000834149
2 0.00111812 0.00112148
2 0.00559667 0.00559988
2 0.00872631 0.00872949
2 0.0294621 0.0294642
1 0.0100827 0.0100847
1 0.00420402 0.00420589
2 0.000978072 0.000979871
2 0.0153083 0.0153101
1 0.000974071 0.000975718
2 0.00606185 0.00606347
1 0.0157171 0.0157187
1 0.00232798 0.00232954
2 0.00255803 0.00255957
1 0.0132647 0.0132661
1 0.00318771 0.00318898
2 0.00894439 0.00894559
2 0.00991181 0.00991299
2 0.0100469 0.010048
1 0.00310855 0.00310948
1 0.00186024 0.00186102
2 0.0125169 0.0125174
1 0.00252244 0.00252297
2 0.0413948 0.0413953
1 0.00168749 0.001688
2 0.0165414 0.0165418
1 0.0010636 0.00106396
2 0.0149821 0.0149824
2 0.0167923 0.0167926
1 0.0129778 0.0129782
2 0.0458532 0.0458535
1 0.00681702 0.0068172
2 0.0518975 0.0518976
2 0.0320813 0.0320814
2 0.0261372 0.0261373
2 0.00113697 0.00113704
2 0.00097454 0.00097459
1 0.0075979 0.00759795
2 0.00186483 0.00186487
2 0.0624966 0.0624966
1 0.00186607 0.00186609
2 0.00846789 0.00846791
2 0.0140319 0.0140319
1 0.00285075 0.00285076
2 0.00712191 0.00712191
