0 0 inf
0 0 0.0642572
0 0 0.0554079
0 0 0.0404406
1 0.0311439 0.0682338
1 0.0961252 0.13299
0 0 0.0303759
0 0 0.0288412
0 0 0.0279289
0 0 0.0263538
0 0 0.0260914
0 0 0.0237659
0 0 0.0236392
1 0.013617 0.0367929
0 0 0.0225877
1 0.0325565 0.0537287
0 0 0.0201125
0 0 0.019625
0 0 0.0195746
1 0.0126846 0.0307052
0 0 0.0172534
0 0 0.0168802
0 0 0.0168636
0 0 0.0156343
0 0 0.0151761
0 0 0.0137255
0 0 0.0133371
0 0 0.0131791
0 0 0.0131224
0 0 0.0124955
1 0.0203385 0.0328241
0 0 0.0122401
1 0.0597122 0.0710392
0 0 0.0112546
0 0 0.0107979
0 0 0.0106536
0 0 0.0101438
0 0 0.0101077
0 0 0.00960763
1 0.0457884 0.0553775
1 0.0239754 0.0330802
0 0 0.00896692
0 0 0.00860448
0 0 0.00857841
0 0 0.0084927
0 0 0.00779796
0 0 0.00775373
0 0 0.00759698
1 0.0439982 0.0513928
1 0.16205 0.169413
0 0 0.00726212
0 0 0.00723897
0 0 0.0072271
0 0 0.00710255
0 0 0.00709576
1 0.0218158 0.0285111
0 0 0.00669171
1 0.00404124 0.0103595
0 0 0.00567148
0 0 0.00534723
1 0.00331915 0.00861691
0 0 0.00477502
1 0.0258501 0.0305726
0 0 0.00462342
0 0 0.00462022
1 0.0137898 0.0183286
1 0.0185167 0.0229533
0 0 0.00440689
0 0 0.00440446
1 0.00382528 0.0081517
0 0 0.00426326
0 0 0.00423565
1 0.00473019 0.0089132
0 0 0.00409447
0 0 0.00406361
0 0 0.00404656
0 0 0.0040136
0 0 0.00390741
1 0.0245878 0.0284232
1 0.0186271 0.0223801
0 0 0.00373588
0 0 0.00371449
0 0 0.00367973
0 0 0.00365895
0 0 0.00358744
1 0.0113561 0.0149352
0 0 0.00354188
0 0 0.00352707
0 0 0.00348476
0 0 0.00338203
0 0 0.00331767
1 0.0208538 0.0241584
1 0.0101468 0.0134452
1 0.0165435 0.0196823
0 0 0.00312671
1 0.0287099 0.031819
1 0.0836749 0.086759
0 0 0.00302917
0 0 0.00297235
0 0 0.00295663
0 0 0.00290921
0 0 0.00289659
1 0.00533343 0.0082199
2 0.0416885 0.0445489
0 0 0.00285786
0 0 0.00280568
0 0 0.00279123
0 0 0.0027556
1 0.00454877 0.0071992
0 0 0.00263486
1 0.00522163 0.00785486
0 0 0.00263197
0 0 0.00262218
0 0 0.0024992
1 0.0640406 0.0665283
1 0.00465633 0.00713746
1 0.01381 0.0162838
0 0 0.0024507
0 0 0.00243064
1 0.0291278 0.0315578
0 0 0.00242704
0 0 0.00241549
0 0 0.00234238
1 0.00514252 0.00746773
0 0 0.00230111
0 0 0.0022811
0 0 0.00227791
0 0 0.00223177
2 0.0570392 0.0592705
0 0 0.00218491
0 0 0.00214861
0 0 0.00211306
0 0 0.00207326
0 0 0.00204761
0 0 0.00204385
0 0 0.00197508
0 0 0.00194945
1 0.0100762 0.0120224
0 0 0.0019357
0 0 0.00191449
0 0 0.00190673
1 0.0188265 0.0207313
1 0.0302427 0.0321409
0 0 0.00188157
0 0 0.00180897
1 0.00504056 0.00683483
1 0.0113271 0.0131183
1 0.0113706 0.0131254
0 0 0.0017381
1 0.0171798 0.0189125
1 0.0116601 0.0133899
0 0 0.00172293
1 0.0106727 0.0123672
1 0.0144558 0.0161392
1 0.0187887 0.0204666
1 0.0616317 0.0633075
0 0 0.00165286
1 0.0133124 0.0149532
1 0.00127031 0.0028963
0 0 0.00160922
0 0 0.00160823
0 0 0.00158014
0 0 0.00157
0 0 0.00156447
0 0 0.00155566
1 0.00561436 0.00716993
1 0.040426 0.0419705
1 0.00197411 0.00350082
0 0 0.00152523
0 0 0.00152073
0 0 0.00150913
0 0 0.00148644
1 0.00258346 0.00405542
2 0.00996978 0.0113937
1 0.00512306 0.00654345
1 0.00441483 0.00581627
2 0.0325907 0.0339751
0 0 0.00136721
0 0 0.00136152
2 0.0829266 0.0842851
1 0.00801767 0.00936609
1 0.164729 0.166053
0 0 0.00130462
0 0 0.00125485
1 0.0107571 0.0120035
1 0.0380624 0.0392813
0 0 0.00119177
1 0.00472167 0.00588462
2 0.0172772 0.018423
0 0 0.00111158
1 0.0359358 0.0370368
2 0.0317907 0.0328893
1 0.0659798 0.0670763
0 0 0.00107281
0 0 0.00106581
1 0.0123153 0.0133757
0 0 0.0010578
0 0 0.00105643
1 0.00416001 0.00519529
0 0 0.00103137
1 0.00749611 0.00852011
1 0.031469 0.0324781
1 0.0402861 0.0412807
0 0 0.000992085
1 0.00743898 0.00841939
1 0.00708357 0.00805674
0 0 0.000971471
1 0.00673997 0.00769745
0 0 0.00095565
0 0 0.000948748
0 0 0.000931591
0 0 0.000928921
1 0.00369374 0.00460697
1 0.0122627 0.013174
1 0.00624646 0.00714812
0 0 0.000900708
1 0.0228418 0.0237377
2 0.00905797 0.00995202
1 0.0353338 0.0362175
1 0.0160401 0.0169179
1 0.0124289 0.0133065
0 0 0.000866356
1 0.00607039 0.00693598
1 0.0102329 0.0110965
0 0 0.000861276
0 0 0.000856171
0 0 0.000852834
0 0 0.000823832
2 0.0220984 0.0229162
0 0 0.00081697
0 0 0.000800226
0 0 0.00079766
0 0 0.000780372
1 0.00235085 0.00313085
0 0 0.000776573
0 0 0.000775035
1 0.0318372 0.0326098
0 0 0.000770437
1 0.00700819 0.00777711
0 0 0.000754747
0 0 0.000754338
0 0 0.00073726
1 0.00602354 0.00675472
2 0.0430461 0.0437751
1 0.0292341 0.0299612
1 0.0078713 0.00859663
1 0.0186233 0.0193474
0 0 0.000723861
0 0 0.000721683
0 0 0.000719079
1 0.00525535 0.00596869
0 0 0.000701067
1 0.00601861 0.00671967
0 0 0.000675102
0 0 0.000659546
1 0.0261809 0.0268388
1 0.00203885 0.0026957
0 0 0.000654298
1 0.00339349 0.00404371
1 0.00299027 0.00363819
0 0 0.000646388
1 0.00661319 0.00725547
1 0.00449475 0.00513225
1 0.0476406 0.0482771
0 0 0.000628896
0 0 0.000625308
1 0.00625197 0.00687573
0 0 0.000615778
1 0.00484228 0.00545794
1 0.0243263 0.0249392
1 0.0360005 0.03661
0 0 0.000609396
0 0 0.000605805
0 0 0.000593494
1 0.0241521 0.0247438
1 0.00345362 0.00404522
0 0 0.000572455
1 0.00722916 0.00780081
1 0.00574425 0.00631056
0 0 0.000561135
0 0 0.000560482
0 0 0.000558895
1 0.00199975 0.002557
1 0.00297086 0.00352461
0 0 0.000541298
1 0.0124493 0.0129832
0 0 0.000532712
1 0.0266195 0.0271494
0 0 0.00052053
1 0.0107219 0.0112341
1 0.000846026 0.00135765
0 0 0.000509417
1 0.0040669 0.00457556
2 0.0183416 0.018842
2 0.00702163 0.0075185
1 0.00250019 0.00299648
1 0.0102493 0.010744
1 0.00252389 0.00301739
0 0 0.000485778
1 0.00497863 0.00546404
2 0.0137811 0.0142639
1 0.00248149 0.00294921
0 0 0.000464528
2 0.0226388 0.0230987
0 0 0.000459668
1 0.0033447 0.003803
1 0.0298652 0.0303225
0 0 0.000452497
1 0.00501564 0.00546718
1 0.115883 0.116329
1 0.00889976 0.00934486
0 0 0.000441205
1 0.00408295 0.00452392
0 0 0.000440062
1 0.0400356 0.0404663
2 0.0305531 0.030978
1 0.0292805 0.0297047
0 0 0.000415455
1 0.00277764 0.00318893
2 0.040977 0.0413781
2 0.0650978 0.0654922
1 0.0144874 0.0148812
0 0 0.000391538
1 0.0042087 0.00458982
2 0.0128665 0.0132445
0 0 0.000375988
1 0.00251607 0.00288696
1 0.012855 0.0132257
0 0 0.000368834
1 0.00405023 0.00441545
2 0.0647079 0.0650663
1 0.00727976 0.00763778
1 0.00190822 0.00226133
0 0 0.000351914
1 0.00608918 0.00644101
1 0.00364363 0.00398988
1 0.0405165 0.0408573
0 0 0.000339815
1 0.00180245 0.00213711
2 0.032802 0.0331329
1 0.0230935 0.0234236
0 0 0.000330004
0 0 0.000329746
2 0.0413575 0.0416819
1 0.0099107 0.0102337
1 0.0193014 0.0196237
1 0.00621634 0.00653668
1 0.00955403 0.00987391
1 0.00167348 0.00199233
2 0.0083172 0.00863591
1 0.00294248 0.00325136
1 0.00169384 0.00200231
1 0.00566033 0.00596866
2 0.0126433 0.0129413
2 0.00327613 0.0035684
1 0.0366155 0.0369066
1 0.000834358 0.00111965
1 0.0210091 0.02129
1 0.00110372 0.00138288
1 0.0814475 0.0817202
1 0.116347 0.11662
1 0.0127782 0.0130502
1 0.00903051 0.00930168
1 0.00860119 0.00886391
1 0.0203672 0.0206277
1 0.00159211 0.0018523
1 0.00408896 0.00434711
1 0.00458558 0.00484062
2 0.0165807 0.016833
2 0.00833805 0.00858968
1 0.0114166 0.0116681
0 0 0.000238948
1 0.0212355 0.0214699
1 0.00504599 0.00527787
1 0.0253543 0.0255862
0 0 0.000230863
0 0 0.00022601
2 0.0837101 0.0839352
1 0.00406531 0.00428987
1 0.000785917 0.00100722
2 0.0261613 0.026382
1 0.00577842 0.00599546
1 0.00105414 0.00127102
1 0.00797123 0.00818713
1 0.00232982 0.00254449
1 0.00481701 0.00503056
2 0.0367168 0.0369292
0 0 0.000212291
0 0 0.000212096
1 0.00259045 0.00280002
1 0.0496519 0.0498607
1 0.00184048 0.00204703
1 0.0408061 0.041012
1 0.00624647 0.00645054
1 0.00055248 0.000756108
1 0.0209911 0.0211892
1 0.00293804 0.00313407
1 0.0016476 0.00183959
2 0.00762197 0.00781289
1 0.00158096 0.00176896
2 0.021149 0.0213355
1 0.0496918 0.0498769
1 0.00257722 0.00275862
1 0.0140895 0.014266
1 0.0135681 0.0137402
1 0.0427892 0.0429577
0 0 0.000168041
1 0.000798964 0.000966771
1 0.00178558 0.00195303
1 0.000882244 0.00104778
1 0.00135953 0.00152436
2 0.00947531 0.00963945
1 0.000767492 0.000929222
0 0 0.000161288
1 0.00857434 0.0087356
1 0.00170532 0.00185586
1 0.00410294 0.00425284
1 0.00110452 0.00125383
2 0.0168638 0.0170113
1 0.00127647 0.00142369
1 0.0242827 0.0244273
2 0.00609779 0.00623523
0 0 0.00013355
2 0.0133784 0.0135098
1 0.00270901 0.00284003
1 0.00570652 0.00583425
1 0.00145288 0.00158025
2 0.0525301 0.0526568
2 0.0318165 0.0319396
2 0.0148724 0.0149929
1 0.0558113 0.0559311
1 0.00189574 0.00201401
2 0.023719 0.0238362
1 0.00374914 0.0038638
1 0.0193979 0.0195116
1 0.00160579 0.0017195
1 0.000815301 0.00092876
2 0.00461132 0.00472409
1 0.00339432 0.00350675
0 0 0.00011204
1 0.00867591 0.00878777
1 0.0187901 0.018899
1 0.00866143 0.00876866
1 0.00105692 0.0011623
1 0.00109894 0.00120402
1 0.0126591 0.0127634
1 0.00192372 0.00202656
2 0.0184153 0.0185178
1 0.00682439 0.00692573
1 0.0053604 0.00545964
2 0.00815265 0.00824931
2 0.00880245 0.00889743
1 0.00209248 0.00218745
2 0.00201308 0.00210685
1 0.00161547 0.00170922
1 0.00563155 0.0057215
2 0.0256794 0.0257692
1 0.00386624 0.00395594
1 0.0059273 0.00601535
2 0.00906134 0.00914855
1 0.00470933 0.00479397
2 0.0325948 0.0326777
2 0.0431348 0.0432176
0 0 8.15414e-05
1 0.00279841 0.00287985
1 0.00847983 0.00856006
2 0.0288816 0.0289611
1 0.00426468 0.00434396
1 0.00103114 0.00110893
0 0 7.76144e-05
1 0.00342443 0.00349798
2 0.0398413 0.0399146
1 0.00307243 0.00314388
2 0.00551399 0.00558399
1 0.00267129 0.00274095
1 0.0367599 0.036828
1 0.0087918 0.0088599
2 0.0302523 0.0303192
2 0.00400691 0.00407329
1 0.000555449 0.000620039
1 0.0148827 0.0149471
1 0.00174311 0.00180654
1 0.0341184 0.0341774
1 0.000992813 0.00104938
2 0.0408507 0.040907
1 0.0051906 0.00524683
0 0 5.60995e-05
1 0.00348386 0.00353989
1 0.0021914 0.00224735
1 0.000782039 0.00083582
1 0.0158114 0.0158638
2 0.00359231 0.00364447
1 0.00805353 0.00810486
2 0.018827 0.0188782
2 0.00180919 0.00185962
1 0.0602679 0.0603178
2 0.00458133 0.00463123
2 0.0043126 0.00436205
1 0.000910138 0.000957885
1 0.00300441 0.00305155
2 0.00309775 0.00314429
1 0.0112024 0.0112488
1 0.0279095 0.0279546
2 0.00427103 0.00431537
2 0.0373589 0.0374028
2 0.00787148 0.00791345
2 0.00239056 0.00243149
2 0.0189899 0.0190308
1 0.00120928 0.00125018
1 0.00789564 0.0079359
2 0.00467458 0.00471474
2 0.0112604 0.0112999
1 0.000414928 0.000454314
1 0.00273231 0.00277041
1 0.00302795 0.00306577
1 0.00151272 0.00154946
1 0.00152051 0.00155661
1 0.00777913 0.00781313
1 0.0041524 0.00418614
1 0.0112856 0.011319
1 0.00422695 0.00425947
1 0.00563174 0.00566425
1 0.0120194 0.0120514
1 0.00488142 0.00491289
2 0.012203 0.012234
1 0.000805325 0.000836197
1 0.00320316 0.00323389
1 0.0182861 0.0183165
2 0.0046688 0.00469743
1 0.00282584 0.00285421
2 0.0213382 0.0213663
2 0.00409985 0.00412735
2 0.0211159 0.0211429
2 0.0232336 0.0232602
0 0 2.63667e-05
1 0.00612954 0.0061559
1 0.00939782 0.00942381
1 0.00421688 0.00424271
1 0.00240546 0.00243047
1 0.000947509 0.000972389
1 0.00540554 0.00543017
1 0.00542899 0.00545324
2 0.00181548 0.0018387
1 0.000602452 0.000625641
2 0.00781573 0.0078386
1 0.00135519 0.00137725
2 0.00984801 0.00987002
2 0.00154901 0.00157097
1 0.0196593 0.0196807
1 0.00268759 0.00270823
1 0.00223836 0.00225896
2 0.030493 0.030513
2 0.00963054 0.00965025
1 0.00679104 0.00681039
1 0.0254043 0.025423
1 0.022785 0.022803
2 0.00202481 0.00204271
1 0.0123697 0.0123863
2 0.0196888 0.0197054
1 0.00414009 0.00415657
1 0.00240225 0.00241846
2 0.00461541 0.0046314
2 0.00140067 0.00141599
2 0.00466442 0.00467935
1 0.0026578 0.00267236
2 0.00732676 0.00734111
1 0.0018044 0.00181864
1 0.00344492 0.00345889
1 0.0304365 0.0304503
1 0.0827118 0.0827253
1 0.00483095 0.00484427
2 0.00317185 0.0031851
1 0.00367916 0.00369197
1 0.00155762 0.0015704
1 0.00437223 0.00438491
1 0.00439211 0.00440476
2 0.00158029 0.00159279
1 0.00653304 0.00654524
2 0.0246247 0.0246366
2 0.0015317 0.00154345
1 0.00337447 0.0033862
1 0.00736282 0.00737428
1 0.0252254 0.0252368
1 0.00861518 0.0086266
2 0.0154244 0.0154357
2 0.00874979 0.00876054
2 0.00868364 0.00869402
1 0.00154242 0.00155231
2 0.00837541 0.00838496
1 0.00294799 0.00295673
2 0.0524415 0.0524493
1 0.00345481 0.00346255
2 0.0081169 0.0081246
1 0.00487386 0.00488116
1 0.00407164 0.0040779
2 0.00694906 0.00695496
1 0.0112218 0.0112277
1 0.00687755 0.00688318
1 0.00886148 0.00886693
2 0.00279308 0.00279832
1 0.00233154 0.00233667
1 0.00229774 0.00230278
1 0.0281626 0.0281674
2 0.00759152 0.0075962
1 0.00442165 0.00442593
2 0.0333399 0.0333441
1 0.0397497 0.0397535
2 0.00875141 0.00875487
2 0.0092955 0.00929888
2 0.0342454 0.0342487
2 0.00433139 0.00433461
1 0.00770095 0.00770397
2 0.0390068 0.0390097
1 0.00270279 0.00270552
1 0.00528967 0.00529232
2 0.0196161 0.0196188
1 0.010302 0.0103044
2 0.0124218 0.0124242
2 0.00309074 0.00309297
1 0.0660071 0.0660088
1 0.000707031 0.000708696
1 0.00257807 0.0025797
1 0.0447255 0.044727
1 0.0199168 0.0199183
2 0.00730316 0.00730464
1 0.0200389 0.0200404
1 0.00962588 0.00962734
1 0.00131852 0.00131939
2 0.019397 0.0193978
1 0.00411593 0.00411672
1 0.00134398 0.00134473
1 0.00526024 0.00526094
2 0.00428936 0.00429004
2 0.010219 0.0102196
1 0.00241841 0.00241892
2 0.00819709 0.00819755
2 0.00202896 0.00202941
2 0.0432006 0.043201
1 0.00819469 0.00819505
1 0.00274095 0.00274123
1 0.000909821 0.00091006
1 0.0132169 0.013217
2 0.00133697 0.00133709
1 0.00341572 0.00341584
2 0.00127573 0.00127578
2 0.00248399 0.002484
2 0.00447246 0.00447246
