0 0 inf
0 0 0.365431
0 0 0.0726089
1 0.111776 0.161247
1 0.0307466 0.0775185
0 0 0.0421946
0 0 0.0418799
0 0 0.0412077
1 0.0541143 0.0914137
0 0 0.0361761
1 0.0420856 0.0757507
0 0 0.0298338
0 0 0.0276238
0 0 0.0266336
0 0 0.0253433
0 0 0.025135
0 0 0.024185
1 0.0270471 0.0502342
1 0.0548877 0.0772564
0 0 0.0204712
0 0 0.0190591
0 0 0.0187577
0 0 0.0178631
0 0 0.0162939
0 0 0.0156015
0 0 0.0153208
0 0 0.0152253
0 0 0.0144049
1 0.00589138 0.0191346
0 0 0.0130184
0 0 0.0121199
0 0 0.0119917
0 0 0.0114308
0 0 0.0110708
0 0 0.0109125
0 0 0.0106078
0 0 0.0101579
0 0 0.0100745
1 0.0242497 0.0341307
1 0.0190546 0.0282717
1 0.0231879 0.0323008
1 0.0210405 0.0298537
0 0 0.00836111
0 0 0.00827983
1 0.0081405 0.0158997
1 0.0587819 0.066209
1 0.0349966 0.0423698
0 0 0.00728921
0 0 0.00726277
0 0 0.00723851
0 0 0.00721519
0 0 0.00708009
0 0 0.00706948
0 0 0.00697639
1 0.0191855 0.0261438
1 0.0285806 0.0349669
0 0 0.0061585
0 0 0.00608587
0 0 0.00596361
0 0 0.0057054
0 0 0.00550131
0 0 0.0050216
1 0.157373 0.162349
1 0.017896 0.0228682
0 0 0.00495912
1 0.03132 0.0361843
0 0 0.00476951
0 0 0.00474676
0 0 0.00474624
0 0 0.00463899
2 0.0348243 0.0393604
1 0.0122342 0.0166966
1 0.00365806 0.00809551
0 0 0.00430581
1 0.401323 0.405612
0 0 0.004163
0 0 0.00414482
0 0 0.00412657
0 0 0.0039461
0 0 0.00390427
0 0 0.00387695
2 0.0368521 0.0407164
0 0 0.00385777
1 0.0439241 0.0476014
0 0 0.00367194
0 0 0.0036511
0 0 0.00356816
0 0 0.00355332
0 0 0.00354986
2 0.104964 0.108467
0 0 0.00345528
0 0 0.00343893
1 0.0368424 0.0402259
1 0.013231 0.0164805
1 0.0846349 0.0878501
0 0 0.00319366
1 0.0125757 0.0157276
1 0.00312107 0.00625258
1 0.0520538 0.0551448
0 0 0.00305968
1 0.0906946 0.0937091
1 0.0210456 0.0240455
0 0 0.00291604
2 0.0206293 0.0235045
0 0 0.00286727
1 0.0195466 0.0223811
0 0 0.00281586
1 0.00415575 0.00688718
0 0 0.00269557
0 0 0.00264499
0 0 0.00261702
1 0.083589 0.0861624
1 0.00498986 0.00755585
1 0.0280711 0.030631
1 0.0294632 0.0319746
1 0.0132657 0.0157553
1 0.00989457 0.0122929
0 0 0.0023683
1 0.0386201 0.0409289
0 0 0.0022838
1 0.0467337 0.0488947
1 0.00620198 0.0083557
0 0 0.00212756
0 0 0.00212259
1 0.0218139 0.023897
0 0 0.00207603
1 0.00161552 0.00366265
0 0 0.00203616
1 0.0304007 0.0324277
1 0.0333509 0.0353661
1 0.0299166 0.0319183
0 0 0.00199856
0 0 0.00195359
1 0.00644407 0.00839135
1 0.0555085 0.0573992
0 0 0.00188705
0 0 0.00185492
1 0.00439705 0.0062378
1 0.00874962 0.0105498
0 0 0.00177509
0 0 0.00177007
0 0 0.00175742
1 0.00473859 0.00647745
0 0 0.00172561
0 0 0.00171552
0 0 0.00171387
1 0.128588 0.130301
0 0 0.00169265
0 0 0.00166911
0 0 0.00166851
0 0 0.00164453
0 0 0.00163017
0 0 0.00158977
0 0 0.00158163
0 0 0.00154626
0 0 0.00153435
1 0.0124476 0.0139552
1 0.0330577 0.0345607
0 0 0.00148156
1 0.0190015 0.0204792
1 0.00593293 0.00737657
0 0 0.00143375
0 0 0.00142184
0 0 0.00141729
0 0 0.00140568
1 0.00845561 0.00985582
0 0 0.00138389
1 0.0176321 0.0189885
0 0 0.00135253
0 0 0.00131481
0 0 0.00130585
1 0.0276843 0.0289879
1 0.00272893 0.00402393
1 0.0232511 0.0245294
0 0 0.00125902
1 0.0046295 0.00586449
1 0.00425126 0.00548514
1 0.00454781 0.00577831
1 0.0149206 0.0161299
1 0.0235509 0.0247598
0 0 0.00120376
1 0.0412701 0.0424653
0 0 0.00118436
0 0 0.00117939
1 0.02853 0.0297032
0 0 0.00115838
1 0.00465568 0.00581251
1 0.00710235 0.00825341
0 0 0.00114277
2 0.0838129 0.0849469
1 0.182996 0.184108
1 0.0271311 0.0282337
0 0 0.00109829
0 0 0.00109305
0 0 0.00108681
1 0.00353998 0.00462476
0 0 0.00107605
0 0 0.00107427
0 0 0.00106034
1 0.0227325 0.0237888
0 0 0.00104312
0 0 0.00104077
1 0.0951096 0.0961379
0 0 0.00102488
1 0.00680607 0.00782545
0 0 0.00101335
1 0.0128056 0.0138102
0 0 0.0010037
1 0.0228491 0.0238475
0 0 0.000997125
0 0 0.000975481
0 0 0.00097004
1 0.00621307 0.00718268
1 0.0819487 0.0829154
0 0 0.000955338
0 0 0.000953452
0 0 0.00095332
1 0.0464812 0.0474337
0 0 0.000945206
0 0 0.000944877
0 0 0.00094238
1 0.0109771 0.0119162
0 0 0.000907508
0 0 0.000875086
2 0.029742 0.0306157
0 0 0.000858182
2 0.0992081 0.100055
1 0.0139523 0.0147973
2 0.184754 0.185568
1 0.0552749 0.0560879
0 0 0.000807602
1 0.024748 0.0255354
0 0 0.000777601
0 0 0.000767246
0 0 0.000757882
1 0.00967675 0.0104174
0 0 0.000735936
0 0 0.000727174
0 0 0.00072624
1 0.0270184 0.0277325
1 0.0490216 0.0497269
0 0 0.000703676
1 0.0121896 0.0128705
0 0 0.000677577
1 0.00228157 0.00295532
1 0.0118615 0.0125339
1 0.00726015 0.00793082
0 0 0.000666796
0 0 0.000660739
1 0.00209074 0.00274986
0 0 0.000649814
1 0.0291863 0.0298327
0 0 0.00063655
0 0 0.000632513
1 0.0024 0.00302881
0 0 0.000624711
0 0 0.000620844
2 0.0188148 0.0194295
1 0.00515732 0.00576459
2 0.163996 0.164602
0 0 0.000603598
2 0.0285856 0.0291859
1 0.00353795 0.00413602
2 0.103019 0.103612
1 0.00658897 0.0071754
1 0.00635642 0.00693873
1 0.00202529 0.00260759
1 0.0021235 0.00269653
2 0.1202 0.120768
1 0.00492944 0.00549102
1 0.055781 0.0563385
0 0 0.000549746
0 0 0.000546475
1 0.077453 0.0779942
0 0 0.000538378
0 0 0.000531954
1 0.393811 0.394336
0 0 0.000514566
1 0.00467201 0.00517807
0 0 0.000505812
1 0.00468982 0.00519082
1 0.00186162 0.00234875
0 0 0.000470694
1 0.0158751 0.016338
2 0.0300724 0.0305342
0 0 0.000461565
0 0 0.000460079
0 0 0.000459036
1 0.0058291 0.00628642
1 0.00845699 0.00890227
1 0.00125421 0.0016972
1 0.0135832 0.0140245
2 0.0429291 0.0433667
1 0.00170349 0.00213448
0 0 0.000430805
2 0.0565747 0.0569871
1 0.00631508 0.00672056
1 0.00599154 0.00639371
1 0.00492476 0.00532277
1 0.00403052 0.00442812
1 0.00235498 0.00275157
1 0.119591 0.119984
0 0 0.000391646
1 0.0276915 0.0280812
0 0 0.000384072
1 0.00657756 0.00695565
0 0 0.000372136
1 0.00799358 0.00836404
1 0.00597688 0.00634232
1 0.00270791 0.00306798
1 0.00191072 0.00226683
0 0 0.000353899
1 0.00411082 0.00445693
1 0.035207 0.0355437
2 0.00762673 0.00795828
1 0.0491595 0.0494908
0 0 0.000321647
1 0.00282515 0.00314628
1 0.00651081 0.00682591
1 0.027276 0.0275898
2 0.011074 0.0113873
1 0.00132205 0.00163416
1 0.00889546 0.00920357
0 0 0.000305678
0 0 0.000304841
1 0.00450104 0.00480409
1 0.00304971 0.0033443
1 0.0220964 0.0223907
0 0 0.000286392
1 0.0109715 0.0112542
1 0.00374294 0.00402446
2 0.0169309 0.0172118
0 0 0.000279728
1 0.00284788 0.00312537
1 0.0227244 0.0229996
0 0 0.000275134
1 0.0027051 0.00298005
0 0 0.000273782
0 0 0.000269959
1 0.00186898 0.00212974
0 0 0.000255647
2 0.00667627 0.00693005
1 0.000837559 0.00109005
0 0 0.000250279
1 0.00161704 0.00186699
0 0 0.00024672
1 0.0933101 0.0935568
1 0.0685341 0.068777
2 0.0112717 0.0115137
1 0.00109874 0.00133643
0 0 0.000234957
0 0 0.000219674
0 0 0.000212557
1 0.00235387 0.00255899
0 0 0.000200907
0 0 0.000199556
1 0.0104385 0.010633
1 0.0544466 0.0546405
1 0.000508856 0.000702233
1 0.00213027 0.00232061
1 0.00177093 0.00195892
1 0.00523838 0.00542615
2 0.0696706 0.0698581
1 0.0011782 0.00136026
1 0.0208016 0.0209831
0 0 0.000180844
2 0.0084512 0.00863095
1 0.00242257 0.00260184
2 0.00849916 0.00867769
1 0.00205658 0.00223374
2 0.00673112 0.00690756
2 0.0893317 0.0895078
1 0.000994125 0.00116935
0 0 0.000174216
0 0 0.000170964
1 0.0244173 0.0245876
1 0.00825571 0.00842114
1 0.00561632 0.00578143
0 0 0.000164525
1 0.0110308 0.0111952
2 0.00764492 0.00780783
1 0.00233952 0.00249937
1 0.00311321 0.0032718
2 0.0963633 0.0965194
1 0.00212036 0.00227378
1 0.00820212 0.00835455
1 0.00577694 0.00592863
2 0.00846043 0.00860978
1 0.00491586 0.00506337
1 0.000490424 0.000632512
1 0.00502739 0.00516418
1 0.0288539 0.0289906
1 0.00212626 0.00226091
2 0.0105599 0.0106933
2 0.00729025 0.0074214
1 0.108794 0.108925
1 0.00121555 0.00134394
1 0.00410004 0.00422719
2 0.0575424 0.0576671
0 0 0.000123564
1 0.00765592 0.00777827
2 0.0785193 0.0786396
0 0 0.00011716
1 0.00142011 0.00153684
0 0 0.000114426
1 0.0018185 0.00193129
0 0 0.000111201
1 0.00208923 0.00220029
2 0.024827 0.0249364
1 0.00405097 0.00415896
0 0 0.000106327
1 0.000895834 0.00100031
1 0.00732443 0.00742851
2 0.0968208 0.0969231
0 0 0.000101905
2 0.107274 0.107374
1 0.00101877 0.00111881
2 0.00519006 0.00528829
1 0.00163342 0.00172933
0 0 9.50612e-05
1 0.00475278 0.00484539
2 0.0551437 0.0552358
2 0.015931 0.0160227
1 0.00502657 0.00511698
1 0.00167733 0.00176696
1 0.00167238 0.00176136
1 0.00669772 0.00678634
1 0.00117011 0.00125813
1 0.0160832 0.0161679
2 0.0186387 0.0187231
2 0.0302561 0.0303395
1 0.00178587 0.00186821
1 0.00711473 0.00719636
1 0.0037922 0.00387247
1 0.00101941 0.00109879
1 0.00117161 0.00124981
2 0.170797 0.170873
1 0.00102383 0.00109748
1 0.00597252 0.0060441
2 0.133889 0.13396
1 0.00244143 0.0025125
1 0.0616763 0.061746
1 0.0160626 0.016131
2 0.0352714 0.0353396
1 0.00233771 0.00240444
1 0.00247118 0.00253676
1 0.00127819 0.001343
2 0.0302692 0.0303332
1 0.00178783 0.00185011
1 0.00220907 0.00227068
1 0.0296821 0.0297422
2 0.0149904 0.0150501
1 0.00810723 0.00816684
1 0.00206868 0.00212812
0 0 5.91748e-05
2 0.00741405 0.00747163
2 0.00196156 0.00201896
1 0.00301715 0.00307439
1 0.00269961 0.00275676
1 0.00400121 0.00405783
1 0.00171949 0.00177599
2 0.00681544 0.00687065
2 0.00925194 0.0093061
1 0.00246035 0.00251433
1 0.00736729 0.00742046
0 0 5.25451e-05
2 0.0838763 0.0839287
0 0 5.09222e-05
1 0.00824908 0.00829985
1 0.0166865 0.0167361
1 0.00195378 0.00200236
1 0.00851552 0.00856408
1 0.00351839 0.0035659
1 0.000760204 0.00080752
1 0.00319282 0.00323948
1 0.0160686 0.0161146
1 0.000662857 0.000708108
1 0.00243254 0.00247741
2 0.0379748 0.0380194
1 0.00243937 0.00248378
2 0.00236859 0.00241263
2 0.00187679 0.0019208
1 0.00162193 0.00166467
2 0.00114309 0.00118545
2 0.0841978 0.0842402
2 0.00692229 0.00696423
2 0.0191587 0.0192006
1 0.000739166 0.000780108
2 0.00839357 0.0084344
1 0.000228687 0.000269477
1 0.000502871 0.0005435
1 0.00567856 0.00571872
2 0.00862589 0.0086649
2 0.00423386 0.0042717
2 0.00419369 0.00423141
2 0.0018704 0.00190724
1 0.00162487 0.00166076
1 0.00210078 0.00213517
1 0.0445463 0.0445779
1 0.00184195 0.00187335
1 0.00146527 0.00149529
2 0.00626355 0.00629322
1 0.000953833 0.00098348
1 0.0185389 0.018567
1 0.0488497 0.0488767
1 0.00740367 0.0074305
2 0.0162224 0.0162488
1 0.0010297 0.00105544
2 0.00180986 0.00183519
0 0 2.51902e-05
1 0.00165982 0.00168466
2 0.0086528 0.00867727
1 0.00400101 0.00402492
2 0.00189675 0.00192032
2 0.0031216 0.00314427
2 0.0030019 0.00302433
1 0.0228581 0.0228796
1 0.00326099 0.00328232
1 0.000216035 0.000236718
2 0.0057801 0.00580068
1 0.00182616 0.00184636
2 0.00238445 0.00240426
2 0.00256388 0.00258277
1 0.00842167 0.00843957
1 0.00453872 0.00455597
1 0.000152377 0.000169587
1 0.000923452 0.000940513
1 0.00404471 0.00406093
1 0.00692436 0.00694026
1 0.0137193 0.0137349
1 0.00112176 0.00113682
1 0.00211103 0.00212596
1 0.0205102 0.0205248
2 0.013225 0.0132396
1 0.00451153 0.00452523
2 0.0245759 0.0245894
1 0.0130651 0.0130783
2 0.00213986 0.00215122
1 0.00758816 0.0075993
1 0.00209894 0.00211005
1 0.00119303 0.001204
1 0.00187745 0.00188827
1 0.00594542 0.00595542
1 0.0222076 0.0222163
1 0.000894025 0.000902629
1 0.00012029 0.000128874
2 0.000809527 0.000817859
2 0.0110869 0.0110953
2 0.00495414 0.00496219
2 0.0811797 0.0811878
1 0.0164732 0.0164809
1 0.000970709 0.000978278
2 0.00521253 0.00522003
2 0.00182623 0.00183349
1 0.000975423 0.000982204
1 0.00751075 0.00751751
1 0.000860081 0.000866719
1 0.00303519 0.00304157
1 0.00128503 0.00129132
2 0.00336759 0.00337378
1 0.00194002 0.0019462
1 0.0302068 0.0302129
2 0.0021178 0.00212381
2 0.0111994 0.0112054
1 0.00160103 0.00160693
1 0.00123575 0.00124161
1 0.00141404 0.00141962
1 0.00394154 0.00394689
1 0.000849702 0.000854993
1 0.0046105 0.00461563
1 0.00665956 0.00666455
1 0.00150454 0.00150929
1 0.00596706 0.0059717
1 0.000438386 0.00044299
2 0.00460871 0.00461321
1 0.00253927 0.00254363
2 0.0141722 0.0141765
1 0.00115433 0.0011583
2 0.00382346 0.00382737
1 0.00149894 0.00150255
1 0.0229091 0.0229126
1 0.00664276 0.00664617
1 0.0657789 0.0657823
1 0.0054701 0.00547337
2 0.0111463 0.0111495
2 0.00766691 0.00767001
2 0.0364878 0.0364909
1 0.0233159 0.0233188
1 0.000643778 0.000646689
1 0.000619705 0.000622604
1 0.000794692 0.000797393
1 0.00856063 0.00856286
1 0.00195713 0.00195918
1 0.00475219 0.00475409
1 0.000958716 0.000960524
2 0.00402713 0.0040289
1 0.00403571 0.00403746
1 0.0044132 0.00441478
2 0.00253618 0.00253766
1 0.0017088 0.00171026
2 0.00191403 0.0019154
1 0.047282 0.047283
2 0.0993853 0.0993863
2 0.00191678 0.00191767
1 0.000930532 0.000931363
2 0.00254192 0.00254261
1 0.00206738 0.00206788
2 0.0012755 0.00127593
1 0.00430568 0.0043061
1 0.222158 0.222159
1 0.114743 0.114744
1 0.00111103 0.00111135
2 0.00753944 0.00753968
2 0.00191809 0.00191832
2 0.00534624 0.00534647
2 0.0191348 0.019135
2 0.0150185 0.0150187
2 0.00248689 0.00248694
2 0.00319253 0.00319256
1 0.00215722 0.00215724
1 0.0052668 0.00526682
1 0.000924022 0.000924038
1 0.00710473 0.00710474
2 0.017203 0.017203
2 0.0137378 0.0137378
2 0.00218347 0.00218347
