0 0 inf
0 0 0.0445829
0 0 0.0379487
0 0 0.0368592
0 0 0.0324261
0 0 0.0311907
0 0 0.0311796
1 0.0493664 0.0797702
0 0 0.0282783
0 0 0.0276823
1 0.0166283 0.0410777
0 0 0.024108
0 0 0.0229202
0 0 0.021619
0 0 0.0196638
0 0 0.0194963
1 0.0699087 0.0877483
1 0.0222563 0.0394878
1 0.0288044 0.0454473
0 0 0.015117
0 0 0.0150775
0 0 0.0150207
0 0 0.0147784
0 0 0.0137389
0 0 0.0122086
1 0.0226257 0.0342998
1 0.0221595 0.0338176
1 0.0477313 0.0590648
1 0.0585293 0.0696264
0 0 0.0109925
0 0 0.0108457
1 0.0081577 0.0187779
0 0 0.0100118
0 0 0.00965498
0 0 0.00959967
0 0 0.00939916
0 0 0.00933405
0 0 0.00930965
0 0 0.00923285
1 0.0350401 0.0433612
0 0 0.00795283
0 0 0.00774564
0 0 0.006603
1 0.0217025 0.0281973
1 0.0104814 0.0169359
1 0.00463935 0.0109218
0 0 0.00622985
0 0 0.00620633
0 0 0.00606759
0 0 0.00606
0 0 0.00591321
1 0.0253686 0.0312415
0 0 0.00583732
1 0.158663 0.164485
0 0 0.00577084
0 0 0.00538038
0 0 0.00525425
0 0 0.00506505
1 0.0056506 0.0104434
0 0 0.0047047
0 0 0.00465645
1 0.0499053 0.0544615
0 0 0.00454395
1 0.0183949 0.0227898
0 0 0.00433973
1 0.0247775 0.0290872
0 0 0.00429948
1 0.0313596 0.0356553
0 0 0.00428016
0 0 0.00424166
1 0.00490015 0.00910084
2 0.0417577 0.0459499
0 0 0.00413303
0 0 0.00395666
0 0 0.00393616
0 0 0.00380681
0 0 0.00377794
0 0 0.00372285
0 0 0.00371423
0 0 0.00371354
0 0 0.00368327
0 0 0.00364262
1 0.00306349 0.00670362
0 0 0.00361494
1 0.00686484 0.0103683
0 0 0.00347023
0 0 0.00345833
0 0 0.00340539
1 0.028963 0.0323611
0 0 0.00338592
1 0.0637462 0.0670481
0 0 0.00310838
0 0 0.00306401
0 0 0.00305319
1 0.0237079 0.0267137
0 0 0.00296565
1 0.0402094 0.0431235
0 0 0.00279705
0 0 0.00277806
0 0 0.00276793
1 0.00463219 0.00733235
1 0.00726698 0.0099487
1 0.0380888 0.0407513
1 0.0325869 0.0352156
1 0.0069732 0.0095895
0 0 0.00259301
0 0 0.0024737
0 0 0.00245959
1 0.00586476 0.0083211
0 0 0.00244271
1 0.00509376 0.00753277
1 0.00992582 0.0123356
0 0 0.00233974
1 0.00489969 0.00722806
0 0 0.00232609
0 0 0.00232248
0 0 0.00231727
0 0 0.00230367
0 0 0.00226909
0 0 0.00226859
0 0 0.00226816
1 0.0036679 0.00591743
0 0 0.00223741
0 0 0.00222367
0 0 0.00220041
0 0 0.00218142
0 0 0.00212846
0 0 0.00202027
0 0 0.00201522
0 0 0.00201411
0 0 0.00200684
2 0.0467943 0.048773
0 0 0.00197797
0 0 0.00195519
1 0.0272833 0.0292261
0 0 0.0019413
1 0.0149997 0.0169337
1 0.0610929 0.0629451
0 0 0.00181273
0 0 0.00176912
0 0 0.00176873
2 0.0418885 0.0436288
0 0 0.00172883
0 0 0.00162933
2 0.0117001 0.0133219
0 0 0.00161386
0 0 0.00161176
1 0.0071412 0.00874991
0 0 0.00160483
0 0 0.00160308
1 0.00815119 0.00975272
0 0 0.00158626
0 0 0.00155281
1 0.00952384 0.0110758
0 0 0.00154152
0 0 0.00151677
0 0 0.00149159
0 0 0.00146746
1 0.002762 0.00421936
1 0.00987532 0.0113072
0 0 0.00141182
0 0 0.00139916
1 0.028377 0.0297352
0 0 0.00134978
0 0 0.00134531
0 0 0.0013317
0 0 0.00132317
1 0.025579 0.0268961
1 0.0378876 0.0391971
1 0.00370167 0.00496576
0 0 0.00125486
0 0 0.00124931
1 0.0107901 0.012032
0 0 0.0012226
0 0 0.00121076
1 0.00266782 0.00387455
1 0.00714898 0.00834505
0 0 0.00118803
1 0.015174 0.0163143
0 0 0.00113561
0 0 0.00112873
0 0 0.00111083
1 0.0301168 0.0311758
0 0 0.00105749
0 0 0.00105257
0 0 0.00102158
1 0.00247166 0.00349261
1 0.00474495 0.00576451
0 0 0.00100212
1 0.00448191 0.00547517
2 0.0129681 0.0139211
1 0.0122683 0.0132156
1 0.00458821 0.00552644
1 0.0135315 0.0144659
0 0 0.000928716
0 0 0.000907183
0 0 0.000905946
2 0.0841051 0.0849947
1 0.036016 0.0369043
0 0 0.000885305
0 0 0.000883901
1 0.00204946 0.0029217
0 0 0.000868228
1 0.0282412 0.029109
1 0.030837 0.0316939
0 0 0.000839645
0 0 0.000834735
0 0 0.000826015
0 0 0.000817993
1 0.0310103 0.0318172
1 0.00277965 0.0035778
0 0 0.000778163
1 0.00377378 0.00455019
2 0.0672857 0.0680541
1 0.00572578 0.00649182
0 0 0.000763612
1 0.0111845 0.011946
0 0 0.000747008
1 0.0091813 0.00992812
1 0.0388205 0.0395577
0 0 0.000724873
0 0 0.000714633
1 0.0250424 0.0257563
0 0 0.000708655
1 0.00633915 0.00704703
1 0.045245 0.0459373
0 0 0.00069115
0 0 0.000689423
0 0 0.000687663
2 0.00425626 0.00494186
1 0.00333999 0.00402269
0 0 0.000679676
0 0 0.000679104
1 0.00568135 0.00635461
1 0.00304065 0.00370254
0 0 0.000658299
0 0 0.00064015
0 0 0.000639294
1 0.0400593 0.0406786
0 0 0.000617941
1 0.00445071 0.00506596
1 0.0150427 0.0156447
1 0.00608189 0.0066759
1 0.0566526 0.0572248
0 0 0.000567607
0 0 0.000559302
1 0.00825883 0.00881524
1 0.031915 0.0324685
1 0.00814053 0.00868888
1 0.00624313 0.0067899
1 0.0121953 0.0127369
1 0.00469259 0.005232
2 0.0111401 0.0116753
1 0.00674021 0.00725935
1 0.000786749 0.00130391
2 0.0365578 0.0370709
0 0 0.000512693
0 0 0.00051244
0 0 0.000508501
1 0.0303251 0.030833
0 0 0.000504901
0 0 0.000495693
2 0.0454485 0.0459426
0 0 0.00049323
0 0 0.000493194
1 0.0111831 0.0116718
1 0.0148243 0.0153079
1 0.00333504 0.00380941
0 0 0.000470815
0 0 0.000464706
1 0.00982188 0.0102828
0 0 0.000459612
0 0 0.00045575
2 0.0434908 0.0439128
0 0 0.00041899
2 0.0134824 0.013898
0 0 0.000413137
1 0.00744124 0.00785117
0 0 0.000408564
1 0.00759265 0.00799628
0 0 0.000402964
1 0.0112284 0.0116283
1 0.00377323 0.00416482
0 0 0.000390541
2 0.0117176 0.0121081
2 0.0170786 0.017468
0 0 0.000388266
1 0.0154015 0.0157897
1 0.00484679 0.0052345
1 0.00162777 0.00201266
1 0.00817734 0.0085572
0 0 0.000375376
1 0.00307826 0.00345333
1 0.00696161 0.00733627
1 0.0123765 0.0127498
2 0.00917103 0.00954263
0 0 0.00037039
0 0 0.000367526
2 0.084087 0.084454
0 0 0.000352086
0 0 0.000349882
1 0.0320729 0.032422
1 0.00852606 0.00887402
2 0.0103378 0.0106764
0 0 0.000338382
1 0.0010464 0.00138079
0 0 0.000332448
1 0.0369983 0.0373299
1 0.00317227 0.00348729
1 0.00174988 0.00205677
1 0.00227606 0.0025792
2 0.0130454 0.0133471
1 0.00514536 0.00543955
1 0.00437338 0.00465962
0 0 0.000284611
2 0.0171038 0.0173882
2 0.0204601 0.0207436
1 0.00128125 0.00156067
0 0 0.000278568
1 0.002691 0.00296695
2 0.0111622 0.0114369
1 0.0369183 0.0371877
0 0 0.000267249
1 0.00545849 0.00572324
2 0.0414908 0.041755
1 0.0192556 0.0195151
1 0.00213795 0.00239604
1 0.00639316 0.00664969
0 0 0.000237804
1 0.0524509 0.0526833
0 0 0.000230049
2 0.0122645 0.0124903
0 0 0.000225751
0 0 0.00022076
2 0.00361217 0.00382858
0 0 0.000215383
2 0.00488826 0.00510284
1 0.0158923 0.0161008
2 0.0134251 0.013631
1 0.0273621 0.0275679
1 0.00107989 0.00128332
1 0.00114306 0.00134605
1 0.00115396 0.0013569
1 0.0378472 0.0380477
1 0.00101855 0.00121847
1 0.00392301 0.00412161
1 0.00310784 0.00330589
1 0.019051 0.0192467
1 0.00448455 0.00467851
1 0.0129985 0.0131923
1 0.00841695 0.00860699
0 0 0.000188907
1 0.00125686 0.00144477
2 0.00239494 0.0025826
1 0.0100763 0.0102623
1 0.00292535 0.00310803
1 0.00930901 0.00949039
1 0.00675426 0.0069356
1 0.0408839 0.0410648
0 0 0.000178567
0 0 0.000178088
1 0.0278549 0.0280322
1 0.00583768 0.00601301
1 0.0420577 0.0422315
2 0.0295873 0.0297609
1 0.0209929 0.0211611
1 0.00475206 0.0049188
2 0.0399186 0.0400851
1 0.0012629 0.00142901
1 0.00142651 0.00158969
0 0 0.000159777
1 0.00480315 0.00496286
0 0 0.000158683
2 0.0578221 0.0579807
1 0.00343567 0.00359188
1 0.010131 0.0102865
1 0.00450881 0.00466403
1 0.00277588 0.00292953
1 0.00398168 0.00413146
1 0.0042485 0.0043957
1 0.00395989 0.00410543
0 0 0.00014449
1 0.0312465 0.0313854
2 0.0842011 0.0843386
1 0.00203363 0.00217036
1 0.00246059 0.00259679
1 0.010066 0.0102016
1 0.0270706 0.0272032
1 0.0110706 0.0112029
2 0.00860899 0.00874025
2 0.0578401 0.05797
1 0.00699717 0.00712514
1 0.00653931 0.00666697
2 0.0137341 0.0138616
1 0.0115223 0.0116493
1 0.00112008 0.00124678
1 0.0038841 0.00401027
1 0.00387033 0.00399438
1 0.0129359 0.0130563
1 0.0129591 0.013079
1 0.0013484 0.00146471
0 0 0.000115984
2 0.00297303 0.00308896
1 0.00914755 0.00926193
1 0.00144529 0.00155534
2 0.0129308 0.0130408
1 0.00183858 0.00194822
1 0.000669086 0.000777439
1 0.0316139 0.03172
1 0.00506675 0.00516963
1 0.00329154 0.00339327
1 0.00433441 0.00443581
1 0.0118608 0.0119601
1 0.0284358 0.0285326
0 0 9.2418e-05
0 0 9.1522e-05
1 0.00738341 0.00747444
1 0.002857 0.00294697
0 0 8.97195e-05
0 0 8.75513e-05
1 0.00192945 0.00201677
1 0.0096606 0.00974611
1 0.00416679 0.00425136
1 0.0305764 0.0306596
1 0.00872067 0.00880268
1 0.00275816 0.00283746
1 0.00612465 0.00620155
2 0.16505 0.165127
2 0.0299093 0.0299839
1 0.00184534 0.00191706
2 0.0140478 0.0141191
1 0.00257645 0.0026453
1 0.00798193 0.00805032
0 0 6.81899e-05
2 0.0129579 0.0130258
1 0.00783307 0.00790056
1 0.00166983 0.00173715
2 0.00695571 0.00702261
2 0.013491 0.013557
2 0.00436231 0.00442776
1 0.0354596 0.0355249
2 0.00366991 0.0037339
2 0.013137 0.0131991
1 0.00772798 0.00778914
1 0.00238342 0.00244383
1 0.00148939 0.00154953
1 0.0100588 0.0101182
1 0.00109886 0.00115726
1 0.0108834 0.0109415
1 0.0025934 0.00265067
1 0.0558145 0.0558715
2 0.0309718 0.0310273
2 0.00681039 0.00686561
1 0.00135417 0.00140513
1 0.00465157 0.00470158
1 0.00103999 0.00108974
2 0.0174179 0.0174674
1 0.00221533 0.00226299
2 0.0460986 0.0461454
1 0.00269488 0.00274021
1 0.00210926 0.00215417
2 0.0325333 0.0325781
1 0.00281318 0.00285795
1 0.00079142 0.000834861
2 0.036135 0.0361781
2 0.00727116 0.00731223
2 0.00944253 0.00948235
1 0.000446504 0.000483958
2 0.0121454 0.0121823
1 0.00403278 0.00406906
1 0.000370265 0.000406484
0 0 3.56068e-05
1 0.0016063 0.00164185
2 0.0116767 0.0117112
2 0.00489432 0.00492875
1 0.0024558 0.00248777
2 0.00421042 0.00424225
1 0.00250682 0.00253842
1 0.00138028 0.00141152
2 0.00803926 0.00807005
1 0.00117777 0.0012084
1 0.00222789 0.00225837
1 0.0642849 0.0643148
1 0.0078948 0.00792433
2 0.0130399 0.0130684
1 0.00137625 0.00140448
1 0.00986475 0.00989235
2 0.00595889 0.00598637
1 0.000390098 0.000417287
1 0.00511818 0.00514414
1 0.00600888 0.00603476
1 0.00242513 0.00244966
1 0.00285934 0.00288385
1 0.0321681 0.0321925
2 0.00157912 0.00160317
1 0.00169822 0.00172217
1 0.000562939 0.000586274
2 0.0128233 0.0128463
1 0.0104158 0.0104384
2 0.0418379 0.0418603
1 0.00186111 0.0018832
1 0.00111979 0.00114065
1 0.00221697 0.00223764
1 0.000699512 0.000719406
1 0.000773197 0.000792602
1 0.000699848 0.000718873
2 0.0436671 0.0436849
2 0.0393733 0.0393903
2 0.0457258 0.0457425
1 0.00233852 0.00235496
2 0.00772439 0.00774056
1 0.00499409 0.00501018
1 0.00279505 0.00281006
1 0.00297798 0.0029926
1 0.000705533 0.000720025
2 0.0113632 0.0113769
2 0.0036271 0.00364061
1 0.00568844 0.00570108
1 0.0016787 0.00169068
1 0.00223901 0.00225079
2 0.00155479 0.00156627
2 0.0133626 0.0133735
1 0.00567082 0.00568156
1 0.00343715 0.00344741
1 0.00889255 0.00890248
1 0.0352172 0.035227
2 0.00902164 0.00903103
2 0.00789049 0.00789981
1 0.000741135 0.000749745
1 0.0525596 0.0525676
1 0.00119279 0.00120067
2 0.00817935 0.0081867
1 0.00154625 0.0015532
1 0.00803839 0.00804526
1 0.00383807 0.00384491
2 0.0293761 0.0293824
2 0.00923722 0.00924347
1 0.0121603 0.0121663
1 0.00497767 0.00498337
1 0.00502862 0.005034
1 0.00221337 0.00221869
2 0.00416101 0.00416589
1 0.0117915 0.0117955
1 0.0184785 0.0184825
1 0.00439577 0.00439906
2 0.0221596 0.0221628
2 0.0109835 0.0109863
2 0.00316177 0.00316448
1 0.00309865 0.00310134
2 0.0164429 0.0164455
1 0.00337646 0.00337886
2 0.00945713 0.00945917
2 0.00371648 0.00371842
2 0.00424988 0.00425174
2 0.00143992 0.00144166
2 0.0129162 0.0129179
1 0.00257565 0.00257717
2 0.0208076 0.020809
1 0.0140789 0.0140803
2 0.00287103 0.00287234
2 0.0130668 0.013068
1 0.00822665 0.00822777
1 0.00204079 0.00204192
1 0.00900643 0.00900752
2 0.0369313 0.0369324
1 0.00128819 0.00128927
1 0.00299104 0.00299209
2 0.0146476 0.0146486
2 0.00159268 0.00159365
2 0.0133942 0.0133951
1 0.00285149 0.0028524
1 0.000614221 0.000615039
1 0.000531361 0.000532046
1 0.000539672 0.000540222
2 0.0136437 0.0136441
1 0.00946001 0.0094603
1 0.00939381 0.00939408
2 0.00559948 0.00559966
1 0.00303592 0.00303609
2 0.00805394 0.0080541
2 0.00600001 0.00600017
2 0.00261026 0.00261041
2 0.0118128 0.0118129
1 0.00582172 0.00582177
1 0.031038 0.031038
2 0.00169042 0.00169045
2 0.0105374 0.0105374
2 0.00793443 0.00793445
2 0.0019927 0.0019927
1 0.00151304 0.00151304
