0 0 inf
0 0 0.127065
0 0 0.0605755
0 0 0.0378521
0 0 0.0369351
0 0 0.0329153
0 0 0.0305861
0 0 0.0239223
1 0.0201545 0.0440646
1 0.0247169 0.0484737
0 0 0.020704
0 0 0.0186312
0 0 0.0184333
0 0 0.0175471
0 0 0.0168767
0 0 0.0165648
0 0 0.0162764
0 0 0.0161272
1 0.0604626 0.0763225
0 0 0.0152686
1 0.0236502 0.0388543
0 0 0.014557
0 0 0.0145156
1 0.0219853 0.0356643
0 0 0.0136075
1 0.0159833 0.0287995
0 0 0.0127274
0 0 0.0121172
0 0 0.0116606
0 0 0.0113728
0 0 0.0111343
1 0.0414405 0.0523437
0 0 0.0108406
1 0.0122825 0.0230113
0 0 0.0104253
1 0.0345289 0.0448988
0 0 0.0101076
0 0 0.00999981
1 0.0354993 0.0453455
1 0.00664344 0.0163159
0 0 0.00963337
0 0 0.00941318
0 0 0.00933357
1 0.0345446 0.0433471
0 0 0.0087162
0 0 0.0085157
0 0 0.00811673
0 0 0.00801382
0 0 0.00769076
1 0.177193 0.184855
1 0.0383796 0.045924
0 0 0.00714457
0 0 0.00686721
1 0.0228685 0.0294033
0 0 0.00616578
0 0 0.00616311
0 0 0.00603033
0 0 0.00561428
2 0.0308695 0.0363026
0 0 0.00541513
0 0 0.00518955
0 0 0.00506919
0 0 0.00500361
1 0.0169172 0.0217877
0 0 0.00472712
0 0 0.00468534
1 0.0242394 0.0287047
1 0.00355558 0.00801405
0 0 0.00441722
1 0.0149581 0.0193491
0 0 0.00424234
0 0 0.00411946
0 0 0.00410494
1 0.00932676 0.0133441
0 0 0.00399923
1 0.00532351 0.0092892
0 0 0.00377787
1 0.0207257 0.024482
2 0.0102474 0.0140013
1 0.00956741 0.0132572
0 0 0.00361172
0 0 0.00351817
1 0.00346951 0.00689041
0 0 0.00338938
1 0.025143 0.0284855
1 0.011 0.0142864
0 0 0.00324347
1 0.199292 0.202515
0 0 0.00322232
0 0 0.00317248
1 0.0402138 0.0433178
0 0 0.00308919
0 0 0.00307451
1 0.00285976 0.00592043
0 0 0.00302539
0 0 0.00302531
0 0 0.00298401
0 0 0.00286589
1 0.0905993 0.0934556
0 0 0.00282798
0 0 0.00272985
0 0 0.0027178
0 0 0.00270043
1 0.00557329 0.00822859
1 0.0417139 0.0443271
0 0 0.00261135
0 0 0.00247851
1 0.004446 0.0068675
0 0 0.00241149
0 0 0.00233682
1 0.0531017 0.0554361
0 0 0.00228495
1 0.0396036 0.041867
0 0 0.00224178
0 0 0.00218503
0 0 0.00216532
1 0.0368119 0.0389089
1 0.00775984 0.00985367
0 0 0.00208789
1 0.0045265 0.00659488
0 0 0.00204421
1 0.00569388 0.00770511
0 0 0.00198845
1 0.0581192 0.060092
1 0.00231629 0.00428901
1 0.055459 0.0574127
0 0 0.00195351
0 0 0.00192727
0 0 0.00192144
1 0.00989782 0.0117828
1 0.0161464 0.0180303
1 0.0139749 0.0158465
0 0 0.00185761
0 0 0.00185637
0 0 0.00185454
0 0 0.00182569
0 0 0.00179589
0 0 0.00176936
0 0 0.00176736
0 0 0.00175293
0 0 0.00174208
0 0 0.00172821
0 0 0.00171705
0 0 0.001704
1 0.00402322 0.00570471
1 0.0314447 0.0330993
0 0 0.00164871
1 0.00242223 0.00405372
1 0.00791285 0.00954225
0 0 0.00157256
0 0 0.0015401
1 0.0156595 0.0171851
1 0.01799 0.0194924
0 0 0.0014915
1 0.029449 0.0309244
1 0.126768 0.128228
0 0 0.00144012
0 0 0.00143598
0 0 0.00140393
0 0 0.00136028
0 0 0.00133561
0 0 0.00132765
0 0 0.00130564
0 0 0.00130132
0 0 0.00129218
1 0.00775416 0.00903462
0 0 0.00127541
0 0 0.00127445
1 0.00398166 0.00525549
0 0 0.00125931
2 0.0732771 0.0745236
1 0.0030371 0.00428009
0 0 0.00123891
1 0.0051204 0.00634208
1 0.00489787 0.00610707
1 0.0065444 0.00775337
2 0.0602836 0.0614811
0 0 0.00119524
0 0 0.00118973
1 0.00146466 0.00263982
0 0 0.00115903
1 0.0229177 0.0240669
1 0.0057459 0.00689374
0 0 0.00114085
0 0 0.0011322
1 0.00388091 0.00501126
0 0 0.00113009
1 0.00386624 0.00499582
0 0 0.00112283
0 0 0.00112154
1 0.00201519 0.00313622
0 0 0.0011205
0 0 0.00109997
0 0 0.00108416
1 0.0107557 0.0118272
1 0.00885727 0.0099251
0 0 0.00105638
0 0 0.00105541
0 0 0.00104726
0 0 0.00103404
1 0.023927 0.0249599
1 0.0116248 0.0126575
0 0 0.00102828
1 0.0265571 0.0275756
0 0 0.0010156
1 0.136396 0.137411
1 0.0198294 0.0208435
0 0 0.000998626
1 0.0142953 0.015293
0 0 0.0009834
1 0.00448054 0.00545119
0 0 0.000962246
0 0 0.000956485
2 0.0270688 0.0280165
0 0 0.000947568
1 0.0493372 0.0502825
1 0.0349909 0.0359224
1 0.00125179 0.002182
0 0 0.000923852
0 0 0.000923126
0 0 0.000920228
0 0 0.000916993
1 0.00216574 0.00307389
1 0.0776234 0.078529
0 0 0.000901422
1 0.00405558 0.00495319
0 0 0.000880994
0 0 0.000878469
0 0 0.000869174
0 0 0.000861436
1 0.0211151 0.0219764
0 0 0.000836828
0 0 0.000833435
0 0 0.000830904
0 0 0.000823647
0 0 0.000820191
1 0.0138642 0.0146705
0 0 0.00077943
0 0 0.000772943
0 0 0.000766766
0 0 0.00074411
1 0.00202291 0.00276485
1 0.0086924 0.00943395
0 0 0.00073941
2 0.0655661 0.0662996
2 0.0464085 0.0471367
0 0 0.000723979
1 0.0583075 0.0590314
0 0 0.000722125
1 0.0056576 0.00637163
0 0 0.00069008
1 0.00333552 0.00402503
2 0.0725362 0.0732206
1 0.00148636 0.00216783
0 0 0.000673666
0 0 0.000673406
1 0.0452263 0.0458925
0 0 0.000660629
0 0 0.000656722
1 0.00514269 0.00579875
0 0 0.000654011
0 0 0.000651287
0 0 0.00065094
1 0.0111986 0.0118476
1 0.0203366 0.0209795
1 0.00763282 0.00827239
1 0.0024877 0.0031248
1 0.00559236 0.0062166
0 0 0.000623847
1 0.00125112 0.00187464
1 0.00201316 0.00263347
1 0.0275225 0.0281411
0 0 0.000609179
0 0 0.000602029
1 0.00514551 0.00574241
0 0 0.000595711
1 0.0012081 0.00178701
0 0 0.000570876
1 0.0531908 0.0537604
0 0 0.000563948
0 0 0.000563076
1 0.00389105 0.0044525
0 0 0.000556769
1 0.00404055 0.00459656
2 0.0485943 0.0491491
1 0.0130794 0.0136341
1 0.0186933 0.019237
1 0.0184188 0.0189582
0 0 0.000539009
0 0 0.000537106
1 0.0673837 0.0679182
1 0.0113958 0.0119259
1 0.00189568 0.00239989
1 0.0290117 0.029508
1 0.00848369 0.0089789
2 0.037749 0.03824
1 0.00215692 0.00264675
0 0 0.000484838
0 0 0.000477324
1 0.00678036 0.00725436
2 0.00587527 0.00634771
0 0 0.000471492
1 0.00415264 0.0046123
0 0 0.000458609
1 0.0125558 0.01301
1 0.00165449 0.00210824
2 0.0729387 0.0733884
1 0.0425326 0.042967
1 0.00346532 0.00388755
0 0 0.000416365
1 0.116986 0.117395
1 0.00105295 0.00145356
1 0.00288458 0.00328011
1 0.00128081 0.00166999
1 0.000998044 0.00138427
0 0 0.000383497
0 0 0.000382727
1 0.00247852 0.00286086
0 0 0.000378517
1 0.00251585 0.0028937
1 0.121623 0.122
0 0 0.000374528
1 0.00596421 0.00633865
1 0.0042929 0.00466256
1 0.0103355 0.0106978
1 0.0296456 0.0300011
0 0 0.000355306
0 0 0.000354777
1 0.00533022 0.00568379
1 0.00335922 0.0037127
2 0.0106999 0.011046
2 0.0170361 0.0173806
2 0.0463931 0.0467375
1 0.0026849 0.00302563
1 0.00500707 0.00533881
1 0.00281834 0.0031489
1 0.00168627 0.00201137
1 0.00451551 0.00483671
0 0 0.000317849
2 0.0195099 0.0198276
2 0.040302 0.0406185
1 0.00369138 0.00400568
1 0.00621743 0.00653083
0 0 0.000311513
1 0.0236438 0.0239518
1 0.00508437 0.00539122
1 0.00198285 0.00228644
2 0.0057127 0.00601581
1 0.00223906 0.00253712
0 0 0.000294119
1 0.00142857 0.00171626
0 0 0.000278678
2 0.00373741 0.00401538
1 0.00204606 0.0023201
0 0 0.000272441
1 0.00121756 0.00148053
2 0.058104 0.0583635
1 0.000965471 0.0012242
1 0.00645737 0.00671541
2 0.00328808 0.00354075
1 0.0130948 0.0133429
1 0.00379263 0.00403432
1 0.00358374 0.00382524
0 0 0.000241408
1 0.00387218 0.00411119
1 0.00127065 0.00150527
1 0.0008395 0.00107261
1 0.00230321 0.00253418
2 0.00614031 0.00636985
1 0.00506731 0.00529615
1 0.0015428 0.00176789
1 0.00214043 0.00236386
2 0.0210881 0.0213112
1 0.00741366 0.00763476
1 0.00214582 0.00236012
1 0.00773739 0.00795126
1 0.00951155 0.00972338
1 0.0120111 0.0122224
1 0.00190751 0.0021125
1 0.000655216 0.000859355
1 0.00863093 0.00883277
1 0.00189363 0.00209024
2 0.0643447 0.0645409
2 0.128925 0.129121
1 0.0305409 0.0307351
2 0.00229157 0.0024853
2 0.00661929 0.00680991
2 0.023999 0.0241891
1 0.012885 0.0130711
1 0.0018613 0.00204396
0 0 0.000180498
2 0.00775754 0.00793637
1 0.00252903 0.00270701
1 0.00148215 0.00165812
1 0.0426035 0.0427788
1 0.00206318 0.00223767
0 0 0.000172179
2 0.184952 0.185123
2 0.0487555 0.0489263
1 0.00735082 0.00751992
1 0.0145389 0.0147066
1 0.00260756 0.00277398
1 0.00154905 0.00171381
2 0.0539162 0.0540787
1 0.00243329 0.00259507
1 0.0030877 0.00324874
0 0 0.000159695
1 0.0349432 0.0350996
1 0.00902899 0.00918297
1 0.0243622 0.0245151
1 0.00162362 0.00177617
2 0.00245259 0.00260468
2 0.00221075 0.00236147
0 0 0.000150073
1 0.00384656 0.00399594
1 0.00150994 0.00165843
1 0.00366307 0.00381035
1 0.000624699 0.000771806
2 0.00152144 0.00166648
1 0.0028817 0.00302359
2 0.00250787 0.00264936
2 0.00959595 0.00973673
2 0.00915531 0.00929528
2 0.0103191 0.010457
1 0.00127007 0.00140415
1 0.00131842 0.00145166
1 0.00215966 0.00229258
1 0.0450696 0.0452025
1 0.0265011 0.0266327
1 0.000477532 0.000608816
1 0.00379027 0.00391647
1 0.00264023 0.00276513
1 0.00169582 0.00181833
1 0.00254244 0.00266492
1 0.00847691 0.00859869
0 0 0.000121648
1 0.00266261 0.00278293
0 0 0.0001198
1 0.00199941 0.00211734
1 0.00129315 0.00141032
2 0.00439827 0.0045153
2 0.00317755 0.00329371
2 0.0213935 0.0215092
1 0.00123139 0.00134702
2 0.00533966 0.00545303
1 0.00130666 0.00141954
1 0.000934629 0.00104617
1 0.000757336 0.000868558
2 0.00417716 0.00428789
2 0.00251256 0.00262175
1 0.00368096 0.00378963
1 0.00134437 0.001453
1 0.038101 0.0382089
1 0.0255087 0.0256162
2 0.00277129 0.00287759
1 0.0244688 0.024575
1 0.000915621 0.00102176
1 0.000490781 0.000593271
2 0.0467989 0.0469003
1 0.00134738 0.00144858
2 0.0169305 0.0170313
0 0 0.000100441
1 0.00656844 0.00666885
1 0.00610287 0.0062023
1 0.00871188 0.00881123
2 0.00632604 0.00642404
1 0.000824526 0.000921034
1 0.00231353 0.00240953
1 0.00230068 0.00239354
1 0.00205683 0.00214882
2 0.00889297 0.0089848
1 0.00915481 0.00924623
1 0.00188186 0.00197138
1 0.00259985 0.00268914
1 0.00332811 0.00341614
1 0.017083 0.0171696
1 0.00426417 0.00435014
1 0.00210793 0.00219348
2 0.0314845 0.0315671
1 0.0100355 0.0101172
2 0.00425064 0.00433191
1 0.00154337 0.00162383
2 0.0104952 0.0105743
2 0.0105111 0.0105902
1 0.00084146 0.000919504
2 0.122634 0.12271
1 0.00201981 0.0020945
1 0.00142995 0.00150342
1 0.00188371 0.00195393
1 0.00524786 0.00531768
1 0.00303379 0.00310144
1 0.00973039 0.00979802
1 0.0045912 0.00465862
1 0.0430555 0.0431228
1 0.00235428 0.00242109
1 0.00116957 0.00123487
2 0.00155935 0.00162325
1 0.00992328 0.00998647
1 0.00743845 0.00750083
1 0.00150342 0.00156466
1 0.00875134 0.00881227
2 0.0272843 0.0273448
1 0.00210813 0.00216816
2 0.0169369 0.0169967
2 0.0119549 0.0120137
1 0.00300155 0.00305866
1 0.00274958 0.00280341
2 0.0061682 0.00622203
1 0.00161739 0.00167072
2 0.0113871 0.01144
2 0.0015043 0.00155664
2 0.00167322 0.00172493
1 0.00133011 0.00138177
1 0.0107873 0.0108368
2 0.00812459 0.00817404
1 0.0169665 0.0170156
2 0.00219229 0.00224094
2 0.00898386 0.00903005
1 0.00853016 0.00857467
2 0.00234695 0.00239074
2 0.00207896 0.00212245
1 0.00069183 0.000734827
0 0 4.1097e-05
1 0.00074419 0.000785162
2 0.00243354 0.00247379
1 0.0616341 0.061674
1 0.00198891 0.00202863
1 0.001864 0.0019037
1 0.00123153 0.00127109
2 0.016488 0.0165269
1 0.00488121 0.00491792
1 0.00589979 0.00593503
1 0.00272039 0.0027553
2 0.00339748 0.00343207
1 0.0101142 0.0101485
1 0.00355901 0.00359333
2 0.0133405 0.0133738
2 0.0100224 0.010055
2 0.00576396 0.00579575
1 0.00261015 0.00264174
1 0.0401937 0.0402249
1 0.0308884 0.0309195
1 0.0188203 0.0188511
1 0.00297915 0.00300992
2 0.0147076 0.0147378
2 0.00532211 0.00535206
1 0.0117725 0.0118024
1 0.00212153 0.00215133
2 0.009214 0.0092433
1 0.002039 0.00206824
1 0.000658673 0.000687535
1 0.00378203 0.00381085
2 0.0469745 0.0470031
1 0.00591795 0.00594617
2 0.00301632 0.00304422
1 0.0121948 0.0122217
1 0.0108537 0.0108803
2 0.00303217 0.00305815
1 0.00039717 0.000422844
2 0.0222797 0.022305
2 0.0100897 0.010115
1 0.000790702 0.000815123
1 0.00543546 0.00545945
1 0.0169932 0.0170161
1 0.00312726 0.00315
1 0.0177677 0.0177903
1 0.0168246 0.0168471
1 0.00399616 0.00401782
1 0.046695 0.046716
1 0.0710678 0.0710886
2 0.00149199 0.00151259
1 0.00210412 0.0021243
1 0.00258204 0.00260071
1 0.00282032 0.00283792
1 0.0680004 0.0680168
2 0.00485448 0.00487013
2 0.00220789 0.00222343
1 0.00584305 0.00585834
1 0.00640885 0.00642373
1 0.00646153 0.00647629
1 0.000924603 0.000939368
1 0.0270827 0.0270966
1 0.00527957 0.00529288
1 0.0012784 0.00129148
1 0.120529 0.120542
2 0.0178098 0.0178224
1 0.000505328 0.000517805
1 0.000640686 0.000652917
1 0.00112056 0.00113275
1 0.00537176 0.00538337
1 0.0117721 0.0117834
2 0.00295061 0.00296153
2 0.00316819 0.00317877
1 0.00364668 0.00365676
2 0.0125475 0.0125574
1 0.0053959 0.00540585
1 0.0208119 0.0208218
1 0.00335326 0.00336286
1 0.00206579 0.00207526
1 0.0375299 0.0375387
1 0.00659566 0.00660408
2 0.0188541 0.0188625
1 0.000590247 0.000598234
1 0.0166396 0.0166475
1 0.0135292 0.0135366
1 0.00186817 0.00187538
1 0.00460254 0.00460974
1 0.00342518 0.00343237
2 0.00602849 0.00603557
1 0.00306434 0.0030705
2 0.0119721 0.011978
1 0.00964675 0.0096521
2 0.0114672 0.0114723
2 0.00831854 0.00832346
1 0.00228169 0.00228661
2 0.00209752 0.00210237
1 0.00615801 0.00616279
2 0.00611446 0.00611892
2 0.0475094 0.0475135
2 0.000905908 0.000909962
1 0.00186809 0.00187198
2 0.00247641 0.00247995
1 0.00032823 0.000331345
1 0.000811425 0.000814525
2 0.00260154 0.00260424
1 0.000490127 0.000492732
2 0.00770075 0.00770317
2 0.00188732 0.00188961
2 0.0402036 0.0402058
1 0.00769807 0.00770023
1 0.00417647 0.00417855
2 0.00221536 0.00221744
2 0.000799726 0.000801755
2 0.0568445 0.0568465
1 0.0019591 0.00196093
2 0.00177011 0.0017719
1 0.00124828 0.00125006
1 0.00233236 0.00233407
1 0.0118214 0.011823
1 0.0019285 0.00193009
2 0.00264178 0.00264312
1 0.00247517 0.00247623
1 0.00929817 0.00929912
2 0.0122249 0.0122258
1 0.00759219 0.00759303
1 0.00415355 0.00415434
1 0.00227766 0.00227835
1 0.00113361 0.00113427
2 0.00637241 0.00637284
2 0.0107641 0.0107645
2 0.00213581 0.00213622
2 0.0122289 0.0122292
2 0.00291913 0.00291949
2 0.00629303 0.00629334
2 0.122071 0.122071
1 0.00336182 0.0033621
1 0.00522214 0.00522241
1 0.00227208 0.00227223
1 0.0261314 0.0261315
1 0.00497903 0.00497913
1 0.0625922 0.0625923
2 0.0122353 0.0122354
1 0.0100849 0.010085
1 0.0083794 0.00837946
2 0.0102752 0.0102752
1 0.00486004 0.00486009
2 0.00566589 0.00566594
2 0.0015303 0.00153033
