0 0 inf
0 0 0.173666
0 0 0.161283
0 0 0.0487492
0 0 0.0425407
0 0 0.0366762
1 0.063061 0.0995601
0 0 0.0329705
0 0 0.0328186
0 0 0.0323963
0 0 0.0315763
1 0.0570125 0.0876573
1 0.0269785 0.0541173
0 0 0.0264303
1 0.0288458 0.054751
1 0.0194783 0.0449724
1 0.0331818 0.0573067
0 0 0.0224189
0 0 0.0220186
0 0 0.0193858
0 0 0.0190229
0 0 0.0185128
1 0.0612732 0.0795601
0 0 0.0178129
0 0 0.0167558
1 0.0250362 0.0413214
0 0 0.0160179
0 0 0.0158692
0 0 0.0152413
0 0 0.0151443
0 0 0.0134969
0 0 0.0128695
0 0 0.0128192
0 0 0.012095
0 0 0.011735
0 0 0.0114216
0 0 0.0113555
0 0 0.0113125
0 0 0.010942
1 0.0653029 0.0760627
0 0 0.0106953
2 0.0903125 0.101005
0 0 0.0106774
0 0 0.0105812
0 0 0.0104739
0 0 0.010371
0 0 0.0103098
1 0.0225612 0.0327781
0 0 0.00962782
1 0.0384408 0.0479253
0 0 0.0094366
0 0 0.009271
0 0 0.00921343
0 0 0.00905553
0 0 0.00898739
0 0 0.00850483
1 0.0192604 0.0273748
1 0.013143 0.0209057
0 0 0.0076843
0 0 0.00750782
1 0.0367372 0.04406
0 0 0.00702358
1 0.0264176 0.0333767
0 0 0.00689973
0 0 0.00672272
0 0 0.00656564
1 0.0313399 0.0378744
0 0 0.00631222
0 0 0.00609342
0 0 0.00604963
0 0 0.00597935
1 0.0208256 0.0268005
1 0.0399125 0.0457329
0 0 0.00567474
0 0 0.0054259
0 0 0.00536398
0 0 0.0053373
1 0.00517627 0.0103416
0 0 0.00510883
0 0 0.00508838
0 0 0.0050739
1 0.0409443 0.0459921
0 0 0.00476678
2 0.0593073 0.0640733
1 0.226495 0.231234
0 0 0.00467314
1 0.00700449 0.0115337
1 0.0222395 0.0267244
1 0.0661427 0.0704246
0 0 0.00423141
1 0.00415277 0.00835986
0 0 0.00413114
0 0 0.00400278
0 0 0.00399026
0 0 0.00384925
1 0.0635506 0.067366
0 0 0.0038043
0 0 0.00379613
0 0 0.00377899
1 0.00513005 0.00890066
0 0 0.00376925
1 0.0177516 0.0214774
1 0.13614 0.139775
0 0 0.00359561
1 0.0445428 0.0480801
0 0 0.00352775
1 0.0123857 0.0158946
0 0 0.00347076
0 0 0.00346074
0 0 0.00330185
0 0 0.00325946
0 0 0.00317416
1 0.026092 0.0292512
1 0.00421931 0.00737373
1 0.0124905 0.015631
0 0 0.00312185
2 0.054213 0.0573296
1 0.0169851 0.0200635
1 0.0492529 0.052316
1 0.0202947 0.0233572
0 0 0.00301844
1 0.0123302 0.015329
0 0 0.00298215
0 0 0.00286901
0 0 0.00286017
0 0 0.00279358
1 0.00782053 0.0105933
0 0 0.00269307
0 0 0.00268952
0 0 0.00266501
1 0.0522097 0.0548703
1 0.00328046 0.00586268
0 0 0.00255127
0 0 0.00248325
1 0.0137393 0.0161725
1 0.0167973 0.0192166
1 0.00806376 0.0104778
0 0 0.00234816
0 0 0.00231346
1 0.0222111 0.0245201
0 0 0.00230684
1 0.00704017 0.00934661
1 0.0196526 0.0219537
1 0.0162721 0.0185195
0 0 0.00224667
0 0 0.00222444
0 0 0.00218279
0 0 0.0021754
0 0 0.00215271
0 0 0.00215165
0 0 0.00213754
0 0 0.00211673
0 0 0.00208936
1 0.0350144 0.0371001
0 0 0.00207081
0 0 0.00201093
1 0.00282422 0.00483036
0 0 0.00200248
0 0 0.00198715
0 0 0.00198556
0 0 0.0019671
1 0.0282974 0.0302434
1 0.051901 0.0538171
2 0.102156 0.104061
0 0 0.00190177
1 0.00692138 0.00881145
0 0 0.00188714
0 0 0.00186309
1 0.0144118 0.0162298
1 0.00236186 0.00415808
0 0 0.00179221
0 0 0.00178053
0 0 0.00177243
1 0.00171237 0.00344532
1 0.014763 0.0164949
0 0 0.00169801
0 0 0.00165963
0 0 0.00165127
1 0.0199193 0.0215701
0 0 0.00162102
1 0.0229959 0.0246136
1 0.0305335 0.0321469
1 0.0234464 0.0250433
2 0.0206253 0.0222222
0 0 0.0015807
1 0.00568733 0.00726784
1 0.0441674 0.045742
1 0.00926568 0.0108041
0 0 0.00153098
1 0.00273532 0.00425234
1 0.00211451 0.00361074
0 0 0.00149207
2 0.0440617 0.0455418
0 0 0.00145125
0 0 0.0014495
1 0.0283468 0.0297753
1 0.0608466 0.0622715
1 0.00687472 0.00829891
1 0.0143309 0.0157425
1 0.0179617 0.0193522
1 0.00432914 0.00571585
0 0 0.00135726
1 0.051027 0.0523755
0 0 0.0013426
1 0.00668088 0.00802206
0 0 0.0013398
0 0 0.00133304
0 0 0.00131577
0 0 0.00131338
1 0.0057391 0.00704853
1 0.006045 0.00734244
1 0.0368159 0.0381133
1 0.0807705 0.0820662
0 0 0.00128371
1 0.0138639 0.0151398
1 0.00768275 0.00895168
0 0 0.00125897
0 0 0.00125168
0 0 0.00124745
1 0.014022 0.0152598
1 0.0364651 0.0377019
1 0.0585119 0.0597454
1 0.119932 0.12115
0 0 0.00121482
0 0 0.00120105
0 0 0.00118262
1 0.0163159 0.0174968
0 0 0.00117215
1 0.0143984 0.0155697
0 0 0.00116064
1 0.0525672 0.0537107
0 0 0.00113708
1 0.00667317 0.00780506
1 0.0284274 0.0295583
0 0 0.00112031
0 0 0.00111432
1 0.00999782 0.0110961
1 0.00257853 0.00365794
1 0.00515665 0.00620712
0 0 0.00104759
1 0.0044789 0.00552228
0 0 0.0010415
0 0 0.00103295
0 0 0.00102686
1 0.0415365 0.0425617
1 0.0146811 0.0156959
0 0 0.000975982
1 0.0056192 0.00658611
1 0.00440039 0.00533784
1 0.0160219 0.0169588
0 0 0.000925366
1 0.0273672 0.0282882
1 0.0108125 0.0117154
1 0.00735068 0.00825353
1 0.00506864 0.00596766
0 0 0.000877791
1 0.0574992 0.0583761
1 0.208719 0.20959
0 0 0.000856755
1 0.0081783 0.00902331
0 0 0.000841211
0 0 0.00083883
2 0.00991458 0.0107525
2 0.00877251 0.00959388
1 0.0076281 0.00844817
0 0 0.00080953
1 0.00716402 0.00796727
1 0.00822292 0.00902588
0 0 0.000788267
0 0 0.000782304
0 0 0.00078192
0 0 0.000774353
1 0.0411832 0.0419475
1 0.0432139 0.0439727
0 0 0.00074873
1 0.0459984 0.0467456
1 0.00864718 0.00938973
2 0.0189807 0.0197227
1 0.00144115 0.00218113
0 0 0.000736127
1 0.00296386 0.00369897
1 0.00470747 0.00544007
2 0.102635 0.103363
0 0 0.000727603
1 0.0118464 0.0125699
0 0 0.000715036
1 0.00704411 0.00775763
0 0 0.000711716
1 0.00657163 0.00726446
0 0 0.000688953
2 0.0109349 0.0116089
1 0.00386636 0.00454012
0 0 0.000661367
1 0.00635704 0.00699773
1 0.00288279 0.00351815
0 0 0.000634794
1 0.00540597 0.00603018
0 0 0.000612363
2 0.0158601 0.0164682
0 0 0.000599612
1 0.0563297 0.0569285
1 0.00395591 0.00454984
1 0.00124675 0.00183608
1 0.0779824 0.0785715
0 0 0.00058649
0 0 0.000584104
0 0 0.000582453
1 0.00884855 0.00942104
0 0 0.000564977
0 0 0.000564393
1 0.0568523 0.0574124
2 0.0155841 0.0161344
2 0.02196 0.0225096
0 0 0.000546253
1 0.0279651 0.0285014
0 0 0.000533544
0 0 0.000532928
1 0.00571124 0.0062431
2 0.0559957 0.056522
1 0.00786802 0.00838631
1 0.00440882 0.0049271
0 0 0.000514325
0 0 0.000509043
1 0.239648 0.240155
1 0.00745676 0.00795882
2 0.0106766 0.0111784
1 0.00630068 0.0068012
0 0 0.000495933
2 0.00936484 0.00984999
1 0.00727496 0.00775825
1 0.00539753 0.00587704
1 0.00268208 0.00315479
0 0 0.000467694
1 0.00557881 0.00604404
0 0 0.000460327
0 0 0.000456974
1 0.00615938 0.00661042
1 0.00477672 0.00522167
2 0.0577023 0.0581464
0 0 0.000434764
0 0 0.00043232
1 0.0495098 0.0499336
1 0.0683511 0.0687657
1 0.0025948 0.00300932
2 0.0117815 0.012194
1 0.0277813 0.0281885
1 0.0581769 0.0585817
1 0.00200303 0.00240598
2 0.0104006 0.0108006
2 0.102853 0.103248
1 0.00210898 0.0025018
1 0.000852533 0.00124342
1 0.00536523 0.00575298
1 0.00116933 0.00155644
2 0.00613947 0.00652465
1 0.0013914 0.00177612
1 0.00801753 0.00839632
1 0.00960759 0.00997406
1 0.00183921 0.0021978
2 0.0673821 0.0677404
2 0.0495705 0.0499219
0 0 0.000348318
1 0.000724958 0.00106921
1 0.0217789 0.0221166
1 0.0284499 0.0287866
1 0.0222632 0.0225972
1 0.00351392 0.00384103
2 0.00910848 0.00943116
1 0.0648379 0.0651574
1 0.00140641 0.0017255
0 0 0.000318732
2 0.0125568 0.0128754
1 0.0271483 0.0274564
1 0.00526358 0.00557057
2 0.0520175 0.0523209
0 0 0.000302303
1 0.0102538 0.0105556
2 0.0683105 0.0686095
1 0.00253872 0.00283454
0 0 0.000291077
1 0.0090894 0.0093803
1 0.019217 0.0195052
1 0.0193936 0.0196796
1 0.00327928 0.00356322
1 0.0064055 0.0066851
1 0.00870033 0.00897775
1 0.00147032 0.00173895
0 0 0.000268018
1 0.00479604 0.00506305
1 0.00200592 0.00226815
0 0 0.000256043
2 0.00183859 0.00209428
1 0.00145843 0.00171183
1 0.0285758 0.0288264
1 0.00173421 0.00198475
1 0.00357383 0.00382374
0 0 0.00024631
0 0 0.000245826
2 0.0461312 0.0463735
1 0.00980742 0.0100459
0 0 0.00023772
0 0 0.000234485
1 0.0155562 0.0157906
1 0.00398118 0.00421379
2 0.0242324 0.0244631
0 0 0.000229608
1 0.00189717 0.00212648
1 0.00509873 0.00532785
1 0.0088755 0.00910335
1 0.00291877 0.00314378
1 0.0115556 0.0117754
1 0.0114526 0.0116712
1 0.00280748 0.00302076
1 0.00420729 0.00441753
1 0.00114935 0.00135529
1 0.00795102 0.00815533
1 0.00114092 0.00134488
1 0.00466125 0.00486348
1 0.0416708 0.0418708
0 0 0.000194894
1 0.00142243 0.00161705
0 0 0.000193805
1 0.0144435 0.0146352
1 0.0111081 0.0112969
1 0.00209566 0.00228362
2 0.00971009 0.00989345
2 0.00797525 0.00814801
2 0.0324236 0.032596
1 0.00871964 0.00889109
1 0.016471 0.0166385
1 0.00084371 0.0010077
1 0.0468645 0.047028
0 0 0.000160174
1 0.00318818 0.00334572
1 0.00148563 0.00164125
1 0.0535807 0.0537363
1 0.00900955 0.0091641
1 0.000749029 0.000902861
1 0.00175001 0.00190189
2 0.0588388 0.0589852
1 0.00301712 0.00316218
1 0.00951945 0.00966121
1 0.0199448 0.0200859
1 0.00175979 0.00190049
2 0.00609201 0.00622987
0 0 0.000137155
1 0.0204445 0.0205816
2 0.0220909 0.0222266
0 0 0.000134786
1 0.017538 0.0176707
2 0.0174265 0.0175586
2 0.0585427 0.0586706
1 0.00153285 0.00165871
1 0.00227166 0.00239688
1 0.00608108 0.00620142
1 0.00572968 0.0058498
2 0.00164839 0.00176746
1 0.00238455 0.00250145
2 0.00613199 0.00624852
1 0.00471362 0.00482838
1 0.0342213 0.0343339
1 0.00136991 0.00147914
0 0 0.000105515
1 0.00383113 0.00393585
1 0.0654236 0.0655272
1 0.00609385 0.00619729
1 0.0158332 0.0159362
1 0.00339936 0.00350174
1 0.00316855 0.0032665
2 0.0121914 0.0122877
1 0.00154362 0.00163931
1 0.00394234 0.00403798
2 0.0285121 0.0286053
1 0.00335398 0.00344704
1 0.000859276 0.000951074
1 0.0477148 0.047806
2 0.00736496 0.00745568
2 0.0284949 0.0285841
1 0.0199262 0.0200097
1 0.00769425 0.00777427
2 0.0469693 0.0470472
1 0.00106572 0.00114068
2 0.0200345 0.0201087
1 0.00430169 0.00437464
1 0.00870612 0.00877899
2 0.0117767 0.0118489
1 0.00120735 0.00127898
2 0.0594943 0.0595651
1 0.00406922 0.0041372
1 0.00435302 0.00442063
1 0.0072857 0.00734979
1 0.00595826 0.00602178
2 0.004236 0.00429926
1 0.0077317 0.00779109
1 0.0192491 0.0193081
2 0.0984379 0.0984968
1 0.0279407 0.0279996
2 0.00210102 0.00215681
2 0.00345356 0.00350928
2 0.00984549 0.00990005
1 0.00603037 0.00608475
1 0.00806189 0.00811519
1 0.00173242 0.00178566
2 0.0427624 0.0428155
1 0.00264821 0.00270082
1 0.0167934 0.0168452
1 0.00310354 0.00315517
1 0.00377757 0.00382904
2 0.038284 0.0383354
1 0.00729866 0.00734881
1 0.00171117 0.00176086
1 0.000774887 0.000823677
2 0.00357207 0.0036205
2 0.0167475 0.0167945
1 0.000959966 0.00100605
1 0.0269009 0.0269445
1 0.00134263 0.0013844
1 0.0148165 0.0148562
1 0.00304664 0.00308575
1 0.0014712 0.00151018
2 0.00172136 0.00176003
2 0.0634449 0.0634828
2 0.0577127 0.0577504
1 0.00192497 0.00196204
1 0.00620659 0.00624356
0 0 3.64556e-05
2 0.00382501 0.00386064
2 0.00409579 0.00413139
2 0.0588389 0.0588743
2 0.00188223 0.00191753
1 0.00661016 0.00664544
2 0.052399 0.0524331
1 0.00106078 0.00109464
1 0.0121554 0.0121892
1 0.00975395 0.00978769
1 0.00376428 0.0037978
2 0.029576 0.0296092
1 0.00377788 0.00381112
2 0.014323 0.0143561
1 0.00548252 0.00551519
1 0.00230411 0.0023362
1 0.04245 0.042482
2 0.00988989 0.00992152
1 0.0090305 0.00906199
1 0.00296469 0.00299535
2 0.00677308 0.00680227
1 0.00222246 0.00225118
1 0.000493725 0.000522181
1 0.0089352 0.00896352
1 0.0115765 0.0116041
1 0.00298755 0.00301476
1 0.00220857 0.00223548
1 0.00363437 0.00366106
2 0.0110087 0.011035
1 0.00412668 0.00415213
2 0.00165433 0.00167947
1 0.00672685 0.00675194
1 0.00278138 0.00280584
1 0.00615133 0.00617564
1 0.000583592 0.000607892
2 0.00681858 0.00684269
1 0.0176832 0.0177072
1 0.00136077 0.00138472
1 0.00207346 0.00209738
1 0.00579861 0.00582245
2 0.0590413 0.0590644
1 0.0320252 0.0320478
1 0.00464817 0.00467014
1 0.00107783 0.00109971
2 0.011907 0.0119288
1 0.0033421 0.00336357
2 0.00426794 0.00428846
1 0.0219317 0.021952
1 0.0538878 0.0539077
1 0.00650639 0.00652624
2 0.0120323 0.0120516
2 0.00359741 0.00361607
1 0.00281911 0.00283747
1 0.0988867 0.098905
2 0.00188142 0.00189941
2 0.0168387 0.0168566
1 0.00759649 0.00761426
1 0.0110961 0.0111129
1 0.00470451 0.00472036
1 0.00328713 0.00330199
2 0.0413856 0.0414002
1 0.0168955 0.0169092
1 0.0108889 0.0109024
1 0.00931532 0.00932877
1 0.00378228 0.00379568
1 0.0042821 0.00429474
1 0.00221847 0.00223104
1 0.003547 0.00355956
1 0.0176524 0.0176647
2 0.00381848 0.00383043
2 0.0038623 0.00387415
2 0.00937012 0.00938175
1 0.00526428 0.00527586
2 0.0117267 0.011738
1 0.00184999 0.00186114
2 0.00191848 0.00192956
2 0.00212955 0.00214041
2 0.0198057 0.0198165
2 0.00692706 0.00693757
1 0.00206207 0.00207256
1 0.0423467 0.0423569
2 0.00975409 0.00976423
2 0.0111235 0.0111333
1 0.00293849 0.00294823
1 0.00562619 0.00563583
2 0.00214287 0.00215203
2 0.0120463 0.0120553
2 0.0479952 0.048004
2 0.00731439 0.00732305
2 0.0239548 0.0239631
1 0.00067169 0.000679961
1 0.0478154 0.0478236
2 0.0202285 0.0202364
2 0.00349798 0.00350552
1 0.00402031 0.00402779
1 0.00774062 0.00774786
1 0.0014265 0.00143367
1 0.00102768 0.00103384
1 0.00379375 0.00379938
2 0.00168662 0.00169175
1 0.00576502 0.00577009
2 0.0157125 0.0157174
1 0.0290357 0.0290403
2 0.0148775 0.014882
2 0.00147963 0.00148399
2 0.00398828 0.00399243
1 0.00563403 0.00563796
1 0.00714891 0.00715271
2 0.00605672 0.00606038
2 0.0145717 0.0145752
2 0.0042061 0.00420945
2 0.00450246 0.00450581
1 0.004402 0.00440483
2 0.0105966 0.0105993
2 0.00984793 0.00985045
1 0.00131452 0.00131698
1 0.00226986 0.00227229
1 0.00597415 0.00597654
1 0.0104437 0.0104461
1 0.00194381 0.00194613
2 0.00933756 0.00933982
2 0.0067996 0.00680146
2 0.0490331 0.0490349
2 0.0745697 0.0745714
2 0.00797852 0.0079802
2 0.00146174 0.00146326
2 0.016122 0.0161235
2 0.00694192 0.00694333
2 0.0154369 0.0154383
1 0.0019459 0.00194727
2 0.00652291 0.00652422
2 0.00486585 0.00486712
2 0.050769 0.0507701
2 0.00363802 0.00363911
1 0.00186604 0.00186705
1 0.0180117 0.0180127
2 0.00140539 0.00140629
1 0.00243602 0.00243692
2 0.00678696 0.00678769
1 0.0510255 0.0510262
2 0.0331953 0.033196
2 0.0122444 0.012245
2 0.00642863 0.00642922
2 0.0111273 0.0111279
2 0.0156493 0.0156498
1 0.00211126 0.00211159
2 0.00173564 0.00173593
2 0.0124739 0.0124741
1 0.000894852 0.000895037
1 0.0271483 0.0271485
2 0.00625105 0.0062512
1 0.00829345 0.00829358
2 0.00204301 0.00204312
1 0.00285075 0.00285085
2 0.0180138 0.0180139
1 0.00572205 0.00572211
1 0.00357149 0.00357154
1 0.000971599 0.000971649
1 0.00220186 0.00220187
2 0.0037739 0.00377391
2 0.00409906 0.00409906
1 0.00143601 0.00143601
