0 0 inf
0 0 0.096398
0 0 0.0786942
0 0 0.0682969
0 0 0.0645083
0 0 0.0619495
0 0 0.0509143
0 0 0.0469528
0 0 0.0440673
0 0 0.0422062
0 0 0.0389008
0 0 0.0320144
1 0.0865526 0.118241
0 0 0.0305408
0 0 0.0269475
1 0.0756085 0.102093
0 0 0.0257873
0 0 0.025065
0 0 0.0241671
0 0 0.0231578
0 0 0.0226769
0 0 0.0226545
0 0 0.022532
0 0 0.022327
1 0.0181718 0.0402503
1 0.0206913 0.0407496
0 0 0.0198348
1 0.0550663 0.0736184
1 0.0994314 0.116458
0 0 0.0161357
1 0.0165448 0.0324948
1 0.0905326 0.105942
0 0 0.0146066
1 0.0970745 0.111604
0 0 0.0144955
1 0.0136367 0.0278503
0 0 0.0141887
0 0 0.0139365
0 0 0.0133733
0 0 0.0130237
1 0.0521089 0.0650756
0 0 0.0127464
0 0 0.0126227
0 0 0.0114016
0 0 0.0106272
1 0.0173784 0.0279904
1 0.0202597 0.0304399
1 0.0246619 0.0348279
1 0.128779 0.138756
0 0 0.00991702
0 0 0.00930324
0 0 0.00927464
0 0 0.008851
1 0.0374873 0.046135
0 0 0.00850314
1 0.03 0.0383993
1 0.0144574 0.0225157
1 0.0877339 0.0956635
0 0 0.00790669
0 0 0.00786384
0 0 0.00785846
0 0 0.00778328
0 0 0.00776167
1 0.0891663 0.0967989
0 0 0.00744077
0 0 0.00743166
0 0 0.00731614
1 0.0409313 0.0476799
1 0.005058 0.0117714
0 0 0.00656717
1 0.0262926 0.0328236
0 0 0.00627079
0 0 0.00594482
0 0 0.00593916
1 0.0239904 0.0298627
0 0 0.00571454
1 0.0321484 0.0377367
0 0 0.00558763
0 0 0.00553763
1 0.0941934 0.0997033
0 0 0.00546669
0 0 0.00530457
1 0.132156 0.137312
0 0 0.00493472
0 0 0.00492204
1 0.0108959 0.0156826
0 0 0.00475
1 0.0265817 0.0312777
1 0.0906865 0.0953252
1 0.0168599 0.0214912
0 0 0.00445257
1 0.0944679 0.0988739
0 0 0.00435994
0 0 0.0043314
0 0 0.00433007
1 0.0450132 0.049342
0 0 0.00416357
0 0 0.00410089
0 0 0.00409328
0 0 0.00405916
0 0 0.00395006
0 0 0.00389262
1 0.021367 0.0251248
0 0 0.00373698
1 0.0557531 0.059436
0 0 0.00367159
0 0 0.00366007
1 0.00754636 0.0111986
0 0 0.00361588
1 0.00439876 0.00781171
0 0 0.00338897
0 0 0.00337233
1 0.00652801 0.00987281
0 0 0.00332077
1 0.0168941 0.0200821
1 0.00359193 0.00676003
1 0.00431131 0.00732449
1 0.0333893 0.0362756
1 0.135804 0.138677
0 0 0.00282735
1 0.00677536 0.00959607
0 0 0.00279202
0 0 0.00276615
0 0 0.00276412
0 0 0.00276144
0 0 0.00272148
0 0 0.00270834
2 0.119137 0.121812
0 0 0.00266074
0 0 0.0026483
0 0 0.00264086
0 0 0.00261781
1 0.0259515 0.0285158
0 0 0.00255826
1 0.00409628 0.00663663
1 0.00645771 0.00899291
0 0 0.00249735
1 0.00961699 0.0120829
1 0.0118321 0.0142901
0 0 0.00244362
2 0.0436281 0.0460462
0 0 0.00241482
0 0 0.00240558
1 0.0300461 0.0323808
1 0.00234302 0.00463539
0 0 0.00225147
0 0 0.00224314
1 0.00179165 0.00403295
0 0 0.00220793
0 0 0.00218237
1 0.111347 0.113507
1 0.0108532 0.0129444
0 0 0.00209038
2 0.0120919 0.014092
2 0.119098 0.121097
2 0.113684 0.115681
1 0.0202653 0.0222339
1 0.00724754 0.00917673
1 0.0436894 0.0456116
0 0 0.00190638
2 0.0475804 0.0494383
0 0 0.00185217
2 0.011132 0.0129805
0 0 0.0018397
0 0 0.00183664
0 0 0.00183577
2 0.075361 0.0771085
1 0.0230902 0.0248151
0 0 0.00172226
0 0 0.00170906
1 0.00445203 0.00614767
0 0 0.00169472
0 0 0.00168879
1 0.0383132 0.0399931
0 0 0.00167915
1 0.00780725 0.00947567
0 0 0.00164048
0 0 0.00163667
1 0.0292568 0.0308792
0 0 0.00162008
2 0.02988 0.0314968
0 0 0.00159821
0 0 0.00159335
0 0 0.00157768
0 0 0.00156649
1 0.116542 0.118091
0 0 0.00153052
0 0 0.00152925
0 0 0.00152611
1 0.0044711 0.00599686
1 0.0163744 0.0178921
1 0.0268633 0.0283508
0 0 0.00147232
0 0 0.00147054
1 0.110731 0.112134
1 0.0908514 0.0922514
1 0.0646926 0.0660825
1 0.0168807 0.0182684
0 0 0.00138631
1 0.00541942 0.00677309
1 0.0184081 0.0197531
1 0.0250852 0.0264144
1 0.0108069 0.0121183
1 0.0174952 0.0188007
1 0.0964699 0.0977414
0 0 0.0012675
1 0.0257515 0.0270139
1 0.00193073 0.00318454
1 0.0435328 0.0447759
0 0 0.00123599
0 0 0.00123391
1 0.0267274 0.0279456
0 0 0.00121062
0 0 0.00120161
0 0 0.00119559
1 0.025277 0.0264706
1 0.0403789 0.0415635
1 0.0122271 0.0133686
0 0 0.00112894
0 0 0.00110785
1 0.0723589 0.0734562
0 0 0.00109697
0 0 0.00109492
0 0 0.00109191
1 0.00806648 0.00914993
0 0 0.0010804
1 0.0169414 0.0180026
0 0 0.00105709
0 0 0.00105527
1 0.0182065 0.0192599
1 0.00524126 0.00628989
1 0.00335357 0.00439941
1 0.0087789 0.00982383
1 0.0116539 0.012673
0 0 0.00100876
1 0.00824803 0.00925527
0 0 0.000998612
1 0.0905509 0.0915481
0 0 0.000984445
1 0.00454841 0.00551409
1 0.0106406 0.011599
0 0 0.000957212
0 0 0.000947564
0 0 0.000918188
1 0.191465 0.192377
1 0.000874561 0.0017842
1 0.00426292 0.00513944
2 0.0114506 0.0123205
0 0 0.000865001
1 0.00636395 0.00722856
0 0 0.000850187
0 0 0.000846041
0 0 0.000845425
1 0.00122528 0.00206984
2 0.00708164 0.00792004
1 0.0117273 0.0125642
0 0 0.000835135
0 0 0.000820212
0 0 0.000820027
1 0.0255884 0.0263978
0 0 0.00080498
0 0 0.000804301
0 0 0.000801159
0 0 0.000792459
1 0.00355979 0.00434964
1 0.00675075 0.00753855
1 0.00440052 0.00518564
0 0 0.000784018
0 0 0.000777656
1 0.00255426 0.00332372
2 0.110237 0.111006
0 0 0.000765902
1 0.00152974 0.00229346
1 0.00252789 0.00328447
0 0 0.000754679
1 0.00368393 0.00443398
1 0.00310051 0.00384081
1 0.00254343 0.00327015
0 0 0.000718884
0 0 0.000715672
2 0.0283718 0.0290833
1 0.00745832 0.0081695
0 0 0.000697961
0 0 0.000696793
1 0.0153985 0.0160949
0 0 0.000686949
0 0 0.000685337
1 0.0136315 0.0143154
1 0.00760374 0.00828119
1 0.0362287 0.036906
0 0 0.000673351
0 0 0.00066873
1 0.014843 0.0155101
0 0 0.000661262
1 0.110609 0.111264
0 0 0.00064817
1 0.00108873 0.00173615
0 0 0.000638987
2 0.00223122 0.00286606
1 0.0233645 0.0239951
1 0.0034503 0.00407368
1 0.0018164 0.0024321
2 0.0340407 0.034647
0 0 0.000602875
1 0.00478679 0.00538732
1 0.0010703 0.00166389
0 0 0.000591797
1 0.00413402 0.0047205
1 0.00532359 0.00590945
1 0.00121726 0.00178445
1 0.000930261 0.00149493
0 0 0.000551475
1 0.00180988 0.00235494
1 0.00210836 0.0026482
1 0.00572314 0.00626122
1 0.00749522 0.00802423
1 0.0361356 0.0366641
0 0 0.000522379
0 0 0.000512411
1 0.0016207 0.002124
0 0 0.000501544
0 0 0.000499075
1 0.00257118 0.00306739
1 0.00316353 0.0036444
0 0 0.000473961
0 0 0.000473698
2 0.0349817 0.0354485
1 0.00940909 0.00987127
1 0.0288273 0.0292891
1 0.00268167 0.00311635
1 0.0116397 0.0120666
1 0.0412361 0.0416623
1 0.00204535 0.00246135
2 0.138647 0.139062
1 0.0157507 0.016162
1 0.00269669 0.0031049
0 0 0.000405548
1 0.011806 0.0122084
0 0 0.000400745
1 0.0029353 0.00333058
1 0.00109527 0.00147719
1 0.136278 0.136655
1 0.0294583 0.0298189
2 0.0273143 0.0276719
1 0.00607743 0.00642879
1 0.0269978 0.0273416
1 0.00111222 0.00145576
2 0.00178481 0.00212426
1 0.00283163 0.00316818
0 0 0.000333872
2 0.0353117 0.0356448
1 0.0194856 0.0198174
1 0.00482534 0.00515589
0 0 0.00032857
2 0.0475796 0.047908
1 0.00134803 0.00167424
1 0.00396452 0.00428939
1 0.0341342 0.0344584
0 0 0.000319915
1 0.00458625 0.00490582
1 0.00122073 0.00153446
1 0.0014502 0.00176383
2 0.0100221 0.0103328
0 0 0.000306031
1 0.00126394 0.00156855
2 0.0337253 0.0340293
0 0 0.000302748
1 0.010331 0.0106327
1 0.025335 0.0256362
1 0.00170703 0.00200713
1 0.0285766 0.0288633
1 0.00175128 0.00203797
0 0 0.000285999
2 0.0543562 0.054639
1 0.018123 0.0184039
1 0.00255353 0.00283403
1 0.00198742 0.00226167
1 0.006004 0.00627787
1 0.00619485 0.0064673
1 0.00440493 0.0046773
0 0 0.000270871
1 0.00107902 0.0013471
1 0.0459514 0.0462178
1 0.00117824 0.00143262
1 0.0309408 0.0311936
1 0.0165993 0.016852
1 0.000908761 0.00115817
0 0 0.000248359
1 0.0273578 0.0276057
1 0.00166279 0.00191044
1 0.00627163 0.00651913
1 0.0293751 0.0296226
1 0.0358521 0.0360981
2 0.0283869 0.0286304
1 0.00517749 0.00541801
2 0.0097418 0.00998231
1 0.00281785 0.00305809
1 0.00323649 0.00347552
2 0.0552266 0.055465
1 0.0303326 0.0305699
1 0.00550616 0.00574201
1 0.0656952 0.0659307
1 0.00260907 0.00284258
1 0.0056816 0.00591182
0 0 0.000223839
0 0 0.000221446
1 0.0142421 0.0144564
0 0 0.000213983
1 0.00663599 0.0068476
0 0 0.000211578
1 0.00150707 0.00171728
2 0.0126443 0.0128529
1 0.00133569 0.00154344
1 0.00654258 0.00674762
0 0 0.000202972
1 0.0467548 0.0469555
1 0.0271672 0.0273651
2 0.0125762 0.012769
1 0.00293351 0.00312517
1 0.00786003 0.00805133
0 0 0.000190823
1 0.00261169 0.00280189
1 0.00138865 0.00157755
1 0.0103321 0.0105187
1 0.00603251 0.00621164
1 0.00256867 0.00274695
1 0.0141836 0.014361
1 0.0102949 0.010472
1 0.00126539 0.00144058
2 0.0619832 0.0621577
1 0.00251475 0.00268912
2 0.0119839 0.0121568
1 0.00158103 0.00175264
1 0.00601229 0.00618101
1 0.00259808 0.00276393
1 0.00516708 0.00532933
1 0.0011678 0.0013275
1 0.0293397 0.0294963
0 0 0.000156378
1 0.00149916 0.0016552
2 0.00571478 0.00587072
1 0.00184734 0.00200317
1 0.00884101 0.00899484
1 0.00133168 0.00148413
2 0.0336326 0.0337829
1 0.0115053 0.0116542
1 0.0280098 0.0281578
1 0.0235059 0.0236469
1 0.0549451 0.0550832
1 0.0113801 0.0115152
2 0.0462711 0.0464036
2 0.101824 0.101956
1 0.00619078 0.00632047
1 0.00159019 0.00171944
1 0.00279601 0.00292462
1 0.00507734 0.00520344
1 0.00205585 0.00218175
1 0.0020387 0.00216322
1 0.00358118 0.00370445
0 0 0.000123174
2 0.00155054 0.00167335
1 0.0278137 0.0279357
1 0.00441886 0.00454054
1 0.00103191 0.00115095
0 0 0.000118374
0 0 0.000118302
0 0 0.000117616
2 0.00258327 0.00269967
1 0.011516 0.0116316
1 0.00295951 0.00307358
2 0.00245834 0.00257236
1 0.00167907 0.00179281
2 0.0143547 0.0144662
1 0.00211008 0.00222148
2 0.00673861 0.00684846
1 0.00138262 0.00148795
1 0.0424339 0.0425381
2 0.00609089 0.00619399
2 0.00690816 0.00701042
1 0.00482459 0.00492654
2 0.0321186 0.0322187
2 0.00786161 0.00796139
1 0.00538448 0.0054841
1 0.0033924 0.00349182
1 0.0025314 0.00263059
1 0.00843648 0.00853403
1 0.00118615 0.00128217
2 0.0177067 0.0178023
1 0.0251683 0.0252637
1 0.00272052 0.00281526
1 0.0103404 0.0104349
2 0.00367338 0.00376758
2 0.00677695 0.00687051
1 0.00168644 0.00177984
1 0.00716503 0.00725813
2 0.00349514 0.00358797
1 0.0862548 0.0863475
1 0.00291062 0.00300329
1 0.00312077 0.00321324
1 0.0283391 0.028428
1 0.00622088 0.00630926
1 0.00273094 0.00281771
2 0.00156705 0.00165226
0 0 8.33166e-05
1 0.000913224 0.000996076
2 0.00363727 0.00371911
2 0.00203983 0.00212155
2 0.00197469 0.00205552
1 0.0023018 0.00238116
2 0.0303397 0.0304188
1 0.00163239 0.00171054
2 0.00329582 0.00337388
2 0.106372 0.10645
1 0.00210891 0.00218644
2 0.0242753 0.0243521
1 0.00529927 0.00537587
0 0 7.65038e-05
2 0.00269945 0.00277592
2 0.00403981 0.0041159
0 0 7.51302e-05
1 0.00685295 0.00692807
1 0.00373052 0.00380543
1 0.000534393 0.000608339
2 0.00180984 0.00188363
2 0.0544261 0.0544984
2 0.00312411 0.00319172
1 0.0127263 0.0127929
1 0.00113478 0.00120014
1 0.00157479 0.00163913
1 0.00228271 0.00234546
1 0.00158388 0.00164621
2 0.0295327 0.0295922
2 0.0389536 0.0390124
1 0.00627072 0.00632915
2 0.0303139 0.0303716
2 0.00190128 0.00195853
1 0.00168514 0.00174131
1 0.00375069 0.00380654
1 0.00156042 0.00161563
1 0.0260088 0.0260633
1 0.00754701 0.00760079
1 0.000558538 0.000609321
2 0.00660823 0.00665888
1 0.00253861 0.00258775
1 0.00233463 0.00238357
1 0.0395312 0.0395794
1 0.0111613 0.0112092
1 0.0032824 0.00332844
1 0.00361349 0.00365816
1 0.00371176 0.00375529
1 0.00600266 0.00604561
2 0.0251598 0.0252018
1 0.00680007 0.0068405
2 0.0292447 0.029285
1 0.00474525 0.00478416
1 0.00115541 0.00119299
1 0.00984725 0.0098845
1 0.00672388 0.00675872
1 0.0300729 0.0301069
2 0.00322517 0.00325663
1 0.00751708 0.00754822
2 0.0138107 0.0138412
2 0.00240124 0.00243108
1 0.0118024 0.011832
2 0.00317321 0.00320284
2 0.0135909 0.0136199
2 0.0276202 0.0276486
1 0.00157811 0.00160653
1 0.00269462 0.00272266
1 0.000877853 0.000905665
2 0.00518783 0.00521552
1 0.00668159 0.00670815
2 0.0380061 0.0380322
1 0.0119253 0.0119512
1 0.0071159 0.00714115
1 0.00202658 0.00205146
2 0.00775406 0.00777631
1 0.0270261 0.0270483
1 0.00128372 0.00130563
1 0.0183717 0.0183931
1 0.00212249 0.00214364
2 0.00204135 0.00206218
1 0.00406315 0.00408337
2 0.0030432 0.00306341
1 0.00302102 0.00304112
2 0.00170226 0.00172193
2 0.0107883 0.0108079
1 0.00950106 0.00952054
1 0.00569595 0.00571539
1 0.00195483 0.00197366
2 0.00294576 0.00296434
1 0.00510218 0.00512075
1 0.00580883 0.0058273
2 0.00190795 0.0019261
1 0.00892022 0.00893821
1 0.0013445 0.00136245
2 0.0375762 0.0375938
2 0.0121334 0.0121511
2 0.00640832 0.00642583
1 0.000499321 0.000516534
2 0.0123719 0.0123889
1 0.009113 0.00912964
1 0.00135739 0.00137384
0 0 1.60244e-05
2 0.00924546 0.00926129
1 0.00175839 0.00177338
2 0.00172799 0.00174243
1 0.00134352 0.00135745
2 0.00168338 0.00169714
2 0.039315 0.0393285
2 0.00178491 0.00179819
2 0.00152584 0.0015383
2 0.0144924 0.0145048
1 0.0231127 0.0231243
2 0.0112056 0.0112169
2 0.00332673 0.00333783
1 0.0141542 0.014165
1 0.115391 0.115401
1 0.0351862 0.0351967
1 0.0241187 0.0241289
2 0.0267041 0.026714
1 0.0111497 0.0111595
1 0.00631596 0.00632519
2 0.00635307 0.00636218
2 0.00270605 0.00271493
1 0.00260643 0.00261515
2 0.00480751 0.00481555
1 0.0198967 0.0199047
1 0.140158 0.140165
2 0.00252931 0.00253679
1 0.0220901 0.0220973
2 0.00860861 0.00861583
1 0.0306026 0.0306096
1 0.00942206 0.009429
2 0.0276249 0.0276318
1 0.00132122 0.00132707
2 0.00393281 0.00393842
2 0.00694492 0.00695017
2 0.00312357 0.00312876
1 0.00107644 0.00108138
1 0.0303457 0.0303503
1 0.000796999 0.000801345
2 0.0113709 0.0113752
2 0.00728847 0.00729267
2 0.0278697 0.0278738
1 0.00206237 0.00206621
1 0.000759455 0.000763283
1 0.0361477 0.036151
1 0.003462 0.00346514
1 0.00692176 0.00692478
2 0.00771988 0.00772255
2 0.0287065 0.0287091
2 0.00366098 0.00366359
1 0.00152298 0.00152554
1 0.000438555 0.000441052
1 0.00322174 0.00322416
1 0.00287334 0.00287576
2 0.00459881 0.0046008
2 0.0136939 0.0136958
2 0.0411057 0.0411075
1 0.00319261 0.00319443
2 0.00261127 0.00261291
2 0.0319652 0.0319666
2 0.00350241 0.00350382
2 0.00182508 0.00182644
2 0.00304564 0.00304698
1 0.00511448 0.0051157
1 0.0280067 0.0280079
1 0.0439962 0.0439974
2 0.00363887 0.00363992
2 0.00583035 0.00583137
1 0.00273509 0.0027361
1 0.00837826 0.00837885
2 0.00797388 0.00797447
1 0.000606103 0.00060668
2 0.00371835 0.0037189
2 0.0183958 0.0183963
1 0.0356182 0.0356186
2 0.00212184 0.00212231
2 0.003236 0.00323641
2 0.00536968 0.00537001
2 0.00700822 0.00700853
2 0.0262177 0.026218
1 0.00151748 0.00151778
1 0.00252221 0.00252249
1 0.0321682 0.0321684
2 0.00333526 0.00333551
1 0.000728617 0.000728838
1 0.00200323 0.00200345
2 0.0242769 0.0242771
1 0.00111565 0.0011158
2 0.0287887 0.0287888
1 0.00878469 0.00878478
1 0.00128987 0.00128992
1 0.00156336 0.00156341
1 0.00163826 0.0016383
2 0.0379508 0.0379508
2 0.00483041 0.00483042
1 0.00167166 0.00167167
1 0.00896437 0.00896437
2 0.00264567 0.00264567
