0 0 inf
0 0 0.109592
0 0 0.0694734
0 0 0.0576223
1 0.0361456 0.0836648
0 0 0.0355688
0 0 0.033204
0 0 0.0317819
0 0 0.0308058
1 0.0743494 0.101932
0 0 0.0238385
0 0 0.0237823
1 0.0868612 0.108924
0 0 0.0217661
0 0 0.0215266
0 0 0.0211854
0 0 0.0205216
0 0 0.0192683
1 0.0183783 0.0370787
0 0 0.0183067
0 0 0.0182861
0 0 0.0182721
0 0 0.0175533
0 0 0.0160787
0 0 0.0155104
0 0 0.0151387
0 0 0.013247
0 0 0.0132106
1 0.0323808 0.0455008
0 0 0.0129509
0 0 0.0128742
0 0 0.0128301
0 0 0.0124399
0 0 0.011712
0 0 0.0113642
1 0.01853 0.029536
0 0 0.0109006
1 0.0321893 0.0426705
0 0 0.0104327
1 0.0992159 0.109634
0 0 0.0103281
0 0 0.00996201
0 0 0.00993407
1 0.0697698 0.0795605
1 0.0119903 0.0213729
0 0 0.00904652
1 0.085429 0.0942505
0 0 0.0088074
0 0 0.00867969
1 0.0234388 0.0320453
0 0 0.00843528
0 0 0.00802735
0 0 0.00773487
0 0 0.00766402
0 0 0.00766372
0 0 0.00763251
1 0.00544878 0.0130717
0 0 0.00730192
0 0 0.0069124
0 0 0.00684166
0 0 0.0068244
1 0.0115085 0.018332
0 0 0.00661208
0 0 0.00660918
0 0 0.00657661
1 0.00734124 0.0137928
1 0.0192305 0.0255483
1 0.038588 0.0447419
1 0.0268478 0.0328488
1 0.0817452 0.0876904
0 0 0.00587757
1 0.0356459 0.0412052
0 0 0.00551548
1 0.035536 0.0407977
0 0 0.00505629
0 0 0.00494536
1 0.0150815 0.0199988
1 0.0240423 0.0288959
0 0 0.00480637
0 0 0.00480232
0 0 0.00471092
1 0.0195101 0.0240903
0 0 0.00449516
1 0.0188812 0.0232606
0 0 0.0043652
2 0.105234 0.109594
0 0 0.00435528
0 0 0.00426681
0 0 0.00407359
1 0.117577 0.121633
0 0 0.00404655
1 0.0126735 0.0166565
1 0.0336929 0.037651
0 0 0.00395679
0 0 0.00394378
1 0.0253087 0.029248
0 0 0.00392886
0 0 0.00389637
1 0.0934178 0.097297
1 0.00798035 0.0118429
1 0.00692377 0.0107507
0 0 0.00378801
0 0 0.00378503
1 0.00848774 0.0121378
0 0 0.00362194
0 0 0.00359134
1 0.0728697 0.0764535
0 0 0.00355897
0 0 0.00355397
0 0 0.00355289
1 0.0047443 0.00826139
0 0 0.00349881
0 0 0.00348264
1 0.0280492 0.0314545
0 0 0.00340055
0 0 0.00329872
0 0 0.0032705
1 0.105676 0.108945
1 0.0306508 0.0338892
0 0 0.00318962
0 0 0.00316761
1 0.0133292 0.0164254
1 0.0146702 0.0176133
0 0 0.00287529
1 0.016161 0.0189958
1 0.0232228 0.02601
1 0.0130679 0.0158336
0 0 0.00266819
0 0 0.00266368
0 0 0.0026221
0 0 0.00261009
0 0 0.00260865
0 0 0.00253221
1 0.00305215 0.00557905
0 0 0.00251874
0 0 0.0025186
0 0 0.00249512
1 0.00945981 0.0119235
0 0 0.00244523
2 0.108945 0.111376
0 0 0.00241561
0 0 0.00241149
0 0 0.0022662
1 0.00283986 0.00510134
0 0 0.00220212
1 0.0054927 0.0076743
0 0 0.00216985
0 0 0.00216084
1 0.0133601 0.0155102
0 0 0.00214064
0 0 0.00213868
2 0.0985062 0.100616
1 0.0398865 0.0419896
0 0 0.00208651
1 0.02349 0.0255537
1 0.025489 0.0275493
1 0.023439 0.0254881
1 0.0165754 0.0186208
0 0 0.00201744
0 0 0.00194904
0 0 0.00191023
1 0.0579583 0.0598352
0 0 0.00185207
0 0 0.0018418
0 0 0.00180935
0 0 0.00180349
0 0 0.0017927
1 0.0384143 0.0402066
1 0.00505728 0.00684814
1 0.0922102 0.0940009
1 0.00178893 0.00352641
1 0.050573 0.052303
0 0 0.00170164
0 0 0.00167725
1 0.00675251 0.00842874
0 0 0.00164962
0 0 0.00164671
0 0 0.00163478
0 0 0.00162799
0 0 0.00162592
0 0 0.00162307
0 0 0.00161592
1 0.0287388 0.0303476
0 0 0.00160037
1 0.0711335 0.07269
1 0.0094064 0.0109559
1 0.00290917 0.00445506
0 0 0.00150586
1 0.0761203 0.077625
0 0 0.00148729
1 0.00345799 0.00493816
1 0.0037529 0.00523089
1 0.10195 0.103427
0 0 0.00146485
0 0 0.00145758
1 0.0136359 0.0150929
1 0.00551884 0.0069756
0 0 0.00142668
1 0.00284549 0.00425844
1 0.0792346 0.0806402
1 0.0031388 0.00453328
0 0 0.00139109
0 0 0.00139007
0 0 0.00138912
1 0.00627479 0.00766189
0 0 0.00138682
1 0.0348543 0.0362309
1 0.0225228 0.023875
0 0 0.00134166
0 0 0.00131831
1 0.0085876 0.00989519
1 0.00301967 0.00432338
1 0.0118478 0.0131406
0 0 0.00127737
1 0.0141219 0.0153943
1 0.0102425 0.0114973
0 0 0.00125479
1 0.107181 0.108434
1 0.00883694 0.0100843
2 0.0465297 0.0477749
1 0.00548055 0.00672422
1 0.00603633 0.00726643
1 0.00194686 0.00317042
0 0 0.00121799
0 0 0.00120346
1 0.00421282 0.00541496
0 0 0.00119654
1 0.0110992 0.0122928
1 0.077352 0.0785339
1 0.0195854 0.0207629
0 0 0.00117026
1 0.0128519 0.014022
0 0 0.00116436
0 0 0.00116256
2 0.0492803 0.0504402
1 0.0312995 0.032453
1 0.00234004 0.00348611
0 0 0.00113931
2 0.0302124 0.0313507
1 0.0115237 0.0126505
1 0.00302122 0.00414038
0 0 0.00111185
0 0 0.00110557
1 0.00345045 0.00454468
2 0.116731 0.117825
2 0.0193927 0.0204805
0 0 0.00106662
0 0 0.0010618
0 0 0.00106176
0 0 0.00106155
1 0.00772169 0.00877282
2 0.0426221 0.0436732
0 0 0.00104948
0 0 0.00104896
2 0.0369641 0.0379698
0 0 0.00100451
0 0 0.00100316
0 0 0.00100128
2 0.0329509 0.0339474
1 0.0048615 0.0058398
1 0.0162318 0.0172076
0 0 0.000969923
1 0.00447222 0.0054407
1 0.0160285 0.0169879
0 0 0.000951827
1 0.014395 0.015338
0 0 0.000941957
0 0 0.000928877
1 0.00626984 0.00717262
0 0 0.00089985
1 0.00625064 0.00714045
1 0.0319335 0.0327876
1 0.00360194 0.00445471
0 0 0.000844104
0 0 0.000840237
0 0 0.000834304
1 0.00191624 0.0027342
0 0 0.000806774
2 0.00676811 0.0075735
2 0.018031 0.0188353
1 0.0257887 0.0265721
0 0 0.000781024
0 0 0.000779845
1 0.00805592 0.00883263
1 0.0187958 0.0195717
0 0 0.000771605
0 0 0.000768241
1 0.0177454 0.0185083
0 0 0.000757202
0 0 0.000755622
1 0.00888494 0.00963831
0 0 0.00074695
1 0.00375987 0.00450451
0 0 0.000707642
1 0.00555217 0.00625583
0 0 0.000701516
1 0.00190637 0.00259658
0 0 0.000688263
1 0.00657518 0.00726235
0 0 0.000685045
0 0 0.000682017
1 0.00483828 0.00551527
0 0 0.000668345
1 0.0126861 0.0133528
0 0 0.000654423
1 0.0440866 0.044737
1 0.0146017 0.0152349
1 0.00144404 0.00207587
1 0.00256889 0.00320016
1 0.0108813 0.0115043
2 0.0126789 0.0133019
1 0.011588 0.0122054
0 0 0.00061638
2 0.034821 0.0354364
1 0.003765 0.00436911
0 0 0.000601979
1 0.00342493 0.0040201
0 0 0.000593978
1 0.00625373 0.00684696
2 0.110565 0.111155
0 0 0.000571088
1 0.00552641 0.00609355
1 0.04056 0.0411217
1 0.00483812 0.00539284
1 0.00183556 0.00238587
1 0.0456806 0.0462281
1 0.00291565 0.00345533
1 0.00551872 0.00605725
1 0.0232989 0.0238316
0 0 0.00053198
2 0.107487 0.108014
0 0 0.000518352
1 0.00615226 0.00666704
1 0.00593738 0.0064417
1 0.0172351 0.0177386
1 0.00121663 0.00171161
0 0 0.00049253
0 0 0.000485367
2 0.0327397 0.0332179
1 0.00979722 0.0102724
0 0 0.000472508
1 0.0628066 0.0632786
0 0 0.000468318
1 0.00439155 0.00485063
2 0.0547281 0.0551868
1 0.0206786 0.0211372
1 0.00458909 0.00504283
1 0.00338884 0.00384132
2 0.0281728 0.0286206
1 0.0164367 0.0168813
2 0.0457429 0.046184
1 0.00171797 0.0021539
1 0.0134653 0.013898
2 0.0425278 0.0429581
1 0.00379617 0.00422164
0 0 0.000423776
1 0.0320071 0.0324304
0 0 0.000420424
1 0.0131375 0.0135564
1 0.00502984 0.00544689
1 0.00145004 0.00186276
2 0.0439385 0.0443508
1 0.00646561 0.00687672
1 0.00108744 0.00149422
0 0 0.000406448
1 0.0152125 0.0156177
1 0.0190335 0.0194385
1 0.00150686 0.00191186
1 0.00147176 0.00187654
2 0.00757372 0.00797496
0 0 0.000395108
1 0.0977162 0.0981042
1 0.0265749 0.0269602
1 0.045464 0.0458484
0 0 0.000383692
1 0.00361084 0.00399257
1 0.00439834 0.00476939
1 0.0181188 0.0184801
1 0.104432 0.10479
0 0 0.000352758
1 0.15298 0.153329
1 0.00875051 0.00909845
0 0 0.000345897
1 0.00255773 0.00289966
2 0.00433472 0.00466981
1 0.00109248 0.00142623
1 0.00721192 0.00754541
1 0.013924 0.0142555
1 0.00412961 0.00445146
0 0 0.000318882
1 0.00506984 0.00538662
1 0.00162845 0.00193959
1 0.00128847 0.00159862
1 0.00171714 0.00202727
2 0.0949872 0.0952963
1 0.00241373 0.00272281
2 0.0246803 0.0249812
2 0.109103 0.1094
1 0.00274377 0.00304132
1 0.0237062 0.0240026
1 0.00107861 0.00136776
1 0.00129004 0.00157834
2 0.0269913 0.0272767
1 0.00521894 0.00550258
0 0 0.000283317
1 0.00284728 0.00312739
0 0 0.000273504
1 0.00583319 0.00610513
2 0.0175854 0.0178542
1 0.00347034 0.0037312
1 0.00204306 0.00230165
1 0.00111464 0.00137068
1 0.00470612 0.00496105
0 0 0.000252038
1 0.00140237 0.00165242
2 0.0122764 0.0125189
1 0.00514691 0.00538374
1 0.00123941 0.001476
0 0 0.000233647
1 0.00213908 0.00237253
0 0 0.000231174
1 0.0248172 0.0250468
1 0.0167748 0.017003
0 0 0.000225192
1 0.00179823 0.00202121
1 0.021177 0.0213996
1 0.00663011 0.00685188
1 0.0140835 0.0143051
2 0.00785302 0.00807378
2 0.0482055 0.0484235
1 0.00542393 0.0056373
2 0.0198498 0.0200612
1 0.0492446 0.049452
1 0.00070237 0.0009093
1 0.00102217 0.00122768
1 0.0140336 0.014239
2 0.0124411 0.0126442
1 0.0070265 0.0072295
2 0.0240922 0.0242942
2 0.0375877 0.0377888
2 0.00625277 0.00645182
1 0.00404591 0.00424458
2 0.0154177 0.0156146
1 0.00715817 0.0073492
2 0.00773845 0.00792834
1 0.0198414 0.0200278
1 0.00537102 0.00555744
1 0.0116999 0.0118837
1 0.00160532 0.00178789
1 0.00159738 0.00177992
0 0 0.00018102
1 0.00752867 0.0077095
1 0.00142525 0.00160372
1 0.00177602 0.00195443
1 0.00889882 0.00907452
1 0.00304402 0.00321514
2 0.0169414 0.0171112
2 0.00779723 0.00796197
1 0.0105589 0.0107227
1 0.0161396 0.0163004
1 0.0151382 0.0152984
1 0.0118666 0.0120227
1 0.0331601 0.0333127
2 0.00710227 0.00725419
1 0.00112452 0.00127644
2 0.0124615 0.0126127
2 0.0286989 0.0288465
1 0.00148021 0.00162647
2 0.0025231 0.00266871
2 0.104192 0.104337
1 0.00563647 0.00578068
1 0.017474 0.0176133
1 0.00830176 0.00844081
1 0.00597422 0.00611219
1 0.0257212 0.0258565
1 0.0152966 0.0154308
1 0.0565839 0.0567126
1 0.00914639 0.00927303
1 0.000485734 0.000611929
1 0.0263048 0.026431
1 0.00391409 0.00404015
1 0.00928994 0.00941428
2 0.0050114 0.00513472
1 0.00122395 0.00134467
1 0.00185997 0.00198021
1 0.00307211 0.00319196
2 0.00601703 0.00613676
1 0.00294376 0.00306124
1 0.00583384 0.00595129
2 0.154426 0.154543
2 0.00703625 0.00715188
2 0.00569171 0.00580625
1 0.00305924 0.00317241
1 0.00348676 0.00359811
1 0.00333901 0.00344759
1 0.008955 0.00906096
1 0.24617 0.246275
1 0.0288743 0.0289783
1 0.00328203 0.00338452
1 0.0061453 0.00624728
2 0.0019643 0.00206339
1 0.0425468 0.0426454
1 0.00397512 0.00407368
1 0.00525166 0.00535005
1 0.00444008 0.00453804
1 0.0327683 0.0328651
1 0.00178495 0.00187658
1 0.103836 0.103926
1 0.000833429 0.000923647
1 0.00356498 0.00365462
1 0.00121406 0.0013031
1 0.0112376 0.0113266
1 0.00700875 0.00709582
1 0.00505158 0.0051378
1 0.00345913 0.00354473
1 0.00116556 0.00125026
1 0.00232773 0.00241213
2 0.0154209 0.0155051
1 0.00160945 0.00169238
2 0.0036548 0.00373706
1 0.00273677 0.00281892
1 0.0030743 0.00315464
2 0.00387572 0.00395313
2 0.00898616 0.00906227
2 0.0349848 0.0350601
1 0.00167831 0.00175237
0 0 7.3007e-05
2 0.0182217 0.0182937
2 0.00755235 0.00762398
1 0.00492771 0.00499667
2 0.00778526 0.0078533
1 0.000349894 0.000417214
1 0.00247404 0.00254064
2 0.0498303 0.0498937
2 0.00485408 0.00491677
1 0.0118052 0.0118672
1 0.0473466 0.0474066
1 0.00239369 0.00245317
2 0.00706945 0.00712889
1 0.000485929 0.00054393
1 0.0168451 0.0169027
1 0.0051325 0.00518951
1 0.000589531 0.000645859
1 0.00167165 0.00172759
1 0.0112833 0.0113372
1 0.0081339 0.00818687
1 0.0147152 0.0147671
1 0.0104112 0.0104631
1 0.00180023 0.00185052
2 0.0213779 0.0214278
1 0.00319003 0.00323991
1 0.00158685 0.00163589
2 0.0167023 0.0167504
2 0.00632116 0.00636919
1 0.0055162 0.00556393
2 0.0362722 0.0363195
1 0.00226442 0.00231153
2 0.00637367 0.00642044
1 0.106795 0.106841
1 0.0481744 0.0482193
2 0.0067461 0.00678939
2 0.00479888 0.00484193
1 0.00913778 0.00918071
1 0.00368674 0.00372899
1 0.00571131 0.00575184
1 0.00138432 0.00142441
1 0.00586578 0.00590513
1 0.00392469 0.00396399
2 0.011041 0.0110798
1 0.00343538 0.00347312
1 0.0107415 0.0107791
1 0.00183677 0.00187375
1 0.00837324 0.00840979
1 0.0119404 0.0119759
1 0.100295 0.10033
1 0.0014876 0.00152277
2 0.0415041 0.0415389
2 0.012891 0.0129246
1 0.00684487 0.00687828
1 0.00729753 0.00733087
1 0.0181402 0.0181731
2 0.00553674 0.00556955
2 0.0175751 0.0176079
1 0.0508872 0.0509198
1 0.00368874 0.00372025
2 0.00796344 0.0079947
1 0.00182129 0.00185243
2 0.00446853 0.00449785
1 0.00311905 0.00314788
2 0.100162 0.100191
2 0.0383832 0.0384111
2 0.00410514 0.00413267
1 0.00116674 0.00119424
2 0.00691827 0.00694527
2 0.00315504 0.00318195
1 0.00407193 0.00409844
2 0.00161827 0.00164452
2 0.00190005 0.00192512
1 0.00457516 0.0046001
2 0.00796875 0.00799362
1 0.00149291 0.00151671
1 0.0344086 0.0344312
2 0.0190017 0.0190241
2 0.0572688 0.057291
2 0.0153037 0.0153255
2 0.0274135 0.0274346
2 0.0523107 0.0523309
2 0.00352779 0.00354792
1 0.00417497 0.00419491
1 0.00340417 0.00342333
1 0.00120131 0.00121979
2 0.00243214 0.00245053
2 0.00303837 0.00305659
1 0.00702835 0.0070462
1 0.00315952 0.00317733
2 0.0395249 0.0395426
2 0.00363663 0.00365395
2 0.0132223 0.0132393
1 0.00629432 0.00631124
2 0.00172194 0.00173833
2 0.0377198 0.0377362
2 0.00324111 0.0032571
2 0.00575727 0.00577302
1 0.0143954 0.0144105
1 0.0381403 0.0381554
2 0.00477446 0.00478921
2 0.00670359 0.006718
1 0.00338104 0.00339543
1 0.00867642 0.00869081
2 0.249687 0.249701
1 0.0110334 0.0110474
1 0.00149641 0.00151028
1 0.00199371 0.00200706
1 0.0128746 0.0128873
2 0.00682467 0.00683732
2 0.00533755 0.00534987
1 0.0341359 0.0341479
2 0.00154826 0.00156008
1 0.00123042 0.00124219
2 0.00187197 0.00188366
2 0.0320108 0.0320225
2 0.0162086 0.0162202
1 0.0156792 0.0156907
2 0.00703528 0.00704671
1 0.00267258 0.0026831
2 0.0346574 0.0346678
1 0.00320875 0.00321902
1 0.00206185 0.00207212
1 0.00267601 0.00268606
2 0.00268587 0.00269583
2 0.00596021 0.00597016
1 0.00475975 0.00476962
1 0.0160433 0.0160531
2 0.00687524 0.00688492
1 0.0024063 0.00241596
2 0.00180711 0.00181609
1 0.00436508 0.00437406
1 0.022058 0.022066
2 0.00375611 0.00376389
2 0.0186448 0.0186525
1 0.00613202 0.00613949
1 0.00138958 0.00139662
2 0.00268763 0.00269437
2 0.013731 0.0137375
1 0.00914048 0.00914689
2 0.0110478 0.011054
1 0.0101237 0.0101298
1 0.0102179 0.0102238
2 0.00495861 0.00496418
1 0.000444634 0.000449972
2 0.00148814 0.00149337
1 0.00343663 0.00344185
2 0.0275429 0.027548
1 0.00313803 0.00314293
1 0.00127857 0.0012834
1 0.00466726 0.00467176
2 0.00673413 0.00673855
2 0.00357492 0.00357931
2 0.107151 0.107155
1 0.0023558 0.0023601
2 0.00459573 0.00459978
2 0.00520439 0.00520841
1 0.00450275 0.00450664
2 0.00870299 0.00870683
1 0.00145129 0.00145485
1 0.0043581 0.0043616
1 0.0118431 0.0118463
1 0.0038706 0.00387374
2 0.020355 0.0203581
2 0.0065033 0.00650595
2 0.00504569 0.00504818
1 0.00664327 0.00664572
2 0.00716712 0.00716954
2 0.0272726 0.027275
1 0.00265572 0.00265775
2 0.00208835 0.00209036
1 0.00269457 0.00269649
2 0.00258617 0.00258804
2 0.00731506 0.0073169
1 0.00426018 0.00426185
2 0.0173144 0.0173161
1 0.00300157 0.00300322
2 0.00324291 0.00324445
1 0.0154945 0.0154958
1 0.0454154 0.0454166
1 0.00345597 0.00345704
2 0.00446293 0.00446364
2 0.00679499 0.00679552
1 0.00409009 0.00409056
2 0.00306516 0.00306557
1 0.00385413 0.00385453
2 0.0354164 0.0354167
1 0.00702041 0.00702071
2 0.00230168 0.00230194
2 0.00239343 0.00239356
2 0.0224399 0.02244
1 0.00667957 0.00667963
1 0.00117954 0.00117958
2 0.00245559 0.00245563
1 0.00681417 0.00681421
2 0.00351676 0.00351679
2 0.00225805 0.00225807
1 0.00498593 0.00498596
2 0.0049537 0.00495372
1 0.00730774 0.00730775
2 0.00513656 0.00513657
2 0.00349181 0.00349181
