0 0 inf
0 0 0.0561384
0 0 0.0552417
0 0 0.0503278
0 0 0.0492524
0 0 0.0469738
0 0 0.0463803
0 0 0.0382456
0 0 0.0379924
0 0 0.0303728
0 0 0.029295
0 0 0.0263865
1 0.020141 0.0460582
1 0.0378453 0.063757
0 0 0.0243473
0 0 0.0228342
0 0 0.0209702
0 0 0.0198433
0 0 0.0194277
0 0 0.0192608
0 0 0.0187562
0 0 0.0182081
0 0 0.0171972
1 0.0198046 0.036728
0 0 0.016617
1 0.0570125 0.073346
0 0 0.0154239
0 0 0.0151458
0 0 0.0145913
0 0 0.0145632
0 0 0.0140829
0 0 0.013548
1 0.0268185 0.0400317
0 0 0.0131343
0 0 0.0129799
0 0 0.0129307
1 0.0808037 0.092833
0 0 0.0113739
0 0 0.0110002
0 0 0.010688
1 0.0309196 0.0410663
1 0.0288457 0.0389631
0 0 0.00983794
0 0 0.00966732
0 0 0.00956281
1 0.0152157 0.0247601
0 0 0.00939079
0 0 0.009271
0 0 0.00901388
1 0.146878 0.155754
1 0.0365934 0.0453282
1 0.00970331 0.0182488
1 0.0285436 0.0370279
0 0 0.00848176
1 0.0385308 0.0469662
2 0.0512155 0.0595831
1 0.0436515 0.0520019
1 0.043038 0.0513064
1 0.0324954 0.0406731
1 0.138322 0.146483
0 0 0.00804517
0 0 0.00797262
0 0 0.00774287
0 0 0.00769863
0 0 0.00750782
2 0.0550593 0.0625143
0 0 0.00744584
0 0 0.00714458
0 0 0.00694144
1 0.0395439 0.0464103
0 0 0.00669532
1 0.0338738 0.0405004
0 0 0.00638796
1 0.234585 0.240882
0 0 0.0061819
2 0.0515348 0.0576684
0 0 0.00610023
0 0 0.00591129
0 0 0.00554046
1 0.00401033 0.0094671
0 0 0.0054259
0 0 0.00536284
0 0 0.00524743
1 0.0186873 0.0239099
0 0 0.00521834
0 0 0.00521651
0 0 0.00518534
1 0.022461 0.0275141
0 0 0.00486567
0 0 0.00486051
1 0.0233402 0.0281742
1 0.0125993 0.0173281
1 0.0145375 0.0192477
1 0.0136693 0.0183741
0 0 0.00461497
0 0 0.00459833
0 0 0.00456661
0 0 0.00447334
1 0.00329102 0.00775335
0 0 0.00445283
0 0 0.00442121
0 0 0.00440732
1 0.0083589 0.0126311
0 0 0.0042263
1 0.0180222 0.0222474
0 0 0.00408635
1 0.0692716 0.0733511
1 0.0217274 0.0256648
0 0 0.00393334
0 0 0.00391537
0 0 0.00383407
0 0 0.00378337
2 0.0469885 0.0507206
1 0.0149841 0.0186808
1 0.0880267 0.0916752
0 0 0.00362344
1 0.0284735 0.0320798
1 0.0223216 0.0259265
0 0 0.00359426
1 0.0101903 0.0137832
0 0 0.00352775
2 0.15644 0.159936
0 0 0.00347076
0 0 0.00345197
0 0 0.00331896
1 0.00531674 0.00862172
0 0 0.00329666
0 0 0.00326008
0 0 0.00324749
0 0 0.00319352
1 0.00308307 0.00621062
0 0 0.00305857
2 0.0380821 0.0411326
1 0.00696773 0.00999814
1 0.00917107 0.0121188
0 0 0.00294499
1 0.0369349 0.0398651
0 0 0.00291926
0 0 0.00283679
1 0.0066124 0.00943884
0 0 0.00282205
0 0 0.00273629
0 0 0.00270856
1 0.0883823 0.0910217
0 0 0.00261894
0 0 0.00253713
0 0 0.00249946
1 0.0585122 0.0610099
0 0 0.00248567
0 0 0.0024701
1 0.0288458 0.031312
0 0 0.00246164
0 0 0.00244803
0 0 0.00243472
1 0.00509465 0.00752495
0 0 0.00236801
0 0 0.00236186
0 0 0.00234857
0 0 0.00229341
0 0 0.00227521
1 0.0278203 0.0300834
0 0 0.00225642
0 0 0.00222858
1 0.0358269 0.0380319
0 0 0.00217086
1 0.0258062 0.0279565
1 0.00623388 0.00833305
1 0.0105673 0.0126448
0 0 0.00206636
1 0.00733692 0.00940203
1 0.00832693 0.0103639
0 0 0.00203642
1 0.0110131 0.0130388
0 0 0.00194381
0 0 0.00188714
1 0.122742 0.124628
1 0.056295 0.0581384
0 0 0.00183183
1 0.0237713 0.0256015
0 0 0.00182486
1 0.00326155 0.00507688
0 0 0.00181042
1 0.0447445 0.0465477
1 0.00783466 0.00962437
0 0 0.00175469
0 0 0.00174679
0 0 0.001735
1 0.019889 0.0215892
0 0 0.00168318
1 0.0246372 0.0263192
0 0 0.00166631
1 0.00630156 0.00795968
0 0 0.00164261
1 0.0090879 0.0107288
1 0.0051106 0.00673647
0 0 0.00162337
1 0.01357 0.0151927
0 0 0.00162102
1 0.0151138 0.0167214
1 0.00387416 0.00544962
0 0 0.00157199
1 0.0831907 0.0847374
2 0.00966093 0.011196
2 0.056308 0.0578405
0 0 0.00153098
0 0 0.00153053
0 0 0.00150561
2 0.0407767 0.0422768
2 0.0944032 0.095903
1 0.0199863 0.0214838
1 0.0055899 0.00707879
1 0.00521219 0.00667938
0 0 0.0014445
1 0.0305708 0.0320151
0 0 0.00142373
0 0 0.00141867
1 0.0593103 0.0607063
0 0 0.00139147
1 0.0571794 0.0585624
1 0.00724819 0.00862518
1 0.00579017 0.00715595
0 0 0.00132326
1 0.0268022 0.0281212
0 0 0.00131577
1 0.0328483 0.0341527
1 0.120471 0.121763
1 0.0163159 0.0176074
0 0 0.00128706
0 0 0.00128342
2 0.0265177 0.0277963
0 0 0.00127138
1 0.00532244 0.00659291
0 0 0.00126089
0 0 0.0012504
0 0 0.00124078
1 0.00165757 0.00289788
1 0.0272846 0.0285126
1 0.112869 0.114083
1 0.00668216 0.00788074
0 0 0.00119627
1 0.00577131 0.00696337
0 0 0.0011865
0 0 0.00118606
0 0 0.00115819
0 0 0.00115759
1 0.126302 0.127454
1 0.0192676 0.0204187
1 0.0133758 0.0145265
1 0.0254939 0.0266431
0 0 0.00114092
0 0 0.00113542
1 0.0112129 0.0123429
1 0.0329654 0.0340823
1 0.00471502 0.00583134
1 0.00671178 0.00777841
2 0.129408 0.130449
1 0.0803119 0.0813457
1 0.00440882 0.00541502
0 0 0.000990613
1 0.0156414 0.0166145
1 0.0182726 0.0192359
0 0 0.000959708
1 0.00379613 0.00475334
0 0 0.000938879
1 0.0160219 0.0169588
0 0 0.000934537
2 0.00932258 0.0102511
0 0 0.00092499
0 0 0.000915333
0 0 0.000907388
0 0 0.000904367
1 0.00204357 0.00293399
1 0.00637181 0.00725707
1 0.00420031 0.00508028
0 0 0.000877758
1 0.00393796 0.00480954
1 0.0222355 0.0231071
0 0 0.000869905
0 0 0.000855469
0 0 0.000854814
0 0 0.000849287
1 0.0164298 0.0172751
2 0.017097 0.0179417
0 0 0.000842018
1 0.00591668 0.00675804
1 0.00413501 0.00496477
1 0.00870612 0.00953397
0 0 0.000826579
2 0.0293057 0.0301253
1 0.0351897 0.0360056
0 0 0.000805094
1 0.00231941 0.00311597
0 0 0.000793335
1 0.00359727 0.00438919
2 0.120022 0.120808
1 0.00643723 0.00721142
1 0.0224582 0.023231
1 0.00954193 0.0103126
1 0.13757 0.138341
0 0 0.000762698
1 0.0129026 0.0136641
1 0.0357209 0.0364791
1 0.00132173 0.00207958
0 0 0.000752598
0 0 0.000747976
1 0.00532672 0.00606627
1 0.089741 0.0904803
1 0.00467546 0.00540159
1 0.00860715 0.00932841
1 0.00955104 0.0102672
1 0.0582736 0.0589874
0 0 0.000711716
1 0.025265 0.0259726
1 0.0744991 0.075206
1 0.00758841 0.00829275
1 0.0125524 0.0132464
0 0 0.000692524
2 0.00990247 0.0105864
0 0 0.00066919
2 0.154157 0.154825
1 0.0248112 0.0254723
1 0.00644914 0.00710843
1 0.0267988 0.0274535
1 0.0229785 0.0236254
2 0.0413755 0.0420224
1 0.00454715 0.00518457
1 0.0814024 0.0820361
1 0.0131492 0.0137812
0 0 0.000608612
1 0.0374738 0.0380812
0 0 0.000595438
0 0 0.000595299
1 0.0355396 0.0361338
0 0 0.000585535
0 0 0.000572172
1 0.00719314 0.00776476
1 0.0152433 0.0158121
1 0.00200303 0.00257114
0 0 0.000567798
1 0.00918814 0.00975491
0 0 0.000565842
0 0 0.000564393
1 0.00679392 0.00735497
1 0.00325946 0.00381758
1 0.00354209 0.00410001
0 0 0.000557893
1 0.0452195 0.0457762
1 0.11906 0.119615
1 0.012018 0.0125612
1 0.00476678 0.0053063
1 0.00602587 0.00656473
0 0 0.000536958
1 0.00232605 0.00285481
1 0.11781 0.118337
0 0 0.000525442
0 0 0.000523728
1 0.00270651 0.0032263
1 0.0296255 0.0301398
0 0 0.000510509
2 0.00728464 0.00779061
1 0.0576858 0.058191
1 0.0199529 0.0204573
0 0 0.000501976
0 0 0.000497594
2 0.123226 0.123723
1 0.0212784 0.0217725
1 0.00660553 0.00709166
0 0 0.00048052
1 0.00152186 0.00200092
1 0.0687755 0.0692519
1 0.00202985 0.0024994
1 0.00364097 0.00410536
1 0.00446344 0.00491798
1 0.0126566 0.0131101
1 0.00163787 0.00209123
1 0.00672685 0.00717103
2 0.0301166 0.0305561
2 0.0152742 0.0157135
1 0.0284792 0.0289165
1 0.0127473 0.0131796
1 0.0164981 0.0169254
1 0.0388244 0.039249
1 0.00422334 0.00464699
0 0 0.000423284
2 0.00322358 0.00364567
1 0.118327 0.118748
2 0.0216507 0.0220713
0 0 0.000417826
1 0.00183921 0.00225229
0 0 0.000397151
1 0.00479905 0.00519582
2 0.00721564 0.00760583
1 0.161751 0.162138
0 0 0.000377999
1 0.0305647 0.0309405
1 0.00264337 0.00301863
1 0.0257569 0.0261244
0 0 0.000364259
1 0.00652715 0.00688884
0 0 0.000359106
1 0.0239876 0.0243356
1 0.0031368 0.00348447
1 0.00468646 0.00503105
0 0 0.000336968
1 0.00710765 0.00744396
1 0.000971599 0.00130603
2 0.119027 0.119361
1 0.00916446 0.00949592
1 0.00419354 0.00452187
1 0.00541955 0.00574506
1 0.0045132 0.00483721
2 0.0106217 0.0109429
1 0.0212817 0.021601
1 0.0224644 0.0227813
2 0.0173079 0.0176247
1 0.0109821 0.0112904
2 0.0803004 0.0806036
0 0 0.000297458
1 0.00817041 0.00846449
1 0.00251895 0.00281023
0 0 0.000289325
1 0.0852223 0.0855094
2 0.0395413 0.0398249
1 0.000991515 0.00127379
2 0.0352728 0.0355537
1 0.00538127 0.0056584
1 0.0036139 0.00388716
2 0.0255959 0.0258651
0 0 0.000265923
1 0.00288754 0.00314822
2 0.0160514 0.016312
1 0.00758217 0.00784132
1 0.00752889 0.00778628
1 0.0175957 0.017848
1 0.0641828 0.0644323
1 0.0132847 0.0135339
1 0.0180121 0.0182598
1 0.00256194 0.00280855
1 0.0123236 0.01257
2 0.0220887 0.0223343
1 0.00253872 0.00278143
1 0.0127213 0.0129512
1 0.010244 0.0104728
1 0.00450819 0.00473656
1 0.00194803 0.00217632
1 0.0143787 0.0146014
1 0.00422473 0.00444698
1 0.0181903 0.018407
2 0.0208522 0.0210665
2 0.107264 0.107476
1 0.00760227 0.0078138
1 0.0147845 0.0149927
1 0.0269687 0.0271763
1 0.00179619 0.00199786
1 0.0406056 0.0408041
1 0.00997462 0.010169
1 0.00371411 0.00390732
1 0.0040073 0.00419975
1 0.00379617 0.00398764
1 0.00557881 0.00577
0 0 0.000189579
1 0.00104922 0.00123805
1 0.00510782 0.00529651
2 0.157803 0.157991
1 0.00483726 0.00502485
1 0.00235867 0.00254572
1 0.00454522 0.00473194
2 0.0954541 0.0956407
1 0.00262409 0.0028101
1 0.00953467 0.00971864
1 0.00957495 0.00975839
2 0.0051546 0.00533642
1 0.0389954 0.0391743
1 0.00856602 0.00874466
1 0.0184143 0.0185929
1 0.0200935 0.0202652
2 0.0556708 0.0558406
2 0.00424361 0.00441324
1 0.0128584 0.0130268
0 0 0.000166666
1 0.00458234 0.00474769
2 0.0463117 0.0464755
1 0.00254469 0.00270601
1 0.00586146 0.00602143
2 0.0177329 0.0178926
2 0.00746209 0.00761923
1 0.00541452 0.00557093
1 0.0121508 0.0123054
1 0.000801059 0.000954981
1 0.00455738 0.00470939
2 0.00894208 0.0090933
1 0.0277813 0.0279316
1 0.00306434 0.0032145
1 0.0950134 0.0951609
1 0.00211126 0.00225835
2 0.00552228 0.00566853
1 0.000577539 0.000723154
2 0.0384235 0.038569
1 0.00316226 0.00330764
2 0.0115739 0.0117158
2 0.00841686 0.00855784
2 0.0495629 0.049703
1 0.0120676 0.0122075
1 0.00411957 0.00425704
1 0.0160799 0.016217
1 0.00105149 0.00118853
1 0.00267212 0.00280622
1 0.0201644 0.0202979
1 0.00132744 0.00146031
1 0.000893974 0.00102635
1 0.00234136 0.00247303
2 0.00910304 0.00923273
1 0.00751409 0.00764236
2 0.0279084 0.0280355
2 0.0276371 0.0277638
2 0.0271085 0.0272345
1 0.0111326 0.0112572
2 0.0136916 0.0138124
1 0.0487588 0.0488795
1 0.00238337 0.00250162
1 0.00624765 0.00636043
1 0.0027738 0.00288448
1 0.00354304 0.00365027
1 0.0141478 0.0142537
0 0 0.000105515
1 0.00551698 0.00562085
1 0.0296774 0.0297808
1 0.00171237 0.00181315
2 0.00345586 0.00355579
1 0.00423558 0.00433545
2 0.0108819 0.0109808
1 0.00252529 0.00262381
1 0.00786387 0.00796043
1 0.00256022 0.00265596
1 0.00822441 0.00831839
2 0.00832839 0.00841763
1 0.0118208 0.0119095
1 0.00528717 0.00537549
1 0.0139861 0.0140744
1 0.00106975 0.00115735
2 0.116892 0.11698
1 0.000627311 0.000714412
2 0.0133518 0.0134386
1 0.00243882 0.00252492
1 0.000727603 0.000813461
1 0.00339923 0.0034842
1 0.0309332 0.0310175
2 0.0194246 0.0195088
1 0.00331921 0.00339993
2 0.0827321 0.0828111
2 0.0257611 0.0258388
1 0.00267335 0.0027506
1 0.0189773 0.0190535
1 0.0044789 0.00455473
1 0.0120892 0.012164
1 0.00279358 0.00286744
1 0.00400391 0.00407651
1 0.00140378 0.00147613
2 0.108045 0.108115
1 0.0212065 0.0212759
1 0.00112293 0.00118918
2 0.00695436 0.00701928
1 0.00946699 0.00953143
2 0.00545223 0.0055163
1 0.00708709 0.00715083
1 0.00232514 0.00238857
1 0.00275791 0.00282109
2 0.0367422 0.0368038
2 0.00304017 0.00309992
1 0.00743093 0.00748921
2 0.0123496 0.0124076
1 0.0365744 0.0366297
1 0.00864067 0.00869424
1 0.00233399 0.00238684
1 0.00963643 0.00968925
1 0.0168673 0.0169189
1 0.00310002 0.00315096
1 0.00212051 0.00217138
1 0.0288088 0.0288591
2 0.0141636 0.0142138
1 0.105517 0.105567
1 0.0036509 0.00370009
1 0.00200946 0.00205799
1 0.0168721 0.0169199
2 0.0939888 0.0940365
1 0.00101705 0.00106318
2 0.00950037 0.00954628
0 0 4.56849e-05
1 0.00622779 0.00627303
1 0.00293969 0.00298401
1 0.00181576 0.00185947
2 0.0124237 0.0124671
2 0.0472568 0.0472973
1 0.0172963 0.0173359
1 0.0115931 0.0116327
2 0.0100804 0.0101184
1 0.0069108 0.00694831
2 0.121802 0.121838
1 0.00435031 0.00438632
2 0.044733 0.0447685
1 0.0289326 0.0289681
1 0.108002 0.108037
2 0.043572 0.0436065
1 0.0221058 0.0221402
1 0.0051283 0.00516138
1 0.00559698 0.00562969
1 0.00183809 0.00187076
1 0.0388825 0.038915
1 0.010009 0.0100404
1 0.00532985 0.00535953
1 0.0264619 0.0264909
1 0.00377845 0.00380643
1 0.00601295 0.00604071
1 0.000959749 0.000987238
1 0.0145632 0.0145896
1 0.00254408 0.0025692
2 0.00282082 0.00284529
1 0.00367891 0.00370315
2 0.0382529 0.0382771
2 0.0219564 0.0219801
2 0.0022343 0.00225768
1 0.00706619 0.00708833
1 0.12016 0.120181
1 0.00414792 0.00416792
2 0.00632681 0.00634624
2 0.124845 0.124864
1 0.00193194 0.00194986
1 0.0111508 0.0111682
2 0.00444935 0.00446565
2 0.0118102 0.0118259
2 0.039759 0.0397746
1 0.00617332 0.00618886
2 0.04498 0.0449954
1 0.00703214 0.00704749
2 0.0136934 0.0137085
1 0.00223448 0.0022494
2 0.00344224 0.00345705
1 0.0131298 0.0131442
1 0.00346841 0.00348285
2 0.00522616 0.00524031
2 0.00466446 0.00467828
2 0.0659018 0.0659155
1 0.000841807 0.000855487
1 0.0043814 0.00439479
1 0.0109457 0.0109583
2 0.0385282 0.0385407
2 0.0372125 0.0372246
2 0.00541646 0.00542841
2 0.0135177 0.0135296
1 0.00166021 0.00167178
2 0.0183098 0.0183204
2 0.0572297 0.0572392
1 0.0343848 0.0343939
1 0.00209692 0.00210602
1 0.0153757 0.0153848
2 0.00983607 0.00984463
2 0.00417509 0.00418361
1 0.00180364 0.00181213
1 0.0985946 0.098603
2 0.00990194 0.00991022
1 0.00185328 0.00186145
2 0.00736997 0.00737807
2 0.0222863 0.0222942
2 0.0149697 0.014977
2 0.0302078 0.0302151
2 0.0100294 0.0100364
2 0.0139732 0.0139802
2 0.00729714 0.00730402
1 0.0449343 0.0449411
2 0.0124008 0.0124072
1 0.000852533 0.000858354
2 0.0190702 0.019076
2 0.0118161 0.0118219
2 0.00613719 0.0061425
1 0.000937798 0.000942133
2 0.00364205 0.00364553
2 0.00586257 0.005866
1 0.00282085 0.00282423
1 0.0206953 0.0206985
1 0.0700418 0.070045
1 0.00220694 0.00220996
2 0.0118893 0.0118923
1 0.00664838 0.00665121
2 0.0110245 0.0110273
1 0.00162837 0.00163115
1 0.0136705 0.0136729
1 0.00758913 0.00759131
2 0.00913949 0.00914166
1 0.00179585 0.00179802
1 0.00120735 0.00120951
2 0.00693377 0.00693591
2 0.0188834 0.0188855
1 0.00260128 0.0026032
1 0.0119139 0.0119158
1 0.00699475 0.00699628
1 0.00773296 0.00773418
2 0.0136814 0.0136826
1 0.0177195 0.0177206
2 0.0261728 0.0261739
2 0.0044126 0.00441361
1 0.00436286 0.00436386
1 0.0350174 0.0350183
2 0.00221221 0.00221308
2 0.0113122 0.0113131
2 0.00781492 0.00781576
1 0.00550346 0.00550429
2 0.00751657 0.00751738
2 0.0132079 0.0132086
1 0.00312322 0.00312392
1 0.0017343 0.00173482
2 0.00294527 0.00294578
1 0.00420551 0.0042059
2 0.00417402 0.00417439
1 0.0122617 0.012262
2 0.0152754 0.0152757
1 0.0139628 0.0139631
2 0.00422058 0.00422065
1 0.147759 0.147759
2 0.00542643 0.00542647
1 0.0184249 0.0184249
2 0.0120582 0.0120582
1 0.0136741 0.0136741
2 0.016336 0.016336
