0 0 inf
0 0 0.111122
1 0.113609 0.197901
0 0 0.0809876
0 0 0.0781187
0 0 0.0718152
1 0.0826286 0.12747
0 0 0.0357805
0 0 0.0346214
0 0 0.0287022
0 0 0.0271724
0 0 0.0235125
0 0 0.0218669
1 0.118522 0.138244
0 0 0.019717
0 0 0.0191399
0 0 0.0188557
0 0 0.0182687
0 0 0.0180363
0 0 0.0176612
0 0 0.0175043
1 0.0283598 0.0453552
1 0.0169401 0.0337855
0 0 0.0154929
0 0 0.0148719
1 0.0749427 0.0895725
0 0 0.0145039
0 0 0.014301
0 0 0.0141325
1 0.0268076 0.0396621
0 0 0.0127064
0 0 0.0125239
1 0.0392684 0.0517646
0 0 0.0123111
0 0 0.01185
0 0 0.0116101
0 0 0.011334
0 0 0.0112858
0 0 0.0110198
0 0 0.0101877
0 0 0.00984859
1 0.136538 0.145944
1 0.0230939 0.0324296
0 0 0.00897654
0 0 0.00869212
0 0 0.00860347
0 0 0.0080402
1 0.0166472 0.0245127
1 0.0369361 0.0446607
0 0 0.00769126
0 0 0.00765292
0 0 0.00755963
0 0 0.00749514
0 0 0.00737958
0 0 0.00737247
0 0 0.00737223
1 0.108925 0.11619
1 0.132101 0.139282
0 0 0.00710369
0 0 0.00683513
0 0 0.00672524
0 0 0.00652607
1 0.011795 0.0180279
0 0 0.00605877
0 0 0.00585673
0 0 0.00580951
1 0.00288127 0.00852525
1 0.0249688 0.0305908
1 0.137367 0.142855
1 0.0171658 0.022622
1 0.0200593 0.0254954
0 0 0.00541364
0 0 0.00523055
0 0 0.00510052
0 0 0.00506217
1 0.0444549 0.0493501
0 0 0.00489434
0 0 0.004822
1 0.0411431 0.0459514
0 0 0.00478706
1 0.0117599 0.0164636
1 0.0687589 0.0734567
1 0.0257281 0.030122
2 0.14081 0.14518
1 0.00805066 0.0122147
0 0 0.00415187
1 0.0139734 0.018103
0 0 0.00406495
0 0 0.00401998
0 0 0.00396719
1 0.116596 0.120487
2 0.0518798 0.0556954
0 0 0.00370026
1 0.00201752 0.0055007
0 0 0.00323563
2 0.132769 0.135989
1 0.0856679 0.0888845
1 0.018973 0.0221814
0 0 0.00317302
1 0.01947 0.022566
1 0.126139 0.129232
0 0 0.00306783
0 0 0.00300133
0 0 0.00297645
0 0 0.0029526
1 0.00320087 0.00614869
1 0.00261322 0.00555425
0 0 0.00293597
1 0.0180235 0.0208632
1 0.0131653 0.0158973
0 0 0.00263878
0 0 0.00245626
0 0 0.002426
0 0 0.00242016
1 0.0156257 0.0180066
1 0.0226846 0.0250193
0 0 0.00232113
0 0 0.00231571
0 0 0.00230718
1 0.00840316 0.010612
1 0.00241782 0.0046002
0 0 0.00217098
1 0.0129658 0.0150938
0 0 0.00211764
1 0.112152 0.114256
1 0.00281467 0.00490323
0 0 0.00204351
1 0.00445445 0.00649438
0 0 0.00203305
0 0 0.00202114
1 0.0151827 0.017172
1 0.00812327 0.0100907
0 0 0.00193628
0 0 0.00192487
0 0 0.00191827
1 0.0129605 0.0148757
0 0 0.00190716
1 0.00170954 0.00361074
0 0 0.00189836
0 0 0.00188036
0 0 0.00187791
0 0 0.001875
0 0 0.00186895
1 0.0136855 0.0155392
1 0.00275417 0.00459992
1 0.00601078 0.00782492
0 0 0.00179315
0 0 0.00177515
1 0.00234716 0.00407735
0 0 0.00172021
0 0 0.00170299
0 0 0.00169742
0 0 0.00168174
1 0.00930386 0.0109842
0 0 0.0016666
1 0.00197425 0.0036336
0 0 0.00165094
1 0.0249723 0.026585
0 0 0.0016077
0 0 0.00160526
0 0 0.00160522
1 0.0276533 0.0292525
1 0.0140242 0.0156194
0 0 0.00157946
0 0 0.0015761
1 0.0367442 0.0383172
0 0 0.00156734
1 0.0014483 0.00300679
0 0 0.00155766
1 0.054449 0.0560062
2 0.00735749 0.00890278
0 0 0.00154094
1 0.00376736 0.00530754
1 0.0147804 0.0162991
0 0 0.00150546
0 0 0.0015032
1 0.00803286 0.00952133
0 0 0.00147576
0 0 0.00146703
0 0 0.00144632
0 0 0.00144096
1 0.029833 0.0312705
0 0 0.00142274
0 0 0.00142202
0 0 0.00140081
0 0 0.00139284
1 0.00926822 0.0106557
0 0 0.00138509
1 0.0105521 0.0119355
1 0.0181256 0.0195081
0 0 0.00136219
0 0 0.00135095
1 0.0174695 0.0187898
0 0 0.00131734
1 0.0333711 0.0346823
0 0 0.00130383
1 0.0163136 0.0176125
1 0.0105672 0.0118593
0 0 0.00128936
0 0 0.00128388
1 0.00300571 0.00427491
0 0 0.00126794
0 0 0.0012501
1 0.00457002 0.00581342
1 0.00368698 0.00491461
0 0 0.0012258
0 0 0.00122141
0 0 0.00120904
0 0 0.00120151
0 0 0.0011842
0 0 0.00117598
0 0 0.00117413
1 0.00745422 0.00861629
0 0 0.00115205
0 0 0.00115129
1 0.00242187 0.00356943
0 0 0.0011375
0 0 0.0011322
0 0 0.0011222
0 0 0.00107645
1 0.0288314 0.0298824
0 0 0.00104804
1 0.0270175 0.0280488
2 0.0383452 0.039371
1 0.0254534 0.0264739
0 0 0.00101488
1 0.00845963 0.00946544
1 0.0359122 0.0369178
0 0 0.000983284
1 0.00441574 0.00539362
1 0.00937115 0.0103448
0 0 0.000972662
1 0.00396106 0.00492441
1 0.121428 0.12237
0 0 0.00093491
2 0.0113574 0.0122849
0 0 0.000927155
1 0.01245 0.0133652
0 0 0.00091022
1 0.0197614 0.0206704
1 0.0397933 0.0406788
0 0 0.000884788
0 0 0.000883936
0 0 0.000881395
1 0.00279888 0.0036688
0 0 0.000862324
0 0 0.000859375
2 0.0405191 0.0413748
1 0.0184831 0.0193287
1 0.00747928 0.00832152
1 0.00507268 0.00589925
0 0 0.000815809
1 0.00171534 0.00252403
1 0.00292423 0.00372762
1 0.00326448 0.00406428
1 0.0113516 0.0121339
0 0 0.000769474
1 0.00878154 0.00954998
2 0.00802758 0.00879434
2 0.0545183 0.0552779
0 0 0.000757463
2 0.0319138 0.0326683
1 0.00537225 0.00612646
0 0 0.000742425
1 0.00401301 0.00475133
1 0.110793 0.111529
0 0 0.000731509
0 0 0.000726317
1 0.00610585 0.00682791
2 0.00560944 0.00632849
0 0 0.000711603
0 0 0.000705544
1 0.00363906 0.0043347
0 0 0.000691698
1 0.00204606 0.00273752
0 0 0.000689795
0 0 0.000667665
1 0.00250013 0.00315838
0 0 0.000653826
1 0.0287434 0.0293865
1 0.00362396 0.00425215
1 0.00571535 0.00634257
0 0 0.000618212
1 0.0152566 0.0158719
1 0.0029075 0.00351277
2 0.0387737 0.0393601
1 0.00283701 0.00341284
0 0 0.000568161
0 0 0.000564384
1 0.0161323 0.0166966
0 0 0.000559885
1 0.0100573 0.0106021
1 0.0220897 0.0226333
1 0.0211882 0.0217306
1 0.0039884 0.00452795
2 0.0235758 0.0241138
1 0.00873839 0.00927217
1 0.0049045 0.00543496
2 0.0162679 0.0167958
1 0.0334742 0.0339988
1 0.00252666 0.00304835
1 0.00208531 0.00260603
0 0 0.000510681
0 0 0.000506336
0 0 0.000501723
2 0.0301721 0.0306728
0 0 0.000499091
0 0 0.000477762
1 0.00440533 0.00487503
1 0.04895 0.0494195
2 0.00512331 0.00558831
1 0.00955631 0.0100209
1 0.0040301 0.00448879
1 0.00398503 0.00444306
0 0 0.000454808
1 0.00630576 0.00675953
2 0.0200015 0.0204527
2 0.118438 0.118885
0 0 0.000445576
2 0.0187214 0.0191651
2 0.0351817 0.035621
1 0.00247042 0.00290938
1 0.00157605 0.0020103
0 0 0.000429614
0 0 0.000424209
1 0.0029096 0.00332325
0 0 0.000413373
1 0.0534376 0.0538325
1 0.0334567 0.0338485
1 0.0349122 0.035303
2 0.14915 0.149539
1 0.00154339 0.00193231
1 0.0111478 0.0115342
2 0.00520426 0.00558642
0 0 0.000381338
0 0 0.000356715
2 0.150303 0.150657
1 0.0177017 0.0180541
1 0.00223969 0.00259197
1 0.137562 0.137911
1 0.00427041 0.0046176
1 0.00419876 0.0045406
1 0.00457177 0.00491154
0 0 0.000335441
0 0 0.000335312
1 0.0141359 0.0144711
1 0.00932362 0.00965794
0 0 0.000333036
0 0 0.000330482
0 0 0.000330355
1 0.0124956 0.0128259
1 0.00196226 0.00229071
1 0.00586254 0.00618584
1 0.0184337 0.0187565
1 0.00138459 0.00170354
1 0.015503 0.0158218
1 0.00266521 0.00298318
2 0.0367367 0.0370523
1 0.0150834 0.0153978
2 0.00484877 0.00515388
0 0 0.000304762
1 0.00460314 0.00490763
1 0.0019866 0.00228838
0 0 0.000300442
0 0 0.000299401
0 0 0.000297427
2 0.004649 0.00494581
1 0.000586135 0.00087404
0 0 0.000286785
1 0.0399908 0.0402767
1 0.0013041 0.00158845
0 0 0.000282253
1 0.0137601 0.0140414
2 0.0129582 0.0132361
1 0.00147291 0.00174641
1 0.0033344 0.00360565
0 0 0.000270275
1 0.00350723 0.00377326
2 0.0168928 0.0171586
0 0 0.000264125
1 0.00207273 0.00232681
2 0.0374169 0.037665
1 0.00614786 0.00638742
2 0.0545075 0.054744
0 0 0.000234535
1 0.00477034 0.00500476
1 0.00241298 0.00264479
1 0.00160742 0.00183912
1 0.00240018 0.00263096
1 0.0183386 0.0185668
1 0.0272691 0.0274967
1 0.00450241 0.00472918
1 0.0116374 0.0118639
1 0.00469109 0.00489922
1 0.00527 0.00547652
1 0.00139187 0.00159661
1 0.00915841 0.00936288
2 0.0122483 0.0124517
2 0.00861909 0.00881709
1 0.00098999 0.0011872
2 0.00560222 0.00579813
2 0.130657 0.130853
1 0.00436447 0.00455889
1 0.00493582 0.00512834
2 0.00466855 0.0048592
1 0.00380848 0.00399552
1 0.00188976 0.0020746
2 0.0391136 0.0392978
1 0.0503773 0.0505595
1 0.00155169 0.00173153
1 0.00247078 0.00264941
1 0.000806319 0.000984531
1 0.00141717 0.00159412
1 0.00149043 0.00166714
1 0.00140266 0.00157491
1 0.00208045 0.00225183
1 0.00551479 0.00568438
1 0.00269276 0.0028621
2 0.0241454 0.0243143
1 0.0020548 0.00222302
1 0.00162173 0.00178754
2 0.0127818 0.0129431
1 0.00224845 0.00240761
1 0.00167244 0.00182701
1 0.0174564 0.0176107
1 0.00456311 0.00471698
1 0.00427945 0.004433
1 0.00227109 0.00242282
2 0.0545573 0.0547087
0 0 0.000148577
1 0.00258834 0.00273591
1 0.0388934 0.0390398
1 0.00661361 0.006758
2 0.015027 0.0151693
1 0.000893099 0.00103459
2 0.00624273 0.00637933
2 0.003182 0.0033186
1 0.00911628 0.0092506
1 0.00109567 0.00122968
0 0 0.000129432
0 0 0.000128737
1 0.0203836 0.0205102
1 0.00292397 0.00304869
2 0.00491797 0.00504068
1 0.00266444 0.00278699
2 0.0325762 0.032698
2 0.0099825 0.0100999
2 0.011418 0.0115325
1 0.00153815 0.00165255
1 0.00192686 0.00204078
1 0.00589155 0.00600227
1 0.00131983 0.00142957
1 0.00312376 0.00323258
1 0.0400194 0.0401281
2 0.00645514 0.00656374
1 0.011671 0.0117796
2 0.143261 0.14337
1 0.00173259 0.00183982
1 0.00286241 0.00296891
1 0.0254604 0.0255659
1 0.0283999 0.0285049
1 0.00322692 0.0033311
1 0.00311715 0.00322102
1 0.00865906 0.00876122
2 0.00562959 0.00573075
1 0.000695324 0.00079473
1 0.00513922 0.00523734
1 0.00109066 0.00118462
2 0.00284791 0.0029418
1 0.000469789 0.000563002
1 0.000678747 0.000770721
1 0.00228791 0.00237962
2 0.00453453 0.00462469
1 0.00201981 0.00210929
1 0.00362392 0.0037121
1 0.109135 0.109221
1 0.0029569 0.00304299
1 0.00273319 0.00281826
1 0.00406263 0.00414499
1 0.00657098 0.00665209
1 0.0040739 0.00415477
1 0.00417383 0.00425463
0 0 8.06229e-05
1 0.00935289 0.00943285
1 0.00251205 0.00259107
2 0.0422691 0.0423479
1 0.00474668 0.00482532
1 0.00908069 0.00915848
1 0.00287403 0.00295142
2 0.00764002 0.00771699
1 0.0374413 0.0375181
2 0.00406594 0.0041399
2 0.00362339 0.00369634
1 0.0018447 0.00191655
2 0.00184156 0.00191255
0 0 7.09472e-05
1 0.00368755 0.00375812
1 0.00245556 0.00252503
2 0.00654036 0.00660928
2 0.00514731 0.00521565
1 0.00508697 0.00515486
1 0.0105339 0.0106015
1 0.000694281 0.000761636
1 0.000396533 0.000463586
2 0.00504434 0.00511117
1 0.0032772 0.00334302
1 0.00111609 0.00118058
2 0.0207036 0.020768
2 0.0352721 0.0353362
1 0.00622009 0.00628348
1 0.00386904 0.00393173
2 0.00579689 0.0058594
1 0.00346653 0.00352803
1 0.00493371 0.00499417
1 0.00296321 0.00302331
2 0.0173991 0.0174591
2 0.00564592 0.00570544
2 0.00325112 0.00330982
1 0.00290129 0.00295983
1 0.00100051 0.00105898
2 0.00617514 0.0062334
1 0.034811 0.0348683
0 0 5.62973e-05
2 0.00459474 0.00464945
1 0.00279856 0.00285284
1 0.00279543 0.00284902
1 0.00534166 0.00539505
2 0.00606233 0.00611185
1 0.00789683 0.00794562
1 0.00188649 0.00193413
2 0.0308102 0.0308565
1 0.0218554 0.0219006
2 0.00401528 0.0040599
1 0.00278955 0.00283353
2 0.0039115 0.0039529
2 0.0305537 0.0305949
2 0.0305851 0.0306259
1 0.00384884 0.00388926
1 0.0743314 0.0743713
1 0.0146179 0.0146576
1 0.00207063 0.0021097
1 0.00329208 0.0033292
1 0.00336259 0.00339878
2 0.00380435 0.00383941
1 0.00517886 0.00521358
1 0.00434732 0.00438203
1 0.00583361 0.00586795
1 0.0293718 0.0294058
1 0.00581926 0.00585307
1 0.000827648 0.000861358
2 0.00977389 0.00980641
1 0.0113467 0.0113784
1 0.0292688 0.0293001
1 0.00132014 0.00135132
1 0.0528005 0.0528316
2 0.00479388 0.00482429
1 0.0271749 0.0272052
1 0.00341472 0.00344467
1 0.0697144 0.0697437
2 0.00242155 0.0024501
2 0.00545974 0.00548755
1 0.00194559 0.00197336
1 0.00178344 0.00181074
2 0.00651805 0.0065447
1 0.0148205 0.0148462
1 0.00157158 0.00159703
2 0.0457996 0.045825
2 0.00283195 0.00285697
2 0.00459943 0.00462345
1 0.0226088 0.0226329
1 0.0019974 0.00202127
1 0.00483355 0.00485722
2 0.000879571 0.000902979
1 0.0038136 0.00383699
1 0.0158458 0.0158689
2 0.0223835 0.0224065
1 0.00487523 0.00489762
1 0.00235137 0.00237248
1 0.002568 0.00258911
0 0 2.10481e-05
1 0.0554807 0.0555016
1 0.00201769 0.00203863
2 0.0751833 0.0752032
1 0.000907125 0.000926233
2 0.00352315 0.00354151
1 0.0729448 0.0729631
2 0.0129287 0.012947
1 0.00140146 0.00141868
1 0.0313155 0.0313324
1 0.00188186 0.00189817
1 0.00267173 0.00268776
2 0.00330495 0.00332098
1 0.0142859 0.0143016
2 0.00426127 0.00427697
1 0.00204737 0.00206298
1 0.00108793 0.0011022
1 0.00437636 0.00439037
1 0.00154029 0.00155421
1 0.00443877 0.00445207
2 0.00338102 0.0033942
2 0.0420294 0.0420426
1 0.00362541 0.00363826
2 0.00364516 0.00365789
2 0.00357084 0.00358331
1 0.00391554 0.00392763
2 0.00416444 0.00417605
1 0.00302476 0.00303607
2 0.00585938 0.00587035
2 0.0295207 0.0295316
1 0.00384273 0.00385327
1 0.00564415 0.00565466
1 0.00338215 0.00339238
2 0.00602154 0.00603172
1 0.00255655 0.00256658
1 0.0185595 0.0185694
1 0.00306962 0.00307915
2 0.00759724 0.00760669
2 0.0396549 0.0396639
1 0.00281385 0.00282262
2 0.00621264 0.00622123
2 0.00249819 0.00250669
2 0.00485243 0.00486041
1 0.00857082 0.00857843
1 0.00328141 0.0032889
1 0.00453237 0.0045397
2 0.00479149 0.00479865
1 0.0037476 0.00375418
1 0.0262868 0.0262927
2 0.00558475 0.00559033
2 0.0047888 0.00479429
2 0.00513823 0.00514317
2 0.00716334 0.00716821
2 0.00406815 0.00407292
1 0.000870277 0.000875039
1 0.00336075 0.00336549
2 0.0125769 0.0125817
1 0.0046441 0.0046487
1 0.00261602 0.00262046
2 0.00874257 0.00874688
2 0.0051016 0.00510591
1 0.00292597 0.00293011
1 0.00243193 0.00243587
2 0.00310758 0.00311148
2 0.00342436 0.00342818
1 0.0108506 0.0108542
1 0.00329357 0.00329707
1 0.00222301 0.00222626
2 0.00863748 0.00864055
1 0.00216887 0.0021719
1 0.00541554 0.00541849
2 0.00280959 0.00281238
2 0.00869814 0.00870091
2 0.0100059 0.0100087
2 0.00457678 0.00457952
2 0.00447848 0.00448099
2 0.0261797 0.026182
1 0.0223505 0.0223527
2 0.055522 0.0555241
2 0.00187358 0.00187565
1 0.00536594 0.00536798
2 0.00500306 0.00500495
1 0.00321422 0.0032161
1 0.000850639 0.000852513
2 0.0127485 0.0127503
2 0.0017619 0.00176357
2 0.00248818 0.0024898
1 0.004368 0.00436959
1 0.00350181 0.00350323
1 0.00319878 0.00319997
2 0.0186408 0.018642
2 0.00441143 0.00441252
1 0.0305036 0.0305045
2 0.0283139 0.0283149
2 0.00465369 0.00465456
1 0.00394058 0.00394134
1 0.000976152 0.000976757
1 0.00288743 0.00288803
2 0.00559513 0.0055957
1 0.000451094 0.000451579
1 0.00532796 0.00532843
2 0.00565478 0.00565524
1 0.00243641 0.00243686
2 0.00100516 0.0010056
2 0.0401345 0.0401349
2 0.00602923 0.00602958
1 0.00442681 0.00442708
1 0.0030703 0.00307055
2 0.0122688 0.012269
2 0.0225698 0.02257
2 0.00257386 0.00257405
1 0.00168432 0.0016845
1 0.00589645 0.00589662
1 0.00176038 0.00176053
2 0.00345811 0.00345823
1 0.0413438 0.0413439
2 0.0039786 0.00397868
2 0.00366455 0.00366463
1 0.00398952 0.00398959
2 0.00226037 0.00226044
1 0.00435534 0.00435538
2 0.0028881 0.00288813
2 0.00194958 0.0019496
2 0.0239738 0.0239739
2 0.0415864 0.0415864
2 0.00454214 0.00454215
1 0.00158818 0.00158818
1 0.000819571 0.000819573
1 0.00193918 0.00193918
1 0.0209139 0.0209139
