0 0 inf
0 0 0.044929
0 0 0.0434915
0 0 0.0420786
0 0 0.0391205
0 0 0.0377867
0 0 0.0364492
0 0 0.0361936
0 0 0.0343762
0 0 0.0307806
0 0 0.0290504
0 0 0.0265
0 0 0.0261464
0 0 0.0257736
0 0 0.0240296
0 0 0.0232467
0 0 0.0218544
1 0.0507859 0.0726307
1 0.028552 0.0494792
1 0.0515078 0.0698876
1 0.0377268 0.0560971
0 0 0.016458
1 0.0582009 0.0738963
1 0.0308534 0.0457347
0 0 0.0136865
0 0 0.013589
0 0 0.0133969
0 0 0.013142
1 0.0301557 0.043226
1 0.0764679 0.0894754
0 0 0.012911
1 0.05571 0.0685006
0 0 0.0124744
0 0 0.0123984
1 0.0411639 0.0529852
1 0.0599848 0.0713332
0 0 0.0112031
0 0 0.0110509
1 0.0457295 0.056757
0 0 0.0107216
0 0 0.0104997
0 0 0.00971852
0 0 0.00920852
0 0 0.00894215
1 0.029922 0.0383576
0 0 0.00842314
0 0 0.00840816
0 0 0.00818374
1 0.00803274 0.0160081
0 0 0.0079637
0 0 0.00784118
0 0 0.00758345
0 0 0.00751089
0 0 0.00737357
2 0.0749276 0.0822977
1 0.0591446 0.0661994
1 0.0671932 0.0740327
0 0 0.00670667
0 0 0.0064934
0 0 0.00635296
0 0 0.00601048
1 0.0425356 0.0485345
0 0 0.0059204
0 0 0.00559041
1 0.0762047 0.0815023
0 0 0.0052854
0 0 0.00503131
2 0.0569185 0.0619383
0 0 0.00499148
1 0.0142381 0.0190612
0 0 0.00472493
0 0 0.00469946
0 0 0.00467058
0 0 0.00464458
0 0 0.0046357
1 0.0139336 0.0185022
1 0.00589741 0.0104619
0 0 0.00443848
1 0.00652667 0.01096
0 0 0.0043512
0 0 0.00434605
0 0 0.00411992
0 0 0.00405113
0 0 0.00396416
0 0 0.0039454
0 0 0.0038485
0 0 0.00376318
1 0.0515687 0.0552953
0 0 0.00359345
0 0 0.00356553
1 0.0462702 0.0497417
0 0 0.00342447
1 0.016012 0.0194123
0 0 0.00339934
2 0.0869747 0.0903657
0 0 0.00330028
0 0 0.00323094
0 0 0.00322104
0 0 0.00320593
0 0 0.00311655
1 0.00327301 0.0063568
0 0 0.0030666
0 0 0.0030557
1 0.0042714 0.00731816
0 0 0.00302654
2 0.0739776 0.0769809
0 0 0.00293596
2 0.0875752 0.0905072
0 0 0.0028979
0 0 0.00286029
0 0 0.00284382
0 0 0.0028286
1 0.00746697 0.0102733
1 0.00536066 0.0081117
0 0 0.00272316
0 0 0.00267497
0 0 0.00252829
0 0 0.00252695
0 0 0.00251625
1 0.00879123 0.0112645
1 0.00460762 0.00708064
0 0 0.00245303
0 0 0.0024409
0 0 0.0024239
0 0 0.00241634
1 0.0289589 0.031345
0 0 0.00238175
0 0 0.00237267
0 0 0.00233011
0 0 0.00230681
0 0 0.00229485
0 0 0.00226209
1 0.0570934 0.0593457
0 0 0.00224296
1 0.00612354 0.00834134
0 0 0.00220851
1 0.253924 0.256119
0 0 0.00215839
1 0.0467185 0.0488479
1 0.0284742 0.0305314
0 0 0.00205364
1 0.0646015 0.0666542
0 0 0.00204405
0 0 0.00203593
1 0.00632841 0.008326
1 0.00417976 0.0061688
1 0.00731003 0.00929114
0 0 0.00189901
0 0 0.0018743
0 0 0.00186767
0 0 0.00186397
0 0 0.001842
1 0.0198318 0.021653
1 0.0466708 0.0484278
1 0.0281841 0.0299109
0 0 0.00171239
0 0 0.0017094
2 0.0501118 0.0517843
1 0.0813399 0.083012
1 0.00718857 0.00880454
0 0 0.0015829
1 0.0494481 0.0510174
0 0 0.00156796
0 0 0.00156429
1 0.0244439 0.0260045
2 0.0112408 0.012797
0 0 0.00154027
1 0.029097 0.0306353
0 0 0.00153357
0 0 0.00153023
1 0.00523157 0.00675432
0 0 0.00150877
1 0.0123277 0.0138285
0 0 0.00147049
1 0.0616419 0.0631044
0 0 0.00145829
1 0.0253024 0.0267439
1 0.00880408 0.0102224
0 0 0.00140461
1 0.0236002 0.0249684
0 0 0.00135768
0 0 0.00133314
0 0 0.0013195
1 0.00592831 0.0072334
1 0.0147938 0.0160824
0 0 0.00128712
1 0.00700656 0.00829249
1 0.00308293 0.00436624
1 0.00937291 0.0106486
2 0.00790709 0.00917904
0 0 0.00126725
1 0.00165283 0.00286455
1 0.0017353 0.00294668
1 0.00824216 0.00943712
0 0 0.00118958
0 0 0.00116716
0 0 0.00115393
0 0 0.00115006
0 0 0.00112372
1 0.0611578 0.0622661
0 0 0.0011007
0 0 0.00110059
0 0 0.00109906
1 0.0449171 0.0460156
0 0 0.0010938
0 0 0.00108993
1 0.00706498 0.00814547
1 0.00470149 0.00578038
2 0.0739478 0.0750242
1 0.0438472 0.0448895
2 0.0160539 0.0170729
0 0 0.00101054
2 0.0505917 0.0515811
0 0 0.000987189
1 0.0538328 0.0548199
1 0.0304297 0.0313938
1 0.00318769 0.00414774
1 0.00366438 0.00462339
1 0.0498535 0.0508102
0 0 0.000955511
0 0 0.000954136
1 0.0310344 0.0319654
0 0 0.000928571
1 0.0688603 0.0697782
0 0 0.000915381
1 0.0691391 0.0700444
0 0 0.000891126
0 0 0.000881192
0 0 0.000875737
0 0 0.000858475
0 0 0.000856939
0 0 0.000853511
2 0.0080867 0.00893036
1 0.0174526 0.018292
0 0 0.000837729
1 0.00330586 0.00412269
0 0 0.000801128
1 0.0342712 0.0350723
0 0 0.000785655
1 0.00908849 0.00987073
1 0.0028959 0.0036778
0 0 0.000777699
0 0 0.000777521
2 0.010821 0.0115924
0 0 0.000769367
2 0.105816 0.106583
0 0 0.000763288
1 0.00924948 0.0100027
1 0.00430568 0.00505423
2 0.064564 0.0653006
1 0.00328155 0.0040134
1 0.00500142 0.00572125
0 0 0.000717964
1 0.00193644 0.0026481
1 0.045815 0.0465249
2 0.00995015 0.0106507
2 0.0117797 0.0124654
0 0 0.000680588
1 0.0129658 0.013642
0 0 0.000673964
1 0.0155939 0.0162613
0 0 0.000664671
0 0 0.000660618
0 0 0.000653323
1 0.00956848 0.0102207
1 0.00305839 0.00370497
0 0 0.000645781
0 0 0.00064497
0 0 0.000643422
2 0.00833637 0.00897025
1 0.00321194 0.00383561
1 0.0516312 0.0522508
1 0.00347722 0.00408165
1 0.0143328 0.0149354
1 0.0110076 0.0116101
1 0.00692703 0.00752712
1 0.00257134 0.003169
1 0.0474633 0.0480596
1 0.0368678 0.0374542
2 0.0682214 0.0687963
1 0.00586036 0.00643179
0 0 0.000566166
1 0.00283766 0.00339555
0 0 0.000554163
1 0.00832979 0.00887977
2 0.0770052 0.0775515
1 0.0138498 0.014389
1 0.00471932 0.00525738
0 0 0.000536002
0 0 0.000531854
1 0.0304219 0.0309522
1 0.00256006 0.00308834
1 0.0464952 0.047021
1 0.0174414 0.0179601
1 0.0171642 0.0176729
0 0 0.000507681
1 0.00177798 0.0022697
2 0.0322628 0.0327461
1 0.00228848 0.00276182
0 0 0.000473171
0 0 0.000468624
0 0 0.000463154
0 0 0.000457454
0 0 0.000456413
1 0.00415449 0.00460713
1 0.0321405 0.0325907
1 0.00978798 0.0102342
1 0.00476918 0.00521208
0 0 0.000437221
1 0.00427194 0.00470288
1 0.00826665 0.00869546
1 0.00284428 0.00325982
1 0.00593401 0.00634912
1 0.00531156 0.00572159
1 0.006714 0.00711949
1 0.00245348 0.00285676
0 0 0.000402857
0 0 0.000399064
1 0.00618749 0.00658602
1 0.00333289 0.00372494
0 0 0.000391744
1 0.0072008 0.00759184
0 0 0.000386592
1 0.013168 0.0135493
1 0.00564676 0.00602503
0 0 0.000373004
1 0.00952864 0.00990049
1 0.00245389 0.0028246
1 0.00405759 0.00442701
1 0.00177438 0.00213845
1 0.0101009 0.0104629
1 0.00891767 0.00926924
1 0.00311165 0.00345739
1 0.000823595 0.00116856
0 0 0.000343096
1 0.0058538 0.00619507
2 0.00620827 0.00654945
1 0.00613906 0.00647826
1 0.00454728 0.00488017
1 0.00250913 0.00283994
1 0.0163322 0.0166568
1 0.0415372 0.0418602
0 0 0.000317992
1 0.0403494 0.0406616
1 0.003735 0.00403983
1 0.00206717 0.00237183
1 0.00960221 0.00989948
1 0.00413202 0.00442857
1 0.0249604 0.0252553
1 0.064776 0.0650684
1 0.0048497 0.00514204
2 0.0306072 0.0308995
0 0 0.000290315
1 0.00169985 0.00198746
1 0.0116408 0.0119256
2 0.0815201 0.0817991
1 0.00530002 0.00557553
1 0.030467 0.0307395
0 0 0.000270679
0 0 0.000267463
0 0 0.000267327
1 0.00304328 0.00330995
2 0.0120726 0.0123355
0 0 0.000259807
2 0.0057475 0.0060054
1 0.00141866 0.00167537
1 0.0168527 0.0171078
1 0.0154904 0.0157351
0 0 0.000244186
1 0.00543621 0.00567899
1 0.0174297 0.0176719
1 0.00342841 0.00366953
1 0.00889837 0.00913781
1 0.00256741 0.00280603
2 0.00883783 0.00907042
2 0.00760996 0.00784036
2 0.0164224 0.0166516
1 0.00576971 0.00599707
1 0.00179556 0.00202151
1 0.00301422 0.00323892
1 0.00186607 0.00209031
1 0.00726903 0.00749286
0 0 0.00022312
1 0.00241625 0.00263302
1 0.000962788 0.001179
1 0.00364163 0.00385619
1 0.000792365 0.0010023
1 0.00162272 0.00182654
0 0 0.000203675
1 0.0120816 0.0122852
1 0.0165194 0.0167222
1 0.00379069 0.00398984
1 0.0370778 0.037273
0 0 0.000187848
2 0.00541925 0.00559482
0 0 0.000173171
2 0.0122822 0.0124552
1 0.00238575 0.00255662
0 0 0.000168546
0 0 0.000167673
1 0.00533885 0.0055039
1 0.010106 0.0102708
2 0.00949397 0.00965573
2 0.00666546 0.00682669
2 0.00339589 0.00355603
0 0 0.000159149
2 0.0573575 0.05751
2 0.00855741 0.00870897
2 0.016479 0.0166293
1 0.0026357 0.00278471
1 0.00304123 0.00318989
1 0.00813443 0.00828191
1 0.00349647 0.00363885
1 0.00687074 0.00700845
1 0.0485007 0.0486367
1 0.00269892 0.00282798
2 0.0583115 0.0584403
2 0.0140649 0.0141916
1 0.00161671 0.00173607
0 0 0.000116885
0 0 0.000116318
1 0.00531736 0.0054335
2 0.00918006 0.00929492
0 0 0.000112447
2 0.00637549 0.00648696
1 0.00753133 0.00764102
1 0.000917765 0.00102716
1 0.0122417 0.0123495
1 0.00778512 0.00789117
1 0.0156967 0.0158022
1 0.00891217 0.00901728
1 0.00405122 0.00415575
2 0.0189065 0.0190105
2 0.00671356 0.00681282
0 0 9.82115e-05
1 0.00142247 0.00151892
1 0.0151527 0.0152483
0 0 9.11812e-05
1 0.00352935 0.00361853
1 0.00786324 0.00795117
1 0.00510331 0.00518962
2 0.0313649 0.0314494
1 0.00268037 0.00276364
2 0.0121731 0.0122551
1 0.00449129 0.00457311
2 0.0498945 0.0499757
1 0.0151604 0.0152415
1 0.00730792 0.00738877
1 0.0034978 0.00357852
1 0.000732204 0.000812029
2 0.0498065 0.0498862
1 0.0114054 0.011485
1 0.0527312 0.05281
1 0.000858885 0.000937559
1 0.000492699 0.000571176
0 0 7.45596e-05
2 0.0119498 0.0120233
1 0.00275457 0.00282752
1 0.0753306 0.0754028
1 0.0654902 0.0655621
1 0.00727818 0.00735002
1 0.00362761 0.00369665
1 0.00544042 0.00550819
1 0.0103082 0.0103755
2 0.00354946 0.00361674
1 0.00199639 0.00206332
1 0.00115782 0.00122469
1 0.0075539 0.00762038
1 0.00570101 0.0057668
2 0.0106225 0.0106882
1 0.00620133 0.00626587
2 0.00885714 0.00892037
1 0.00174789 0.00181093
1 0.0170979 0.0171587
0 0 6.0557e-05
1 0.00136209 0.00142244
1 0.00274827 0.00280687
2 0.0179629 0.0180201
2 0.0615579 0.0616148
2 0.00606125 0.00611814
1 0.00795226 0.0080091
1 0.00385894 0.00391525
1 0.00165445 0.00170922
0 0 5.46284e-05
1 0.0129 0.0129546
1 0.0483224 0.0483762
2 0.0546448 0.0546985
2 0.0541278 0.0541812
1 0.00980563 0.00985855
1 0.00118922 0.00124173
2 0.0638392 0.0638917
1 0.000880268 0.000932473
1 0.00164767 0.00169987
1 0.0205278 0.0205798
2 0.00829309 0.00834287
1 0.0101878 0.0102374
1 0.003257 0.00330559
1 0.00598232 0.00603043
1 0.00346207 0.00350863
1 0.00877426 0.00881916
2 0.0489181 0.0489623
2 0.00242818 0.00247137
2 0.0140595 0.0141013
2 0.0703027 0.0703442
1 0.00848271 0.00852366
1 0.0112012 0.0112408
1 0.102167 0.102207
1 0.0014891 0.00152844
2 0.0265288 0.026568
1 0.0384313 0.0384692
1 0.00195317 0.00199063
2 0.0113736 0.01141
2 0.0773178 0.0773535
2 0.00797415 0.00800983
2 0.00806525 0.00810062
2 0.00120879 0.00124319
1 0.000188996 0.000223009
2 0.00437729 0.00441095
1 0.00284038 0.00287392
1 0.0264043 0.0264375
1 0.00346071 0.00349349
1 0.000709414 0.000740915
1 0.00143321 0.00146426
1 0.00452714 0.00455724
2 0.00368384 0.00371235
2 0.0727601 0.0727883
2 0.0379246 0.0379519
1 0.0021994 0.00222661
1 0.00111045 0.00113582
1 0.00184419 0.00186955
1 0.000997182 0.00102198
1 0.00109034 0.00111498
1 0.00536183 0.00538616
1 0.00189023 0.00191327
2 0.0164039 0.016426
2 0.00467444 0.00469649
1 0.01488 0.0149021
1 0.0044404 0.00446161
1 0.00523153 0.00525158
2 0.0588776 0.0588967
1 0.011007 0.011026
1 0.0329002 0.0329174
1 0.00120107 0.00121796
1 0.00197521 0.001992
1 0.00266745 0.00268376
1 0.00328038 0.00329641
1 0.0104976 0.0105129
1 0.0053725 0.00538779
1 0.0093683 0.00938318
2 0.0122363 0.0122511
2 0.0104087 0.0104234
1 0.00268748 0.00270176
2 0.0607616 0.0607759
2 0.00802031 0.00803455
1 0.00094051 0.00095475
1 0.0317595 0.0317735
2 0.0431509 0.0431643
1 0.00112753 0.00114071
1 0.00172679 0.00173891
2 0.0165602 0.0165718
1 0.0159354 0.0159468
1 0.000998403 0.00100929
2 0.0852565 0.0852672
1 0.00717236 0.00718304
1 0.00706309 0.00707365
1 0.00143858 0.00144788
1 0.00199376 0.00200161
1 0.0112996 0.0113072
2 0.00544207 0.00544957
2 0.00296098 0.00296819
1 0.00207016 0.00207708
2 0.00464639 0.00465319
1 0.00315719 0.00316393
1 0.00507551 0.00508187
2 0.00199415 0.00200019
1 0.0494404 0.0494462
2 0.0115573 0.0115627
1 0.00117686 0.00118225
1 0.0161287 0.016134
1 0.00030811 0.000312617
1 0.00601317 0.00601766
1 0.0814361 0.0814401
1 0.001645 0.00164896
1 0.00104456 0.00104852
1 0.0087547 0.00875845
1 0.00337537 0.00337906
2 0.0124175 0.0124211
1 0.0321364 0.03214
2 0.00390156 0.00390493
2 0.00465408 0.00465744
1 0.00150661 0.00150982
1 0.000254389 0.000257279
1 0.00464087 0.00464358
2 0.00735276 0.00735491
1 0.00251687 0.00251899
1 0.00545523 0.00545728
2 0.00366611 0.00366814
1 0.00749581 0.00749773
1 0.000772312 0.000774182
1 0.00505341 0.00505514
2 0.00606185 0.00606347
1 0.0118384 0.01184
2 0.0524065 0.0524081
1 0.000413418 0.000414838
2 0.0461795 0.0461808
1 0.00138867 0.00138989
1 0.0113247 0.0113259
1 0.015668 0.0156691
2 0.00267425 0.00267522
1 0.00133915 0.00134005
2 0.0769796 0.0769802
2 0.00361177 0.00361236
1 0.0588031 0.0588037
1 0.00513641 0.00513688
1 0.0028433 0.00284369
2 0.0016105 0.00161088
2 0.0175307 0.017531
2 0.00457385 0.00457411
1 0.00375687 0.0037571
2 0.00417907 0.00417924
1 0.0491339 0.049134
1 0.0124048 0.0124049
2 0.0182526 0.0182527
1 0.00498546 0.00498554
1 0.000490493 0.000490535
1 0.0155963 0.0155963
1 0.0297064 0.0297064
2 0.00286348 0.00286349
2 0.0115893 0.0115893
2 0.00454173 0.00454173
2 0.0119565 0.0119565
