0 0 inf
0 0 0.0815019
0 0 0.0697594
0 0 0.0476033
0 0 0.0355218
0 0 0.0302637
0 0 0.0282368
0 0 0.0228696
0 0 0.0215103
1 0.0177268 0.0383705
0 0 0.0204501
0 0 0.0196707
0 0 0.0193579
0 0 0.0177148
0 0 0.0170649
1 0.00804123 0.0239827
0 0 0.0156277
1 0.022169 0.0372041
0 0 0.0149949
1 0.0106111 0.0252348
0 0 0.014306
1 0.110501 0.124522
0 0 0.013524
1 0.0196354 0.0328522
0 0 0.0118912
1 0.0167528 0.0275508
1 0.0318922 0.0426113
0 0 0.010451
0 0 0.0103567
0 0 0.0102045
0 0 0.0100503
0 0 0.00996817
0 0 0.00988021
0 0 0.00907805
0 0 0.0090516
0 0 0.00892631
1 0.138872 0.147159
0 0 0.00799662
0 0 0.00788807
0 0 0.00779026
0 0 0.00770162
0 0 0.00750429
0 0 0.00749346
0 0 0.00744701
0 0 0.00720362
0 0 0.00705874
1 0.00367251 0.0106149
1 0.0112787 0.0181202
1 0.0489096 0.0557446
1 0.0307575 0.0373571
0 0 0.00655614
0 0 0.00648228
0 0 0.00627402
0 0 0.00626384
1 0.00307504 0.00925809
0 0 0.00600501
0 0 0.00595494
0 0 0.00592822
0 0 0.0059046
0 0 0.00581081
1 0.0179903 0.0237377
0 0 0.00568099
0 0 0.00567551
0 0 0.0056516
0 0 0.00563414
0 0 0.00562808
0 0 0.00562191
0 0 0.00552362
0 0 0.00551743
0 0 0.0054729
1 0.0268599 0.0323126
1 0.00887712 0.0143188
0 0 0.00539661
1 0.00867449 0.0139472
1 0.0241551 0.0294165
0 0 0.00513359
0 0 0.00491848
0 0 0.00485971
1 0.00739229 0.0122383
0 0 0.00477614
1 0.0252246 0.0299673
0 0 0.0046605
0 0 0.00462108
2 0.0256 0.0301832
1 0.00723164 0.0117986
0 0 0.00456471
0 0 0.0044047
1 0.0406218 0.0449655
0 0 0.00431913
0 0 0.00427567
2 0.0459372 0.0501864
1 0.0296987 0.0339422
0 0 0.0042152
0 0 0.00420034
1 0.0106209 0.0148079
0 0 0.00405718
0 0 0.00403758
0 0 0.00398528
1 0.0329737 0.0369429
0 0 0.00373345
0 0 0.00369543
0 0 0.00359011
0 0 0.00353593
0 0 0.00351588
0 0 0.00345111
1 0.00370399 0.00714854
0 0 0.00344439
1 0.0600605 0.0634115
0 0 0.00332478
1 0.0103758 0.0136919
1 0.00748605 0.0107926
0 0 0.00325795
0 0 0.00316385
0 0 0.00314606
0 0 0.00308808
0 0 0.00306883
0 0 0.00302634
1 0.00878588 0.0117852
0 0 0.00299087
0 0 0.00294471
0 0 0.00290989
0 0 0.00290064
1 0.00777896 0.0106555
1 0.00652132 0.00939012
1 0.0171549 0.0200156
1 0.00369446 0.00653412
0 0 0.00282008
1 0.00404959 0.00685301
1 0.0221098 0.0248844
0 0 0.0027511
1 0.0342405 0.0368906
0 0 0.00263447
0 0 0.00257656
0 0 0.00255061
1 0.019422 0.0219548
1 0.012242 0.0147375
0 0 0.00249338
0 0 0.00244427
1 0.0155243 0.0179459
0 0 0.00241954
0 0 0.00238171
1 0.00444132 0.00677126
0 0 0.00231959
0 0 0.00230227
0 0 0.00229822
0 0 0.00226683
0 0 0.00225485
0 0 0.00218128
0 0 0.00217152
1 0.00755336 0.00971458
1 0.118727 0.120884
0 0 0.00212898
0 0 0.00210102
1 0.00438199 0.00647423
0 0 0.0020567
1 0.00826322 0.0103071
0 0 0.00203732
0 0 0.00203701
1 0.0167545 0.0187514
0 0 0.00199136
0 0 0.00196366
0 0 0.00193053
0 0 0.00190416
1 0.0299028 0.0317754
0 0 0.00185903
1 0.0250099 0.0268556
0 0 0.00181171
2 0.0257156 0.0275186
0 0 0.00178973
0 0 0.00176667
0 0 0.00175367
1 0.0210279 0.0227805
1 0.00708896 0.00883818
1 0.0118958 0.0136287
1 0.0091769 0.0109064
1 0.0172227 0.0189454
1 0.0251496 0.0268191
1 0.00645027 0.00811328
0 0 0.00165573
2 0.0290131 0.0306445
0 0 0.00162901
0 0 0.00161247
0 0 0.0016114
1 0.0221572 0.0237642
2 0.0328753 0.034469
0 0 0.00157278
1 0.00387979 0.00543019
1 0.0136121 0.01516
0 0 0.00154011
2 0.0101679 0.0117041
0 0 0.0015288
1 0.018109 0.0196276
2 0.00722944 0.00874364
1 0.00948232 0.0109872
0 0 0.00149305
0 0 0.00148663
1 0.00927802 0.0107428
1 0.00996808 0.0114177
0 0 0.00143423
1 0.0399225 0.0413548
1 0.0136313 0.0150386
0 0 0.00140684
0 0 0.0013995
1 0.0396282 0.0410274
0 0 0.00139684
0 0 0.00139389
0 0 0.00138963
1 0.0174599 0.0188462
0 0 0.00138111
1 0.00564082 0.00701017
1 0.0055822 0.00695151
1 0.0269552 0.0283073
0 0 0.00135107
0 0 0.00133821
1 0.0829392 0.0842691
0 0 0.00130147
1 0.0113637 0.0126412
0 0 0.00127224
1 0.0106073 0.0118601
1 0.00276945 0.00401667
2 0.00956698 0.010804
1 0.0203963 0.0216328
1 0.0188097 0.0200275
0 0 0.00119648
2 0.0204418 0.0216332
1 0.00446229 0.00564395
1 0.00341157 0.00458139
0 0 0.00116556
0 0 0.00116459
1 0.00687477 0.00803936
0 0 0.00115962
0 0 0.00113954
0 0 0.00113596
0 0 0.00110059
1 0.00441612 0.00549876
1 0.0120471 0.0130901
0 0 0.00103211
1 0.0122073 0.013227
2 0.00897991 0.0099936
0 0 0.00100994
0 0 0.0010008
1 0.0114282 0.0124217
1 0.0032512 0.00423555
1 0.0117625 0.0127437
0 0 0.000979869
1 0.057789 0.0587649
1 0.0614585 0.0624265
0 0 0.000967797
1 0.00970882 0.0106558
1 0.00320659 0.00414232
1 0.00148982 0.00240097
0 0 0.000903393
1 0.00464789 0.00554673
2 0.056501 0.0573967
0 0 0.000893119
0 0 0.000890639
1 0.00219165 0.00308187
0 0 0.000886665
1 0.00395689 0.00479933
0 0 0.000839728
1 0.00826177 0.00909845
0 0 0.000832159
1 0.0112766 0.0121056
2 0.0206059 0.0214281
0 0 0.00080996
1 0.0318481 0.0326542
1 0.0478332 0.0486343
1 0.00457892 0.00537787
1 0.0211385 0.0219359
1 0.0163784 0.0171717
1 0.00164635 0.00243079
0 0 0.000779254
0 0 0.000765402
0 0 0.000754832
2 0.00860374 0.0093515
1 0.0186153 0.0193628
1 0.00445257 0.00518217
1 0.00301263 0.00372202
0 0 0.000702306
1 0.00638156 0.00707823
1 0.00635364 0.00703986
0 0 0.000684147
0 0 0.000682561
2 0.0337199 0.0344017
0 0 0.000675199
1 0.00898181 0.00965352
2 0.0646362 0.0652937
0 0 0.000656913
1 0.0482039 0.0488574
2 0.0202221 0.0208613
2 0.0320016 0.0326292
1 0.00322404 0.00384916
1 0.00348316 0.00410706
1 0.00797529 0.00859789
0 0 0.000620747
1 0.0415146 0.0421249
1 0.0513925 0.0520014
0 0 0.000602043
1 0.00489312 0.00549464
1 0.0347598 0.0353482
1 0.00331917 0.00390357
0 0 0.000561074
1 0.00242446 0.00298222
2 0.00763777 0.00819202
2 0.0110589 0.0116118
0 0 0.000551861
0 0 0.000547454
0 0 0.000543413
1 0.0146083 0.0151483
1 0.030726 0.0312651
1 0.0019486 0.00246722
1 0.0262986 0.0268172
2 0.0344233 0.034941
1 0.0039821 0.0044903
1 0.0198135 0.0203215
0 0 0.000507204
2 0.0137395 0.0142457
0 0 0.000498103
1 0.010005 0.0105019
1 0.0537906 0.0542852
0 0 0.000480942
1 0.00763566 0.00810823
1 0.00854248 0.00900821
1 0.0101132 0.0105747
1 0.00165802 0.00211097
1 0.00385976 0.00430693
1 0.00617212 0.00661536
2 0.0191819 0.0196237
2 0.00704595 0.00748636
1 0.00162721 0.00206563
0 0 0.000437041
1 0.0892895 0.0897229
2 0.0131724 0.0135903
1 0.00250003 0.00291696
1 0.00790155 0.00831771
1 0.00354033 0.00394844
1 0.00562574 0.00602632
1 0.0167766 0.0171754
2 0.0488817 0.0492767
1 0.00125662 0.00165079
1 0.00283126 0.00322268
1 0.00434268 0.00473132
1 0.0483032 0.0486915
1 0.0119299 0.0123142
1 0.0095386 0.00992223
1 0.00164744 0.00202809
2 0.0431996 0.0435784
1 0.00950214 0.00987883
0 0 0.00037475
0 0 0.000373403
2 0.00986432 0.0102332
1 0.00780251 0.00815881
1 0.00395826 0.00431283
1 0.00467197 0.00502203
1 0.00842028 0.00876756
1 0.0136473 0.0139903
1 0.026915 0.0272541
1 0.00653413 0.00686517
1 0.0023693 0.00269946
0 0 0.000324057
0 0 0.000320014
0 0 0.000317359
1 0.00703889 0.00735558
1 0.0180705 0.0183871
1 0.0187049 0.0190153
0 0 0.000305976
2 0.0232403 0.0235442
1 0.00542422 0.00572695
1 0.00687844 0.00718087
1 0.0117487 0.0120485
1 0.00693122 0.00723036
1 0.00509245 0.00539108
1 0.00927111 0.00956346
1 0.00235315 0.00264376
1 0.00977291 0.0100608
1 0.00464797 0.00493305
0 0 0.000275609
1 0.00358314 0.00385464
1 0.0275421 0.0278134
1 0.00831454 0.00858577
1 0.00338437 0.00365307
1 0.00368738 0.00395108
1 0.00343553 0.00369836
2 0.0121011 0.0123627
1 0.0028281 0.00308953
1 0.002759 0.00301839
1 0.0545145 0.0547711
2 0.0462874 0.0465389
2 0.0194637 0.0197142
1 0.0343116 0.0345582
1 0.00246323 0.00270836
2 0.0627664 0.0630103
1 0.00957562 0.00981941
1 0.000922137 0.00116026
2 0.00979359 0.0100316
1 0.00241744 0.00265537
1 0.0116795 0.0119166
1 0.0112812 0.0115146
1 0.0108729 0.0111028
0 0 0.000227132
0 0 0.000217363
1 0.0046318 0.00484762
1 0.0130225 0.0132376
1 0.00451417 0.00472857
1 0.00244357 0.0026565
1 0.0661375 0.0663499
1 0.00453374 0.00474604
1 0.0061358 0.00634762
2 0.0227198 0.0229315
0 0 0.000211615
0 0 0.000209004
2 0.00585779 0.00606446
1 0.0344852 0.0346914
1 0.0157593 0.015964
0 0 0.000203989
2 0.00562169 0.00582106
1 0.0115646 0.01176
1 0.0107613 0.010951
1 0.00731611 0.00750395
2 0.0125897 0.0127758
0 0 0.0001843
0 0 0.000183736
1 0.00553043 0.00571137
1 0.00195773 0.00213645
1 0.00135773 0.00153364
2 0.011457 0.0116302
1 0.0107349 0.0109075
1 0.00331161 0.00348144
1 0.0079856 0.00814884
1 0.00291525 0.00307613
1 0.0113619 0.0115215
1 0.00168557 0.00184317
2 0.0419659 0.0421223
0 0 0.000155394
1 0.00761136 0.00776628
1 0.00239263 0.00254743
1 0.00270263 0.00285675
1 0.0131041 0.0132582
1 0.00460588 0.00475942
1 0.00537889 0.00553207
1 0.00506626 0.00521703
2 0.0298897 0.0300333
1 0.00337448 0.00351779
1 0.0312718 0.0314143
1 0.0553416 0.0554833
2 0.00945034 0.00959195
1 0.00147423 0.0016127
1 0.00530093 0.00543362
1 0.00607746 0.00620942
2 0.00870617 0.00883808
0 0 0.000131864
1 0.0465847 0.0467154
1 0.000993326 0.00112039
1 0.0180757 0.0182005
0 0 0.000123209
1 0.012987 0.0131101
0 0 0.000122461
1 0.00925781 0.00937895
1 0.00233337 0.00245437
1 0.000779912 0.000900579
1 0.0559188 0.0560372
1 0.0177932 0.0179103
2 0.0378933 0.0380094
2 0.00393987 0.00405524
1 0.00286735 0.00298079
1 0.0401281 0.040241
2 0.0116555 0.0117674
1 0.00442456 0.00453468
1 0.00485536 0.00496466
0 0 0.000106775
1 0.00887782 0.00898407
1 0.00170716 0.00181315
1 0.00172065 0.00182506
1 0.00616772 0.00626858
2 0.0284983 0.028598
1 0.00141283 0.00151021
1 0.00734069 0.00743756
2 0.0264912 0.0265871
1 0.00278569 0.00288005
1 0.00765073 0.00774446
1 0.00883 0.00892309
1 0.0167563 0.0168493
2 0.00973934 0.00983212
0 0 9.25512e-05
1 0.0044579 0.00454873
0 0 9.07254e-05
0 0 8.92656e-05
1 0.0105216 0.0106106
1 0.0199114 0.0200004
1 0.0110268 0.0111139
1 0.00164317 0.00172999
1 0.00599159 0.00607759
1 0.00911403 0.0092
2 0.0259059 0.0259916
1 0.0261464 0.0262308
2 0.00624139 0.0063249
1 0.0147735 0.0148568
1 0.0112595 0.0113427
1 0.00717946 0.00726
2 0.0170288 0.0171092
2 0.0103227 0.0104023
1 0.00223283 0.00231097
2 0.0108655 0.0109405
1 0.00380109 0.00387495
1 0.051145 0.051218
2 0.0363194 0.0363903
2 0.00327434 0.00334486
1 0.0363062 0.0363759
2 0.00437316 0.00444258
1 0.00362511 0.00369342
2 0.00982791 0.00989542
1 0.00272682 0.00279311
1 0.00134876 0.00141464
2 0.00710408 0.00716967
2 0.00637315 0.00643783
2 0.0208309 0.020895
1 0.0020386 0.00210248
1 0.00166618 0.00172992
1 0.0046051 0.00466827
2 0.0264987 0.0265616
1 0.00954352 0.00960642
2 0.0341743 0.0342367
2 0.00627744 0.00633882
1 0.0100623 0.0101226
1 0.00215711 0.00221634
1 0.0222869 0.0223454
2 0.00693128 0.00698902
1 0.000785441 0.000841102
2 0.0562959 0.0563506
1 0.0131833 0.0132377
1 0.0090527 0.00910649
1 0.0031428 0.00319477
1 0.00520008 0.00525
1 0.0699711 0.0700208
1 0.0388283 0.0388773
1 0.0116395 0.0116876
1 0.00884204 0.00888952
1 0.00211623 0.00216275
2 0.0701296 0.070176
2 0.00662048 0.00666575
1 0.00485594 0.00490107
1 0.00311902 0.00316387
1 0.00450491 0.00454851
2 0.00868087 0.00872407
2 0.0208331 0.0208759
1 0.00234371 0.00238568
2 0.0367867 0.0368274
0 0 3.7476e-05
1 0.00451262 0.00454944
1 0.00268652 0.00272229
2 0.00218381 0.00221771
1 0.00495556 0.00498902
1 0.00523959 0.00527305
1 0.0357612 0.0357945
1 0.00275506 0.00278818
1 0.00321643 0.00324906
1 0.0129871 0.0130198
1 0.0126808 0.0127122
1 0.0031371 0.003168
2 0.00734754 0.00737776
1 0.00289295 0.00292251
0 0 2.88935e-05
1 0.00408131 0.00411003
1 0.00173042 0.00175877
1 0.0128919 0.0129195
1 0.000441865 0.000468979
2 0.00591396 0.00594089
1 0.000273164 0.000299372
2 0.0054469 0.00547311
1 0.0538541 0.05388
2 0.0207529 0.0207786
2 0.00306059 0.00308601
2 0.00191893 0.00194399
1 0.0317364 0.0317612
2 0.147703 0.147727
1 0.00218922 0.00221312
1 0.00326278 0.0032866
2 0.021957 0.0219805
1 0.00148632 0.00150921
1 0.0230477 0.0230699
2 0.00523013 0.00525232
1 0.00321961 0.00324139
2 0.00870809 0.00872971
2 0.00710966 0.00713074
1 0.0120341 0.0120552
2 0.0232051 0.0232252
1 0.00466243 0.0046825
2 0.0128972 0.0129166
1 0.0292102 0.0292296
1 0.0121103 0.0121294
1 0.000874888 0.000893759
1 0.0347282 0.0347469
1 0.0191582 0.0191767
1 0.00401937 0.00403733
2 0.0576547 0.0576705
2 0.00319686 0.0032109
1 0.003395 0.00340881
2 0.00300369 0.00301678
1 0.0117151 0.0117279
2 0.0179553 0.017968
1 0.00683123 0.00684344
2 0.0135668 0.0135787
1 0.00374925 0.00376088
1 0.00113254 0.00114356
2 0.0125089 0.0125196
2 0.00480478 0.00481513
1 0.00304392 0.00305425
1 0.00251627 0.00252648
2 0.00154188 0.00155197
2 0.0570939 0.0571032
2 0.0195202 0.0195292
1 0.036569 0.0365779
1 0.0127856 0.0127944
1 0.0147541 0.0147628
1 0.00695043 0.00695818
1 0.00257135 0.00257836
2 0.00969614 0.00970313
2 0.0375456 0.0375524
2 0.00118657 0.00119316
2 0.00925408 0.0092605
2 0.00493011 0.00493586
2 0.0263303 0.0263357
2 0.00961038 0.00961564
1 0.00196569 0.00197071
1 0.00100568 0.00101053
1 0.00955126 0.00955611
1 0.0115119 0.0115165
2 0.00566836 0.00567296
2 0.00259066 0.00259512
2 0.0130356 0.0130398
2 0.00478255 0.00478674
1 0.00104459 0.00104866
1 0.0128922 0.012896
1 0.00220089 0.00220465
2 0.0208304 0.0208335
1 0.000305884 0.000308873
1 0.00174211 0.00174502
2 0.0130913 0.0130938
1 0.000943008 0.000945515
2 0.00588287 0.00588536
2 0.0121 0.0121021
1 0.00467604 0.00467794
1 0.00619837 0.00620017
2 0.0146813 0.0146827
1 0.0309991 0.0310005
1 0.00691491 0.00691624
1 0.000951789 0.000952725
2 0.0123865 0.0123874
1 0.00563834 0.00563926
2 0.0054358 0.00543662
2 0.0388851 0.0388859
2 0.0055357 0.00553644
1 0.00517727 0.0051779
1 0.00103094 0.00103151
1 0.00239742 0.00239796
1 0.00874276 0.00874324
1 0.00259005 0.00259045
1 0.0011131 0.00111339
1 0.00282327 0.00282352
1 0.0141488 0.014149
2 0.00746368 0.00746385
2 0.000493537 0.000493674
2 0.012731 0.0127311
2 0.00504529 0.00504538
2 0.0263459 0.0263459
2 0.0365789 0.0365789
2 0.0115873 0.0115873
1 0.0230026 0.0230027
2 0.0274783 0.0274784
2 0.0402871 0.0402871
1 0.0102086 0.0102086
1 0.00146137 0.00146139
1 0.0096024 0.00960241
