0 0 inf
0 0 0.0420786
0 0 0.0415372
0 0 0.0391205
0 0 0.0387579
0 0 0.0377867
0 0 0.0371616
0 0 0.0364492
0 0 0.0321405
0 0 0.0307806
1 0.0764679 0.107088
0 0 0.0289707
0 0 0.0281841
0 0 0.0278448
0 0 0.0265
1 0.0492321 0.0741764
1 0.0240435 0.0467163
0 0 0.0218544
1 0.0238268 0.045617
0 0 0.0206542
0 0 0.0205278
1 0.044929 0.0647773
1 0.0228995 0.0410702
0 0 0.0174226
0 0 0.0163228
0 0 0.0157342
1 0.0582009 0.0738963
1 0.0507859 0.0661994
0 0 0.0135146
0 0 0.0131144
0 0 0.012911
0 0 0.0123984
1 0.0411639 0.0529852
2 0.0788435 0.0905072
1 0.0611578 0.0726307
0 0 0.0113643
1 0.0599848 0.0713332
0 0 0.0113482
0 0 0.0112031
0 0 0.0110509
0 0 0.0110347
0 0 0.0107216
0 0 0.0107094
0 0 0.0101156
0 0 0.00998262
1 0.0206281 0.0305057
0 0 0.00894215
0 0 0.00879123
1 0.00627149 0.0147272
0 0 0.00838833
0 0 0.0079637
0 0 0.00784118
0 0 0.00777267
0 0 0.00758309
1 0.0169103 0.0238808
0 0 0.00692703
0 0 0.00664406
1 0.0290504 0.0356897
2 0.0483635 0.0549218
1 0.0381989 0.0444908
1 0.0211172 0.0271275
0 0 0.0059204
0 0 0.00586346
1 0.028552 0.034172
0 0 0.00545136
1 0.0457295 0.051162
0 0 0.00536183
0 0 0.00519977
0 0 0.00499148
1 0.0171495 0.0220991
1 0.00696673 0.011889
1 0.00726903 0.0121731
0 0 0.00482379
0 0 0.00472493
0 0 0.00469946
0 0 0.00464458
1 0.0362499 0.0407381
0 0 0.00443848
0 0 0.00437122
0 0 0.0043512
0 0 0.00434605
1 0.00500142 0.00932474
1 0.0741792 0.0784689
0 0 0.0042714
0 0 0.00415738
0 0 0.00404424
0 0 0.00396416
0 0 0.0039454
0 0 0.00389778
0 0 0.00387073
0 0 0.00385546
0 0 0.0037828
1 0.059202 0.0628173
0 0 0.00356553
1 0.00718857 0.0107527
0 0 0.00348504
0 0 0.003459
2 0.0160539 0.0193694
0 0 0.00330028
0 0 0.00327301
0 0 0.00327268
0 0 0.00323288
0 0 0.00323094
1 0.0235316 0.026726
0 0 0.00311655
1 0.0437017 0.0468093
0 0 0.00305839
0 0 0.00303031
0 0 0.00302933
0 0 0.00302654
0 0 0.00287415
0 0 0.00284747
0 0 0.00284382
1 0.00746697 0.0102733
1 0.0064934 0.00929114
0 0 0.00276609
1 0.0292605 0.0319911
0 0 0.00267497
1 0.0425356 0.0451356
2 0.0869747 0.0895444
1 0.00790346 0.010438
0 0 0.00252829
1 0.0048497 0.0073677
0 0 0.00251625
1 0.00427442 0.00677106
1 0.00417976 0.00666546
0 0 0.0024409
0 0 0.00241634
0 0 0.00238175
0 0 0.00237267
1 0.030953 0.033323
0 0 0.00233011
0 0 0.00229784
0 0 0.00229485
0 0 0.00226209
0 0 0.00225278
1 0.0570934 0.0593457
0 0 0.00220851
2 0.0698876 0.0720864
1 0.0075539 0.00975249
1 0.253924 0.256119
0 0 0.00217242
0 0 0.00215839
1 0.0115194 0.0136717
1 0.0101634 0.0122891
1 0.0125947 0.0147019
1 0.00792226 0.010004
1 0.016458 0.0185186
0 0 0.00204405
1 0.02299 0.0250143
1 0.0762047 0.0782238
0 0 0.00193644
2 0.0494792 0.0513981
0 0 0.00189901
1 0.046137 0.048031
1 0.00577492 0.00764085
0 0 0.00186397
1 0.0059339 0.00779038
1 0.0311009 0.032947
0 0 0.001842
0 0 0.00184197
0 0 0.00183915
1 0.00339934 0.0051937
1 0.0622139 0.0639976
0 0 0.00177438
0 0 0.00177009
1 0.0186605 0.0204055
0 0 0.0017148
0 0 0.00170189
0 0 0.00166915
2 0.139541 0.14119
0 0 0.00161671
0 0 0.0015829
0 0 0.00157156
0 0 0.00156796
1 0.0106783 0.0122203
0 0 0.00153357
2 0.0478724 0.0494022
0 0 0.00150877
1 0.0391368 0.0406308
0 0 0.00147466
0 0 0.00146048
0 0 0.00145829
2 0.0131973 0.0146311
1 0.00592831 0.00735276
0 0 0.00140461
0 0 0.00139683
0 0 0.00138867
1 0.0695282 0.0709032
1 0.006714 0.00806525
1 0.0456302 0.0469803
0 0 0.00134454
0 0 0.00133314
1 0.00916885 0.0104906
1 0.0130361 0.0143523
2 0.0112408 0.0125515
1 0.00359345 0.00488017
1 0.00700656 0.00829249
2 0.00790709 0.00917904
0 0 0.00127163
0 0 0.00126725
0 0 0.00121689
2 0.0448215 0.0460341
1 0.00824216 0.00943712
0 0 0.00118958
0 0 0.00118633
0 0 0.00115393
0 0 0.00112372
0 0 0.0011007
0 0 0.00110059
0 0 0.0010938
0 0 0.00108993
1 0.00706498 0.00814547
0 0 0.00107889
1 0.00470149 0.00578038
1 0.0352437 0.0363212
2 0.0739478 0.0750242
1 0.00883581 0.0098833
1 0.0438472 0.0448895
1 0.00978798 0.0108265
0 0 0.000998403
0 0 0.000990746
1 0.00186024 0.00284157
0 0 0.000962788
1 0.00318769 0.00414774
1 0.00569694 0.00664605
1 0.00672202 0.00765427
1 0.0310344 0.0319654
0 0 0.000928571
0 0 0.000924905
1 0.0204924 0.0214166
0 0 0.000921658
1 0.0093683 0.0102883
0 0 0.000916676
1 0.0305689 0.0314849
0 0 0.000915381
1 0.000955511 0.00186896
1 0.0691391 0.0700444
2 0.0149171 0.0158044
0 0 0.000881192
0 0 0.000875737
1 0.00841641 0.00928768
1 0.0299046 0.0307695
2 0.0161435 0.0170033
0 0 0.000858475
0 0 0.000856939
1 0.0263631 0.0272097
0 0 0.000837729
2 0.0528758 0.053686
0 0 0.000801128
1 0.0323007 0.033099
0 0 0.000793312
0 0 0.000785655
1 0.0028959 0.0036778
1 0.00125866 0.00202938
0 0 0.000769367
1 0.05571 0.0564719
1 0.0304297 0.0311836
1 0.0069763 0.00771795
0 0 0.000732204
1 0.00328155 0.0040134
1 0.00510331 0.00582586
1 0.0044902 0.0052087
0 0 0.000717964
1 0.00826665 0.0089658
1 0.00995113 0.0106482
0 0 0.000695707
1 0.0146164 0.0152997
1 0.00805852 0.00872861
1 0.0155939 0.0162613
1 0.00915301 0.00980818
1 0.0540726 0.0547222
0 0 0.000645111
1 0.00601048 0.00665213
2 0.00833637 0.00897025
2 0.0126949 0.0133255
1 0.00347722 0.00408165
1 0.0110076 0.0116101
1 0.0474633 0.0480596
1 0.00889837 0.00949397
1 0.00598232 0.00656969
1 0.0368678 0.0374542
0 0 0.000585096
1 0.0551905 0.055772
1 0.0129658 0.0135463
1 0.00586036 0.00643179
0 0 0.000566166
1 0.00283766 0.00339555
1 0.0246609 0.0252178
0 0 0.000554163
2 0.0305413 0.0310899
1 0.0138498 0.014389
1 0.00773896 0.00827551
0 0 0.000536002
0 0 0.000531854
0 0 0.000508588
0 0 0.000507681
0 0 0.000505427
1 0.0497227 0.0502266
0 0 0.000502001
1 0.000643422 0.00114134
0 0 0.000490493
2 0.045068 0.0455535
0 0 0.000485213
0 0 0.000483142
1 0.00458299 0.00506392
0 0 0.000465845
1 0.00620277 0.00666648
1 0.0132647 0.0137282
0 0 0.000463154
0 0 0.000457454
0 0 0.000456413
1 0.0179406 0.0183967
1 0.00687074 0.00731816
1 0.00427194 0.00470288
1 0.0111157 0.0115432
1 0.029922 0.0303482
2 0.0265654 0.0269901
0 0 0.000417752
1 0.00531156 0.00572159
1 0.00583665 0.00624152
1 0.00618749 0.00658602
0 0 0.000391744
2 0.0343563 0.0347377
1 0.0017094 0.00208337
0 0 0.000373004
2 0.0468295 0.0472016
1 0.00952864 0.00990049
1 0.00245389 0.0028246
1 0.00116716 0.00153636
2 0.0261882 0.0265521
1 0.024951 0.0253148
2 0.0189108 0.0192697
2 0.00765839 0.00800913
2 0.0495855 0.0499317
0 0 0.000344703
0 0 0.000343096
2 0.0638392 0.0641815
0 0 0.000336031
0 0 0.000332834
1 0.0125091 0.0128383
1 0.00569424 0.00601721
0 0 0.000317992
1 0.00458303 0.00489994
1 0.00175031 0.0020661
1 0.003735 0.00403983
1 0.00206717 0.00237183
1 0.00960221 0.00989948
1 0.0249604 0.0252553
2 0.0350723 0.0353626
2 0.00641108 0.00669859
1 0.00611912 0.00640292
1 0.000645781 0.000921439
1 0.00530002 0.00557553
1 0.00336997 0.00364493
0 0 0.000270679
1 0.0670481 0.0673177
0 0 0.000267463
0 0 0.000267327
1 0.00304328 0.00330995
2 0.0178268 0.0180933
2 0.0134453 0.0137087
2 0.0120726 0.0123355
1 0.010894 0.0111568
1 0.00400273 0.00426461
0 0 0.00025929
1 0.0311569 0.0314104
1 0.00734936 0.00760032
1 0.00797921 0.0082216
2 0.0104087 0.0106507
1 0.00256741 0.00280603
1 0.00625225 0.00649081
1 0.0229427 0.0231806
1 0.0175914 0.0178268
2 0.0164224 0.0166516
1 0.00966906 0.00989658
2 0.0681853 0.0684121
1 0.00179556 0.00202151
2 0.0107434 0.0109691
1 0.00186607 0.00209031
0 0 0.00022312
1 0.0091057 0.0093214
1 0.00364163 0.00385619
2 0.0315209 0.0317342
0 0 0.000203675
1 0.00379069 0.00398984
0 0 0.000195705
1 0.0370778 0.037273
2 0.016031 0.0162258
2 0.0313938 0.0315852
1 0.009329 0.00951753
1 0.0312471 0.031435
0 0 0.000187848
1 0.00311165 0.00329884
1 0.00375687 0.00394333
2 0.0898935 0.0900787
1 0.00874352 0.00892867
0 0 0.000184993
1 0.0434915 0.0436737
2 0.0478338 0.0480146
1 0.00376318 0.00394386
0 0 0.000177938
1 0.0014891 0.0016644
1 0.045815 0.0459897
1 0.0468586 0.0470332
1 0.00335197 0.0035259
0 0 0.000173171
0 0 0.000168546
0 0 0.000167673
2 0.0506043 0.0507695
2 0.0126802 0.012845
2 0.0487206 0.0488845
1 0.000835995 0.000991401
2 0.00855741 0.00870897
2 0.016479 0.0166293
1 0.00813443 0.00828191
1 0.00587631 0.00602362
2 0.0289361 0.0290805
1 0.00349647 0.00363885
1 0.00571889 0.00586008
1 0.00198213 0.00212187
1 0.00749581 0.00763421
1 0.00148462 0.00162293
1 0.0321364 0.0322735
1 0.0485007 0.0486367
1 0.00123188 0.00136732
1 0.0102399 0.0103722
1 0.00408749 0.00421853
1 0.0342712 0.0344018
2 0.0583115 0.0584403
0 0 0.000128071
1 0.00659314 0.00672038
1 0.00165283 0.00177982
1 0.00169201 0.00181331
2 0.0376251 0.0377422
0 0 0.000116885
0 0 0.000116318
1 0.0283518 0.0284677
1 0.0257736 0.025888
1 0.00160866 0.00171959
1 0.00284038 0.00294668
1 0.00635243 0.00645863
1 0.00778512 0.00789117
1 0.0156967 0.0158022
1 0.0163976 0.0165019
1 0.0464266 0.0465297
1 0.00655577 0.00665791
1 0.0079227 0.0080247
1 0.00676732 0.00686687
2 0.0799315 0.0800298
0 0 9.82115e-05
1 0.000944098 0.0010415
1 0.00223768 0.00233458
1 0.00142247 0.00151892
2 0.0465249 0.0466196
1 0.00257294 0.00266611
1 0.016684 0.0167755
1 0.00352935 0.00361853
1 0.0654902 0.0655786
1 0.00786324 0.00795117
2 0.0108603 0.0109466
1 0.000399606 0.000484705
1 0.0054705 0.00555526
1 0.0312267 0.0313113
2 0.010014 0.010098
2 0.0106225 0.0107061
1 0.00268037 0.00276364
1 0.00449129 0.00457311
2 0.0498945 0.0499757
2 0.00760568 0.0076868
1 0.0151604 0.0152415
1 0.00730792 0.00738877
2 0.00795698 0.0080373
1 0.000492699 0.000571176
1 0.0052524 0.00532905
1 0.00149008 0.00156588
1 0.00689216 0.00696743
1 0.00503131 0.00510646
2 0.00116856 0.00124319
0 0 7.45596e-05
2 0.0100346 0.0101083
1 0.00100397 0.00107555
1 0.0103082 0.0103755
1 0.00199639 0.00206332
1 0.00115782 0.00122469
1 0.00420402 0.00427013
2 0.00959103 0.00965573
1 0.00620133 0.00626587
1 0.00540671 0.00546977
1 0.00105068 0.00111363
2 0.00852651 0.00858806
2 0.00213486 0.0021957
1 0.0031517 0.00321216
1 0.00136209 0.00142244
1 0.000839964 0.000900191
2 0.00126819 0.00132647
2 0.00606125 0.00611814
2 0.0250022 0.0250589
1 0.00181869 0.0018754
1 0.00385894 0.00391525
1 0.000585484 0.000641014
1 0.000727775 0.000783299
0 0 5.49974e-05
1 0.00165445 0.00170922
0 0 5.46284e-05
1 0.0009816 0.0010355
2 0.0546448 0.0546985
1 0.000880268 0.000932473
1 0.00473038 0.00478076
1 0.0101878 0.0102374
2 0.0642042 0.0642532
1 0.003257 0.00330559
1 0.00937291 0.00941559
1 0.00998846 0.0100301
2 0.0703027 0.0703442
2 0.0473754 0.0474158
2 0.00949792 0.00953739
1 0.00195317 0.00199063
2 0.015486 0.0155227
2 0.0114235 0.0114598
2 0.00157137 0.00160749
2 0.00797415 0.00800983
1 0.00182927 0.00186399
2 0.0482453 0.0482793
1 0.000188996 0.000223009
1 0.0264043 0.0264375
2 0.0361163 0.0361488
2 0.00718373 0.00721494
1 0.00452714 0.00455724
1 0.0174645 0.017494
1 0.016149 0.016178
2 0.00368384 0.00371235
1 0.000539819 0.00056828
2 0.0727601 0.0727883
2 0.0379246 0.0379519
2 0.0363213 0.0363475
1 0.000853532 0.000879723
1 0.00109034 0.00111498
1 0.000738356 0.00076239
2 0.0383576 0.0383815
2 0.0103725 0.010395
1 0.00897389 0.00899617
2 0.0164039 0.016426
1 0.0117743 0.0117959
1 0.00252023 0.00254162
1 0.00193781 0.00195836
1 0.00523153 0.00525158
1 0.0244439 0.0244616
2 0.0178823 0.0178997
1 0.0329002 0.0329174
1 0.00197521 0.001992
1 0.0258587 0.0258752
1 0.0112429 0.0112593
1 0.00266745 0.00268376
1 0.0130148 0.0130309
1 0.00899371 0.00900946
2 0.00938965 0.00940508
2 0.0122363 0.0122511
2 0.00373982 0.00375455
2 0.00212002 0.00213438
1 0.00094051 0.00095475
1 0.000683823 0.000697331
1 0.00112753 0.00114071
1 0.000746016 0.000758892
1 0.0362998 0.0363122
1 0.00172679 0.00173891
2 0.0165602 0.0165718
1 0.00770216 0.00771363
1 0.0159354 0.0159468
1 0.0067035 0.00671472
2 0.00120879 0.00121962
1 0.0198318 0.0198425
1 0.0233402 0.0233507
1 0.000823595 0.000833954
1 0.00103479 0.00104466
1 0.047799 0.0478087
2 0.00833775 0.00834722
1 0.00199376 0.00200161
1 0.00315719 0.00316393
2 0.00764361 0.00765029
2 0.0619746 0.0619806
2 0.0265288 0.0265346
1 0.000468624 0.000474264
1 0.00117686 0.00118225
2 0.00102716 0.00103236
2 0.0278874 0.0278923
1 0.0233689 0.0233737
1 0.000917765 0.000922382
1 0.00030811 0.000312617
1 0.00647014 0.00647455
2 0.0478666 0.0478708
2 0.014777 0.0147812
1 0.00755786 0.00756195
1 0.00104456 0.00104852
1 0.00302425 0.00302806
1 0.0087547 0.00875845
2 0.0061688 0.00617246
2 0.00864825 0.00865185
2 0.00465408 0.00465744
2 0.0315699 0.0315731
2 0.00872631 0.00872949
1 0.000254389 0.000257279
1 0.00464087 0.00464358
2 0.0136294 0.0136319
1 0.00511509 0.00511741
1 0.00251687 0.00251899
1 0.00731751 0.00731925
2 0.00606185 0.00606347
1 0.0157171 0.0157187
1 0.00789395 0.00789547
2 0.012917 0.0129185
1 0.000413418 0.000414838
2 0.0126954 0.0126968
2 0.0140595 0.0140607
1 0.00589741 0.00589843
1 0.0113247 0.0113256
1 0.00133915 0.00134005
1 0.00513641 0.00513688
2 0.00846508 0.00846555
1 0.0028433 0.00284369
2 0.0016105 0.00161088
1 0.0010636 0.00106396
2 0.0111835 0.0111838
2 0.00417907 0.00417924
1 0.00314592 0.00314605
2 0.0113259 0.011326
1 0.00498546 0.00498554
1 0.00142177 0.00142182
2 0.00772613 0.00772613
