0 0 inf
0 0 0.107069
0 0 0.0415538
0 0 0.0381989
0 0 0.0381459
0 0 0.0379098
0 0 0.0315522
0 0 0.0297739
0 0 0.02889
0 0 0.0270531
0 0 0.0247921
1 0.0167698 0.0392384
0 0 0.0210249
0 0 0.0203611
0 0 0.0194777
0 0 0.0193579
1 0.042374 0.0601536
0 0 0.0177148
1 0.0348151 0.0516847
1 0.045983 0.0617372
0 0 0.0155836
0 0 0.0138282
0 0 0.0121913
1 0.0136121 0.0255674
0 0 0.0118417
1 0.00739229 0.0191723
0 0 0.0114932
0 0 0.0110987
1 0.0449534 0.0555264
0 0 0.010354
1 0.0101161 0.0203769
0 0 0.010126
0 0 0.0101156
0 0 0.00996817
0 0 0.0096584
0 0 0.00919993
0 0 0.00907805
1 0.0159357 0.0249108
0 0 0.00877707
0 0 0.00814909
0 0 0.00799662
1 0.0252246 0.0329441
0 0 0.00770162
1 0.0251496 0.0323337
0 0 0.00708896
0 0 0.00681702
0 0 0.00666367
1 0.0136121 0.0201671
0 0 0.00649572
0 0 0.00644547
0 0 0.00627402
0 0 0.00626333
0 0 0.00624065
0 0 0.00620707
1 0.016157 0.0222519
0 0 0.00578333
1 0.0356068 0.0412844
1 0.013245 0.0189144
1 0.0418657 0.0474965
1 0.020629 0.0262576
0 0 0.00562191
0 0 0.00550226
0 0 0.00540499
0 0 0.00537932
1 0.0661375 0.0713176
0 0 0.00516961
1 0.0166312 0.0217555
0 0 0.00508592
0 0 0.00494796
0 0 0.00493813
0 0 0.00491848
1 0.020537 0.0254479
1 0.0138673 0.0187459
0 0 0.00482983
0 0 0.00479335
0 0 0.00478874
0 0 0.00476291
0 0 0.00475791
0 0 0.00472812
1 0.0503603 0.0549962
0 0 0.00462108
0 0 0.0046101
0 0 0.0044047
0 0 0.00440141
0 0 0.00437122
0 0 0.00434635
0 0 0.00431913
1 0.0283329 0.0326499
1 0.0356759 0.0399527
1 0.00390835 0.00815016
1 0.006531 0.0106482
0 0 0.00410285
1 0.00405151 0.00810454
2 0.0539593 0.0579225
0 0 0.0039342
1 0.0150807 0.0189361
1 0.0162756 0.020054
1 0.0375924 0.0412568
0 0 0.00365075
1 0.0727076 0.0763532
1 0.0206542 0.0242926
1 0.0136475 0.0172679
0 0 0.00359897
0 0 0.00345263
1 0.00720362 0.0106555
0 0 0.00344913
0 0 0.00340345
1 0.0232849 0.0266803
0 0 0.00333492
0 0 0.00322352
1 0.057789 0.0609721
0 0 0.0031371
0 0 0.00312861
1 0.0165226 0.0196276
0 0 0.00309806
2 0.0284953 0.0315905
0 0 0.00308808
0 0 0.00308466
1 0.0292243 0.0323063
0 0 0.00306626
0 0 0.00304741
0 0 0.00303031
0 0 0.00298284
1 0.00627149 0.00918901
1 0.023385 0.0262901
0 0 0.0028844
1 0.00677039 0.0096375
0 0 0.00286255
1 0.00393908 0.00669197
1 0.030649 0.0333709
0 0 0.00270263
1 0.0166141 0.0192226
1 0.0462963 0.0488173
0 0 0.00252023
0 0 0.00251217
0 0 0.00249056
1 0.0111205 0.0135729
0 0 0.00244236
0 0 0.00242467
1 0.0108463 0.0132593
1 0.0147735 0.0171393
2 0.0644828 0.0668361
0 0 0.00234431
1 0.0560576 0.0583819
0 0 0.00232366
0 0 0.00230944
1 0.00646755 0.00876264
0 0 0.00229166
0 0 0.00227282
0 0 0.00226683
1 0.0297373 0.0320016
0 0 0.00225856
0 0 0.00223304
0 0 0.00217242
1 0.0698522 0.071976
1 0.0177787 0.019892
0 0 0.00208653
0 0 0.00207906
1 0.0495764 0.0516176
0 0 0.0020376
1 0.00755017 0.00958523
1 0.00638156 0.0084122
0 0 0.00192868
1 0.0072064 0.00911795
0 0 0.00190302
1 0.0114252 0.0132358
1 0.0354786 0.0372517
0 0 0.00176988
1 0.0513467 0.0531161
0 0 0.00170189
0 0 0.00169115
0 0 0.00168557
1 0.00657506 0.00825174
1 0.00179756 0.00343496
0 0 0.00163414
0 0 0.0016134
0 0 0.00159276
1 0.0251855 0.0267548
0 0 0.00156697
0 0 0.00154288
0 0 0.00148994
0 0 0.00148663
0 0 0.00148655
0 0 0.00148462
1 0.0566772 0.0581578
1 0.00817959 0.00965712
2 0.03281 0.0342685
0 0 0.00144033
1 0.0163697 0.0177951
0 0 0.00141866
1 0.0112478 0.0126543
0 0 0.00138476
0 0 0.00135107
0 0 0.00134454
0 0 0.00133377
0 0 0.0012895
2 0.0297749 0.0310502
1 0.00706758 0.00832547
0 0 0.00125507
1 0.103717 0.104971
2 0.0585348 0.0597608
0 0 0.00122412
0 0 0.00122345
1 0.00392528 0.00514274
0 0 0.00119648
1 0.00276583 0.00395565
1 0.00159465 0.00278277
1 0.0125797 0.0137592
1 0.0570775 0.0582481
2 0.00832596 0.00948536
1 0.0153645 0.0165129
1 0.0225545 0.0237009
2 0.0588777 0.0600175
1 0.00531866 0.00644206
0 0 0.00110903
0 0 0.00108993
1 0.0312583 0.0323454
1 0.0115444 0.0126287
0 0 0.0010817
0 0 0.0010807
1 0.0125467 0.0136274
0 0 0.00107889
0 0 0.0010779
1 0.0121056 0.0131764
0 0 0.00105761
1 0.0107607 0.01181
0 0 0.00104846
2 0.0234861 0.0245233
1 0.00178973 0.00282143
2 0.05676 0.0577759
1 0.0190416 0.0200489
0 0 0.000994765
1 0.016058 0.017049
2 0.0234341 0.0244124
0 0 0.000949787
1 0.0129711 0.0139091
1 0.0118814 0.0128026
2 0.0583089 0.059218
1 0.00427442 0.00518217
0 0 0.000903393
0 0 0.000890639
1 0.0377911 0.0386641
1 0.00241744 0.0032889
0 0 0.000868138
1 0.0151604 0.0160279
0 0 0.000860477
0 0 0.000839728
0 0 0.000832942
1 0.00138111 0.00221018
1 0.0252953 0.0261237
0 0 0.000826473
2 0.0212554 0.0220659
0 0 0.00080996
1 0.0327386 0.0335418
0 0 0.000802797
1 0.0111891 0.0119806
0 0 0.000783512
2 0.027631 0.0284027
1 0.00107248 0.00182265
0 0 0.000746016
1 0.00665987 0.00740222
1 0.00674566 0.00748782
1 0.0158856 0.0166274
0 0 0.0007408
0 0 0.000738356
2 0.0101452 0.0108765
1 0.00475272 0.00548314
0 0 0.000722505
2 0.0277206 0.0284354
1 0.0041094 0.00482391
1 0.00162164 0.00233063
1 0.00708255 0.00778318
0 0 0.000696724
0 0 0.000695009
2 0.0383354 0.0390244
0 0 0.000682561
0 0 0.000680507
0 0 0.000679807
1 0.00445257 0.00512923
0 0 0.000672877
1 0.00898181 0.00965352
0 0 0.000667972
0 0 0.000667474
1 0.00672222 0.00737899
2 0.0100076 0.0106621
0 0 0.000653073
0 0 0.000649766
0 0 0.000645111
0 0 0.000637852
2 0.0344766 0.0351117
2 0.0100545 0.0106878
1 0.0143226 0.0149529
1 0.00139946 0.002024
1 0.0140212 0.0146411
0 0 0.000619099
1 0.00860578 0.00921223
0 0 0.000602043
1 0.0100241 0.0106207
0 0 0.000585096
1 0.0187575 0.0193391
0 0 0.000578941
0 0 0.000577787
1 0.0269307 0.0275037
1 0.00678512 0.00733822
2 0.0110589 0.0116118
0 0 0.000551861
1 0.00147706 0.00202352
1 0.0118958 0.012431
1 0.0173745 0.0179038
1 0.0205581 0.0210856
2 0.00382377 0.00434348
1 0.0206274 0.0211409
1 0.00214982 0.00266116
1 0.0287531 0.0292621
0 0 0.000507212
1 0.018109 0.0186113
1 0.00299995 0.00350114
0 0 0.000495947
1 0.020583 0.0210776
0 0 0.000493732
1 0.0189918 0.0194785
2 0.0421937 0.0426789
0 0 0.000478512
1 0.0308009 0.0312709
1 0.0554262 0.0558957
1 0.0218731 0.0223403
0 0 0.000463254
1 0.0101132 0.0105747
2 0.068621 0.0690752
0 0 0.000448729
1 0.00953093 0.00997691
0 0 0.00044116
1 0.00680234 0.00724153
0 0 0.000438773
1 0.00634862 0.00678226
0 0 0.000417752
1 0.00299653 0.00341184
1 0.0164102 0.0168151
1 0.020039 0.0204413
1 0.0140609 0.0144548
2 0.0404113 0.0408049
1 0.00732617 0.00771536
1 0.00390626 0.00428976
0 0 0.00037639
0 0 0.00037475
1 0.0167299 0.0171011
1 0.00266829 0.00303413
1 0.0061358 0.00650103
1 0.00664141 0.00700382
0 0 0.000359244
1 0.00401937 0.00437576
1 0.00314541 0.00349919
1 0.00734218 0.00769187
2 0.0422151 0.0425567
1 0.00168739 0.00202807
0 0 0.000337495
0 0 0.000336031
1 0.027704 0.0280382
1 0.00271931 0.00304835
1 0.0216402 0.0219674
0 0 0.000323015
0 0 0.000320732
2 0.0155221 0.0158395
1 0.0180705 0.0183871
1 0.0155718 0.0158841
0 0 0.000310119
2 0.0436376 0.0439446
1 0.00154879 0.00184728
1 0.00762333 0.00792122
2 0.00316064 0.00345343
1 0.00687477 0.00716296
1 0.00509848 0.00538628
2 0.0200469 0.020334
1 0.0119983 0.0122786
1 0.0020757 0.00235512
1 0.0266042 0.0268784
0 0 0.000273164
1 0.0102194 0.0104868
1 0.00731611 0.0075823
1 0.0209402 0.0212031
1 0.00236647 0.00262633
0 0 0.000258841
2 0.00667164 0.00692731
1 0.00713555 0.00739065
1 0.0584935 0.0587476
1 0.0103609 0.0106145
1 0.00588868 0.00614147
1 0.013497 0.013749
2 0.00863096 0.00888267
1 0.00623521 0.00648615
1 0.00361877 0.00386848
1 0.038821 0.0390706
1 0.00600501 0.00625281
2 0.0279455 0.0281926
1 0.00223408 0.00248045
0 0 0.000245913
1 0.00148093 0.00172556
0 0 0.000237258
2 0.00969966 0.00993486
1 0.00642745 0.00666034
2 0.0212095 0.0214386
1 0.00167699 0.00190072
2 0.0204808 0.0207013
1 0.0179561 0.0181756
1 0.00826636 0.00848529
1 0.0182213 0.0184401
1 0.00777896 0.00799728
0 0 0.000217363
1 0.0185584 0.0187757
2 0.00992147 0.0101387
1 0.00793761 0.00815242
1 0.00127629 0.00149058
1 0.00785538 0.00806833
1 0.00381985 0.00402942
1 0.114061 0.114269
1 0.0115421 0.0117488
1 0.00176571 0.00197156
2 0.0139101 0.014113
1 0.00793107 0.00813237
2 0.0105652 0.0107662
0 0 0.000195705
1 0.00566977 0.00586384
1 0.0063213 0.00651094
2 0.0524316 0.0526181
0 0 0.0001843
1 0.00241394 0.00259736
1 0.00459104 0.00477401
1 0.00749506 0.00767677
1 0.00100568 0.00118657
0 0 0.000177938
1 0.0722707 0.0724471
1 0.00113254 0.001306
1 0.0107349 0.0109075
1 0.00595662 0.00612849
1 0.0230499 0.0232214
2 0.00839164 0.00856263
1 0.0143322 0.0145022
1 0.00327268 0.0034407
1 0.00289595 0.00306317
1 0.0402463 0.0404128
2 0.0217413 0.0219075
1 0.012234 0.0123996
1 0.000965049 0.0011273
1 0.0167054 0.0168666
1 0.0130889 0.0132488
1 0.0513925 0.0515524
1 0.00247587 0.0026353
2 0.00959405 0.00975275
1 0.0276782 0.0278354
1 0.00735733 0.00751449
1 0.000835995 0.000991401
0 0 0.000155394
1 0.00241404 0.00256803
1 0.00164635 0.00180001
1 0.00180578 0.00195557
1 0.00278525 0.00293341
1 0.00395826 0.0040987
2 0.11508 0.11522
1 0.0277782 0.0279176
1 0.0275643 0.0277029
1 0.00689216 0.00702812
1 0.00358749 0.00372345
1 0.016684 0.0168176
0 0 0.000133505
1 0.00643742 0.00657024
1 0.000643422 0.000773673
2 0.066522 0.0666518
1 0.000993326 0.00112039
1 0.00243221 0.00255803
1 0.000818067 0.000943553
1 0.00605099 0.00617552
1 0.0038049 0.00392776
1 0.00169201 0.00181331
1 0.00233337 0.00245437
2 0.0235199 0.0236398
2 0.0265656 0.0266802
1 0.0171549 0.0172688
1 0.000773342 0.000886581
1 0.00438199 0.00449175
1 0.000592204 0.000699685
1 0.00238924 0.00249562
2 0.0684361 0.0685421
1 0.00242487 0.00252797
2 0.00981583 0.0099162
1 0.00113328 0.00123204
2 0.0086286 0.00872714
2 0.016083 0.0161797
1 0.0143139 0.0144099
1 0.00369446 0.00378971
1 0.00443892 0.00453121
1 0.0151541 0.0152456
1 0.0322976 0.0323865
1 0.000727775 0.000816678
1 0.00772575 0.0078142
2 0.0206912 0.0207794
1 0.00130176 0.00138929
2 0.00234223 0.00242771
1 0.00554669 0.00562731
2 0.0570759 0.0571563
2 0.0210672 0.0211473
2 0.0231631 0.0232419
1 0.0128041 0.0128826
1 0.00181869 0.00189668
2 0.00537399 0.00544852
1 0.00491657 0.00499054
2 0.0385704 0.0386426
1 0.000635942 0.000708123
1 0.00171811 0.0017874
2 0.00203629 0.00210383
1 0.0204575 0.0205248
1 0.015905 0.0159722
1 0.0010764 0.00114153
2 0.00205654 0.00212123
2 0.113414 0.113477
1 0.00540671 0.00546977
1 0.00186545 0.00192451
1 0.000550289 0.000608406
1 0.00254749 0.00260555
1 0.00239742 0.00245431
1 0.0202392 0.0202951
1 0.0030925 0.00314754
0 0 5.49974e-05
2 0.0183795 0.0184325
1 0.00887203 0.00892152
1 0.0723399 0.0723893
2 0.00492063 0.00496943
1 0.00196568 0.00201427
1 0.00173032 0.00177859
1 0.00438841 0.00443587
1 0.00209035 0.00213742
1 0.00211623 0.00216275
1 0.00150632 0.00155279
1 0.00218812 0.00223376
2 0.0138888 0.0139336
2 0.109294 0.109339
1 0.00337448 0.00341825
1 0.00367471 0.00371831
2 0.00290792 0.00295006
1 0.00234371 0.00238568
1 0.00502721 0.00506871
1 0.000760267 0.000801234
2 0.0308086 0.0308494
1 0.00535094 0.00539146
1 0.00338304 0.00342222
0 0 3.7476e-05
2 0.0279765 0.0280138
1 0.00147423 0.0015115
1 0.00659568 0.00663266
1 0.000417441 0.000454288
2 0.00789289 0.00792942
1 0.00139683 0.0014327
2 0.0043798 0.00441521
2 0.0106103 0.0106445
1 0.00776555 0.00779935
2 0.0290873 0.0291209
2 0.031986 0.0320195
1 0.00124969 0.00128288
1 0.0156407 0.0156734
1 0.00632908 0.00636177
2 0.0131632 0.0131949
2 0.0644941 0.064525
1 0.00661075 0.00664156
1 0.0130939 0.0131246
1 0.000535885 0.000566445
2 0.00662702 0.00665745
2 0.0134731 0.0135034
2 0.0102573 0.0102874
1 0.0266155 0.026645
2 0.00410932 0.00413832
2 0.00268749 0.00271643
2 0.00249078 0.00251946
2 0.00967309 0.0097015
1 0.00729522 0.00732173
1 0.00174204 0.00176586
2 0.00836449 0.00838802
1 0.000974406 0.000997728
2 0.000853723 0.000876877
1 0.00369008 0.00371316
1 0.00148632 0.00150921
1 0.00483727 0.00485862
2 0.00736992 0.00739031
1 0.00183519 0.0018551
2 0.00869661 0.00871624
1 0.0201193 0.0201386
2 0.027746 0.0277652
1 0.0056933 0.00571212
2 0.0155553 0.0155737
1 0.0106467 0.010665
2 0.00216547 0.00218351
1 0.0391211 0.0391389
2 0.0096723 0.00968934
1 0.0016361 0.00165281
1 0.0507518 0.0507685
1 0.000779912 0.000796559
1 0.00294532 0.00296181
2 0.00307626 0.00309261
2 0.0067918 0.00680797
1 0.00577492 0.00579105
1 0.083309 0.0833236
1 0.0144153 0.0144298
1 0.00654246 0.00655504
1 0.00947723 0.00948945
1 0.00451417 0.00452594
1 0.00940992 0.0094216
2 0.0725864 0.0725978
1 0.00309299 0.00310378
1 0.0110527 0.0110634
1 0.00202829 0.00203852
2 0.00154188 0.00155197
1 0.0464266 0.0464365
1 0.0444594 0.0444691
1 0.0266417 0.026651
2 0.00828721 0.00829655
2 0.00778127 0.00779059
2 0.0278067 0.027815
1 0.00907525 0.00908356
1 0.00302014 0.00302774
2 0.0145636 0.0145712
1 0.0277446 0.0277521
1 0.00383694 0.00384418
2 0.033105 0.0331123
1 0.00589669 0.00590388
2 0.0162947 0.0163018
2 0.0237598 0.0237667
1 0.00177009 0.00177638
1 0.00495556 0.00496169
1 0.00267068 0.00267664
2 0.0081398 0.00814533
2 0.00945908 0.00946441
2 0.0106902 0.0106955
1 0.000785441 0.000790523
1 0.00196569 0.00197071
2 0.0295734 0.0295783
1 0.00957083 0.00957521
1 0.00918007 0.00918431
2 0.0292268 0.0292309
2 0.0139142 0.0139182
2 0.0161446 0.0161486
2 0.013136 0.0131396
1 0.00441151 0.00441499
1 0.0114527 0.011456
1 0.00290718 0.00291037
1 0.0230026 0.0230057
2 0.0179154 0.0179184
2 0.00285528 0.00285795
2 0.0093747 0.00937721
1 0.0134011 0.0134036
2 0.0193315 0.0193338
1 0.0234948 0.0234971
2 0.00808433 0.00808664
2 0.00202938 0.00203162
1 0.0138392 0.0138411
2 0.0690047 0.0690065
2 0.0016631 0.00166481
1 0.0157171 0.0157187
1 0.00232798 0.00232954
1 0.00189901 0.00190043
1 0.0017247 0.00172606
1 0.00318771 0.00318898
2 0.000841102 0.000842303
1 0.00149305 0.0014941
2 0.00345139 0.00345235
1 0.0021956 0.00219655
1 0.00313328 0.00313423
1 0.00122512 0.00122599
2 0.0210329 0.0210338
1 0.00186024 0.00186102
1 0.00905933 0.00905998
2 0.00398297 0.00398354
1 0.0102513 0.0102518
1 0.00168749 0.001688
2 0.018907 0.0189074
1 0.0034385 0.00343888
2 0.0236219 0.0236223
1 0.0010636 0.00106396
2 0.0151558 0.0151561
1 0.00179711 0.00179736
2 0.00431283 0.00431302
1 0.0141949 0.014195
2 0.00186483 0.00186487
1 0.0015902 0.00159023
2 0.0275613 0.0275613
2 0.0624966 0.0624966
2 0.0129353 0.0129353
1 0.00240125 0.00240125
2 0.0110976 0.0110976
2 0.009682 0.009682
