0 0 inf
0 0 0.082791
0 0 0.0633173
1 0.0947458 0.14321
0 0 0.0463018
0 0 0.0433265
0 0 0.0309417
1 0.142057 0.164878
0 0 0.0227323
0 0 0.0221873
0 0 0.0220676
0 0 0.0213611
0 0 0.0212534
0 0 0.0198919
0 0 0.0196946
1 0.0355111 0.0544357
0 0 0.018815
0 0 0.0174286
0 0 0.0160553
0 0 0.0157768
1 0.0195417 0.0348864
1 0.0141238 0.0292313
0 0 0.01488
0 0 0.0147412
1 0.0748584 0.0893585
1 0.0256677 0.0400529
0 0 0.0142061
0 0 0.014069
0 0 0.0132685
0 0 0.0120604
0 0 0.0114746
1 0.0459214 0.0571148
0 0 0.0111872
0 0 0.0111781
0 0 0.0109265
0 0 0.0109239
0 0 0.010711
0 0 0.0107069
0 0 0.0103317
0 0 0.010274
0 0 0.0102198
1 0.0745077 0.0845294
0 0 0.00840816
1 0.0228071 0.030955
1 0.00768642 0.0154016
0 0 0.00766
0 0 0.00747552
0 0 0.00721786
1 0.0924053 0.099522
0 0 0.00702802
0 0 0.00686183
0 0 0.00684212
0 0 0.0066588
0 0 0.00657918
0 0 0.00645928
0 0 0.00623663
1 0.0348507 0.0409938
1 0.0261464 0.0322796
0 0 0.00599835
1 0.0499799 0.0559535
0 0 0.00578648
1 0.0516312 0.0571907
2 0.109856 0.115281
0 0 0.00542118
0 0 0.00541879
0 0 0.00541835
0 0 0.00533534
0 0 0.00522445
1 0.0257544 0.0308247
0 0 0.004986
0 0 0.00467058
0 0 0.0043506
0 0 0.00434605
0 0 0.00419608
1 0.0282495 0.0323932
0 0 0.00399597
1 0.0254394 0.0293804
0 0 0.00393228
2 0.148003 0.151904
0 0 0.00373582
0 0 0.00364163
1 0.0148139 0.0183365
2 0.0385455 0.0420418
1 0.0115883 0.0150192
1 0.0032474 0.00663415
0 0 0.00326409
0 0 0.00322104
0 0 0.00320593
1 0.00956037 0.012705
0 0 0.00307073
1 0.103079 0.106141
1 0.0250317 0.0280822
1 0.0700652 0.0731108
0 0 0.0030353
0 0 0.00302055
0 0 0.00301562
1 0.00687229 0.00988236
0 0 0.00298229
0 0 0.00294719
1 0.0142381 0.0171732
0 0 0.0028979
1 0.0164063 0.0192842
2 0.0313096 0.0341567
2 0.0332482 0.0360448
1 0.00981435 0.0125961
0 0 0.00275603
0 0 0.00270114
1 0.0345076 0.037194
1 0.00396583 0.00663206
1 0.00980795 0.0124488
1 0.00753111 0.0101633
1 0.012977 0.0155902
0 0 0.00260307
0 0 0.00259217
0 0 0.00258002
1 0.027937 0.0304948
1 0.0081746 0.0107179
1 0.013589 0.0161246
0 0 0.00251625
2 0.0179593 0.0204039
1 0.0320009 0.0344391
1 0.0283956 0.0308135
1 0.0501865 0.0525795
1 0.0154177 0.0177851
0 0 0.00235569
2 0.0324658 0.0348166
0 0 0.00234488
1 0.0289589 0.0312915
0 0 0.0023205
0 0 0.00231382
0 0 0.00230968
0 0 0.0023033
1 0.00856161 0.0107574
0 0 0.00218123
1 0.0149427 0.017119
0 0 0.00216153
1 0.0207351 0.0228927
0 0 0.0021062
1 0.00353505 0.00563506
0 0 0.00209693
0 0 0.00200339
0 0 0.00199784
0 0 0.00196787
0 0 0.00195708
0 0 0.00195389
1 0.133726 0.135636
1 0.0266207 0.0285098
0 0 0.0018743
0 0 0.00186767
1 0.0261306 0.0279961
0 0 0.00185957
1 0.0139336 0.0157907
1 0.0291958 0.0310392
0 0 0.00182824
0 0 0.00182452
0 0 0.00181921
0 0 0.00179997
0 0 0.00178603
1 0.004852 0.00659053
0 0 0.0017353
0 0 0.00172679
1 0.0277073 0.0294185
0 0 0.00170002
1 0.00532392 0.00701119
0 0 0.00162422
0 0 0.00162272
1 0.0297064 0.0313236
1 0.0268611 0.0284652
0 0 0.0015846
0 0 0.0015829
0 0 0.00156978
1 0.00221858 0.00376221
0 0 0.0015219
0 0 0.00147049
0 0 0.00146172
0 0 0.00140461
0 0 0.00140073
2 0.087096 0.0884955
0 0 0.00138884
0 0 0.00137483
1 0.0334762 0.0348494
0 0 0.00136323
1 0.0114257 0.0127852
0 0 0.00133887
0 0 0.00133101
0 0 0.00132614
0 0 0.00130361
1 0.0024239 0.00372494
0 0 0.00128712
1 0.00469419 0.00594993
1 0.00470687 0.00594247
1 0.0932199 0.0944519
1 0.00160409 0.00282798
1 0.00679781 0.00801065
1 0.00181239 0.00302426
0 0 0.00120747
1 0.011301 0.0124951
0 0 0.00118958
0 0 0.00118581
1 0.0352514 0.0364328
0 0 0.00116716
1 0.0407334 0.0419
1 0.0968044 0.0979621
0 0 0.00115006
0 0 0.00111045
0 0 0.00111034
0 0 0.00110059
0 0 0.0010979
0 0 0.00109053
1 0.0247585 0.0258351
1 0.0131883 0.0142639
1 0.00414896 0.00520155
0 0 0.00103729
2 0.031345 0.0323633
0 0 0.000997945
0 0 0.000995969
0 0 0.000983482
1 0.026894 0.0278705
0 0 0.000971486
0 0 0.000968797
1 0.00865782 0.00961636
0 0 0.000953506
1 0.0387961 0.0397284
1 0.024784 0.0257094
1 0.00192001 0.00281813
1 0.00736507 0.00825862
1 0.117109 0.11799
1 0.0308534 0.0317333
0 0 0.000875737
0 0 0.000858475
0 0 0.000855261
0 0 0.000854727
1 0.00324539 0.00409637
0 0 0.000837729
0 0 0.000837509
0 0 0.000836302
0 0 0.000835808
1 0.0063325 0.00716057
0 0 0.000814517
1 0.00204624 0.00282953
1 0.00749964 0.00828118
1 0.00996959 0.0107424
0 0 0.000769369
1 0.0106569 0.0114161
0 0 0.000750207
1 0.00363664 0.00438265
0 0 0.000744928
1 0.00379208 0.00453592
0 0 0.000717124
0 0 0.000713039
0 0 0.00071274
1 0.00164268 0.002353
1 0.0153864 0.0160966
0 0 0.000709414
0 0 0.000707262
1 0.107833 0.108529
1 0.00531953 0.00601135
0 0 0.000689761
0 0 0.000679852
0 0 0.000675017
0 0 0.000673964
1 0.0249604 0.0256332
0 0 0.000668049
0 0 0.000665679
0 0 0.000664671
2 0.0156822 0.0163445
1 0.00193682 0.00259626
1 0.0285038 0.0291618
0 0 0.00064497
1 0.00846348 0.0090887
2 0.0195358 0.0201456
1 0.0205823 0.0211914
1 0.0148319 0.0154241
2 0.109841 0.110425
0 0 0.000566166
0 0 0.000561169
1 0.0166529 0.0172063
0 0 0.000551886
1 0.00193644 0.00247509
1 0.0154739 0.0160114
1 0.00252829 0.00306101
1 0.00361059 0.00414079
1 0.0135578 0.0140846
0 0 0.000519603
1 0.00566708 0.00618254
1 0.00273807 0.00325218
1 0.00769844 0.00820625
1 0.00765746 0.00816447
0 0 0.000504116
2 0.0584199 0.0589218
1 0.0078888 0.00838688
1 0.00915521 0.00965298
0 0 0.000489121
2 0.150778 0.151266
1 0.0932113 0.0936904
0 0 0.000470084
1 0.00286377 0.00333214
0 0 0.000466107
2 0.00980218 0.0102652
0 0 0.000457454
1 0.119105 0.119547
1 0.00422863 0.00466299
0 0 0.000431884
1 0.0416969 0.0421277
0 0 0.000428369
1 0.0147846 0.0152081
1 0.0264656 0.0268859
1 0.00992295 0.0103418
1 0.0110077 0.0114247
1 0.00192924 0.00234618
1 0.0108884 0.011304
1 0.00518436 0.00559219
0 0 0.000406585
1 0.00100699 0.00141356
1 0.00803274 0.00843638
2 0.0180331 0.0184364
0 0 0.000402857
1 0.0349767 0.035378
0 0 0.000399064
1 0.00428488 0.00467842
1 0.0251218 0.0255114
0 0 0.000386592
2 0.0158146 0.0161949
2 0.0674707 0.0678501
0 0 0.000369374
1 0.00544809 0.0058173
1 0.00201469 0.00238201
1 0.00758345 0.00794978
1 0.0714833 0.0718492
1 0.01274 0.013102
1 0.00440488 0.00476636
1 0.00749053 0.00785072
0 0 0.000359099
1 0.00561166 0.00596711
0 0 0.000349826
1 0.0141331 0.0144826
1 0.00250913 0.00283994
1 0.00736097 0.0076841
1 0.0108364 0.0111584
0 0 0.000317992
1 0.00224916 0.00255886
2 0.098557 0.0988661
2 0.0369364 0.0372447
1 0.0022142 0.00251241
1 0.00375178 0.00404416
0 0 0.000290315
1 0.00824772 0.00851979
0 0 0.000270679
0 0 0.000267463
0 0 0.000267327
1 0.00257134 0.00283681
1 0.00500488 0.00527016
1 0.00363693 0.00390079
1 0.00178804 0.00204965
1 0.0020083 0.00226857
1 0.012081 0.0123298
0 0 0.000246812
1 0.00115075 0.00139662
2 0.00326453 0.00350938
1 0.0085637 0.00880771
1 0.0037431 0.00398697
0 0 0.000238985
0 0 0.000237026
1 0.00550583 0.00574271
1 0.00428425 0.00452075
1 0.0122937 0.012529
2 0.0180344 0.0182667
1 0.000729161 0.000957987
1 0.0114649 0.0116931
2 0.013139 0.013366
1 0.00214676 0.00237227
1 0.00184246 0.00206605
0 0 0.000222497
1 0.00182217 0.00204444
1 0.00453182 0.00475162
1 0.00652667 0.0067426
1 0.00732489 0.00754075
2 0.0164429 0.0166552
1 0.00157061 0.00178236
2 0.00631018 0.00652093
1 0.0060478 0.00625849
1 0.0421858 0.0423954
1 0.00179303 0.00200154
2 0.0260045 0.0262128
1 0.0173027 0.0175107
1 0.000960327 0.00116786
1 0.00248896 0.00269504
2 0.0313319 0.0315371
1 0.00475067 0.00495555
1 0.00297091 0.00317432
1 0.00265874 0.0028593
2 0.0395874 0.0397874
0 0 0.000198066
1 0.0159157 0.0161136
1 0.0123615 0.0125583
2 0.00422798 0.00442314
1 0.00494973 0.00514193
1 0.00534245 0.00553337
0 0 0.000188996
1 0.00286142 0.00304139
1 0.0025742 0.0027541
1 0.00155194 0.00172857
2 0.0117689 0.0119452
1 0.0278835 0.0280574
1 0.00634688 0.00651928
2 0.010214 0.0103842
1 0.00423605 0.00440453
0 0 0.000167673
1 0.0161414 0.016307
1 0.00177013 0.00193377
1 0.0818245 0.0819881
1 0.00292732 0.0030885
1 0.00284495 0.00300426
2 0.00881189 0.00897104
0 0 0.000159149
1 0.00531736 0.00547535
1 0.0022988 0.00245594
1 0.0025191 0.00267617
1 0.0186727 0.0188287
1 0.00161608 0.00177133
1 0.00509178 0.00523793
0 0 0.000142366
1 0.00477661 0.00491835
1 0.00258795 0.00272943
2 0.00611543 0.00625615
1 0.0260692 0.0262093
2 0.00487227 0.00501121
2 0.00612317 0.00625899
1 0.00545487 0.00558815
1 0.00342841 0.00356141
1 0.0101922 0.0103246
1 0.00597909 0.00610758
1 0.00301827 0.00314675
2 0.0313634 0.0314908
1 0.0124745 0.0126007
2 0.00496292 0.00508892
1 0.00431165 0.0044346
1 0.00993531 0.0100564
2 0.0269874 0.0271077
2 0.00611291 0.00623287
1 0.00161671 0.00173607
1 0.0374762 0.0375933
0 0 0.000116318
1 0.0110398 0.0111548
1 0.00302156 0.00313591
1 0.0155438 0.0156577
0 0 0.000110907
1 0.00160239 0.00171186
1 0.00301883 0.00312679
1 0.00390776 0.00401213
1 0.00251045 0.00261374
1 0.00302393 0.00312468
2 0.0305521 0.0306528
1 0.00190911 0.00200967
2 0.00866577 0.00876556
1 0.110579 0.110675
1 0.0377268 0.0378229
1 0.000891126 0.000987181
2 0.00514302 0.00523845
1 0.00401935 0.00411432
2 0.0164909 0.0165847
1 0.00339208 0.00348432
1 0.00212026 0.00221247
2 0.0380716 0.0381636
2 0.0173031 0.0173918
2 0.0179717 0.0180604
1 0.00460341 0.00469208
2 0.0026341 0.00272215
1 0.00116779 0.00125563
1 0.0139122 0.0139999
1 0.00402174 0.00410872
0 0 8.63661e-05
1 0.0241396 0.0242257
1 0.00532031 0.00540343
2 0.00601519 0.00609697
0 0 8.13747e-05
1 0.00595498 0.00603378
1 0.000492699 0.000571176
1 0.00165445 0.00173142
2 0.0014062 0.00148263
2 0.00606336 0.00613595
1 0.00358566 0.00365624
1 0.00616284 0.0062323
1 0.00751158 0.00758051
1 0.00563615 0.00570465
1 0.00283127 0.00289876
1 0.0303642 0.0304311
2 0.00687381 0.00693927
1 0.00270092 0.00276549
1 0.00659043 0.00665481
2 0.00747111 0.00753545
2 0.00284058 0.00290385
1 0.00120972 0.00127119
0 0 6.0557e-05
1 0.00928546 0.00934475
2 0.0555742 0.055633
1 0.00371555 0.00377387
1 0.00970636 0.00976411
1 0.0450612 0.0451188
2 0.0100933 0.0101499
1 0.00279315 0.00284916
2 0.029675 0.0297303
1 0.00333289 0.00338806
1 0.0147752 0.0148301
1 0.00469742 0.00475001
1 0.0176421 0.0176942
1 0.0178256 0.0178767
1 0.00471932 0.00477016
1 0.000765564 0.000814399
2 0.0454906 0.0455387
1 0.00519615 0.00524385
1 0.00370999 0.00375632
2 0.00355517 0.00359888
1 0.00675435 0.00679729
2 0.00788982 0.00793218
2 0.0155571 0.0155994
1 0.0101009 0.0101432
1 0.00850427 0.00854644
1 0.00195317 0.00199415
1 0.0392679 0.0393084
2 0.00452021 0.00456072
2 0.035262 0.0353013
1 0.00121865 0.00125797
1 0.00771623 0.00775326
2 0.00643208 0.00646887
1 0.00629107 0.00632774
2 0.00312841 0.00316366
1 0.00189521 0.00193028
1 0.00774244 0.00777638
2 0.00627713 0.00631071
1 0.00284038 0.00287392
1 0.00265206 0.0026852
1 0.00583448 0.00586703
2 0.00595843 0.00599064
1 0.00908849 0.0091203
1 0.000479676 0.000509504
1 0.00148639 0.00151585
2 0.00425806 0.00428724
1 0.00322857 0.0032577
1 0.00572192 0.00575066
1 0.00151237 0.00154095
2 0.0948953 0.0949236
1 0.00503131 0.00505918
1 0.0137178 0.0137455
1 0.00166877 0.00169638
1 0.0021994 0.00222661
1 0.00811963 0.00814657
1 0.000569482 0.000596135
2 0.00523583 0.00526185
1 0.092948 0.0929739
1 0.00184419 0.00186955
1 0.0784225 0.0784472
2 0.00325982 0.00328446
2 0.0113636 0.0113871
2 0.0145195 0.014543
1 0.00151837 0.00154164
1 0.00189023 0.00191327
1 0.0504156 0.0504385
1 0.00510077 0.00512347
2 0.00899978 0.00902205
1 0.00142376 0.00144596
2 0.0129067 0.0129288
2 0.0157725 0.0157944
1 0.00207905 0.00210079
1 0.00173971 0.00176144
1 0.000947826 0.000969314
2 0.0191741 0.0191955
1 0.000734349 0.000755441
2 0.0483415 0.0483626
2 0.00961785 0.0096386
1 0.0378564 0.037877
2 0.0195018 0.0195216
2 0.0030912 0.00311092
1 0.000919563 0.000938829
2 0.00117945 0.00119837
2 0.0182107 0.0182284
2 0.00234973 0.00236742
2 0.0352959 0.0353132
2 0.00531844 0.00533528
1 0.00197521 0.001992
1 0.00107974 0.00109566
1 0.00305812 0.00307389
1 0.00245585 0.00247062
2 0.0125574 0.012572
2 0.00619767 0.00621212
1 0.00268748 0.00270176
1 0.000972823 0.000987103
1 0.0317595 0.0317735
1 0.00865439 0.00866834
1 0.00699466 0.00700844
1 0.0024711 0.00248467
1 0.0208335 0.0208471
2 0.00251125 0.00252474
1 0.00543667 0.00544973
1 0.000242231 0.000254774
1 0.00239897 0.00241119
2 0.00455025 0.00456171
1 0.0120816 0.0120928
2 0.00946748 0.00947861
2 0.00309391 0.00310453
1 0.00630474 0.00631489
2 0.00683894 0.00684845
1 0.000618303 0.000627518
1 0.00249816 0.00250716
1 0.00329396 0.00330247
1 0.000743701 0.000752051
0 0 8.29467e-06
2 0.00193292 0.00194121
1 0.00910937 0.00911708
2 0.00157776 0.00158538
1 0.0028286 0.00283547
1 0.00209373 0.00210044
1 0.00122598 0.00123257
1 0.0223512 0.0223571
1 0.00202954 0.00203477
2 0.0111751 0.0111801
1 0.00111325 0.00111789
1 0.00432685 0.00433124
2 0.0203801 0.0203843
1 0.00463315 0.0046372
1 0.00160656 0.0016105
1 0.00334725 0.0033511
2 0.00673528 0.00673906
1 0.00337537 0.00337906
1 0.087653 0.0876564
2 0.00753427 0.00753769
1 0.0296669 0.0296703
1 0.00373139 0.00373461
2 0.109514 0.109517
2 0.010978 0.0109809
1 0.000795115 0.000797947
1 0.00889268 0.00889482
2 0.00598161 0.00598347
2 0.00860011 0.00860192
1 0.000413418 0.000414838
1 0.000680588 0.000681663
2 0.00220197 0.00220285
2 0.0107518 0.0107525
1 0.00292393 0.00292464
1 0.00859604 0.00859672
2 0.0395062 0.0395069
2 0.00129554 0.00129611
2 0.0167219 0.0167224
2 0.00315051 0.00315098
2 0.00348501 0.00348544
2 0.00973839 0.00973879
2 0.0104579 0.0104583
2 0.00278231 0.00278266
2 0.0260798 0.0260801
1 0.00375687 0.0037571
2 0.0025256 0.00252581
1 0.0304832 0.0304834
2 0.0102956 0.0102958
2 0.00514464 0.00514479
2 0.000257279 0.000257422
2 0.00154919 0.00154929
2 0.00543261 0.00543266
1 0.0654638 0.0654638
1 0.0569804 0.0569804
2 0.00621728 0.0062173
1 0.0014311 0.00143112
1 0.00299243 0.00299244
1 0.00255288 0.00255289
2 0.00286348 0.00286349
2 0.0041971 0.00419711
1 0.0016931 0.00169311
1 0.00118528 0.00118528
